 0002716 0011560 0030956 0611285 1518422 0348078 0376315 1522492 0016693 0302912 0332296 1880497 1996904 2349975 0025552 0030011 0021966 0221138

 1553145 0205090 0684010 2603358
 0330996 1135778
 0331857 0007996 0079107 0201682 1955979 0027468 0018684 0021622 3245503 0562547 3160718 0028407 1709269 0228059 1293097 2919030 2919031 1704729 0000872 0565990 1552471 0041740 0205099 0205476 1446468 0454851 0028407 1709269 1135440 1254351 0557061 2584313 1514811 1706462 0002716 0011560 0030956 0611285 0032214 0600138 0035820 1705810
 0079411 3146294 1705535 1883351 0441712 1706376
 0684224 0700287 3273238 0016693 0302912 0332296 1880497 1996904 0002716 0011560 0611285 1441547 3245521 0439509 2827734 2981698 0002716 0011560 0611285 0030956 0184047 0297331 0754515 1336677 1367342 1415347 1705316 1710330 1823107 0348078 0376315 1522492 0596040 0030956 0449416 1705919
 1948052 0684224 0700287 3273238 0002716 0011560 0030956 0611285 0002716 0011560 0611285 0439509 2827734 2981698 0002716 0011560 0611285 0002716 0011560 0611285 0439509 1518422 0596040 2986512 0016617
 0991865 0006353 0031603 0031701 1601799 0002716 0011560 0030956 0611285 1883073 2827424
 1547282 1999927 0037633 0205431 0525069 1719918 1274040 1546471 2825142 0311405 0030011 1441488 0150312 0449450
 0012634 0348080 1705253 1719918 0002716 0011560 0611285 0439509 2827734 2981698 0002716 0011560 0611285 0220781 0439634 1522492
 1547282 0002716 0011560 0030956 0611285 2349975 0030011 0740116 2827735 2981700 0991865 0006353 0031603 0031701 0039798 0087111 0311403 1522326 1533734 1601799 1705169 3538994 0055280 0055279
 1547282 2346593 1177210 0022023 0085403
 1511726 3245479 1301820 0683607 1883351 0917903 0012634 0348080 1705253 0439509 2827734 2981698 0002716 0011560 0611285 2349975 0025552 0030011 1518422 0348078 0376315 1522492 0016693 0302912 0332296 1880497 1996904
 0557061 2584313 0011265 0015127 0332152 0497327 1514811 1522538 1524003 1706462 0002395 1521724 0012634 0002622 0751295 0025260 0700327 1517945 1706377 1880022 0027882
 1521970 0221505 0332281 0006104 0221198 1269537 0085400 0085401 2700455 0333463 2936349 0002716 0011560 0332529 0611285 0002716 0011560 0030956 0611285
 0237753 0449788 0015576 1704727 0596611 0026882 0002716 0011560 0030956 0611285 1709634 3538722 0008664 0008633 0002716 0011560 0030956 0611285 0299212 1418985 0872078 0008656 0008633 0528480 1418986 0872078 0008651 0008633 0017337 1515981 2346787 3245483 0332281
 1979874 2827734 2981698 1880355 0439165 1549488 1561533 0439660 0205447 3642141 0052201 0003595 0002085 0003591 0205172 0439098 0052201 2984964 0008661 0008633 0035647 0439661 0001779 0002085
 0302523 0700325 1964257 0030705 3538722 0441889 0243148 1550141 1882979 2587213 3274648 0740116 2827735 2981700 0439086 2827736 2981702 0002716 0011560 0030956 0611285 0015127 1524003
 1517331 0183683 1521721 1512612 0302523 0700325 1964257 0030705 1705417 0333463 2936349 0052199
 0017296 0314603 1527178 1705938 0004083 0392148 0449432 1705248
 1517892 1704666 1999230 0439084 0728893 1547282 0205418 0600688 1407029
 0302523 0700325 1964257 0004048 0750565 0441712 1706376 0086597 0127400 0235032
 0205447 1441414 1553874 1578820 1705535 0027882 0332157 0002716 0011560 0030956 0611285 0683278 0242606 0038435 0311404 0011065 0023175 1306577 1442948 1522538 2348269 3275067
 0332120 0002395 1521724 0012634 0554249 1999230
 0150312 0027882 0332256 2700400 0033666 2263112 0392747 1554963 1518422 0596948 0001779 0006104 0150103 0243148 0442726 1511790 1550141 1708943 1882979 2587213 3274648
 0428460 0441889 0001992 0012854 0006104 0684224 0700287 3496591 1999230 0332120 0012634
 0349590 1262865 0006104 3146294 0439673
 0205132 1550648 1552960 1261322 1552578
 0007634 3282337 0332157 0002716 0011560 0030956 0611285 0020281 0020275 0031180 0523702 0885426 1283071 0184532 1184743 1522240 0007367 0185125 0311403 1413138 1947919 2347934 3539080 0031180
 0684224 0700287 1158882 0030685 0391871 0439180 0680255 1283071 1963578 0028128 0030015 2986642 0871261 1704632 1706817 2911692 0039798 0087111 1522326 1533734 1705169 3538994
 1280500 2348382 0002716 0011560 0030956 0611285 0700364 1883351 0018790 0237477 0392351 0521111 0441712 0007634 3282337
 1512571
 1705535 0002716 0011560 0030956 0611285 0016693 0302912 0332296 1880497 1996904 0010957 1883709 0007634 3282337
 0205430 0002716 0011560 0611285 0439509 2827734 2981698 0002716 0011560 0611285 0684224 0700287 3273238 0079411 3146294
 1705535 0302912 0025646 0030011 3146294 0002716 0011560 0030956 0332472 0611285 1881708 0302912 0079613 0522670 0010957 1883709 0162388 0681205 1550555 0007634 3282337
 0332185 1274040 1546471 2825142 1552738 2362652 2827365 0455052 1521827
 0947630 0002716 0011560 0030956 0611285
 0023866 0034036 1948052 0684224 0700287 3273238 0002716 0011560 0611285 0439509 2827734 2981698 0002716 0011560 0611285 0392148 1518422 0348078 0376315 1522492 0596040
 0596040 0684224 0700287 3496591 1279919 0150312 1883351 1999927 0020363 0030011 0205431
 1292732 0002716 0011560 0611285 0025552 0030011
 0682906 0025552 0599156 2700061 0009968 2347872 2348263 0567416 1880177 0443286 1114821 0030011 0030011 1518422 0557651 2603343
 3533118 0242821 0460148 1268086 0009968 2347872 2348263 0302583 0376520 1166521 0332281 0333463 2936349 0002716 0011560 0611285 0006104 0030705 0228081 0332268 0333463 1518422 0028423 0028609 0228081 0243148 1513854 1550141 1882979 2587213 3274648 0006104
 0002716 0011560 0611285 0025552 0333118 1185738 1706132 0009968 1706211 2347872 2348263 0009968 2347872 2348263 0442805 0871208 1521828 1449651 0225328 1704241 0009968 2347872 2348263 0242606 0030664 0038435 0311404 1521733 1880177 0332281
 1948052 0684224 0700287 3273238 0235032 1280500 0439509 2827734 2981698 0002716 0011560 0611285 0002716 0011560 0611285 0439509 0030011 0243072 0392148 0332197 1689985
 1511726 3245479 1301820 0683607 1883351 0917903 0220781 0439634 1522492 0332293 0002716 0011560 0030956 0611285 1522326 0002716 0011560 0025552 0030011 0030956 0611285 1948023 2698670
 0557061 2584313 1514811 1706462 0034760 0079816 1556038 0016617 0028914 0035168 0205476 0242481 1301820 2986512 2986512 0016617 1415347 1823107 0449416 1705919 0008848 0028914 3262831
 1115660 1518000 1710198 1719918 1273517
 0011145 0869011 1719918
 1999927 0649604 0002454 0055280 0055279 0441800 0919553 0936012 3244287 1273517
 0002716 0011560 0611285 0439509 2827734 2981698 0002716 0011560 0611285 0002716 0011560 0611285 0439509 0030956 0869011
 1115660 1518000 1710198 0439509 2827734 2981698 0002716 0011560 0611285 1518422 0002716 0011560 0611285 0439509 0030956 1547282 1883351 0162388 0681205 1550555 0027882 1511726 3245479 1518422 1547282
 0445425 0683758 1301820 0039021
 0034760 0441800 0919553 3244287
 0455052 1521827 0037633 0043047 0599638 1550678 1273517 1883351 1521827 0037633
 0455052 1521827 0008562 0030054 0043047 0332296 0441800 0599638 0919553 1550678 1880497 1996904 3244287 1549535 0003781 1948015 0456693 1442458 0043047 0599638 1550678 0011145
 0011145 1273517 1883351 0392756 0547047 0030011 0682906 0723796 0022023 0025552 0599156 2700061 0442822 1524031
 0086045 1446561 0037633
 0681814 0037633 0525069 0003781 0806140 1948015 0333118 1548792 0442504 1704765 1882509 3496241
 0455052 1521827 0311405 0311406 0030011 0754515 1301820 1367342 1441488 1705316 0043047 0599638 1550678 0030011 0037633 0525069 0754515 1367342 1442446 1705316 1416740 2825157 0991865 0006353 0031603 0031701 1601799 2678549 1882074 0020283 0450407 0450408 0450409
 0681814 1883073 2827424 0034869 1524063 0183395 1710143 3242339 0376249 0439603 0871396 1561548 1705502 0011334 0333343 1510420
 0681814 0002716 0011560 0030956 0611285 1272689 0037633 0525069
 0370003 2347026 0007634 0205324 0457933 1269647 1704653 1948049 0442504 1704765 1882509 3496241 0332256 2700400 0002716 0011560 0030956 0611285 0439526 0450400 3256935 0991865 0006353 0074757 1442447 2678549 1882074 0020283 0450407 0450408 0450409 1705175 1705176 1705177 1705178 1882348 0884358 2947996 0681814 0991865 0006353 0031603 0031701 1601799 0055280 0332293 0037633 0055279 0439526 0525069 1522326 1292425 0332283 0016107 1524063 0180860 0683758
 0542559 1318139 0332283 1719822 2348625
 0376249 0439603 0871396 1561548 1705502
 0032863
 2346753 2711872
 0040223 3541383
 0040223 1547014 1948059 3541383
 1517378
 1710082 1292428 0030695 0150369 0181904 0596972 1521743 1704646
 0542559 1318139 0332282 2348625
 0376249 0439603 0871396 1561548 1705502
 0032863
 2346753
 0040223 3541383
 0040223 1547014 1948059 3541383
 1517378
 0557651 2603343 0392148 0302583 0376520 1166521 1280500 2348382 0557651 2603343 0220781 0439634 1522492 0037633 1416740 2825157 0011145 0302583
 0030011 0884358 1524063 1416740 2825157
 0021467 0021469 1628982 3463820 0206243 0699809 0442722 0442723 0442724 0442725 2724205 2724207 2724208 0011145 0392148 0439787 0849355
 0557651 2603343 0030011 0302583 0022023 0521093 0220781 0439634 0750484 0878393 1522492 0302583 0022023
 1280500 2348382 0740116 2827735 2981700 0011145 0557651 2603343
 0021467 0021469 1628982 3463820 0206243 0699809 0442722 0442723 0442724 0442725 2724205 2724207 2724208 0011145 0392148 0439787 0849355 1510827
 0557651 2603343 0030011 1177210 0022023 0521093 0220781 0439634 0750484 0878393 1522492 1177210 0022023
 0681814 1706386 1280500 2348382 0011145 0557651 2603343
 0021467 0021469 1628982 3463820 0206243 0699809 0442722 0442723 0442724 0442725 2724205 2724207 2724208 0011145 0392148 0439787 0849355
 0009609 0679083 0009609 0679083 1552603 1706202 0884358 1524063 0037585 1709697 2728259 3484370 0009609 0740116 2827735 2981700 1522508 1552738 0450348
 0557061 2584313 1514811 1706462 0002716 0011560 0030956 0611285 0085732 0348078 0376315 1522492 0016693 0302912 0332296 1880497 1996904 0557651 2603343 1524063
 0002716 0011560 0611285 0439509 2827734 2981698 0002716 0011560 0611285 0439509 0002716 0011560 0611285 0030956 0392366 0150312 0332285 2348042 2826345 1518422 0332256 2700400 0002716 0011560 0030956 0611285 0349966 1337208
 1883073 2827424 1516695 1516698 1710082 0439962 1441672 0349966 1337208 0002716 0011560 0611285
 0002716 0011560 0030956 0611285 1518422 0348078 0376315 1522492 0596040
 0449911 0333052 2607870 0557702 1272706 1704674 0557702 1272706 1704674 0349966 1337208
 2827734 2981698
 1883073 2827424 0002716 0011560 0611285 0033727 0369286 0441932 0564385 1719918
 1883073 2827424 0450400 1292428 1301820 1719918 0055280 0055279 0332293 1522326 3256935 0991865 0006353 2678549 1882074 0020283 0450407 0450408 0450409 0002716 0011560 0030956 0611285
 2347469 1883073 2827424 0450400 1292428 1301820 0002716 0011560 0611285 0439509 2827734 2981698
 1883073 2827424 0450400 1292428 1301820 0002716 0011560 0611285 0439509
 0073187 1883073 2827424 0450400 1292428 1301820 0002716 0011560 0611285
 1883073 2827424 0450400 1292428 1301820 1719918 0055280 0055279 0332293 1522326 3256935 0991865 0006353 2678549 1882074 0020283 0450407 0450408 0450409 0002716 0011560 0030956 0611285
 0016327 0439133 1553038 1883073 2827424 0450400 1292428 1301820 0002716 0011560 0611285 0439509 2827734 2981698
 0439267 1883073 2827424 0450400 1292428 1301820 0002716 0011560 0611285 0439509
 0033727 0369286 0441932 0564385 1883073 2827424 0450400 1292428 1301820 0002716 0011560 0611285
 0683954 1274040 1546471 2825142 1883073 2827424 0439509 2827734 2981698 0002716 0011560 0611285 0439509 0002716 0011560 0332287 0611285 0030956 1883073 2827424 3463820 0220781 0439634 1522492 0349966 1337208 0033727 0369286 0441932 0564385
 1883073 2827424 1547014 1948059
 0220781 0439634 1522492 0332290
 0220781 0439634 1522492 1719918 0392148 1283174 2698670 0023175 0220781 0439634 1442948 1522492 1522538 2348269 3275067 1710082
 1883073 2827424 1441672 0332529 1883073 2827424 0349966 1337208 2347469
 1883073 2827424 1547014 1948059 0456636 0442824 0028158 0587267 0684224 0700287 1547014 1550581 1948027 1948059 3496591 1999927
 1883073 2827424 1705052 2986796 0332290 1547014 1948059 0442824 0587267 0684224 0700287 1948027 3496591
 0449911 0333052 2607870 0557702 1272706 1704674 0557702 1272706 1704674 0349966 1337208
 0740116 2827735 2981700
 0220781 0439634 1522492 1521827 1524063
 1883073 2827424 0444953 0033727 0369286 0441932 0450400 0564385 1301820 1719918
 2347469 0009609 0679083 0205448 1301820
 0009609 0679083 1547014 1948059 0679083 1524063 1547014 1948059 0028158 1550581
 1883073 2827424
 0016327 0439133 1553038 1883073 2827424 0020362
 1883351 0521093 0750484 1456348 0220807 0220806 0678594 3272558 0037633 0525069 1441672 1719918 1301820 1883073 2827424
 1883073 2827424 0205280 1547282 0349966 1337208
 1883073 2827424 0205195 0205369 0205448 1552738 1552740 1947911 1883073 2827424 1999927 0754515 1367342 1705316 3538902 3541881
 0043047 0599638 1550678 1999927 0205431
 1705175 1705176 1705177 1705178 1882348 0441712 1706376 0037633 0525069 1280500 2346593 0302583 0376520 1166521 1515981 1883712 0557651 2603343
 0037633 0991865 0006353 0031603 0031701 1601799 0332256 2700400 0442822 1265611 0205396 1550043 1551388 1883073 2827424
 1292425 1710082 0205217 0442805 0450365 1706097
 0011145 0311403 0220781 0439634 1522492 0450366
 1883712 0037633 0525069 0015127 1524003 0220781 0439634 1522492 0450363 2986797 0011744 0450365 1706097
 0449911 0333052 2607870 0557702 1272706 1704674 0557702 1272706 1704674 0349966 1337208
 0439086 2827736 2981702
 0220781 0439634 1522492 0311405 0030011 1441488 0037633 0525069
 1883073 2827424 0450400 1301820 1719918 0991865 0006353 0031603 0031701 1601799
 2347469 1883073 2827424 1292425 1301820
 1883073 2827424 0450400 1292425 1301820 1719918 0011145
 0073187 1883073 2827424 1301820 1416740 1883712 2825157 0002716 0011560 0611285
 0011546 0439857 2698668 0684224 0700287 3496591 0002716 0011560 0611285 0439509 2827734 2981698 0002716 0011560 0611285 0030956 0205431 0596040 1547014 1948059 1278655 0445247 1999927 0684224 0700287 0754515 1367342 1705316 3496591 3538902 3541881
 0002716 0011560 0030956 0443228 0443286 0611285 1114821 1514468 1527178 1704243 1704444 1705938 0360301 0221193 0917903 1514468 1704444 1999927
 1518422 0549193 1704769 2350001
 0851827 1701901 3244310 2346753 0032863
 1705175 1705176 1705177 1705178 1882348 1547282 1999927 1441547 1719918 3245521 0002723 0002716 0011560 0030956 0302912 0439807 0596040 0611285 1552738 1883073 2827424 1301820 1524063 0542559 1318139 0349966 1337208
 0205163 1549782 0349966 1337208 1719918 0002716 0011560 0611285 1883073 2827424 0205280 0348000 1516695 1516698 0542559 1318139
 1883073 2827424 0870432 0011546 0439857 2698668
 1441672 1524063 2346753 2827734 2981698 0349966 1337208
 0449911 0333052 2607870 0557702 1272706 1704674 0557702 1272706 1704674 0349966 1337208

 0011546 0439857 2698668 2346753
 1883073 2827424 1292428 0991865 0006353 0031603 0031701 1601799 1524063 2346753 2711872
 2347469
 1883073 2827424 1524063 2346753 0073187 2711872

 0016327 0439133 1553038
 0684224 0700287 3496591 0002716 0011560 0611285 0439509 0030956 0205431 0596040 0028158 1550581 1547014 1948059 0442824 0587267 0684224 0700287 0754515 1367342 1705316 3496591
 0443228 1527178 1704243 1705938 0443286 1114821 1514468 1704444 0917903 1514468 1704444
 1705175 1705176 1705177 1705178 1882348 1547282 0002716 0011560 0030956 0611285 1552738 0439509 2827734 2981698 0443286 1114821 1514468 1704444 1883073 2827424 1301820 1524063 0542559 1318139 0349966 1337208
 1278655 0445247 0037633 0525069 0349966 1337208 0002716 0011560 0611285
 0011546 0439857 2698668 2346753 0445247
 1524063 2346753 2827734 2981698 0487742 1441672 1883351 0349966 1337208
 0449911 0333052 2607870 0557702 1272706 1704674 0557702 1272706 1704674 0349966 1337208
 0439084 0728893
 0011546 0439857 2698668 2346753
 1883073 2827424 1292428 0991865 0006353 0031603 0031701 1601799 1524063 2346753 2711872
 2347469
 1883073 2827424 1524063 2346753 0073187 2711872

 0016327 0439133 1553038
 1292856 1948023 0085732 0030011 0557651 2603343 1524063
 0681814 0037633 0439509 2827734 2981698 0002716 0011560 0611285 0002716 0011560 0611285 0439509 0011145 0392366 0150312 0332285 2348042 2826345 1518422 0332256 2700400 0002716 0011560 0030956 0611285 0349966 1337208
 0002716 0011560 0030956 0611285 1292425 0991865 0006353 0031603 0031701 1601799 0011145 1947971 0349966 1337208 1547282
 2827734 2981698
 0002716 0011560 0611285 0439509 2827734 2981698 0002716 0011560 0611285 1883073 2827424 0349966 1337208 0002716 0011560 0611285 2347469 0024752 1306056 1527116
 0009609 0679083 0349966 1337208 0443289 1883073 2827424 0870432 1705417 1883073 2827424 0456636 0205280 1999927
 0002716 0011560 0611285 0439509 0041095 0205174
 1883073 2827424 0002716 0011560 0030956 0611285 1518422 0443289 0220781 0439634 1522492
 0012634 0348080 1705253 0220781 0439634 1522492 0851827 1701901 3244310 0439509 2827734 2981698 0002716 0011560 0611285
 0449911 0333052 2607870 0557702 1272706 1704674 0557702 1272706 1704674 0349966 1337208

 0220781 0439634 1522492 0002716 0011560 0030956 0611285
 1883073 2827424 0450400 1301820 3256935 0991865 0006353 2678549 1882074 0020283 0450407 0450408 0450409 0011145 0002716 0011560 0611285 0439509 2827734 2981698
 2347469 0002716 0011560 0611285
 0002716 0011560 0611285 0439509
 0073187 0002716 0011560 0611285
 1517378
 1547282 1999927 0037633 0205431 0525069 0311405 0030011 1441488
 0392148 0011145 0991865 0006353 0031603 0031701 1601799 0002716 0011560 0611285 0439509 2827734 2981698 0002716 0011560 0611285 0030011 0348078 0376315 1522492 1999927
 0030011 1705175 1705176 1705177 1705178 1882348 0557651 2603343 0441712 1706376 1273517
 0449247 0040223 0750729 3541383 1280500 2348382 0991865 0006353 0031603 0031701 1601799 0039798 0087111 1522326 1533734 1705169 3538994 0055280 0035191 0055279 3537131 0557651 2603343
 0002716 0011560 0030956 0611285 1439852 0991865 0006353 0031603 0031701 1601799 0011145 0349966 1337208
 0150312 0002716 0011560 0611285 0002716 0011560 0611285 0439509 2827734 2981698 2346753 0205217 0442805 1707455 0243148 1550141 1882979 2587213 3274648 0349966 1337208 2347469
 0002716 0011560 0611285 0439509 0205217 0442805 2346753 0243148 1550141 1707455 1882979 2587213 3274648
 0002716 0011560 0611285 0439509 2827734 2981698 0002716 0011560 0611285 0030011 0349966 1337208 0002716 0011560 0611285 2347469
 0002716 0011560 0611285 0439509 0015127 1524003 0392747 0443172 0243148 0370003 1550141 1707455 1882979 2347026 2587213 3274648 0002716 0011560 0030956 0611285
 0449911 0333052 2607870 0557702 1272706 1704674 0557702 1272706 1704674 0349966 1337208

 1280500 2348382 0220781 0439634 1522492 0030011
 0011145
 0033727 0369286 0441932 0564385 0055280 0055279 0332293 1522326
 1883073 2827424 0700308 0033727 0369286 0441932 0564385 1301820 0002716 0011560 0611285 0439526
 1517378
 1705175 1705176 1705177 1705178 1882348 2986669 0035820 1705810 1292856 1948023 0030011 0991865 0006353 0031603 0031701 1601799 1442450 0055280 0035191 0055279 3537131 0849355 1883720 3244314 2827365 0723796
 1883073 2827424 1301820 0002716 0011560 0030956 0611285 0991865 0006353 0031603 0031701 1601799 0349966 1337208 1547282
 0033727 0369286 0441932 0564385
 0991865 0006353 0031603 0031701 1601799 0002716 0011560 0030956 0611285 1518422 0030011 0002716 0011560 0030956 0611285 1518422 0449416 1705919
 0349966 1337208
 1547282 0011546 0439857 2698668 0002716 0011560 0030956 0611285
 0220781 0439634 1522492 0370003 2347026 0002716 0011560 0611285 0439509 2827734 2981698 0002716 0011560 0611285 0015663 0456962 0002716 0011560 0611285 0439509 0243148 1515981 1550141 1882979 2587213 3274648 1553640
 0682906 0025552 0599156 2700061 1550147 2709094 3539075 3539076 0991865 0006353 0031603 0031701 1601799 0055280 0055279 0311403 1292856 1948023 1424736
 0991865 0006353 0031603 0031701 1601799 0011145 0002716 0011560 0611285 0439509 2827734 2981698 0002716 0011560 0611285 0030011 0055280 0039798 0055279 0087111 0311403 1522326 1533734 1705169 3538994
 0449911 0333052 2607870 0557702 1272706 1704674 0557702 1272706 1704674 0349966 1337208

 0449247 0040223 0750729 3541383 0002716 0011560 0030956 0611285 0439526
 0220781 0439634 1522492 0011145
 2347469 0220781 0439634 1522492 0055280 0055279 0332293 1522326 0011145
 1280500 2348382 0030011 0035820 1705810 0030011 0557651 2603343 0349966 1337208
 1883073 2827424 0443289 0205171 1720467 1265611 1553641
 1883712 0332462 0442805 1708698 1880834 2346753 1883073 2827424
 0011145 0007974 0205197 0311403 0030011 0037633 0332256 2700400 0740116 2827735 2981700
 0302583 0022023 1700702 0030011 0348078 0376315 1522492 0878393 0022023 1700702 0443286 1114821 0001861 3536832 0030011 0443286 1114821
 0020281 0020275 0031180 0523702 0885426 1518422 1947931 0030011 0011145 1511726 3245479 1518422 1547282
 0449911 0333052 2607870 0557702 1272706 1704674 0557702 1272706 1704674 0349966 1337208

 1280500 2348382 0030011
 0243148 1550141 1882979 2587213 3274648
 2347469 0392148 0740116 2827735 2981700
 0392148 0740116 2827735 2981700
 1883073 2827424 0702093 0034869
 1517378
 1280500 2348382 0030011 0035820 1705810 0030011 0557651 2603343 0349966 1337208
 1883712 0442805 1708698 2346753 1883073 2827424 0349966 1337208 0470296 1280500 2346593 2348382 0740116 2827735 2981700
 0011145 0007974 0205197 0311403 0030011 1422424
 1177210 0022023 1700702 0030011 0348078 0376315 1522492 0878393 0056602 0022023 1700702 0443286 1114821 0030054 0030011 0443286 1114821
 0449911 0333052 2607870 0557702 1272706 1704674 0557702 1272706 1704674 0349966 1337208

 1280500 2348382 0030011
 0392148
 2347469 0392148 0740116 2827735 2981700
 0392148
 0073187 0243148 1550141 1882979 2587213 3274648
 1883073 2827424 0702093 0034869
 1517378
 0311405 0030011 1441488 1705175 1705176 1705177 1705178 1882348 2986669 0441712 1706376 0220781 0439634 1522492 0038838 0038836 0392148 0007367 1413138 0011145 0349966 1337208
 0991865 0006353 0031603 0031701 1439852 1601799
 1883073 2827424 0443289 1265611 1553643
 1883712 2346661 0332462 0392756 0547047 1708698 1880834 2346753 1883073 2827424
 1280500 2348382 0183683 1521721 0035820 1705810 0311405 0030011 1441488
 1883712 1518422 0392747 0443172 1705241 0423896 0456205 0370003 2347026
 1883712 0311403 0220781 0439634 1522492
 0682906 0025552 0599156 2700061 0030011 0348078 0376315 1522492 0878393 0443286 1114821
 0682906 0025552 0599156 2700061 0030054 0030011 0443286 1114821
 0007367 1413138 1518422 0001721 0030011 0332196 2828389 0035820 1705810 0020281 0020275 0031180 0523702 0885426
 0449911 0333052 2607870 0557702 1272706 1704674 0557702 1272706 1704674 0349966 1337208

 0220781 0439634 1522492 0311405 0030011 1441488
 1883073 2827424 0456693 1442458 0702093 1301820 3256935 0991865 0006353 2678549 1882074 0020283 0450407 0450408 0450409
 0243148 1550141 1882979 2587213 3274648
 2347469 0439526
 0007367 1413138 0439526
 0073187 0011145
 1517378
 2985663 0947630 1514811 1706462 0235032 0031327 1524059 0441712 1706376 0750600
 1512571 1705535 0002716 0011560 0030956 0611285 0348078 0376315 1522492 0016693 0302912 0332296 1880497 1996904 0010957 1883709 0007634 3282337
 1518422 0596040 0439509 2827734 2981698 0002716 0011560 0611285 0439509 0002716 0011560 0611285 0079816 1556038 0814847 0016617 0028914 0035168 0184047 0205250 0205430 0205476 0242481 0297331 0332306 0449416 1299351 1336677 1415347 1705919 1710330 1823107 2700149 3160715 2986512
 0684224 0700287 3496591 1710082 0002716 0011560 0030956 0205431 0611285 0678226 0002716 0011560 0030956 0302912 0439807 0596040 0611285 3146286
 0023866 0034036 0596040 0449381
 1524063 0041095 0205174 1883073 2827424 0442726 1511790
 0205314 0302912 0439807 0596040 0679622 0002716 0011560 0205431 0302912 0611285
 0332185 1705535 0596040
 0678594 0076165
 1516050 0743559 1608199 1547014 1948059 0076165 0456640 1705242 0302912 0439807 1441672
 0242356 0993637 0002055 0178499 1511726 1880279 3245479 1555015 1419208 1547014 1948059 0205369 1552740 1947931 0681814 1521721 1999927 0449450
 0043227 1547282 1710082 1518422 0002716 0011560 0030956 0611285 0700364
 1710082 0311405 0030011 0205171 0700364 1441488 1720467 2698670
 1511726 3245479 1705535 1883073 2827424 0002716 0011560 0030956 0302912 0439807 0596040 0611285 0684224 0700287 3496591 1999927 0220781 0439634 0754515 1274040 1367342 1522492 1546471 1705316 2825142 3538902 3541881 0302912
 0302912 0311405 0025552 0030011 0205431 0754515 1367342 1441488 1705316 3538902 3541881 0649604 1519193 2698670 1719918
 0449911 0333052 2607870 0557702 1272706 1704674 0557702 1272706 1704674 1519193
 0005023 0233656 0598405 1883254 0649604 0450355
 0442822 1265611 0455052 1521827 0678226 0205257 0243114 0728938 0750492 1548386 1998793 3146286
 0233426 0700364 0392148 0754515 1367342 1705316 3538902 3541881 0649604 1524063 0220781 1273517 1883254
 1519193 0441712 1706376 0649604
 0649604 0376446 0392756 0450442 1254351 1521826 0030011 0076165
 0076165 0205198 1706082 0018837 0023693 1306462 1881376 0028128 0030015 2986642
 0302912 0439807 0184047 0297331 1336677 1710330 0348078 0376315 1522492 1999927
 1999927 0332219 0392756 0754515 1367342 1705316 3538902 3541881
 0392148 0370003 2347026 0649604 1521721 1883073 2827424 1416740 2825157 0030011 0332256 2700400 0442822 1524031 1883002
 0442822 1265611 0150312 0449450
 0036667 0312418 0427965 1511883 1522640 2346484 2349185 0030011 0023175 1442948 1522538 2348269 3275067 1710082
 1516050 0205198 1706082 0332196 2828389 1883073 2827424 0002716 0011560 0030956 0611285 1441547 3245521
 0449911 0333052 2607870 0557702 1272706 1704674 0557702 1272706 1704674 1519193
 0043227 1292732 0235032 1280500 2348382 0439509 2827734 2981698 0002716 0011560 0611285 0002716 0011560 0611285 0439509 0030011 0243072
 1547282 0392148 0011145 0439509 2827734 2981698 0002716 0011560 0611285 1719918 1999927 0220781 0439634 0754515 1367342 1522492 1705316 1708698 3538902 3541881 0030011 0754515 1367342 1705316 3538902 3541881
 1292856 1948023 0002716 0011560 0611285 0439509 2827734 2981698 0002716 0011560 0611285 1524063
 0030011 0392148 0002716 0011560 0611285 0439509 2827734 2981698 0002716 0011560 0611285 0243148 1550141 1882979 2587213 3274648 0002716 0011560 0611285
 0039798 0087111 1522326 1533734 1705169 3538994 0055280 0035191 0055279 3537131 0018790 0237477 0392351 0521111 1280500 2348382
 1511726 3245479 0183683 1521721 0035820 1705810 0030011 0243072
 0205309 0015864 0117554 0085732 1299581 0030011 0243072
 1177210 0022023 1700702
 0043227 1283174 0035820 1705810 1177210 0022023
 0150312 2346593 1177210 0022023 1280519 1704419
 0030011 1177210 0022023 1280519 1704419
 2346593 1177210 0022023 0002716 0011560 0020362 0025552 0030011 0243072 0611285 1314939 1948023
 1511726 3245479 1301820 0683607 1883351 0917903 0012634 0348080 1705253 0439509 2827734 2981698 0002716 0011560 0611285 2349975 0030011
 0220781 0439634 1522492 0002716 0011560 0030956 0611285 0682906 0002716 0011560 0025552 0030011 0599156 0611285 2349975 2700061 0243072 0150312 2698670
 1883712 1511726 3245479 0349966 1337208 0002716 0011560 0030956 0611285 0011145 0682906 0025552 0599156 2700061 0009968 2347872 2348263 0002716 0011560 0030956 0611285 1145667 1167622 0086045 0205251 1299352 1550472
 0237881 0750502 0030011 0020362
 0020363 1518422 1709305 2745955 0439861 2987476 1515655 0017817 1260386
 0205309 0009968 2347872 2348263 0022023 0007382 0010957 0033684 1883709 1273518 1515655
 0010957 0033684 1883709 0002520 0332281 0001128 0311404 0392747 1554963 1707959 1563721 0597295 0220781 0439634 1522492
 0544461 0010287 0010286 0031727 0002716 0011560 0611285 1439852 0010957 0025552 0033684 1527178 1874451 1883709
 1547282 0302583 0376520 1166521 0040539 0600688
 0150312 0596803 0025519 0025520 0002395 1521724 0012634 0392747 0205195 1947911 0002716 0011560 0030956 0611285 0038435 1274040 1546471 2825142 0006104 0030705 0002395 1521724
 1705535 0441994 2003888 0337439 0428578 0441889 0456079 1547707 2946261 1999230 0449445
 1547282 0002716 0011560 0611285 2349975 0302583 0376520 1166521 0079411 3146294
 1511726 3245479 2699424 0025552 0030011 1947971 0233820 0002716 0011560 0030956 0611285
 1511726 3245479 1301820 0023175 1442948 1522538 2348269 3275067 0002716 0011560 0030956 0611285 1518422 0348078 0376315 1522492 0596040
 1274040 1546471 2825142 0282665 0459471 3173575 0205156 1261322 1552607
 1511726 3245479 1518422 0183683 1521721 1707478 0002716 0011560 0030956 0611285 0348078 0376315 1522492 0016693 0302912 0332296 1880497 1996904 2698670 1273518
 2348402 0079411 0205359 3146294 0002716 0011560 0030956 0611285
 3161035
 0439509 1274040 1546471 2825142 0459471 1518422 1948052 0798503 0805586 3274764
 2825232 0010186 0220812 0449719 1709471 0220808 0680264 0007961
 1706852 0522501 1706089 0949214

 0282413 0376649 1442065 0022877 3244292 0007996 0079107 0201682 0027468 0018684 0021622 3245503
 0179400 1533124 0562547 3160718 0254343 0796520 3272379

 0085205 1549619 1880669
 0013849 1705961 0024492 1538057 1547565 0376649 1442065 0021622 1272753 0035970
 0740116 2827735 2981700 1709697 2728259 3484370 0470187 0282111 0332464 2700280 1555015 1419208
 0000723 0000723 1273517 0002395 1521724 0012634
 0002716 0011560 0611285 0013845 0013852 0231881 0459800 0684213 1415347 1823107 3463986
 2986512 0016617 2986512 0016617

 3538722 0002716 0011560 0030956 0611285 1709634
 0872078
 0003595 0523511 1412481 0003595 0003591
 0008562 0008562 0008565 0008550 0033095 0205250 0302908 0460139 1299351 1304698 1306345 1546699 1561501 2700149
 0020362 0393003 0439596 0700307 1511572 0740116 2827735 2981700
 1514811 1706462 0557061 2584313 1514811 1706462

 3272372
 0369773 2603361
 0033727 0369286 0441932 0564385 0369637 0441923
 2603362
 0033727 0369286 0441932 0564385 2347469

 0016327 0439133 1553038
 0205090 0684010 2603358 0369637 0441923
 1553033 2347469 0035853

 0027855 0000857 0600678 1552863 0205090 0684010 2603358
 0033727 0369286 0441932 0564385

 1418943

 0268596 2700624
 3642273
 0002716 0011560 0611285 0041703
 2603362
 0439267


 0025141


 2347469

 2603362
 0033727 0369286 0441932 0564385 0369637 0441923
 0035853

 1418943

 0268596 2700624
 3642273
 0002716 0011560 0611285 0041703
 0439083 0439087 0000857 0600678 1552863 2347469
 0439394 1706495 3642217
 0597277 1708601

 0036397 0025141 0554249 0369637 0441923
 0369773 2603361
 0205090 0684010 2603358 0439394 1706495 3642217

 0439267


 0597277 1708601
 0443048
 0439394 1706495 3642217



 0450382 0025141 0597277 1708601
 0369637 0441923
 0597277 1708601
 0205090 0684010 2603358 2603362

 0205090 0684010 2603358 2603360



 1417055

 0025141 0369773 2603361 0369637 0441923
 0016327 0439133 1553038


 0025141 1553033
 2347469 0205090 0684010 2603358
 0007634 1269647 1704653 1948049 0025141 0369773 2603361
 0439394 1706495 3642217


 2347379
 0025141 0597277 1708601
 2603360 1553033 0205090 0684010 2603358
 0439267 0439394 1706495 3642217

 1418943

 0268596 2700624
 3642273
 0002716 0011560 0611285 0041703
 0721226 1551914 0033727 0369286 0441932 0564385 0155685 0597277 1708601


 0450387 0025141 0597277 1708601
 0369637 0441923
 0369773 2603361 1431628
 0016327 0439133 1553038 0205090 0684010 2603358


 1418943

 0268596 2700624
 3642273
 0002716 0011560 0611285 0041703
 0000857 0600678 1552863

 0201682
 2347379

 0025141 0597277 1708601


 0025141 0597277 1708601


 0025141 0205090 0684010 2603358
 2603360
 1159301 0030011 0033684 0007996 0079107 0201682 0013227 0025118
 0041740 0369637 0441923


 0331936
 0439394 1706495 3642217
 0205090 0684010 2603358


 3642273
 0025141 0205090 0684010 2603358 0205090 0684010 2603358

 0080384
 2347379
 0025141
 0205090 0684010 2603358
 0205090 0684010 2603358
 0369718 0441922 1553036

 0369637 0441923
 0205090 0684010 2603358
 0330099
 0021966 0221138


 0201682



 2347379

 0025141
 0205090 0684010 2603358


 2347379

 2347469 0025141 2347469 0331857 0205090 0684010 2603358
 0369773 2603361


 2347379 0016693

 0025141

 0205090 0684010 2603358
 0013845 0013852 0231881 0459800 0684213 1415347 1823107 3463986 0871935 0185125
 0027976 0439267
 0596654 0025663 0025664 0449851 0035168 0242481 3538926
 0450382 0369773 2603361
 0331857 0205090 0684010 2603358
 0369773 2603361
 0230467 0741204


 0025141 0039725 0039738 1420718
 0039725 0039738 1420718

 0073187

 0439084 0728893 0369718 0441922 1553036 0331857 0205090 0684010 2603358
 0369773 2603361


 0201682
 0205090 0684010 2603358

 0439267

 1522486
 0201682
 0597277 1708601 0998924 0369718 0441922 1553036 0016327 0439133 1553038 0033727 0369286 0441932 0564385
 2347379
 0022418 2603362
 0331857 0205090 0684010 2603358
 0369773 2603361 0597277 1708601 0205090 0684010 2603358
 0439267


 0201682
 0331857 0205090 0684010 2603358
 0369773 2603361
 0016693

 0025141
 0205090 0684010 2603358
 0016693

 0025141 0369637 0441923


 2347379

 0025141 0554249 0369637 0441923
 0439267


 3642273
 0025141 0439267

 0001811 0025141 2603362
 0331968 2699100 2603362

 2603360
 2347379
 0025141 0439394 1706495 3642217
 0369637 0441923
 0439267
 0597277 1708601 0439267
 0439267
 0201682
 2347379

 0025141 0009993 0037455 0596070 1552856 0005477 0026376 0005532 1521991