 0766853 0025252 0608660 1149550 0033640 0061991 0025255 0031727 0033684 0332281 0596901 0598546 1706182 0328104 1415875 2826366 0035168 0242481 0036397 0683758
 1136140 1532717 1881335 0022341 1704729 0027817 0870614 0036375 0588053 1547183 0041740 0022341 1704729 0005477 0036378 0036375 0520510 0557061 2584313 1514811 1706462 0567416 0608660 1149550 0061991 0025255 0031727 0332281 0596901 0598546 1706182
 0900627 1333226 1705335 0815043 0020792 0205396 0033684 0678594
 0684224 0700287 3273238 0900627 1333226 1705335 0567416 0027365 0766853 0025252 0608660 1149550 1424635 0120488 1415367 0033640 0061991 0087044 0103404 0025255 0031727 0033684 0332281 0596901 0598546 1706182
 0766853 1514562 1334043 1880389 1883221 2697616 3541951
 0766853 0007603 0025255 0032105 0392752 0596901 1550098 1706182 1334043 1880389 1883221 2697616 3541951 1707271 0017446 0205088 0205147 1705314 1705315 0900627 1333226 1817671 0178587 1705335 0567416 0599845
 0766853 0597298 0766853 0332268 1149347 1956036 0243122 1145667 1167622 1514562 1880389 1883221 3541951
 0766853 0027882 0599444 2752549 0007634 0242821 0392752 0460148 1268086 1269647 1704653 1948049 0085103 0900627 1333226 1817671 0178587 1705335 1447676 0567416
 0766853 0032214 0600138 0035820 1705810 0567416 1706853 0449432
 0520510 0557061 2584313 1514811 1706462 0039062 0205144 1706311 0021721 0205144 1706311 0007589 0027793 0205615
 0027908 0039065 0333262 0391871 1283071 0682685 0205242 0597357 1145667 1167622 0175566 1882151 0022009 0439799 1706095 0036522 1508748 0169911 0205436 0335218 0457385 0565930 1561503 1705190 0678558 1314939 0140145 1332102 0282443 1425988 1709940
 0449432 1184743 1514873 1522240 0039062 1300196 0205144 1706311 0032214 0600138 0035820
 1179132 0033684 0684224 0700287 3496591 1883351 0449432 1314939 1706853 1879748 0039062 0205144 0282443 1425988 1709940
 1817671 0178587 1817671 0178587 0033684 0039062 0332281 0033684 0039062 0332281 1420744 1880389 1883221 3541951 1880389 1883221 3541951
 1956036 1880389 1883221 3541951 1709061 0282443 1425988 1709940 0900627 1333226 1705335 1145667 1167622 0052536 0085845 0597357 0439799 1706095 1325366 1420546 1824793 1706853 0449432
 0900627 1333226 1705335 0900627 1333226 0071746 1817671 0332281 0033684 0178587 1705335 1414067 0950625 0033640 0033684 0033684 0033684 1435894 2240209 0033640 0033684 1425151 2348192 1880389 1883221 3541951 0061991
 0297981 1335623 0597357 0033684 1956036 1880389 1883221 3541951 1145667 1167622 0051610 0597357 0002520 2917660 0205438 1706303 1956036 1880389 1883221 3541951 0450348
 0023688 1621296 1518422 0037640 0205108 0684224 0700287 3496591
 0567416 0567416 0905687 0900627 1333226 1705335 0038164 0033684 0205396 0332281 1418591 1418984 1550043 1551388
 0205435 1279901 0684224 0700287 3496591 0567416 0061991 0031727 0598546 1861696 1956036 1880389 1883221 3541951
 1880389 1883221 3541951 0599845 1282927 1806781 2350002
 1861696 1880389 1883221 3541951 1709061 0243122 1145667 1167622 0004793 0162326 0162327 1519249
 0333052 2607870 1956036 1880389 1883221 3541951 0599845
 0237753 0449788 1956036 1880389 1883221 3541951 2827734 2981698 0740116 2827735 2981700 0439086 2827736 2981702 0439084 0728893 1883351 0333118 0332290 0332529 1547017
 1956036 1880389 1883221 3541951 0080093 0079883 1513911 0052536 0085845 0369718 0441922 0597357 1553036
 0567416 1956036 1880389 1883221 3541951 0449432
 1527178 1705938 0884358 0599647 0020205 0036025 0043392 0043393 0205448 0220908 0220909 0717551 1698960 1710031 1710477 1524063 1956036 0599845 1880389 1883221 3541951 1301820 1706701 0567416
 0567416 1145667 1167622 0205171 0337143 0567416 1518422 1720467 0900627 1333226 1817671 0178587 1705335
 0027365 0766853 0025252 0608660 1149550 1424635 0120488 1415367 0033640 0061991 0087044 0103404 0025255 0031727 0033684 0332281 0596901 0598546 1706182
 0520510 0520510 0557061 2584313 1514811 1706462 0599647 0020205 0036025 0043392 0043393 0205448 0220908 0220909 0717551 1698960 1710031 1710477 0009015 0599647 0020205 0023621 0036025 0043392 0043393 0205448 0717551 0751608 0872147 2827421 1524063 0086022 0442335 1705099 0220908 1305399 1705053
 0751608 1882598 0006104 0006556 0023621 0034693 0034721 1269537 1553631 0220908 1305399 1705053 0182400
 0441513 0599566 0086022 0442335 1513384 0026376 0005532 0025664 0439858 0449851 1521991 2827421 0025663 0449851 0871511 0032520 1524063 0331955 0331955
 2827421
 2827421 0205145
 0900627 1333226 1817671 0178587 0567416 0337143 0567416 0740116 2827735 2981700 0439086 2827736 2981702 1552738
 0337143 0567416 0337143 0567416 0002520 2917660 0001128 0202406 1709915 1882936 0337143 0567416
 0766853 0766853 0766853 0369637 0441923 0332256 2700400 0002520 2917660 0001128 0202406 1709915 1882936 2827734 2981698 2827734 2981698 0766853
 0766853 0332256 2700400 0002520 2917660 0001128 0202406 1709915 1882936 0580272 1519043 0766853 2827734 2981698
 0900627 1333226 1817671 0178587 0439084 0728893 0002520 2917660 0001128 0202406 1709915 1882936 2827734 2981698 0900627 1333226 1817671 0178587 1705335
 0003241 1979003 0312586 0003241 0442818 0766853 1514468 0766853
 0003250 0003242 0003241 0021027 0598079 0010453 0220814 0332307 0430400 0596070 1301820 1516698 1547052 1704814 2242979
 0220780 0001128 0202406 0034805 0003241 0021027 0869011
 0003242 0003241 0021027
 0021622 1272753
 0003242 0003241 0021027 1552738
 0920433 0455052 1521827 0376702 0007634 3282337 0010454 0009458 0325564 0392747 0439536 1551720 1705217 3244283 0010453 0220814 0430400 2242979 0007452 0015965 0229671 0521457 1140701 1546774 1550100 2347816 0011051 0046079 0086140
 0376702 1166718 0007634 3282337 0041175 0077281 0814229 2678549 1882074 0020283 0450407 0450408 0450409 0332256 2700400 0037494 1959973 2827734 2981698 0560267 0146951 0133689 0242759 0179834
 1550101 0376702 0007634 0454802 1269647 1273517 1704653 1948049 2828366
 0681814 1706386 1524063 0162768 0033684 0332466 1293131 2828366 0376702 1510844 0440102 1439852 2827421 0036682 0017817 0036681 0231441 0443218 0450375 0991566 2827483
 0991566 0041175 0077281 0450400 0814229 1548982 2678549 1882074 0020283 0450407 0450408 0450409 0332256 2700400 0037494 1959973 2827734 2981698 0560267 0146951 0133689 0242759 0033684 0020985 0442726 1511790 1524063 0003241
 1449705 1264633 1554103 1882598 0006104 0034693 0034721 0205450 1552738
 1264633 1554103 0019215 0450400 0020283 0450407 0450408 0450409 0332256 2700400 0037494 1959973 0013618 2827734 2981698 0560267 0011479 0001128 0202406 2827734 2981698 0560267 0068941 0068940 0439509 0179834 1550101
 1510844 0900627 1333226 1817671 0003242 0003241 0021027 0178587 1439852 1705335 0003242 0003241 0021027 0229671 1546774 1550100 0060916
 0991566 1548982 0040223 1632851 0020283 0450407 0450408 0450409 0332256 2700400 0037494 1959973 2827734 2981698 0560267 0146951 0133689 0242759 0033684 0020985 0442726 1511790 1524063 0003241
 1656251 0007593 0016640 0524811 3161031 0085080 0007634 3282337 0599566 0015161 0086022 0185117 0440102 0442335 0684063 1524063 0034760 0072149
 1442464 0007634 3282337 1516695 1516698 0019215 2678549 1882074 0020283 0450407 0450408 0450409 0037680
 0002778 0936012 1524024 0333118 0370003 2347026 0179834 0443299 1550101 0441436 0993610 1998480
 0441436 0993610 1998480 0019215 2678549 1882074 0020283 0450407 0450408 0450409 0332256 2700400 2827734 2981698 0560267 0146951 0133689 0242759 0179834 0443299 1550101 0441436 0993610 1998480
 0025664 0184661 2700391 0025664 0184661 2700391 0332257 1656251 0016640 0524811 3161031 0010453 0205225 0439631 0600209 0013862 0071500 0596607 0013855 0017243 0071499 1382104 1148554 0884358 1552738
 1709269 0005863 1705493 0884358 1524063 0005861 1621557 1709269 0034760 0331955
 0520510 0557061 2584313 1514811 1706462 0020792 0205396 0884358 0599647 0020205 0036025 0043392 0043393 0205448 0220908 0220909 0717551 1698960 1710031 1710477 1524063 0332256 2700400 1956036 0599845 1880389 1883221 3541951 0337143 0567416
 1301820 0599647 0020205 0023621 0036025 0043392 0043393 0205448 0717551 0751608 0872147
 0162326 0205314 0679622 0884358 0005861 0002778 0936012 1524024 1880109
 0470166 0442726 1511790 0006104 0205171 1269537 1720467
 0557651 2603343 0004793 0162326 0162327 1519249 1171567 0684224 0700287 3496591 0439787 0849355 1332374 1332603 1514732 0596087 1418824 1882598 0006104 0034693 0034721 0205369 0302600 1269537 1519670 1552740 1999216
 1301820 0009219 0162326 0079941 0220908 0220909 1698960 1710031 1710477 1524063 0751608 1882598 0006104 0006556 0023621 0034693 0034721 0872147 1269537 0032520 0337112 0443286 1114821 1335439 1524075 1524063 1882598 0006104 0034693 0034721 1269537 0006556
 0597298 0442726 1511790 0766853 0766853 0001128 0205447 0232920 0678108 1514562 1519124 1880389 1883221 3541951 1956036 1880389 1883221 3541951 1334043 1880389 1883221 2697616 3541951 0450344 1553633
 0766853 0040005 0042285 1149347 1956036 0243122 1145667 1167622 1514562 1880389 1883221 3541951
 0002520 0349966 0450344 1337208 1553633
 0766853 0332256 2700400 0001128 1553404 2348570 1517741 1709915 1882936 0332268 1149347 1956036 0243122 1145667 1167622 1514562 1880389 1883221 3541951 0450345
 1519124 1880389 1883221 3541951 1334043 1334043 0450355
 1956036 1880389 1883221 3541951 1334043 0450354 1706096
 1334043 2697616 1413128 1515981 1955473 1709915 1882936 0205170 3146287 0450354 1706096
 1334043 1880389 1883221 2697616 3541951 1334043 0058836
 0017446 0205147 1334043
 0079941 0004793 0009219 0162326 0162327 1519249 1518422 0684224 0700287 3496591 0597298
 0162610 1553033 0026383 0678594 1521991 1334043
 0449911 0333052 2607870 0557702 1272706 1704674 0557702 1272706 1704674 0349966 1337208
 2827734 2981698
 0162326
 1709915 1882936 0037179 0087136 0205171 0919279 1096774 2360551
 0002518 0002520 2917660 0001128 0004793 0162326 0162327 0202406 1519249
 1709915 1882936 1334043 2697616 1880389 1883221 3541951 0005680 0027567 0085756 0205132 0439541 0179400 1533124 1184171 0205132 0556636 1269776 0179400 1533124
 0017446 0205147 0009013 0332256 1522642 2700400 0599647 0020205 0036025 0043392 0043393 0205448 0220908 0220909 0717551 1698960 1710031 1710477
 2347469 0004793 0162326 0162327 1519249
 0449911 0333052 2607870 0557702 1272706 1704674 0557702 1272706 1704674 0349966 1337208
 0740116 2827735 2981700
 0080143 1706765
 1709915 1882936 0037179 0087136 0205171 0919279 1096774 2360551
 1709915 1882936 0205450 0205449 0033684 0332583 1444656 0440277 0475654 1313858 0023693 1306462 1881376 1706907
 1706765 0162610 1553033
 2347469 1706765 1956036 1880389 1883221 3541951 0162610 1553033 1956036 1880389 1883221 3541951 1956036 1880389 1883221 3541951
 0002520 0439643 0179400 1444656 1638312
 1706765 0162610 1553033 2681616 0058836
 1704675 0567416 0900627 1333226 1705335 1883351 0521093 0750484 1456348 1704675 0567416 2828366 0567416 0766853 1439852 0332256 2700400 0766853 0332256 2700400
 0337143 0567416
 0766853 0337143 0567416 1264633 1554103 0349966 1337208 2347469 1553033
 1883351 0017446 0205147 0766853 2827421 0766853 1439852 0332256 2700400 0450373 1553636
 0337143 0567416 0337143 0567416 0439086 2827736 2981702 0450375 1705535 0205438 1706303 1956036 1880389 1883221 3541951 1314939 1704675
 0599647 0020205 0036025 0043392 0043393 0205448 0220908 0220909 0717551 1698960 1710031 1710477 1524063 0766853 1956036 1880389 1883221 3541951 1333225 1442790 1705671 1301820 1705535 0766853 0567416 0900627 1333226 1705335 0597298
 0766853 0900627 1333226 1817671 0178587 1705335 1264633 1554103 1553637
 1704675 1956036 1880389 1883221 3541951 0900627 1333226 1705335 0521093 0750484 1524063 2827421 2827421
 0449911 0333052 2607870 0557702 1272706 1704674 0557702 1272706 1704674 0349966 1337208
 0439086 2827736 2981702
 1704675 0567416
 1167622 1704675 1707271 0017446 0205088 0205147 1705314 1705315 0766853
 2828366 0567416 0766853 1439852 2827421 0766853 2827421 0017817 0231441 0443218 0991566 2827483 0033684 0231441 0991566 0003242 0003241 0021027 0337143 0442726 0567416 1511790
 1708639 0370003 2347026
 1708639 0370003 2347026 0766853 1439852
 1708639 0370003 2347026 0766853 1439852
 2347469 1449705 0766853
 2828366 1439852 0229671 1546774 1550100 0036825 1304893 0229671 1546774 1550100 0033684 0231441 0991566 0003242 0003241 0021027 0337143 0567416 0020985
 1708639 2828366
 1708639 0229671 1546774 1550100
 1708639 0003242 0003241 0021027
 1449705 0567416
 2828366 1439852 0229671 1546774 1550100 0036825 1304893 0229671 1546774 1550100 0033684 0231441 0991566 0003242 0003241 0021027 0766853 0020985
 1708639 2828366
 1708639 0229671 1546774 1550100
 1708639 0003242 0003241 0021027
 0449911 0333052 2607870 0557702 1272706 1704674 0557702 1272706 1704674 0349966 1337208

 1880389 1883221 3541951 0599845
 0678257
 1096774 2360551 0439267 1096774 1708639 2360551 2828366 2827421 0766853 1439852 0017817 0231441 0443218 0991566 2827483 0033684 0231441 0991566 0003242 0003241 0021027 0442726 1511790
 1708639 0337143 0567416
 0337143 0567416
 0337143 0567416
 0337143 0567416
 0337143 0567416
 0016327 0439133 1553038 0337143 0567416
 0439267 0337143 0567416
 0449911 0333052 2607870 0557702 1272706 1704674 0557702 1272706 1704674 0349966 1337208
 0439084 0728893
 1704675 0900627 1333226 1705335
 1449705 0900627 1333226 1705335
 2828366 1439852 0229671 1546774 1550100 0036825 1304893 0229671 1546774 1550100 0033684 0231441 0991566 0003242 0003241 0021027 0766853 0020985
 1708639 2828366
 1708639 0229671 1546774 1550100
 1708639 0003242 0003241 0021027
 2347469 1704675 1956036 1880389 1883221 3541951 0900627 1333226 1705335
 2828366 0900627 1333226 1705335 0766853 1439852 2827421 0766853 2827421 0017817 0231441 0443218 0991566 2827483 0033684 0231441 0991566 0003242 0003241 0021027 0442726 1511790
 1708639 0443225 1444754 1706316
 1708639 1956036 1880389 1883221 3541951
 1708639 0282536 1880389 1883221 3541951 0900627 1333226 1705335
 1708639 0370003 2347026
 1708639 0439084 0728893
 1708639
 0040300 1547928 0520511 1704711 0005861 0002778 0936012 1524024 1621557 0443289 0470166 0349966 1337208
 0470166 0558058 0949765
 0470166 0018787 0442726 1281570 1511790 0037993 0771377 1278932 0024109 0819757 1278908 0023884 0736268 1278929 2346688 0022646 0227665 1278978 1514845 0242692 0039597 1278981
 1656251 0016640 0524811 3161031 1882598 0006104 1269537 0766853 0442726 1511790 0007603 0039063 0025255 0032105 0596901 1550098 1706182 1264633 1571602
 0175723 1882932 0597297 0597304 1623036 0033684 0243125 0699900 0033666 0687676 1519614 1704687 0392747 1554963 0597298 0002345
 0027882 0766853 0599444 2752549 0007634 0242821 0460148 1268086 1269647 1704653 1704711 1948049 0085103 0530779 1415298
 0449911 0333052 2607870 0557702 1272706 1704674 0557702 1272706 1704674 0349966 1337208

 0005861 0002778 0936012 1524024
 0040300 1547928 0766853 1708632 0332157
 1708639 0018787 1281570
 1708639 0006104 1269537
 1708639 0037993 0771377 1278932
 1708639 0024109 0819757 1278908
 1708639 0023884 0736268 1278929 2346688
 1708639 0242692 1280260 0026845 0037253 0521324
 1708639 0022646 0227665 1278978 1514845
 1708639 0582520 0582519 1709450
 0449911 0333052 2607870 0557702 1272706 1704674 0557702 1272706 1704674 0349966 1337208

 0475264 1744691
 0949466 0005863 0002778 0936012 1524024 1705493
 1510844 0003242 0003241 0021027 0766853 0020985
 1708639 1264633 1554103
 1708639 1264633 1554103
 1708639 1264633 1554103
 1708639 1264633 1554103
 1708639 1264633 1554103
 1708639 1264633 1554103
 1708639 1264633 1554103
 1708639 1264633 1554103 0039063
 1708639 0444499 0560267 1264633 1554103
 1708639 0444499 0560267 1264633 1554103
 1708639 2827734 2981698 0560267 1264633 1554103
 1708639 2827734 2981698 0560267 1264633 1554103
 2347469 0185117 0027882
 0027882 0003242 0312586 0003241 0021027 0025914 0025929 0026809 0766853
 1442446
 1704675 0025255 0596901 1706182 1334043 1880389 1883221 2697616 3541951 0205309 1883351 0025255 0031676 0202177 0596901 1706182 0282443 1425988 1709940 0439509
 1883351 0022885 0039593 0392366 0766853 0007603 0025255 0032105 0596901 0750490 1550098 1706182 1706221 1334043 1880389 1883221 2697616 3541951 2827421 0085080 0007634 3282337 1553640
 0766853 2827421 0332256 2700400 1334043 1880389 1883221 2697616 3541951 0007603 0025255 0032105 0392752 0596901 1550098 1706182 1424736
 2827421 0332256 2700400 0036002 0279268 1563296 1956036 1880389 1883221 3541951 1383501 1704711 1424736 0369718 0441922 1553036
 2827421 0332256 2700400 1707271 0017446 0205088 0205147 1705314 1705315 0007603 0025255 0032105 0392752 0596901 1550098 1706182 0332268 1334043 1880389 1883221 2697616 3541951 1424736 1553033
 1274040 1546471 2825142 0085080 1656251 0007593 0007634 0016640 0524811 1301820 3161031 3282337 2827421
 0766853 0025255 0521108 0596901 1264633 1554103 1706182 1553641
 2827421 0332256 2700400 0036002 0279268 1563296 1956036 1880389 1883221 3541951 1704711 0205172 1383501 1264633 1554103
 1334043 1880389 1883221 2697616 3541951 0025255 0521108 0596901 1264633 1554103 1706182
 2827421 1707271 0521108 0025255 0596901 1264633 1554103 1706182 1265611 1383501
 2827421 0332256 2700400 0205171 1720467 1334043 1880389 1883221 2697616 3541951 1518422 1518422 1334043 1880389 1883221 2697616 3541951 1947931 0004083 0025255 0439849 0596306 0596901 0699792 0766853 1314939 1706182
 2607943 2926606 3539655 1705535 0766853 0007603 0025255 0032105 0596901 0750490 1550098 1706182 1706221 0017446 0205147 0332256 2700400 1334043 1880389 1883221 2697616 3541951 0600080
 0205088 1705314 1705315 1334043 1880389 1883221 2697616 3541951 2827421 1707271 1749467 1948047 0146951 2827421 0146951 0349966 1337208 1705535 0678594 0678594 0146951
 0449911 0333052 2607870 0557702 1272706 1704674 0557702 1272706 1704674 0349966 1337208

 0004083 0439849 0596306 0699792 0085080 0007634 3282337
 0678257
 2347469 0085080 0007634 3282337 0440102 1522485 1708632 0441833 1444656 1999270 3537156 0003242 0003250 0003241 0021027 0746619
 0443225 1444754 1706316
 0806636 0443225 1444754 1706316
 0369718 0441922 1553036 0766853 0369718 0441922 1553036 0036002 0279268 1563296 1956036 1880389 1883221 3541951
 0369637 0441923 0766853 1334043 1880389 1883221 2697616 3541951
 0766853 1553033 1707271 0017446 0205088 0205147 1705314 1705315
 0449911 0333052 2607870 0557702 1272706 1704674 0557702 1272706 1704674 0349966 1337208

 0475264 1744691 0085080 0007634 3282337
 0085080 0007634 3282337 1413560 0440102 0766853 1522485 1708632
 1383501 0025255 0596901 1706182 1749467 1948047 0146951 1264633
 1265611 0003242 0003250 0003241 0021027 0746619 0020985
 1708639
 1708639 1383501
 1708639 0025255 0596901 1706182
 1708639 1749467 1948047 0146951
 1708639 0146951
 0443225 1444754 1706316
 2347469 0766853 0369718 0441922 1553036 0036002 0279268 1563296 1956036 1880389 1883221 3541951
 0766853 1334043 1880389 1883221 2697616 3541951
 0073187 0766853 1553033 1707271 0017446 0205088 0205147 1705314 1705315
 2949735 0567416 0766853 0036849 1442518 1705195 0681814 0392366 0766853 0392760 1314939 0475264 1744691 0567416
 0900627 1333226 1705335 0567416 0146951 0133689 0242759 1264633 1554103 1704711 1749467 1948047 0085080 0007634 3282337 0349966 1337208 2347469
 0766853 0146951 0133689 0242759 1264633 1554103 1704711 1553641 1511726 3245479 1518422 1547282
 0900627 1333226 1705335 0567416 0146951 0133689 0242759 1264633 1554103 0766853 0349966 1337208
 1979874 0900627 1333226 1705335 0567416 0146951 0133689 0242759 1264633 1554103 1749467 1948047 0766853 1511726 3245479 1518422 1547282
 0449911 0333052 2607870 0557702 1272706 1704674 0557702 1272706 1704674 0349966 1337208

 2949735 0567416 0766853
 0085080 0007634 3282337 0766853 0900627 1333226 1817671 0178587 0567416 0205195 1947911 0900627 1333226 1817671 0178587 0567416
 1383501 0025255 0596901 1706182 1749467 1948047 0146951 1264633
 1265611 0003241 1444656 0020985
 1708639
 1708639 1383501
 1708639 0025255 0596901 1706182
 1708639 1749467 1948047 0146951
 1708639 0146951
 0900627 1333226 1705335
 2347469 0567416
 0900627 1333226 1817671 0178587 0392148 0766853
 0073187 0567416
 0520510 0557061 2584313 0030351 1514811 1547566 1706462 0205396 1550043 1551388 0023688 0027365 0766853
 0684224 0700287 3496591 0597298 0766853
 0766853 0900627 1333226 1817671 0178587 1145667 1167622 1705335 0205170 0337143 0567416 3146287
 0766853 0205195 1947911 0332257 0036002 0279268 1563296 1334043 2697616 1880389 1883221 3541951
 1519124 1880389 1883221 3541951 1441414 1553874 1578820 1883351 0086597 0033618 0033684 0243122 1145667 1167622 1148673 0012854 0243122 1145667 1167622 0282443 1425988 1709940
 0475264 1744691 0035820 1705810 0033684 0766853 1519124 1880389 1883221 3541951
 1956036 1880389 1883221 3541951 1709061 0033621 1168438 1418943 3540567 0033684 1145667 1167622 0282443 1425988 1709940
 0557651 2603343 1524063 0376436 0023621 0751608 0872147 0443289
 1956036 1880389 1883221 3541951 0900627 1333226 1705335 1707391 0030956 0332256 2700400 0061472 0220839 0002520 2917660 0001128 0202406 1956036 1880389 1883221 3541951 1413128 1707391 0030956 0337112 0441987 1524075
 1956036 1880389 1883221 3541951 0684224 0700287 3496591 1883351 1956036 1880389 1883221 3541951
 1956036 1880389 1883221 3541951 0018882 0205448 0229304 1704821 1705682 0439643 0018882 0229304 1704821 1705682 2349187 1999230 0419518 0445022
 1709915 1882936 0900627 1333226 1817671 0178587 1705335 1413128 1705535 0023688 1709915 1882936 1705242
 0033684 0599647 0020205 0036025 0043392 0043393 0205448 0220908 0220909 0717551 1301820 1698960 1710031 1710477 1524063 1956036 1880389 1883221 3541951 1511726 3245479 1518422 1547282 1956036 1880389 1883221 3541951 0038164 0815043 1527118 0031843 0033684 0542341 0700205 1705273 1709061 0027552 0686904 1883351 1292732
 1334043 1880389 1883221 2697616 3541951 0021554 0021547 0031603 1145667 1167622 0031621 0004083 0439849 0596306 0699792 0282443 1425988 1709940 0439509
 1518422 1334043 1880389 1883221 2697616 3541951 0004083 0025255 0439849 0596306 0596901 0699792 1514873 1706182 1441672 0766853 0007603 0025255 0032105 0596901 1145667 1167622 1550098 1706182 0017446 0205147 0332256 2700400 1334043 1880389 1883221 2697616 3541951 1707271 0017446 0205088 0205147 1705314 1705315
 0037088 0243095 2825141 1705535 1334043 1880389 1883221 2697616 3541951 0183683 1521721 0185023 1947904 1999228 1707271 0017446 0205088 0205147 1705314 1705315
 0600080 1707271 0031727 0684224 0700287 3496591 1883351 1145667 1167622 0599220 1711351 0439267
 0600080 0034783 0031727 0597357 0599756 1704675 0439267 1518422 0442726 1511790 1511726 3245479 1518422 1547282
 1707271 0017446 0205088 0205147 1705314 1705315 0086597 0004083 0439849 0596306 0699792 0017446 0205147 2266866 0205177 0439167 0441655 1561536 0025252 0025255 0033684 0596901 1706182
 0766853 0023688 0567416 1417236 0872241 0033684
 0900627 1333226 1705335 0567416 1145667 1167622 0080093 0079883 1513911 0052536 0085845 0369718 0441922 0597357 1553036 0439799 1706095 1325366 1706853 0567416
 0900627 1333226 1705335 0669368 0907533 0132555 0028128 0030015 0521390 2986642 1420546 1824793
 1420546 1537044 2266866 0205177 0439167 0441655 1561536 0034678
 0557651 2603343 0017337 0384807 1334325 0031727 0034678 1710252 2954564 0684224 0700287 3496591 0086222
 0752312 1979930 0033640 0242853 0815043 1527118 0018284 0026249 0031727 0031843 0033684 0034678 0542341 0700205 1704259 1705273 1705987 1879547 1514468 1704444 1145667 1167622 1449849 0031727 1425569 1706586
 0026383 0678594 1521991 2348205
 0766853 1145667 1167622 1449849 0031727 1425569 1706586 1517892 1704666 0900627 1333226 1817671 0178587 1705335 0567416
 0599647 0020205 0036025 0043392 0043393 0205448 0220908 0220909 0717551 1698960 1710031 1710477 1524063 1880389 1883221 3541951 0443289 1420002 0033684 0905687 0033684 1435894 2240209
 1420002 0061928 0038164 0033684 1426113 0032214 0600138 0035820
 1518422 0521093 0750484 1704675 0033684 0900627 1333226 1705335 1524063 0025663 0025664 0449851 1518422 0392366 1152525 0205177 0439167 0441655 1561536
 2607943 2926606 3539655 1705535 3161035 0449432 0752312 1979930 0033640 0242853 0018284 0026249 0031727 0033684 0034678 1704259 1705987 1879547 0900627 1333226 1817671 0178587 0439855 1704241 1705335 1706853 0766853
 3161035 0543488 1704259 1705987 0752312 1705535 1883351 0678558 0282443 1425988 1709940
 1948052 0039593 0392366 3161035
 0766853 0146951 0900627 1333226 1705335 0567416
 0905687 0033684 0205177 0439167 0441655 1561536 0567416 0740116 2827735 2981700 2607943 2926606 3539655 1705535 0900627 1333226 1705335 0567416 0146951 0133689 0242759 0678594 2986575 1956036 1880389 1883221 3541951 0766853 0061991 0031727 0598546 1515981 1880389 1883221 3541951 0905687 0033684
 0766853 1518422 0900627 1333226 1817671 0178587 1145667 1167622 1705335 0567416
 0766853 0766853 0023688 1449849 0031727 1425569 1706586 1707719 1513822 1705739 1882071 0900627 1333226 1705335 0567416
 0162610 1553033 0678594 2348205 1334043
 0162610 1553033 1334043
 0002778 0936012 1524024 0031843 0542341 0700205 1705273 0237881 0750502 0567416
 2986676 0021622 1272753 0003250 0003242 0003241 0021027
 2825232 0010186 0220812 0449719 1709471 0220808 0680264 0007961
 1706852 0522501 1706089 0949214

 0004793 0028630 0162326 0162327 1519249 0030351 0684224 0700287 1547566 3496591 0242356 0442598 0872261 1511726 1515023 3245479 1510755 0237753 0449788 1706078
 0282413 0376649 1442065
 0254343 0796520 3272379

 0085205 1549619 1880669
 0013849 1705961 0024492 1538057 1547565 0597277 1708601
 0302523 0700325 1964257
 0000723 0000723 1273517 1817671 0178587 1817671 0178587
 0033684 0039062 0332281 0033684 0039062 0332281
 1420744
 0061991 0031727 0598546 0061991 0031727 0598546
 0079883 1513911 0085845 0369718 0441922 1553036 0079883 1513911 0085845 0369718 0441922 1553036
 0905687 0033684 0071746 0033684
 0567416 0567416
 0017837 0017817 0040676
 0036002 0279268 1563296 1514562
 1334043 2697616 1334043 2697616
 0039063 0007603 0025255 0032105 0596901 1550098 1706182 0039063 0007603 0025255 0032105 0596901 1550098 1706182
 0752312 1979930 0033640 0018284 0026249 0031727 0033684 1879547 0752312 1979930 0033640 0018284 0026249 0031727 0033684 1879547
 0018555 0008120 0018557 0029939 0152035 0227898 1278992
 1514811 1706462 0520510 0557061 2584313 1514811 1706462
 0007634 0178539 0026379 0027817 3538926
 0439509 1826357 0369637 0441923
 2347469



 0439086 2827736 2981702 0025141 1553033 2603362
 0040833 1521798
 0369637 0441923
 2347469
 0040833 1521798
 0025141

 2603362
 0007634 1269647 1704653 1948049 0025141 0033727 0369286 0441932 0564385

 2347379
 3541329 2827734 2981698 0025141 0597277 1708601
 0369637 0441923
 2347469
 0027882 0025141 2347469
 0205090 0684010 2603358
 1553033
 2347469




 0201682

 0369773 2603361
 0040833 1521798
 3642273
 0025141 0369637 0441923
 2347469
 0040833 1521798 3642273
 0025141 0441039

 0369637 0441923


 0025141 0369637 0441923
 0027882 0025141 0033727 0369286 0441932 0564385 0439394 1706495 3642217
 2603360 0369637 0441923
 2347469 0369773 2603361
 0033727 0369286 0441932 0564385
 0036397 0025141
 0369718 0441922 1553036 0369637 0441923
 0349590 1262865 0025141 0597277 1708601 0597277 1708601 2603360
 2603360

 0036397
 0033727 0369286 0441932 0564385 0016327 0439133 1553038 0205090 0684010 2603358
 0439394 1706495 3642217
 0027882 0025141 0999213 0033727 0369286 0441932 0564385
 0369637 0441923
 2347469
 0027882 0025141
 0439267 2603360

 0205090 0684010 2603358
 1551776
 0369637 0441923
 0027882 0025141 1412430 1551776
 0369637 0441923


 0597277 1708601


 0201682
 0597277 1708601 0033727 0369286 0441932 0564385 3550973 2603360 0597277 1708601 2603360 0369718 0441922 1553036 0597277 1708601 2603360
 0007634 0017337 3282337 0328104 1415875 2826366 0369718 0441922 1553036 0597277 1708601 0021966 0221138


 0201682
 0033727 0369286 0441932 0564385 0439114 0205090 0684010 2603358

 2603360
 0369773 2603361
 0016327 0439133 1553038 0205090 0684010 2603358
 0439394 1706495 3642217
 0349590 1262865 0025141 0597277 1708601 0328104 1415875 2826366 0369718 0441922 1553036 0021966 0221138 2603360
 1553033


 0201682
 0999213 0033727 0369286 0441932 0564385
 0021966 0221138 0369637 0441923
 1418943

 0268596 2700624
 3642273
 0041703
 0000857 0600678 1552863 0016327 0439133 1553038 0369773 2603361
 0369773 2603361
 1418943

 0268596 2700624
 3642273
 0041703
 2603360



 0000857 0600678 1552863
 0369773 2603361
 3642273

 0369773 2603361 0597277 1708601 0369773 2603361
 3642273
 0033727 0369286 0441932 0564385
 0369773 2603361 1415895 0439394 1706495 3642217 0369637 0441923
 0027960 0324740 0439189 1456781 1824986
 0007634 1269647 1704653 1948049

 0025141 0205090 0684010 2603358
 0439267
 0369773 2603361
 0027960 0324740 0439189 1456781 1824986
 1704351 2239486
 0325074
 0025141
 0205090 0684010 2603358
 0007634 1269647 1704653 1948049 0025141
 0033727 0369286 0441932 0564385 1553033 0369637 0441923
 0439114 0016327 0439133 1553038 2603362

 0033727 0369286 0441932 0564385 0205090 0684010 2603358

 0349590 1262865 0025141
 2603360
 0033727 0369286 0441932 0564385

 0331895 2603362
 0439394 1706495 3642217


 0000857 0600678 1552863 0021966 0221138 0016327 0439133 1553038 0597277 1708601 2603360
 1553033 0369718 0441922 1553036



 0025141
 1194380 2603362
 0033727 0369286 0441932 0564385


 0205090 0684010 2603358 1431628 0016327 0439133 1553038 0033727 0369286 0441932 0564385 0369637 0441923
 0016327 0439133 1553038 2603362
 1553033
 2603362
 0007634 1269647 1704653 1948049 0025141 0597277 1708601 0369637 0441923
 0027882 0025141 2347469
 0205090 0684010 2603358
 1553033 2347469




 0000857 0600678 1552863 2603360
 0349590 1262865 0025141 0439267
 2347469 0022646 1419338 1427479 0205090 0684010 2603358 0004716
 0007634 1269647 1704653 1948049 0025141 0441039
 0016360 1424823 1553033 2603362

 0033727 0369286 0441932 0564385

 0439394 1706495 3642217

 0036397 0369773 2603361 0016327 0439133 1553038
 0439394 1706495 3642217 0439267 1301808 2347469 1553033 0205090 0684010 2603358
 0439267 0205090 0684010 2603358

 2347469
 0027882 0025141 0597277 1708601
 0439267 0205090 0684010 2603358



 0201682

 0252873 0439267
 0369637 0441923
 0007634 1269647 1704653 1948049 0025141 0033727 0369286 0441932 0564385 0369718 0441922 1553036 0033727 0369286 0441932 0564385 0597277 1708601 0369718 0441922 1553036


 0201682
 0205090 0684010 2603358
 0033727 0369286 0441932 0564385 2603360
 2603362
 0369773 2603361
 0325459 0369773 2603361

 0349590 1262865 0025141 0369637 0441923

 0027882 0025141 0009993 0037455 0596070 1552856 0005477 0026376 0005532 1521991