 0043210
 0587475 1704729 0036375 0454845 0028905 0376649 1442065 0282413 0686900 1272683 1522634 3273171 0031831 1707664 2348314 3540849

 0205099 0442650 0454845 0028905
 0013849 1705961 0024492 1538057 1547565 0002395 0012634 0524851 0012634 0332281 0001811
 0008902 0012634 0439855 1704241 0020538 1963138 0010054 0010068 1956346 0205042 0852949 1269008 0003842 0012634 0018787 0226004 0036341 0017296 0314603 1516998 0031437 0185117 1274040 1546471 2825142 0002395 0012634
 0333051 0725066 0001811 0032659 1257890 1948052 0449719 0043210 0680220 0023671 0376558 0679138 0080103 0205345 1547039
 0043210 0700364 1883351 0035647 0205555 2987476 0002395 0012634 0282443 1552617 0205234 1285542 0185117 1524063 0014935 0279494 0086258 0279033 0014939 0035139 0039798 0087111 0559956 1363945 1555302 2936882
 0002395 0012634 0205435 1279901 1552738 0037179 0043210 0087136 0205171 0439234 0580836 0868928 1527178 1705938 1706255 1706256 1822046 2699787 0003537 0002622 0751295 1517945
 0332283 0030705 1552738 2607943 2926606 3539655 0333463 2936349
 1441414 1553874 1578820 0439234
 1317574 0370003 0439234 0521108 1444637 0521093 0750484 0030705 0002395 0012634 2827734 2981698 0740116 2827735 2981700
 0014507 0014508 0699910 0002395 0012634 0205166 1706317 1883351 0678236 0012634 0004448 0205087 0681755 0681756 0439086 2827736 2981702
 0150312 0449450 1511726 3245479 1705535 0011265 0497327 0205210 0439661 1301808 1442792 1516691 1517945 1704788 3148680 3245488 3539106 1880389 1883221 3541951 0001721 0027361 0237401 0439234
 0557651 2603343 0001792 1999167 0439234 0027361 0237401 0683278 0011265 0497327 0439084 0728893
 0680220 0002395 0012634
 0032685 0032659 0038215 0040710 0600673 1257890 0237753 0449788 0033105 0220900
 0750572 1883351 0010186 0220812 0439234 0562019 0027552 0686904 1708733 0023977 1547194 1552238 0443252 0205166 1515273 1705313 1706317 1947933 2826302 1547538
 0043210 0439234 0043210 0025266 0043210 0596070 1515981 0596012 2584321 0439234 0023671 0376558 0679138 0025266 0043210 0700364 1883351 0035647 2987476 0002395 0012634
 0282458 0920317 1514228 0002778 0936012 1042496 1524024 0150312 0036866 1705241 1705242 0079399 0804628 1522384 1547282 0026538 0871208 1521828 0002395 1883351 0205250 1299351 2700149 0011269 0005847 0011265 0497327 1558950 1801960 1883351 1865401 0205214 1522138 3245511
 0282458 0920317 0002778 0936012 1042496 1524024 0027473 1547282 0036866 1705241 1705242
 0021149 0220856 1547282 0205134 0021149 0220856
 0015631 0454705 0454664 0021149 0220856 0041703 0205134 0001779 0558058 0014406 1705241 1705242 0002395 1281905 0012634 0035647 1880177
 0033213 1706387 0001795 0439234 1292732 1514811 1706462 0002395 0012634 1292711 0449719 1709471
 2827447 0947630 1314939 0003595 0003591 0002085 0205349 1514623 1516451 3542952 0042789 1947903 1705535 0680220 0001779 0439234 0860630 0021149 0220856 0205134 0205324 0457933
 0150312 0332120 0439234
 0947630 0439659 1883351 1999230 1527178 1874451 1705535 0023980 0027552 0686904 1518422 0009240 0868945
 0947630 1274040 1546471 2825142 0282206 0033213 1706387 0014406 0019247 1281905 1517512 0017296 0035647 0314603
 0001792 1999167 0021201 2700456 0150312 0079399 0804628 1522384 0004083 0439849 0596306 0699792 0033105 0220900 0001779 0205217 0442805
 1518029 0033105 0220900 0021149 0220856 0150312 0028075 1707455 0085756 0027567 0596070 0150312 0332285 1704629 1704752
 0087107 0557651 2603343 0018619 0376558 0150312 0489786 1707520 0011265 0033105 0220900 0497327 1705535 0205410 0205411 0032214 0600138 0035820 1705810
 0947630 0032659 1257890 0022558 0006137 0282540 1947963 1955473 0018896 1552861 0017296 0314603 1516998 0040549 0023864 0013621 0013622 0013658 0039401 0026606 0031809 0205177 0205485 0439167 0441655 1509143 1561536 0240502 0274281 0332157 0439828
 0033213 1706387 0011750 1555720 1280500 2348382 1883351 0309049 0185117
 0205172 0376558 0043210 0237607 0596545 1555905 0018748 0444454 1554204 0013227 0802604 2598133 0848543 0274281 0728853 0001721 1281905 0035647 0035168 0242481 0205171 1720467 0439659 1883351
 0814299 0035648 1553898 1521761 2827422 1517512 0302523 0439659 0700325 1964257 0027361 0237401 0876934 1540677 1555824 0332120 0439234 1880355 0543488 0002395 0012634 0440042 1521738 2346620 2349184 3539073
 0011008 2348077 1416989 0017337 0205409 1548221 0026882 0008664 0008633 0299212 1418985 0872078 0008656 0008633 1520594 1520591 0528480 1418986 0872078 1515981 0008651 0008633 1521005
 0026882 0233820 1709694 1709694 1855575 0521114 0522498 1514917
 1416989 0017337 0011008 0205396 1550043 1551388 2348077 0205349 1514623 1516451 3542952 1281905 0003595 0003591 1520860 1520855 0392148
 0449438 0052201 0332281 0205087 0332162 2931257 1832428 0348078 0376315 0338445 0850664 0035648 0050325 0679238 0960756 1281905 0035647 1521761 2827422
 0027361 0237401 0002085 0205447 0206243 0002395 0012634 0237506 3154893 3539897
 0282458 0920317 0002778 0936012 1042496 1524024 0003595 0003591 0947630 0043210 0002085 0205447 3154893 3539897 0700364 1883351 0035647 0443228 1704243 2987476 0002395 0012634 1280500 0001779 0439234 1709305 2745955
 0007457 0043157 0043210 0450316 0040223 0332148 0750492 1632851 2827734 2981698 0002395 0012634 0017431
 1274040 1546471 2825142 0043210 0205397 0850310 3154893 0017431 0242618 0678226 0233535 0370003 0456389 0518609 2347026 3146286 1518422 2584321 0237881 1709380 0038215 0750502
 0003595 0003591 1518422 0700364 1883351 0442821 2987476 0850664 0035648 1281905 0679238 0035647 1521761 2827422 0370003 2347026 0019576 0043210 0086409 0233535 0040833 1521798 2348205 0442726 1511790
 0079399 0804628 1280500 1522384 2348382 1518422 0043210 0205397 1556094 0557651 2603343 0282458 0920317
 0392360 1882932 1704675 0814270 2362652 0012655 0220898 1264642 1547045
 0043210 0002085 1833334 0206132 0001779 0332162
 0686732 0035648 1553898 0001783 1516998 0035647 1521761 2827422 0237753 0449788 1292732
 0543488 0205234 1285542 0274281 0728853 0439849 1705630 1706279 3540605 0013621 0013622 0013658 0039401 0178566 2347957 0042153 0457083 1947944
 0683954 1274040 1546471 2825142 0442809 0679688 0035648 1553898 0035647 1521761 2827422 0332257 1552866 2700399 0014935 0279494 0086258 0279033 0014939 0035139 0039798 0087111 0559956 1363945 1555302 2936882 0037369 0453996 1881674 0013621 0013622 0013658 0039401 0332157 0205191 0274281
 0035648 1553898 0035647 1521761 2827422 0332257 1552866 2700399 0455503 0019664 0019665 0262512 0262926 1705255 2004062 0018674 0018670 1281590 1706305 3263722 3263723 0027361 0237401 3642141 0002085 0052201 0040128 0012634 0040132
 0014935 0279494 0086258 0279033 0014939 0035139 0039798 0087111 0559956 1363945 1555302 2936882 1547282 1883351 0237753 0449788 0947630 0700364 1883351 1882365
 0274281 0332157 0700364 1883351 1999230 1137094 0301630 0392756 0441610 0206132 0001779 0439234
 0028873 0456603 1547037 0027976 0205314 0454845 0947630
 0242492 1137094 0035647 0080103 0205345 0301630 0392756 0441610 1547039 0035648 1553898 0035647 1521761 2827422 0017431 0003595 0037369 0453996 1881674 0683519 0019664 0019665 0262512 0262926 1705255 2004062 1518469
 1547011 1879746 0439659 1883351 1292732 0205172 0557651 2603343 0027552 0686904 1883351 0014939 0450442 1254351 1521826 1280500
 0221191 0239301 0042153 0457083 1947944 0014935 0279494 0007222 0007226 0012634 0029456 1515187 0439234 0162340 1825598 0557651 2603343
 0035820 1705810 0039798 0087111 1522326 1533734 1705169 3538994 0002395 0012634
 0005532 0005527 0392747 0243107 0678723 1527148 0439855 1704241 0449432
 0332257 1552866 2700399 1821244 1160340 0243107 0678723 1527148 0392148 0006104 0205146 1269537 0019564 0949582 1029104 1284077 0392747 0443172 0205217 0442805 0007818 0373440 0232338 0005767 0005768 0229664 0806140 1280500 2266879 1704675 0002395 0011164 0012634 1880269 1521840 2986546
 0014939 1547282 1883351 1314939 2349975 0021135 1533691 2827718 0033414 0597545 0220781 0439634 1522492 0872341 0011305 0037949 0439640 0205210 1521970 1706388 2346469 2348519 0185117 0439828 0679228 0243161 0439962 2987487 1547011 1879746 0009240 0023008 1864829 3463950 0001816 3463964 0277785 2699787 0935584 0032074 1301732 0679195 0022423
 0205319 1280464 0205214 1522138 3245511 0332257 1552866 2700399 0011570 0011581 0344315 0349217 0460137 0085631 0011253 0018524 0003467 0003469 0039082 1558916
 0037317 0851578 0012634 0037313 0004927 0677505 0027361 0030705 0237401 1709305 2745955
 0947630 0376649 1442065 0037791 1511884
 0947630 0002395 0012634 0027552 0686904 1883351 1285553 0036866 0023693 0079399 0804628 1306462 1522384 1881376 1705241 1705242 1428114 1145677 0085732 1821244 0205307 0243107 0439166 0678723 1527148 2347086 1709305 2745955
 0023981 0205127 0557651 2603343 0030705 0002395 0001792 0205307 0439166 1707455 1999167 2347086 0150905 0030705 0884358 0332271 1279889 1457868 0022885 0392366 0233735 0042926 0678856 0871615 3538907 0079809 0597547 1518422 1879489
 2987487 0589120 1522577 1704685 3274571 0205127 0332283 1719822 1979874 0079809 1879489 0001792 1999167
 0450348 0036866 1705241 1705242 0023008 0031847 0277785 0439849 0445223
 0036866 1705241 1705242 0150312 1524063 0022885 0039593 0392366 0348000 0871208 1521828 2348205
 1527178 1874451 1145677 0085732 0002395 0012634 0678226 2987476 3146286 1521761 2827422
 0043210 0002395 1707520 0428396 0025266
 0034965 0007818 0373440 0232338 0005767 0005768 0205147 0205276 0229664 0806140 1947913 0032743 0032744 0040395 0040405 0233929 0444706 2349995 3541902 0002395 0012634 1552738 0043210 0870882 0311400 1524026 2707259 0871208 1521828
 0681841 0332257 1552866 2700399 0682132 1705241 1705242 0011560 1705760 0333562 0007818 0373440 0034965 0232338 0005767 0005768 0205147 0205276 0229664 0806140 1947913 1948027
 0237834 1514892 0332281 0010957 1883709 0175202 0019564 0220781 0439634 1522492 0025265 0443303 0679052 0025260 0700327 1282927 1314939 1515273 1705313 1706377 1709694 1806781 2350002 2826302
 1705241 1705242 0024554 0086582 0449774 0242656 1947900 0012634 0449258
 0326848 0699944 0557651 2603343 1547282 1704675
 0085732 0002778 0178587 0444706 0936012 1524024 3541902 0337095 0043266 1576875 2584304 0563023 0681842 1882327 1274040
 0337514 0011065 1546956 0002395 0012634 0150312 0449450 0085732 0023741 0205250 0233535 0441889 0449286 0456148 0542560 0549184 1299351 1561545 2348088 2700149
 0683368 1457887 1547282 0036866 1705241 1705242
 0024554 0086582 1883351 1546466 0549165 0085632
 0034980 0002778 0936012 1524024 0175659 0349674 1947916 3536777 0036866 1705241 1705242
 0024554 0086582 0449820 0205250 1299351 2700149 0220912 0220913 0311392 0015780 0086287 1547282 0004927 2707008 0085633 0004927 0677505 0424337 0017095 1705116 0018896 1552861 0424304 0023133 0010399
 1705241 1705242 1880177 2607943 2926606 3539655 1705241 1705242 0014939 0032214 0600138 0035820 1705810
 0020792 0205396 0035820 1705810 0449438 0078057 0960756 0005847 0035820 1558950 1705810 1708698 1801960 0002395 0012634
 0002716 0011560 0611285 0005847 0150312 0521400 0332120 0002395 0012634 0205396 1550043 1551388
 0007785 0917798 0022116 0231242 0002395 0012634 0332152 1522538 0597198 1882330 0242656 0449258 2607943 2926606 3539655 0557651 2603343 0450355
 0038952 0220921 0011900 1704338 1704656 0439828 1510992 2825518
 0035173 0206132 0001779 0332162 1521970 1706388 2346469 2348519 1292732 1518422 1547282 1883351 2349101
 1521761 2827422 0332281 0242656 0449258 0439831 0332257 1552866 2700399 0392148 0206132 1833334 0332162 0234133 0683368 1457887 0033975 0349204 1275743 0012634 0348080 1705253
 0557651 2603343 0599755 0037369 0453996 1881674 1518422 0001721 0038952 0220921

 0025266 2919552 0038952 0040223 0220921 1632851 0038952 0220921 0332281 0205487
 0043210 0025266 0455539 0683519 1880008 0019664 0019665 0262512 0262926 1705255 2004062 0332281 0038952 0220921 0032854 0542537
 0039798 0087111 1522326 1533734 1705169 3538994 1527178 1874451 0599668 1512571 1527178 1705938
 0684164 0449913 1553451 1704459 2331620 0004781 1321510 0011164 1880269 0002395 0679245 0012634 1279919 0005516 0242656 0012634 0750729
 1627358 2349975 0001046 1883351 0392334 0392335 0542341 0032041 0032042 1280500 1696465 1706408 1707455 2348382 1280500 0683368 1457887
 0282443 1552617 0008976 1547282 2986411 0043210 1709305 0014935 0009429 0279494 0086258 0279033 0014939 0035139 0039798 0087111 0559956 1363945 1555302 2936882 0039798 0087111 1522326 1533734 1705169 3538994 1442461 0439231 1516879 1696073
 0877035 1518681 1280500 3274659 0086418 0237753 0449788 1292732 3161035 0681754
 0543467 0043210 0014935 0279494 0086258 0279033 0014939 0035139 0039798 0087111 0559956 1363945 1555302 2936882 0332281 1282927 1806781 2349975 2350002 0423909 0443252 0025260 0205166 0700327 1515273 1705313 1706317 1706377 2826302 1516240
 0542316 0025260 0234621 0700327 1706377 1518422 0014935 0086258 0279033 0279494 0014939 0035139 0039798 0087111 0559956 1363945 1555302 2936882
 0043210 0001779 0001792 1999167 0580836 1442162 1550718 3244317 0083220 0023610 2987634 0449820 0561770
 0083220 0332283 0023610 2987634 0014939 2936882 0032042 1696465 1706408 2986411 0449820 0549178 0597198 1882330 0599755
 1274040 1546471 2825142 1705535 0877035 1280500 0205343 0439092 0547044 0443303 1282927 1515273 1705313 1806781 2350002 2826302
 0857965 0229671 0441889 1546774 1550100 1518422 0597198 1516691 1707520 1882330 0043210 0439509
 0683949 0003062 0947630 1524063 0681797 0237892 0683444 0022885 0392366 1547282 1883525 2346866 0282151 0449913 1553451 1704459 0026516 2713234 0001721
 0014939 0206249 2984294 0443252 0205166 0279023 1515273 1705313 1706317 2826302 3161035
 0025260 0221099 0700327 1706377 0205198 1706082 0242896 0005064
 1155312 0149784 0871261
 0178693 0947630 1547282 1274040 1546471 2825142 0010362 0552389 0205155 0947630 2828360 0947630 1547282 0205171 1720467 1280500 2348382 0561766 0025260 0700327 1706377 0234621 0678856 1428114 0025265 0025260 0700327 1706377
 0332148 0750492 0877035 1280500 0441472 3266814 0927232 1269563 0027763 0422837 1269560 0332257 1372999 1704675 0392747 0443172 0017262 0017337 0185117 0041904 0162493 0547043 0851285 1282911 1327622 0205231 1444656 1511726 3245479 0599779 0003062 3161035
 0030705 0338656 0684336 1709323 0175566 0181496 0947630 2827499 0947630 1524063 0679228 0243161 1547282 0040833 1521798 0871208
 0439064 0747726 0947630 0700321 0439593 0449238 1282927 1515981 1806781 2350002 2926735 0439231
 0443228 0549177 1704243 0205166 1706317 0034656 0599724 0681867 1706408 0683952 2911690 1274040 1546471 2825142 0470187
 1947933 1947971 0002395 0012634 0562734 0085732 0871222 1947933 1883351 0018896 0557034 0030705
 0041703 1301808 0166872 0449913 1553451 1704459 1708733 0023977 1547194 1552238 0443252 0205166 1515273 1705313 1706317 1947933 2826302 1547538 0030705 0750572 1947933 0442519 0542559 1318139 1709305 2745955
 0037088 0243095 2825141 0332529 0680220 0043210 1999230 0205437 0205448 0030705 0002395
 1707455 1947933 0043210 1999230 0085537
 0557651 2603343 0423896 0456205 0043210 0025266 0205172 0332148 0750492 0206243 0699809 0563471 1947933 0441655 0150141 0518460 0541747 0013119 0278286 0518459 1305428 0564673 0020405 0518462
 0043210 0205172 0332148 0750492 0020052 1999232 3273800 0332148 0750492 0016116 0001554 0376636 0870909 1273870 3273539 0025266 0450382 1707455
 1517936 1708733 0023977 1547194 1552238 0443252 0028678 0028682 1552413 0205166 1515273 1705313 1706317 1947933 2826302
 1521761 0332257 1552866 2700399 0021167 2699787 0678599 0237897 0808080 1705922 0162409 0750501 0205393 0332148 0750492 0549178 0204977 0994454 0442519 1947933 0728831 0683623 0042295
 0026531 0026532 0033213 1706387 0683770 0010186 0220812 0023977 1547194 1552238 0443252 0205166 1515273 1705313 1706317 1947933 2826302 0376691 1708698 3484370 2349975 0449913 1553451 1704459 0392756 2828008 0085537 1546494 1516084 0023977 1547194 1552238 0443252 0010186 0205166 0220812 1515273 1705313 1706317 1947933 2826302
 1516084 1883351 0392747 0443172 1705241 0018759 0027459 1547668 1548572 0679897 0086388 0681788 0018684 0376691 0441889 0456079 1080058 1547707 1947933 2946261 3245503 3484370 0018717 1546906 1547152 1518422 0011008 2348077 0021622 1272753
 0947630 0000936 1947933 2981153 0205396 1550043 1551388 0043210 0237607 0596545 0205172 0035820 0231303 1274040 1546471 1705810 2825142 0035820 0163712 0423896 0456205 1705810 0441712
 1280500 0002957 0018379 0011570 0011581 0344315 0349217 0460137 0205170 0205309 3146287 0001721 0871200 0332306 0023983 0086388 0018684 1280500 0002395 0012634 0439092 0547044 1301725 1609436
 1547011 1879746 1947933 1947971
 0023866 0034036 2350026 0005532 0038435 0079809 0205460 1879489 2987476 2371924 0597719 0023882 0700321 2700395 0205309 1709793 0441472 1883351 0038435 0005516
 0274281 0332157 0010957 1883709 0027882 2362652 1527178 1874451 0332281 1947933
 0877035 1518681 1280500 0024501 1704675 0683206 0449913 1553451 1704459 1705535 0014935 0279494 0086258 0279033 0014939 0035139 0039798 0087111 0559956 1363945 1555302 2936882 0205217 0003289 0683154 0013227 0871261 1254351 1704632 1706817 2911692
 1552616 1706244 0002395 0012634 0033213 0681669 0040833 1521798 1708698 0679006 1947967 0014499
 0023980 0805586 0043210 0205170 3146287 1444641 0035647 1516077 1550502 0039798 0087111 1363945 0002395
 0442805 1281905 0035647 0043210 0025266 0002395 0012634
 1281905 0035647 0014412 0274281 0728853 0376558 0043210 0237607 0596545
 0439792 0013621 0013622 0013658 0039401 0043227 0033414 1160340 0243107 0678723 1527148 0596129 0007776 1176472 2700441 0002395 0012634 0392760 1314939 1706214 3244320 2347957 0282416 0725066 1561607 0037455 0442504 1704765 1882509 3496241 1517331 0018896 1552861 0002395 0012634
 2825232 0018173 1521721 1548284 0027468
 1514756
 0450348 1527075
 0450348 1272684 1548435
 1514811 1706462 0597277 1708601 0033727 0369286 0441932 0564385
 0002395 0012634
 0777169
 0025141 0369637 0441923
 0011900 1704338 1704656 0521093 0750484
 0036397
 0439267 0369637 0441923
 0004083 0439849 0596306 0699792 0392079 0392747 0443172 1515981 1705241 0018220 0556636 1269776 0681850 1550501 1706203 2349001 2697811
 0033872 0033873
 0025141 0205090 0684010 2603358
 0033105 0220900 0442867 0006826 1306459 1336644 1705132

 0025141 0062941 1384665 1414862 0039676 2349943 3539704
 0033105 0220900 0032659 1257890 0027361 0205250 1299351 2700149 0684224 0700287 3496591
 1422839
 0000857 0600678 1552863
 0021149 0220856 0282458 0920317 0002778 0936012 1042496 1524024
 0027855
 0000857 0600678 1552863
 1548795 1634625 2982691 0205166 1706317 0860630
 0027855
 0025141 0369637 0441923 0205090 0684010 2603358 3272372
 0033105 0220900 0497327 0557651 2603343
 0027855
 0000857 0600678 1552863 0020268 1413512 3541894
 0033105 0220900 0011265 0497327 0027567 0085756 0027567 0596070
 0033872 0033873
 0000857 0600678 1552863 0023617 2986899 0018387
 0489786 0392335 0031843 0542341 0700205 1516691 1705273 0001811 0557651 2603343
 0030755
 1538326 3541325 0002395 0012634
 0033105 0220900 0205250 1299351 2700149
 0001811

 0919442 1705347 0031831 1707664 2348314 3540849
 0032529 1882417

 0025141 0205090 0684010 2603358
 1825598 0033105 0220900 0011265 0497327 0599755
 0001811
 1419731
 1520135
 0178602 0869039 1114758 1281905 0035647 0015576 1704727
 0036397
 0025141
 0003595 0003591 0002716 0011560 0611285 0017270 0376249 0439603 0871396 1561548 1705502 0338448 0494463 0276496 0277558 0002395 1521724
 0041703
 0439083 0439087 0000857 0600678 1552863 0023031 0023031
 1280500 0009253 0036864 0079399 1314687 1522384 0015031 0243103 0017431 0003595 0002395 1521724 0012634
 1422839
 0000857 0600678 1552863 0033727 0369286 0441932 0564385 0022773
 0002395 0012634 0052201 0003591 0079399 0804628 1522384
 1422839
 0025141 0205090 0684010 2603358 1861696 0205090 0684010 2603358
 0002395 0012634 1704675 2315857 0455499 0241889 1705495 0751071 0015576 0019664 0019665 0262512 0262926 1704727 1705255 2004062 0079399 0804628 1522384 0013621 0013622 0013658 0039401 0015031 0243103 0206132 0001779
 0027855
 0000857 0600678 1552863 0025885 0445039 1551087
 0877035 1280500 2348382 0025320 0567312 0035647 0206132 0277793 0001779 0332162
 0777169
 0230613 0036154 2826182 1538326 3541325
 1704675 0014935 0279494 0086258 0279033 0014939 0035139 0039798 0087111 0559956 1363945 1555302 2936882 0679688 1521761 2827422 0002395 0012634
 0777169
 0025141
 0033522 1709709 0023981 0557651 2603343 1281905 0035647 0023981 0205127 0557651 2603343
 0027855
 0000857 0600678 1552863 1333964 1707618 0036243 1539696 1825840 3539736
 0036866 1705241 1705242 0023981 0205127 0557651 2603343
 0027855
 0000857 0600678 1552863 2737230
 0679466 2987487 0043210
 0027855
 0000857 0600678 1552863 2737230
 0036866 1705241 1705242
 0000857 0600678 1552863 1412999 1419366 1261082 1551056 2981682
 0868945 0002395 0012634 1511726 3245479 0020792 0205396
 2347379
 0025141 0016703 1551081 0039676 2349943 3539704
 1879547 0338656 0684336 0079399 0804628 1280500 1522384 2348382
 2347379
 0025141 0018387 0011198 0017480 3541240
 0449774 1280500 2348382 0206132 0001779
 0033872 0033873
 0000857 0600678 1552863 2951520
 0038435 0006104 1269537 1708951 0441712

 1515101 2986905 0031831 1707664 2348314 3540849 1420193 1425679 1862190 3538902
 0085732 0392335 0031843 0542341 0700205 1516691 1705273 0002395 0012634
 1422839
 0000857 0600678 1552863 1704648 0312860 0013123 2825512
 0036866 1705241 1705242

 0025141 0022772 1881334 3541314 1420193 1425679 1862190 3538902
 0751955 0021308 0185117
 0557651 2603343
 1422839
 0000857 0600678 1552863 1538326 3541325 0023031 0023031 0036154 0230613 0441833 0557651 0687744 1257890 1552516 1705428 1705429 2603343
 0037369 0453996 1881674 1281905 0035647
 0777169
 0012836 0020268 1413512
 0205494 2707261 2698872 0030705 0002395 1521724 0012634 0006754 3146274

 0000857 0600678 1552863 3642216
 1261322 1516048 0004927 2707008 0039798 0087111 1363945 0002395 0012634
 0033872 0033873


 1512571 0002395 0012634
 0033872 0033873

 0439254
 0279759 0279766 1418864 3538934 3538935 1861696 3540510
 0282440 1096777 0008976 0034656 2587213 0030705 0002395 0012634
 1422839
 0000857 0600678 1552863 2347167 2737230 0022337
 0877035 1518681 1280500 0871261 1704632 1706817 2911692 0039245 0030705 0002395 0012634
 0027855
 0000857 0600678 1552863 0004739 0332297
 0877035 0014939 1280500 2936882 0043210
 0027855

 0004739 0332297
 0014939 2936882 1555029 0679466 2987487 1268900 0023610 0815016 0018061 0019932 0205263 1283071 2987634 3536870 0043210 0042133 0042149

 0000857 0600678 1552863 0597277 1708601
 0857965 0014939 0441889 2936882 0597198 1882330 0035647 0043210

 0025141 0042658 1336937 3272372 0026691 1705240 1839259
 0014912 2349975 0013621 0023185 0441889

 0025141 3539059
 0039798 0087111 1522326 1533734 1705169 3538994 0423866 2626739 1515670 0597360 0185117

 0450382 0025141 0022337 0230613
 0014939 2936882 2349975 0597198 1882330 1706701 0083355 0442038 0446516 0870866 0920847 1269078 1269612

 0025141 0439269 1960952 2346927 0023031
 0021485 1533685 1828121 2349975 0025260 0700327 1706377 0332206 0599668 3540676 0599739
 0023185
 0450387 0025141 0439269 1960952 2346927 0023031
 0574032 1827465 2349975 0025260 0700327 1706377

 0025141 0018488 1538440 3273279
 0014939 2936882 0205263 0857127 0019564 0949582 1029104 1284077 0034693 0034721
 2347379
 0025141 0230613 0282379 0332281
 0014939 2936882 0597198 1882330 0309872 1292733 1280500 1521801
 0023185
 0450388 0025141
 0014935 0086258 0035139 0559956 1555302 0599946 1280500 0024002 0035280 0333117 1753315

 0025141 0033727 0369286 0441932 0564385 0369637 0441923
 0014912 1512035 2754100 0027882
 2347379
 0025141 0439090 1423767 0004739 0332297
 0301818 0019932 0038317 0025260 0700327 1706377 0026516 2713234

 0450348 0025141
 0564405 0001688 1274040 1546471 2825142

 0205090 0684010 2603358 0033727 0369286 0441932 0564385 0597277 1708601 0205090 0684010 2603358
 0877035 1518681 1280500 2348382 0009240 0150097 0010366 0008976 2828360 0043210 0232970

 0036154 1718783
 0014935 0279494 0086258 0279033 0014939 0035139 0039798 0087111 0559956 1363945 1555302 2936882
 1280500 2348382
 0027855
 0000857 0600678 1552863 2827664
 0014939 0309872 0027746
 0013227 0001811
 0025141
 0036866 1705241 1705242 0085089 1879740
 0586872
 0000857 0600678 1552863 0027778 0560008
 0001554 0376636 1273870 3273539 0011265 0497327
 3538926
 0011265 0497327
 0031525


 0035820 1705810 0520665 0011570 0011581 0344315 0349217 0460137
 0027855
