 1531610 0439830 1547053 0429859 0033727 0369286 0441932 0564385
 0683939 0205099 0041740 0011318
 0000872 0565990 1552471 0205099 0205476 1510747 1550724 3242376 0041740 0557061 2584313 1514811 1706462 1998882 0439539 0043095 0005910 0043100 0206244 1305866 1705104 0012833 0023175 0042571 0181586 1442948 1522538 1963093 2348269 3275067 0039070 1705535 0231472 0733755 0442694 2945640 0031001
 1531610 0429859 0229665 1550611 2335890 0005767 0005768 0229664 0439830 0444504 1547053 2347634 2348143 0042293 0220825 0750122 0038846 0238767 1706086 0231472 0733755 1515981
 0231472 0007165 0018787 1522601 1709366 0205216 0392756 0442797 0428886 0232108 1272641 0445074 0003842 0006104 0033095 0221464 0441889 0444504 0456079 0460139 1269537 1306345 1515981 1547707 2347634 2348143 2946261 0205216 0392756 0442797 0369773 2603361
 1262869 0042293 0750122 0205217 0442805 0428640 1321771 0042486 0444466 0033095 0042449 0205099 0348013 0460139 1306345 1879652 1708760 0428886 0445074 0232108 1272641 0003842 0033095 0221464 0444504 0460139 1306345 2347634 2348143 0007165 0018787 1522601 1709366 0205393 0231472 0428886 0445074 0232108 1272641 0003842 0033095 0221464 0444504 0460139 1306345 2347634 2348143

 0007165 0018787 1522601 1709366
 0035253 1512899 1522609
 0369773 2603361
 1708760 0369773 2603361
 0027361 0237401 0149746 0205263 0301630 0392756 0441610 0042293 0442801 0750122 0033095 0226896 0230028 0439475 0439509 0460139 0884358 1267547 1278910 1306345 0005823 1271104 1272641 0005767 0005768 0033095 0229664 0460139 1306345
 0428640 1321771 0042486 0444466 0033095 0042449 0205099 0348013 0460139 1306345 1879652
 0019868
 0007818 0373440 0232338 0005767 0005768 0229664 0806140
 0557061 2584313 1514811 1706462 0043095 0206244 0023175 0312422 0700178 1442948 1522538 2348269 2349993 3275067 0439084 0728893 0010200 0205263 0039070 3541349 0016204 0043187 0237607 0596545 0039070 0439086 2827736 2981702
 0596545 1705535 0231472 0080194 0456178 1518614 2987481 0232338 0005767 0005768 0229664 0806140
 0231800 1704631 0042293 0750122 0023175 0181586 0205351 0439775 0702240 1442948 1522538 2348269 3275067 0595836 0428640 0301630 0392756 0441610 0563547 0392747 0443172 0428886 0445074 0232108 1272641 0003842 0033095 0221464 0444504 0460139 1306345 2347634 2348143
 1515926 0686907 0042293 0750122 0038846 0733755 0884358 1531610 0429859 0005767 0005768 0229664 0439830 0444504 1547053 2347634 2348143 0229665 1550611 2335890 0392756
 1708335 0681850 1550501 1706203 2349001 2697811 1299932 1711426 3273752 0149566 1269012 0007770 1278936 0003842 0226004 0444598 0549183 1552826 0523807 0030054 0522534
 0683368 1457887 0700364 0149566 1269012 0392756
 1274040 1546471 2825142 0231472 0333051 2347509 0007166 0392756 0547047 2945640 0031001
 0231472 0392747 0443172 0332281 0442694 0017681 1280711 2945640 0005839 0678861 0920762 0005767 0005768 0229664 0243163 0699914 1314650 1561604 1875802 1999230
 0220825 1280500 0042293 0750122 0428640 1516048 0237881 0750502 0033095 0460139 0595836 1306345 0428713 0031001 0033095 0460139 1306345
 0557061 2584313 1514811 1706462 0681850 1550501 1706203 2349001 2697811 0442711 1507394 1522729 2348563
 0681850 1550501 1706203 2349001 2697811 0043210 0001779 0549183 0876920 2347635 2348144 2939193 0005910 0043100 1305866 1705104 0439083 0439087 0022718 0439209 0489786 0557651 2603343 1947971 0021430 1511481 1522154 1554192 0085546 0015000 0205540 1527243 2699414 1427198
 0497878 2986575 0681850 1550501 1706203 2349001 2697811 1883351 0024501 0033095 0231800 0460139 1306345 1552129
 0332234 1608322 1881366 0309872 0681850 1550501 1706203 2349001 2697811 0033095 0460139 1306345 0017681 1280711 1947933 1883727 1883351 0309872 1321587 1328799 0004048 0035203 0205125 1160636 0030685 0080194 0391871 0439180 0456178 0680255 1283071 1515981 1518614 1963578 2987481
 0021632 0348000 1704339 0681850 1550501 1706203 2349001 2697811 0683607 1883351 0038846 0035253 0733755 1622890
 0035953 0600140 1704688 2346414 0681850 1550501 1706203 2349001 2697811 0035253 0042293 0750122 0332283 0237820 1555688 2004454
 0681850 1550501 1706203 2349001 2697811 1883708 0310197 0444796 0600132 0596013 1704644 0884358 0042293 0750122 0332283 0237820 1555688 2004454
 0442348 0554756
 0500459 1180553 0441635 0442062 0017480 0442043 0557702 1272706 1704674 2362314
 1720092 1948045 2986823 0028263 0456603 1547037 1710082 1301820 0182400 1704681 2347609 3536729 0001516 0017243 0220934 0439844 1382104 1456803 1999244 2982905 0022877 1619828 0440277 0475654 1313858 0027971 0185023 0728733 1522662 0444099 1123023 1278993
 1293130 0221839 0175723 0439645 1521913 0018670 1281590 1706305 0183631 0935605 0040661 1705162
 0183828 1704921 1273517 1517331 1883351 0231441 0182400 1704681 2347609 3536729
 3655934 0332306 0376591 0018670 0026649 0220825 1281590 1706305 0332257 0439780 0439781 0439784 0040822 0018670 1281590 1706305
 0022423 0554756 1710082 1272684 1548435 0332453 1512900 0085089 0699801 1709305
 0205289 0376249 0439603 0443238 0806909 0871396 1441526 1561548 1705502 1880157 0205447 0333051 2347509 0332849 1272706 1552654 1552713
 0161959 0150369 1516647
 0232108 1272641 0003842 0033095 0221464 0460139 1306345 0444706 3161035 3541902 0683939 0920650 0029237 0029246 0220885 1300196 1522486 0021632 0348000 1704339

 0441107 1550244 1706501 0230393 0449722 1305276 0016129 0018563 0185125 0444598 0549183 1281583 1281584 1527180 1552826 1552914 1281374 0018787 0441889 0456079 1281570 1547707 2946261 0442504 1704765 1882509 3496241
 0039155 0428883 0012000 0033095 0460139 0428886 0445074 0232108 1272641 0003842 0033095 0221464 0444504 0460139 1306345 2347634 2348143 0002775 0243071 0439836 0442015 1441526 1880157 1883674 0871208 1521828
 0428886 0445074 0232108 1272641 0003842 0033095 0221464 0444504 0460139 1306345 2347634 2348143 0033095 0443238 0460139 1301820 1306345 0520818 0677038 0332849 1272706 1552654 1552713
 0018810 0018787 0871208 1281570 1521828 0439850
 0085590 1704454 0600091 0042449 1278960 1282910 0442504 1704765 1882509 3496241 0226801 1278972 0042449 1278960 0428640 0150369 1516647 2711941
 0428640 0040661 1705162 0034869 0027778 0453981 0681850 1550501 1706203 2349001 2697811 0446443 0205132 0442126 1550648 1552960 0441889 0456079 1547707 2946261 0225844 1269890 0018792 0205090 1280619 0030695 0150369 0181904 0596972 1521743 1704646 2986575 0011318
 0038455 0038454 0449468 1690016 1705102 2700258 0232108 0597324 0949236 1272641 0392683 0855323 0003842 0033095 0221464 0232117 0391850 0460139 0678544 1301820 1306345 1421479 1947910 0520818 0677038 0002778 0936012 1524024 0449913 1553451 1704459 0027778
 0025663 0449851 0871511 0559298 0450448 0206165 3161035
 0007165 0018787 1522601 1709366 1148554 0039807 1527178 1705938
 0007165 0018787 1522601 1709366 1514468 1704444 0018810 0018787 0871208 1281570 1521828 0080103 0205345 1547039 0243148 1550141 1882979 2587213 3274648
 0005850 0005767 0005768 0229664 0449468 1690016 1705102 2700258 0162537 0456223 0013790 0348084 0442828 0030695 0150369 0181904 0596972 1521743 1704646 0040302 1553045 1704756 0491561 0013812 0444099 0444706 1123023 1278993 3541902 0557351 0007185 0179620
 0013812 0733755 0224153 0920807 0026845 1304959 0205448 0013812 0012751 2348205 0442504 1704765 1882509 3496241 0738489 0446443 0205132 0442126 1550648 1552960 0441889 0456079 1547707 2946261 0043356 1305915 1184743 1522240
 0013812 0521116 1705970 0040302 1553045 1704756
 1707520 0005850 0005767 0005768 0229664 0449468 1690016 1705102 2700258 1293898 1299932 0018670 0443211 1272684 1281590 1706305 1711426 3273752
 1299932 1711426 3273752 1293898 0040302 1553045 1704756 0332324 1550474 0520511 1704711 0014792 0007634 0332575 1260956 3282337 0027481 1144709 2709270 3537020 0051989 0018792 0030685 0030956 0391871 0439180 0597421 0680255 1283071 1963578 0205090 0441987 0018787 1281570
 0439801 3542948 1524063 0042153 0457083 1947944 0005516 0005850 0005767 0005768 0229664 0449468 1690016 1705102 2700258 0038846 0242485
 0599156 2700061 0231795 0004048 0035203 1160636 0442694 0162537 0348084 1517001 1883351 0365302 0005850 0005767 0005768 0205099 0229664 0392747 0443172 0449468 1690016 1705102 1705241 1879652 2700258 0442805 0449468 1690016 1705102 2700258 0332256 0817096 1269614 2700400 0205250 0040302 1553045 1704756
 0005800 0150479 0005767 0005768 0017110 0229664
 0085590 1704454 0006087 1278940 0003842 0226004 0445456 0442504 1704765 1882509 3496241 1269842 0596253 1272641 0233494 0523807 0030054 0522534
 0042293 0750122 0012634 0348080 1705253 0178913 0370003 2347026 1883727 0039142 0039147 0182634 0011318 0035253 1622890 0457385 0080194 0456178 1518614 2987481 0237820 1515981 1555688 2004454
 0370003 2347026 0936012 0037812 0205548 2713504 2984732 1426058 1704928 0182634
 0010992 0002778 0936012 1511726 1524024 3245479
 0085089 0699801 1283174 1510411 1511726 3245479 2825517 1515981 0681850 1550501 1706203 2349001 2697811 0600140 1510992 2825518 1444748 0332162 0442805 0032930 0428640
 0871261 1704632 1706817 2911692 0205450 0332849 0585064 1067936
 0677038 1881187 0442805 0332162 0080194 0456178 1518614 2987481 0558058 0040722 0242781 1521797 1179801 0040811 0699032 2362913 0021966 0221138 0332283 0392756 0547047 0428886 0445074 0232108 1272641 0003842 0033095 0221464 0444504 0460139 1306345 2347634 2348143 0949236 0033095 0232117 0391850 0460139 1306345 1947910 0038455 0038454 0449468 1690016 1705102 2700258 0018810 0018787 0871208 1281570 1521828 0205390
 0030685 0391871 0439180 0680255 1283071 1963578 0080194 0456178 1518614 2987481 0428886 0445074 0232108 1272641 0003842 0033095 0221464 0444504 0460139 1306345 2347634 2348143 0991568 1321095 1705648 2347093 2348338 0005767 0005768 0229664 0598051 0004916 0005847 0024109 0337051 0596170 0700124 1509144 1558950 1801960 2349200 2707265 2709248 0424829 0439070 1705160 0332283 0033095 0460139 1306345 0205390 0598051 0004916 0005847 0596170 1558950 1801960 0042396
 0042295 0449450 1704970 1710181 0743559 1442989 1608199 2828392
 0022885 0039593 0392366 1273517 1883351 0392747 0443172 0040223 1709305 3541383 0392747 0443172 0150103 1708943 0871907 0022885 0039593 0392366 0699794 1519316 1561610
 1883351 0220825 0237881 0750502 0428640 0031001 0033095 0460139 1306345 0006104 1269537 0034980 0002778 0936012 1524024 0023733 2346679 0149566 1269012 0007770 1278936 0003842 0185125 0226004 0444598 0549183 1552826 0428886 0445074 0232108 1272641 0003842 0033095 0221464 0444504 0460139 1306345 2347634 2348143 0149566 1269012 0007770 1278936 0003842 0226004 0444598 0549183 1515981 1552826 1705241 1705242 0428886 0232108 1272641 0428640 0042486 0444466
 1709380 1522609 0750591 0237881 0750502 1546944
 0557061 2584313 1514811 1706462 1441672 3655934 0332306 0599156 2700061 0231472 0042293 0750122
 0042293 0750122
 0039224 1706073 1706074 0745732 3272378 0439828 0205390 0392747 0443172 1704788 3539106 0428886 0445074 0232108 1272641 0003842 0033095 0221464 0444504 0460139 1306345 2347634 2348143
 0442694 0428640 0205217 0442805 0205548 0549178 1883351 0080194 0442805 0444930 0456178 1518614 2746065 2987481
 0428886 0445074 0232108 1272641 0003842 0033095 0221464 0444504 0460139 1306345 2347634 2348143 0025320 0392747 0443172 0332283 0301630 0392756 0441610 0168634 0587267 1442488 0237820 1555688 2004454 0349966 1337208
 0439070 1705160 0428886 0445074 0232108 1272641 0003842 0033095 0221464 0444504 0460139 1306345 2347634 2348143 0168634 0441889 0456079 1442488 1547707 1705648 2946261 0332283
 0449911 0039224 1706073 1706074 0557702 1272706 1704674 0557702 1272706 1704674 0039224 1706073 1706074
 0205373 0439828 0042293 0750122 0449911 0333052 2607870 0557702 1272706 1704674 0557702 1272706 1704674 0349966 1337208
 2827734 2981698
 0444504 2347634 2348143 0149566 1269012 0007770 1278936 0003842 0226004 0444598 0549183 1552826 0149566 1269012 0007770 1278936 0003842 0226004 0444598 0549183 1552826 1531610 0439830 1272641 0229665 1550611 2335890 0232108 0003842 0005767 0005768 0033095 0221464 0229664 0460139 0456363 0428640 1321771 0042486 0444466 0033095 0042449 0205099 0348013 0460139 1306345 1879652 0428640 0428713 0031001 0033095 0460139 1306345 0750572 1705241 1705242 0428886 0445074 0232108 1272641 0003842 0033095 0221464 0444504 0460139 1306345 2347634 2348143 0428886 0445074 0232108 1272641 0003842 0033095 0221464 0444504 0460139 1306345 2347634 2348143 0428640 0042486 0444466 0428886 0232108 1272641 0428640 0042486 0444466 0018810 0018787 0871208 1281570 1521828 0018810 0018787 0871208 1281570 1521828 0038455 0038454 0392747 0443172 0449468 0806140 1690016 1705102 1705241 2700258 3161035 0038455 0038454 0449468 1690016 1705102 2700258 0007165 0018787 1522601 1709366 0007165 0018787 1522601 1709366 0042293 0750122 1444656 1707156 3274014 3541345 0038846 0231472 0733755
 0042295 0039676 0040223 0175659 0349674 1947916 2349943 3536777 3539704 3541383
 0007165 0018787 1522601 1709366 0168634 0205216 0392756 0442797 1442488 1522609 0030685 0080194 0391871 0439180 0456178 0680255 1283071 1518614 1963578 2987481 0039224 1706073 1706074 0349966 1337208
 2711941 1518422 0523807 0030054 0522534 0750482 0205250 0444930 2746065 3163633 0392756 0039224 1706073 1706074
 0449911 0039224 1706073 1706074 0557702 1272706 1704674 0557702 1272706 1704674 0039224 1706073 1706074
 0003842 0221464 0439828 0038846 0231472 0733755 0428886 0232108 1272641 0445074 0003842 0033095 0221464 0444504 0460139 1306345 1707455 2347634 2348143 0149566 1269012 2584321 0585064 1067936 0439563 1882358
 0392747 0443172 0442805 0039224 1706073 1706074 1321095 1705648 2347093 2348338
 0439070 1705160 1518422 0149566 1269012 0007770 1278936 0003842 0226004 0442726 0444598 0549183 1511790 1552826
 0231472
 0231472 0733755 0040302 1553045 1704756 0205217 0442805
 0428640 0205216 0392756 0442797 0428886 0232108 1272641 0445074 0003842 0033095 0221464 0444504 0460139 1306345 2347634 2348143 0205217 0442805 0301630 0392756 0441610 0441889 0456079 1547707 2946261 0149566 1269012 0007770 1278936 0003842 0226004 0444598 0549183 1552826 0439475 0349966 1337208
 2711941 0441994 1548802 2003888 0039224 1706073 1706074 0007165 0018787 1522601 1709366 0205216 0392756 0442797 0349966 1337208 0558058 0038455 0038454 0449468 1690016 1705102 2700258 1518422 0205432 0442805 0018810 0018787 0871208 1281570 1521828 0702093
 0035253 0038846 1622890 1707455 0149566 1269012 0231472 0392756
 0205171 0750482 1720467 0231472 0392756 0039224 1706073 1706074
 0042293 0750122
 0442694 0428640 0205217 0442805 0205548 1705242 0042293 0750122 0038846 0733755
 0042293 0038846 0750122 1707455 0428886 0445074 0232108 1272641 0003842 0033095 0221464 0444504 0460139 1306345 2347634 2348143 0392747 0443172 0205172 0205390 0168634 1442488 0205390 0439070 1705160 1705117 2348205
 0007165 0018787 1522601 1709366 0205216 0392756 0442797 0042293 0231472 0750122 1517331 1522609 0349966 1337208 2584321 1522609 0558058 2964353
 0038846 0733755 1707455 0149566 1269012 0205217 0442805 0021966 0205172 0205390 0221138 1705648 0205390 0522501 0168634 1442488
 0038846 0733755 0149566 1269012 0205390 0439070 1705160 1705648 0205250 1299351 2700149
 0392747 0443172 1705242 0681850 1550501 1706203 2349001 2697811 1708930 0022885 0039593 0392366
 0456148 0549184 0681850 1550501 1706203 2349001 2697811 0039070 0012833
 0149566 1269012 0031001 0033095 0460139 1306345
 0563547 0025320 0392747 0443172 0349966 1337208 1547282
 2827734 2981698
 0042293 0750122 2827748 1707429 0226003 1282824 0443228 0549177 1704243
 0428640 0428886 0429872 0149566 1269012
 0428886 0445074 0232108 1272641 0003842 0033095 0221464 0444504 0460139 1306345 2347634 2348143 0039224 1706073 1706074
 0231472 0681850 1550501 1706203 2349001 2697811 1511726 1518422 1709595 2349200 3245479 1883351 0205250 1299351 2700149
 0428886 0445074 0232108 1272641 0003842 0033095 0221464 0444504 0460139 1306345 2347634 2348143
 0449911 0039224 1706073 1706074 0557702 1272706 1704674 0557702 1272706 1704674 0039224 1706073 1706074
 2827748 1707429 0080103 0869014 0149566 1269012
 0428886 0445074 0232108 1272641 0003842 0033095 0221464 0444504 0460139 1306345 2347634 2348143 0428886 0232108 1272641 0428640 0042486 0444466 0231472 1514811 1706462 0557651 2603343 0220825 0149566 1269012
 0231472 0733755 0149566 1269012 0392756 0301630 0392756 0441610 0042293 0442801 0750122 1522609 0035253 0038846 1301820 1622890 0042293 0038846 0750122 0301630 0392756 0441610 0043194 0205171 0258432 1421478 1720467
 1274040 1546471 2825142 0522015 1262869 1550127 1550585 0442694 2945640 0031001
 0231472 1321095 1705648 2347093 2348338 0740116 2827735 2981700 0686907 2987476 0005823 1271104 1272641 0005767 0005768 0033095 0229664 0460139 1306345 0441889 0456079 1547707 2946261 0006104 1269537 0439475 0301630 0392756 0441610 0439475 0332148 0750492 1880177
 0149746 0205332 1161311 0005775 1516559 1518422 0205309 2348205 0027361 0237401 0439475 1425988 0231472 0301630 0392756 0441610 1551359 2741673 2981730 0149566 1269012
 0006104 0441889 0456079 1269537 1547707 2946261 0428886 0445074 0232108 1272641 0003842 0033095 0221464 0444504 0460139 1306345 2347634 2348143 0043194 0258432 1421478 1514721 2348147 3542016 0332281 0019868 0428886 0445074 0232108 1272641 0003842 0033095 0221464 0444504 0460139 1306345 2347634 2348143 1880177 1883351 0031001
 0149566 1269012 0332161 0442805 0599946 0149566 1269012 0015259 1522704 0332206 0599756 3540676 0442805 0442805 0007165 0018787 1522601 1709366 0443288
 0042293 0750122 0149746 0392760 1314939 0428886 0232108 1272641 0445074 0003842 0033095 0221464 0444504 0460139 1306345 2347634 2348143 1321095 1705648 2347093 2348338 0237820 1555688 2004454
 0522015 0733755 1550127 1550585 0005850 0225988 0005767 0005768 0229664 0449468 1690016 1705102 2700258 0015127 1314792 1524003 0007165 0018787 1522601 1709366 0851827 1701901 3244310 0080194 0205172 0456178 1518614 2987481
 0042293 0750122 0007165 0018787 1522601 1709366 0205251 0439509 1299352 1522609 1550472 0035253 0038846 1301820 1622890 0558058 0301630 0392756 0441610
 0042295 0168634 1442488 1707455 0007165 0018787 1522601 1709366 0205171 0231472 1720467
 0442805 0042293 0750122 0183683 1521721 0007165 0018787 1522601 1709366 1518422 1549542 0229962 1292711 0449719 1709471
 0042293 0750122 0149566 1269012 0449774 0683454 0021966 0221138 0205216 0332162 0392756 0442694 0442797 0444930 0521108 2746065 1883708
 0449774 0442805 0021966 0221138 1321095 1705648 2347093 2348338 1518422 0149566 1269012 0007770 1278936 0003842 0226004 0444598 0549183 0558058 1552826 1705535 0428640 0033095 0460139 1306345 0541749 1709743 0031001 0033095 0460139 1306345
 0038846 0733755 0150312 1821461 0439849 1705630 1706279 3540605 0428886 0232108 1272641 0428640 0042486 0444466 0349966 1337208 0039224 1706073 1706074
 0231472 0149566 1269012 0021966 0205217 0205390 0221138 0442805 0205390 0439070 1705160 1705648 0205172 0392747 0443172 1517001 1705241 0428886 0232108 1272641 0428640 0042486 0444466
 0231472 0442805 0443228 0549177 1704243 0038846 0733755 0677038 1881187 0442805 0428640 2348205
 0455052 1521827 0677038 1881187 0442805 0205166 1706317 0042486 0033095 0042449 0348013 0460139 1306345 0033095 0040300 0460139 1306345 1547928
 0205171 1720467 0042486 0033095 0042449 0348013 0460139 1306345 0205163 0439089 1549782 0033095 0460139 1306345 0036974 0332521 0344329 1880118 0033095 0460139 0442805 0150312 0332285 2348042 2826345
 0038846 0733755 0021880 0033095 0460139 1306345 0332232 0428640 0439775 0702240 0205263 0677038 1881187 0442805
 0231472 0733755 0428640 0033095 0460139 1306345 0558058 0042449 2827734 2981698
 0012727 0205419 1705236 0332148 0750492
 0205216 0392756 0442797 0042293 0231472 0750122
 0235744 0225386 1553387 1948035 0442694 0042293 0750122 0332281 0301630 0392756 0441610 0007165 0018787 1522601 1709366 0541749 1709743 1710661 2986829 0040300 1547928
 0034746 0226135 1278318 0040223 1547014 1948059 3541383 0039482 0392756 0547047 0871261 1704632 1706817 2911692 2347816 1515187
 0042293 0750122 0301630 0392756 0441610 1551359 2741673 2981730 0149566 1269012 0750558 1710571 1551359 2741673 2981730
 0042293 0750122 0022885 0039593 0392366 0019868 0030705 0007282 0009814 0678234 0947637 1261287 2632116 0019868
 1707455 0441987 0871208 1521828 0428886 0232108 1272641 0445074 0003842 0033095 0221464 0444504 0460139 1306345 2347634 2348143 0392756 0332161 0599946
 0038846 0042293 0750122 0149566 1269012 2584321 0042295 1279919 0237820 1555688 2004454 0700364 1883351 2348205
 2607943 2926606 3539655 1883727 1883351 0019868 0428886 0445074 0232108 1272641 0003842 0033095 0221464 0444504 0460139 1306345 2347634 2348143
 0018563 1281583 1552914 0149566 1269012 0522501 0231472 0392756 1705535 0149746 0392747 0443172 0007165 0018787 1522601 1709366 0042293 0750122 1548788 3537135 3542467
 1531610 0439830 1547053 0449468 0806140 1690016 1705102 2700258 0005847 0392747 0443172 1301886 1511228 1705241 0443264 0439830 1547053
 0010280
 0150312 1301886 0442739 2346711 0232108 1272641 0003842 0033095 0221464 0460139 1306345
 0024485 1552358 0028580 0917874 1551403 0011923 0024488 0079595 0231881 0459800 0563532 0684213 0027361 0237401 0085383 0579132 1301886 0149566 1269012 0205360 1547311 1705535 0149566 1269012 0007770 1278936 0003842 0226004 0444598 0549183 1552826 1518422 0042380 0005847 0237834 0851285 1314939 1327622 1514892 1558950 1801960
 1879547 3245505 0439830 1547053 0007770 1275672 0301630 0392756 0441610 0205250 0439830 1547053 0392756 0449468 0806140 1690016 1705102 2700258
 0332120 0228972 1268988 0439851 0460005 1280632 1292856 1523842 1947931 1948023 2700369 0450355 0015259 0205289 0806909 1515981 1522704 0449265 0442805 0205081 0442805 1518422 1881878 0459521 1278872 0027740 0027757 0205177 0439167 0441655 1280541 1561536 0022116 0450348
 0042293 0750122 0449265 0439818 0442694 0149566 1269012 1708760 0459521 1278872 0027740 0027757 0205177 0439167 0441655 1280541 1561536 0991568 1321095 1705648 2347093 2348338 0168634 1442488 1883351 0080194 0456178 1518614 2987481 0149566 1269012 0205289 0806909 0149566 1269012 0007770 1278936 0003842 0086597 0127400 0226004 0443264 0444598 0549183 1301886 1552826 0579132
 0039070 3541349 0043095 0871604 0005910 0015259 0043100 0206244 0684224 0700287 1305866 1522704 1705104 3496591 0439084 0728893 0033095 0460139 0595836 1306345 0442805
 0439775 0702240 0006104 1269537 0677038 1881187 0442805 0312422 0700178 2349993 0436543 0301630 0392756 0441610 1511545 0031001 0020578 0439084 0728893
 0039070 3541349 0016204 0032214 0043187 0348000 0600138 1441672 0033095 0226896 0230028 0460139 1267547 1278910 1306345 0439475 0003811 1560249 0018787 1522601 1517892 1704666 0332183 0019939 0032214 0150312 0449450 0600138 1556084 0439086 2827736 2981702
 1705535 0332281 0080194 0231800 0456178 0522510 1518614 2987481 0039070 0439849 0445223 0428640 0541749 1709743 0301630 0392756 0441610 0428713 0031001 0033095 0460139 1306345
 1707478 0027361 0237401 0149746 0205263 0301630 0392756 0441610 0042293 0442801 0597198 0750122 1882330 0441889 0456079 1547707 2946261 0205263 0039070 3541349
 0038846 0733755 0042293 0750122 0428713 0031001 0033095 0460139 1306345 0301630 0392756 0441610 0232108 1272641 0033095 0460139 1306345 1880177 0033095 0460139 1306345 0392756
 2986676
 2825232 0557651 2603343 0035176 0016617 0035168 0242481 1521721 3245503 2986512 0035168 0242481 1551807 0027778 0016617 0018787 1281570 1515981 0225810 0018173 1548284
 0010186 0220812 0449719 1709471 0220808 0680264 0007961
 1706852 0522501 1706089 0949214

 0376649 1442065 0282413 0002903 0002930 0011318 0013849 1705961 0024492 1538057 1547565 0011318
 1514756
 0205088 0348078 0376315 1272684 1522492 1546485 1548435
 1514811 1706462 0557061 2584313 1514811 1706462 2827734 2981698
 0369773 2603361
 0871261 0018787 1281570
 0025141
 0740116 2827735 2981700
 0033727 0369286 0441932 0564385
 0005798 1531610 0439830 0015259 0031809 0205485 1509143 1522704
 0025141
 0439086 2827736 2981702
 0036154 2348513 3538902 0032463
 0302523 0700325 3244290
 0025141

 1520114 3538806
 0019010 0038435 0205263 0231472
 1315013 0025141
 0439084 0728893
 1467391 0073187 0442532 1549972
 0312422 0700178 2349993 0436543
 0777169 0025141

 0591517 0268059
 0413399 0033095 0460139 1306345 0032863 1883073 2827424
 0025141

 0439267 0033727 0369286 0441932 0564385
 1301886 0579132 0005823 1271104 1272641 0005767 0005768 0033095 0229664 0460139 1306345 0007012 0007009 0678717
 0027926 0524850 0025141

 0043021 3538806 0018510 0677607 1708595 3280986
 0042486 0033095 0460139 0010200 1961131 0080194 0456178 1518614 2987481


 0006797 0016327 0439133 1553038 0369637 0441923 0268059
 0038455 0038454 0449468 1690016 1705102 2700258 0428889 0428890 0232108 1272641 0003842 0033095 0221464 0460139 1306345 0086418 0038435
 0439073 0439082 0025141

 3538867
 0007818 0005775 1516559
 0596654
 0007226 0425560 1269562 0449913 1553451 1704459
 0425710 0005775 1516559 0232338 0005767 0005768 0229664 0806140


 0061878 1415380 3538708
 0740116 2827735 2981700 0449468 0560268 1690016
 0439070 1705160
 2827734 2981698
 0439084 0728893 0369773 2603361


 0328104 1415875 2826366 0597277 1708601 0016327 0439133 1553038 0268059
 1531610 0429859 0439830 1547053 0149566 1269012 0007165 0018787 0725813 1522601 1709366 0015259 1522704 1881358 0236033 0240417 0026845 0577559 1306372 3152252
 0025141

 0369637 0441923 0439267 0268059
 0439830 1547053 0429859 0205263 0020683 0036974 0752266
 1315013 0025141

 0439394 1706495 3642217 0442027
 0035820 1705810 0042486 0033095 0042449 0348013 0460139 1306345 0026837 0205380 0231517 1185625 1882952 2986730 0185125 1947919 2347934 3539080 0006104 1269537
 0025141

 0369773 2603361 0016327 0439133 1553038 0019046 0021966 0221138 0268059
 0475806 1706276 0039070 0149746 0006104 0175996 0178719 0439849 0445223 1269537
 0450381 0025141

 1412573 2350443 3539770 0035978 2700310 0369637 0441923
 0444720 0005775 0237477 0392351 0497231 0039070 0234435 0010200 0039070 1961131 3541349
 0027855 0000857 0600678 1552863

 2603362 0268059
 0027481 1144709 2709270 3537020 0051989 0018792 0030956 0597421 0205263 0020683 0036974 0752266
 0025141

 2603362 0439267 0268059
 0683148 0520511 1704711 0205263 0546884
 1315013 0025141

 0006409 1824728
 2827666 1262869 0040223 3541383
 0025141

 1552154 0016327 0439133 1553038 0205090 0684010 2603358
 0019010 0005800 0150479 0005767 0005768 0017110 0229664 0013832 3536863 0042293 0750122
 0005775 1516559 0025141

 0268059
 0007226 0871261 0086418
 0019080 0553700 3163616 0005767 0005768 0229664 1517945 0036974 0268059 0868955
 0023973 0369773 2603361


 0439267 0439267 0268059
 0456223 0162537 0348084 0027481 1144709 2709270 3537020 0051989 0018792 0030956 0597421 0205263 0020683 0036974 0752266
 0025141

 0016327 0439133 1553038 0597277 1708601 0033727 0369286 0441932 0564385 0027971 0597484 1272460 0268059
 1531610 0429859 0439830 1547053 0149566 1269012 0007412
 0025141
 0450348
 0016327 0439133 1553038 0597277 1708601 0268059
 1531610 0429859 0439830 1547053 0149566 1269012 0579132 1301886 0459521 1278872 0695406 0026845 0027740 0027757 0205177 0439167 0441655 1280541 1561536 0231484
 0025141

 0439254 3541314
 1261552 1704379 1705117 2825408 0392747 0443172 0202155 1283004
 1858559


 1280500 2348382 0005775 1516559
 0596654
 0005775 1516559
 0043038

 0061878 1415380 3538708
 0740116 2827735 2981700 0449468 0560268 1690016
 0439070 1705160
 0369773 2603361


 0554249 0439526 0023031 0022337 3642216
 0042293 0750122 0233820
 0018787 0332520 1281570 2347774

 3540627
 0042293 0750122 0333051 2347509
 1883067 1568941 0025141

 0014518 0205456 1718783
 1261322 1516048 0021399 0439531 1948053
 0450387 1858559

 1419068 1419906 3541238 3541412
 0220825 1261322 0042293 0750122
 0038454

 0022337 0022418 0039247 0205090 0684010 2603358
 0392747 0443172 1301886 0579132 0020578 1261322 1516048 0206077 0242837 0041618 0442348 0554756
 0000857 0600678 1552863
 0450355
 0439267
 0459521 1278872 0027740 0027757 1280541 1292856 1948023 0442805 0007818 0373440 0005798 1531610 0232338 0429859 0429856 0005767 0005768 0229664 0439830 0806140 1547053 0229665 1550611 2335890
 0451119 1444662
 1858559 0439084 0728893 0009993 1552856 0037455 0205463 0596070