 0034826 0034792 0001041 0026815 0597357 0205263 0017262 0185117 0369637 0441923
 0205099 0026379 0041740 0017480 0021622 1272753 0000876 0206579 0587494 1704729 0041740 0039021 0034036 0034037 1514756 1704324 0348078 0376315 1515981 1522492 1527075 0557061 2584313 0006104 1269537 1514811 1706462 0034826 0034792 0001041 0026815 0597357 0443264 0521390 0542341 0332257 0206249 2984294 0443252 0205166 0279023 1515273 1705313 1706317 2826302 0027880 0678558 0013621 0023185 1314939 0220781 0439634 1522492
 1883351 0017337 1273517 0449445 0887824 0150312 0013458 0040649 0185117 1442450 1292856 1948023
 1413896 0086282 1611821 0680022 2698041 0332257 1552866 2700399 0110610 0385569 1366521 1413791 1705829
 2700640 0815047 0815043 0597427 0033684 0220905 1704735 0600210 1533574 1881827 0001511 0175633 0038952 0220921
 0150312 1413896 0110610 1413791 0927232 1269563 0027763 0422837 1269560 0027769 0086418 0205099 0449913 0599851 1553451 1704459 1879652
 1292856 1948023 0205263 0185117 0035696 0001613 0007776 0022655 0442726 0934502 1511790 0039727 0039729 1515981 0007610
 1979874 0110610 1413791 0185117 1518422 0034826 0034792 0001041 0026815 0392747 0597357 0040284 0010453 0040300 0220814 0430400 0521390 1547928 2242979 3274651 1882598 0006104 1269537
 0002778 0936012 1524024 0185117 0457242 0034826 0034792 0001041 0026815 0597357 1280500
 0185117 0034826 0034792 0001041 0026815 0597357 1948027 0033634 0033621 1168438 1418943 3540567 0033640 0031727 0033684 0702240
 1274040 1546471 2825142 0443211 0185117 0027793 0243148 0599668 1550141 1882979 2587213 3274648
 1326639 0599668 0678558 0851285 1314939 1327622
 0557061 2584313 1514811 1706462 0684164 0449913 1553451 1704459 0392335 0542341 1314939 1516691 0332257 0004268 0013621 0023185 0025260 0700327 1706377 2827734 2981698
 0449416 1705919 2333949 0027882 0027882 0019564 0949582 1029104 1284077 0002708 0039727 0007610 0740116 2827735 2981700 0439086 2827736 2981702
 0027746 0011164 1880269 2331620 0085140 0205112 0002395 0332281 1521724 0243083 0012634
 0221505 0221198 0243076 0392335 0542341 1516691
 1257634 0682972 0034800 0021699 0699040 0025252 0524983 0597357 1514760 0007634 0205148 1269647 1704653 1948049
 0449560 1273723 0006104 1269537 1705242 0017446 0205147 0682132 0332152 0740175 2257086 1185625 1382196
 3179175 1280500 0443264 1159689 0022009 0439799 1706095 1515981 1948027 0036522 0815029 1508748 0169911 0175996 0178719 0205436 0335218 0457385 0565930 1561503 1705190 0332283 1719822 1300554 3484373 1550079 1561481 1515877 1879547 0033634 0033621 1168438 1418943 3540567 0033640 0031727 0033684 0442805 0596235 0050063 1704259 1705987 0752312 1515877 1879547 0031667
 1979874 0457242 0034826 0034792 0001041 0026815 0597357 0018790 0237477 0392351 0521111 0001492
 0337174 1698986 1753314 0206249 2984294 0332281 0443252 0079411 0205166 0279023 1515273 1705313 1706317 2826302 3146294 0392747 0443172 1515981 0678558 0086597 0127400 1515926 0185117 0017337
 0332257 1552866 2700399 0040648 0040649 1521761 2827422 0314627 0017337 0423909 0443252 0025260 0205166 0700327 1515273 1705313 1706317 1706377 2826302 0581602 0392747 1554963 0039062 0079411 3146294 0449379 0085103 0205170 0231448 1880641 3146287 0450348
 0441712 0013621 0023185 1314939 0679052 1184743 1522240 0033414 0079411 3146294 1515877 1879547 0185117 3536909 1566493
 1883351 0017337 0443211 1272684 0220908 1305399 1705053 0871261 1704632 1706817 1879547 2911692 1292856 1948023 0006945
 0205396 1550043 1551388 1413896 0206256 2700640 1519315 0567416 0034826 0034792 0001041 0026815 0597357 0851285
 1413896 1517488 0015576 0017337 1704727 0110610 0385569 1366521 1413791 1705829 0330531 1140703 2980688 0110658 0289884 0528008 1538830 2681322 0815047 0033684 0220905 1704735 0015350 0449432 0521119 1145667 1167622 1704640 1706515 0699040 0205148 0450355
 1413896 0110610 1413791 0040048 1333522 0009780 0018284 1621966 0018270 0040300 0220844 1521761 1547928 2827422 2911660 0206256 0812325 0017337 0205253 0205548 1279919 0027708 1514559 0027708 2697327 3538905 0027651 1314939 1578706 3273930 0007634 3282337 0229671 0851285 1292856 1546774 1550100 1948023 0423866 2626739
 0332290 1413896 0033684 0015272 0018270 0220844 1621966 2911660 0033414 0007613 0542341 1514559 1280500 0927232 1269563 0027763 0332281 0422837 1269560 0007589 0027769 0205099 0205307 0439166 0449913 0599851 1511938 1553451 1704459 1879652 2347086 2945687 0022646 0227665 1278978 1514845 0439509
 1413791 0017337 1521840 2986546 0086597 0040691 1527194 0441472 0043240 0043250 0205249 0037274 0012634 0444099 1123023 1278993 0033684 1413896 0110610 1413791 0182953 0086597 0007577 0001511 0175633 1624612 1622501 0600210 1533574 1881827
 1413896 0110610 1413791 0027763 0422837 1269560 0027769 0449913 0599851 1553451 1704459 0439509 0439092 0547044 0031843 0205309 0542341 0700205 1705273 0006104 1269537
 1999230 0332120 1413896 0110610 1413791 0086282 0006104 0024660 1269537 0040649 1518422 0110610 1413791 0037083 0243148 1550141 1882979 2587213 3274648 3537152 0001613 0007776 0022655 0027882 0205225 0439631 0006104 0024660 1269537 1515981
 0557061 2584313 1514811 1706462 0040284 0010453 0040300 0220814 0430400 1547928 2242979 0013227 0034826 0384752 0531859 0034792 0001041 0026815 0449560 0457242 0597357 1300554 3484373 1550077 1561479 0117953 0010454 0009458 0016327 0325564 0392747 0439133 0439536 1551720 1553038 1705217 3244283 0010453 0220814 0430400 2242979 0015965 0229671 0230445 0521457 1305418 1546774 1550100 0242295 1947943 2348609 0004178 0678214
 0119053 0052009 0039421 0007634 1524062 3282337
 0681814 0007634 3282337 0178587 0439083 0439087 0229671 1546774 1550100 0033727 0052009 0332197 0369286 0441932 0564385 1689985 0013227 0087111 1254351
 0006945 1719918 0010572 1719918 0004259 1161352 1719918 0039654 0000975 1719918 0016972 0205474 1512888 0119104 0091914 0021966 0221138 2827734 2981698 0000661 0025234 2348386 0001128 0202406 0022020 0015965 0229671 0230445 0521457 1305418 1546774 1550100 0872291 0040223 0205369 1272706 1524062 1552740 3541383
 0007634 3282337 0010453 0220814 0430400 2242979 0150312 0332285 2348042 2826345 1273517
 1292856 1948023 0871261 0006945 0444706 0449770 1711411 0205263 0085151 3538722 1456454 0162518 0009458 0009647 0162867 0391871 1254021 1283071 1552738
 0027882 0007634 0205225 0439631 1269647 1704653 1948049 0006104 0010453 0013935 0220814 0332173 0430400 0439228 0439505 2242979 0442711 0680240 1507394 1522729 2348563 1521827
 0007776 1176472 2700441 0120742 0543134 0036140 0037494 0037633 0205239 0205415 0206136 0525069 0085593 1423529 0039421 0491340 0016141 0182301 0220896 0700614 0702194 1706407 1880775 0449468 0120742 0543134 0036140 0037494 0037633 0206136 0525069
 0007634 3282337 1518416 0019944 0229671 0242616 1265527 1546774 1550100 1553389 1553403 1705537 0009458 0205224 0439536 0547040 1524031 1705217 2945599 3244283 0017725 0359583 0017596 0024337 0032400 0071360 0747726 1522408 1947936 0005971 0205170 3146287 0005971 1139930 3537155 0178587 0007634 3282337 0205170 3146287
 1442460 0407295 0009458 0162867 1254021 1299987 0009458 0205224 0439536 0547040 0559956 1524031 1705217 2945599 3244283 0036140 0359583 0017725 0242295 1947943 2348609
 1705175 1705176 1705177 1705178 1882348 0028778 0332206 1533157 1706084 2828370 1517553 0596290 0334094 1514485 1442459 0439228 0010454 0009458 0018270 0162867 0220844 1254021 1621966 2911660 0242295 1947943 2348609
 0010454 0009458 0018270 0162867 0220844 1254021 1621966 2911660 0678640 1720092 1948045 0332174 0439230
 0010453 0220814 0430400 2242979 0934502 0013227 0087111 1254351 0332283 0035668 0455052 1521827 0242485
 0423896 0456205 0021044 0750572 0003241 0017626 1325793 1415042 0001128 0027836 0033684 0487602 0521390 1704680 1707455 0003241 0021027 1720655 1947974 0443289 0007600 0007635 3282338 0031437 1285572
 0455052 1521827 0035380 0040649 1555029 0035668 1524063 0034760 0039421 0332282 0302828 1442085 3263700
 0035668 1698986
 0455052 1521827 1882881 0040132 0037993 0771377 1278932 0006104 1269537 0011519 0332293 1148702 0011522 0021966 0221138 1522326 0205474 0072149 0332283 0031428 0033684 0070570 0185115 0684295 0032931 0032932 1642401 2584299
 0006556 1524063 0039421
 0887824 1705417 0449445 1292724 0887824 0884358 1522508 1552738 1561567

 1413896 0017337 0205396 1550043 1551388 1524063
 0005861 0439267 1706746 0016564 0017243 0036681 0086972 0332256 0443299 0687118 2700400 0035668 0025255 0028736 0740034 0331955
 0025255 1553631 0045191 0332070 1514468 0006556 0182400 1704681 2347609 3536729 3146294 1524063 0331955
 0025255 0205250 1299351 1548982 2700149 0012634 0348080 0043303 0034571 0043299 0043309 1306645 1962945 0086296 0086894 0851346 2314876 0700308 0033727 0332157 0369286 0441932 0564385
 1883351 0035668 0205163 0243148 1549782 1550141 1708715 1882979 2587213 3274648 0025255 0006556 0332255 1708096 0182400 1704681 2347609 3536729 1414968 3536868 2260086 0017855 0030016 0031603 0031701 1601799 0001271 0006556 0332255 1708096
 0441513 0751608 0023621 0872147 0007634 3282337 0006945 1948023 1442450 0032400 0071360 0747726 0035696 0035668 0439175 0439810 1521827 1524063 0032400 0071360 0747726 0072149
 0220781 1883254 0035696 0884358 0332282 0442711 1507394 1522729 2348563 0009015 0206655 0446516 1269078 1269612 2681631 0455052 1521827 0302828 0680240 0947322 1272695 1442085 1705426 2746065 3263700
 0220908 1305399 1705053 0006556 0086418 0182400 0884358 1413896 1527121 1704681 2347609 3536729 0332282 1428222 1538127 0442711 1507394 1522729 2348563
 1413896 0110610 1413791 0006556 0005861 1621557 0332255 0486805 1708096 1709269 0220908 0220909 1698960 1710031 1710477 0332255 1708096 1524063 0006556 1442450 0007634 3282337 1514760
 1953382 0004793 0086418 0162326 0162327 0728938 1441547 1519249 1550516 3245521 1547282 1334043 2697616
 1953384 1334043 0887824 0205396 0443199 0681814 1550043 1551388 1705242 1705417 1706386
 1514468 0013856 0596607 1706746 1998793 1882940 2945843 0009013 0205145 0443288 1515974 2825164 3541894
 1514468 1704444 0004793 0162326 0162327 1519249 0332255 0443288 1708096 0182400 1273517 1704681 2347609 3536729 0220908 0220909 0238767 1698960 1706086 1710031 1710477 1428222 1538127 0751608 0023621 0872147 0005861 1621557 0419358 1515981 1709269
 0006556 0009013 0033727 0110610 0369286 0441932 0564385 1413791 1522642 0600510 0004793 0037293 0162326 0162327 0181496 1301820 1519249 1710492 0683939 0205099 1709701 0021622 1272753 0086345 0017398 0017399 1521991 0005125 0017480
 0332255 1708096 0332255 1708096 1273517 1883351 0182400
 1413896 0110610 1413791 0006556 0005861 1621557 0332255 0486805 1708096 1709269 0220908 0220909 1698960 1710031 1710477 0332255 1708096 0332255 1708096 0032520 0677874 1524063 0006556
 0332255 1708096 1524063 1882598 0006104 0006556 0034693 0034721 1269537 1953382 1953384
 1514468 0013856 0596607 1706746 1998793 0009013 0032520 0077229 0086022 0146224 0442335 0677874 1705099 0004793 0162326 0162327 1519249
 0004793 0162326 0162327 1519249 0004793 0006556 0162326 0162327 1519249 0162801 0002778 0004793 0162326 0162327 0185027 0205396 0936012 1519249 1524024 1550043 1551388 1948020 0006556 0040300
 1882727 0024109 0819757 1278908 0751608 0023621 0237753 0449788 0683939 0700032 0017428 0035168 0205099 0242481 1301820 1556085 1709701 2338314 0021622 1272753 0086345 0017398 0017399 1521991 0005125 0006556 0034693 0034721 0332255 1413896 1708096 0220908 1305399 1705053 0332282 0302828 1442085 3263700
 0009013 0205396 1550043 1551388 1514732 0128167 0034693 0034721 0332126 0444930 0870432 1413896 1449832 2746065 0332126 0444930 1449832 2746065
 1514468 0332257 3538986 0017446 0205147 1882727 0024109 0034693 0034721 0819757 1278908 3146294 0040132 0006556 1524063
 0681814 0034715 2699239 0034693 0034721 1720154 0031923 2987634 0022718 0439209 1719918 0042444 0348005 1720830 1823521 0243148 1550141 1882979 2587213 3274648
 0004935 0003062 0004927 2707008 0003062 0030695 0150369 0181904 0596972 1521743 1704646
 0006104 1637379 0205239 0013239 0011682 0016701 0020746 0205222 0677542 1512080
 0162788 0444498 0020202 1300517 1413896 0332126 1449832 0110610 0205090 0332126 0684010 1413791 1449832 2603358 0332126 1449832 0332255 0486805
 0012854 0012906 0014442 0014445 0443288 0868946 0013856 0596607 1706746 1998793 0031428 0033684 0070570 0185115 0684295 0681850 1550501 1706203 2349001 2697811 0032931 0032932 1642401 2584299
 0012854 0728990 1273517 1514575 1705542 0036658 0056208 1321571 0182400 1704681 2347609 3536729 1524063 1179691 0140662 0035681 2984241 0035668 1335439 0205474 0042010 0332070 1514468 0018353 0010734 1420150 0012789 0014241 0035541 0035542 0205474 1292425
 0028630 0008559 0016107 0017243 0849355 1382104 0331955
 1882598 0006104 0181857 0000925 0180202 0181856 0700320 1883724 1519355 0017596 0444330 1947936 1698986 0042153 0457083 1947944
 1519355 0070066 0231441 0443218 2827483 0006353 0016568 0036140 0012789 0012854 0205474 0935616
 0020202 1300517 0884358 1442448 0206516 0182400 0332256 2700400 0079224 0038720 0475337 3536965
 1519355 0011175 1518422 1548982 0012634 0348080 2348236 0005903 0039476 1547703 0332283 0014241 0035541 0035542 0039798 0087111 1522326 1533734 1705169 3538994
 1261552 0884358
 1519355 0011175 0043303 0034571 0043299 0043309 1306645 1962945 0086296 0086894 0851346 1561571 1561572 2314876 2347167 0332157 0439228
 0378785 1521827 0332157 0439230 0231441 0443218 2827483
 0205155 1293097 1522472 1552923 1705191
 0557061 2584313 1514811 1706462 0242954 0020792 0205396 0887824 1705417 1524063 0220908 1305399 1705053 0871261 1704632 1706817 2911692 1292856 1948023 0205396 1550043 1551388 0175723 1444754 1706316 1264633 0805525 1511726 3245479 1518422 1547282
 0006556 0086418 1413896 1334043
 1883351 1711411 0034826 0034792 0001041 0026815 0597357 0162493 1413896 0017255 0314604 0017337 0040649 0086418 1879547 1948027 1707455 0035668 0006945 1948023 0040223 1632851 0007634 3282337
 0005861 0002778 0936012 1524024 1621557 1547282 0441889 0007634 3282337
 1710082 0205217 0442805 0806909 1552615 2826546 0205216 0392756 0442797 1883351 0441994 1548802 2003888 0205250 1299351 2700149 1292856 1948023 0450344 1553633
 0442805 0332293 0006945 1522326 0392148 0033671 0450345
 0449911 0333052 2607870 0557702 1272706 1704674 0557702 1272706 1704674 0349966 1337208
 2827734 2981698
 1292856 1948023 0034826 0205263 0017262 0185117
 0185117
 0005861 1621557 1709269 0332256 2700400 0332293 1522326 0439232 0700321 0702093 1282918 2347166 0006556 0086418 0332255 1413896 1527121 1708096 0182400
 2347469 1292856 1948023 0205217 0442805 0185117
 0005861 1621557 1709269 0332256 2700400 0007634 3282337 0332293 1442450 1522326 0006945 0205171 0439044 0679994 0033671 0597295 0010572 0033684 0220781 1883254 1883357 1999216 0006556 0086418 0332255 1413896 1527121 1708096 0182400
 0010572 0007634 0185125 3282337 0039798 0087111 1522326 1533734 1705169 3538994
 1883351 0035668 0205163 0243148 1549782 1550141 1708715 1882979 2587213 3274648 1414968 3536868 0017855 2260086 0006556 0017854 0030016 0031603 0031701 0205369 1552740 1601799 0182400 1704681 2347609 3536729 0007634 3282337
 0006945 0006945
 0010572
 0043303 0034571 0043299 0043309 1306645 1962945 0086296 0086894 0851346 1561571 1561572 2314876 0005861 0332157 1621557 1709269 1413896 1442464
 1414968 3536868 0017855 2260086 0030016 0031603 0031701 1601799 1442450
 0582520 0582519 1709450
 0086418 0162326 0205396 1550043 1551388 0525049 0009013 1522642 1428222 1538127 0751608 0023621 0872147 0006945 0121258 0812263 1704817 1948023 1521827
 1524063 0006556 0182400 1704681 2347609 3536729 0032520 0677874 1301820 0006556 0007634 3282337 0150312 1334043
 0004793 0162326 0162327 1519249 1547699 2700640 0079941 0080089 0034754 0175566 0180979 1705179 1705858 0681842 1882327 1874187 0033684
 0596723 1511726 3245479 0242356 0442598 0872261 1420599 1511726 1515023 3245479 1510755 0521093 0750484 1456348 1413896 0004793 0162326 0162327 1519249 0332185 0034037 0326402 1704324

 0332307 1547727 1273517 1883351 0004793 0006556 0162326 0162327 1519249
 0220908 0220909 1698960 1710031 1710477 0751608 0023621 0872147 0683939 0700032 0017428 0035168 0205099 0242481 1444648 1556085 1709701 2338314 0182400 1704681 2347609 3536729 0032520 0677874 3146294 1517163 1882727 0009013 1301820 0332256 2700400 0444930 2746065 0128167 0332126 1449832
 1514468 1882727 0024109 0034693 0034721 0819757 1278908 3146294 0040132 0006556 0332126 1449832
 0009013 1522642 0034693 0034721 0444930 1413896 2746065 0332126 1449832 0205396 0220908 0220909 1550043 1551388 1698960 1710031 1710477 0751608 0023621 0872147
 0079160 0004793 0162326 0162327 0376298 1519249 0332257 1552866 2700399 0079941 0080089 0034754 0175566 0180979 1705179 1705858 1547699 2700640 0038164 0033684
 0086418 1570716 1335665 0002518 2350413 0033684 0162326 0205280
 1521970 1706388 2346469 2348519 1570716 1335665 2350413 0033684 0332257 3538986 0037081 0030956 1710082 0423896 0456205 1880389 1883221 3541951 3538928 0110610 0385569 1366521 1413791 1705829 0330531 1140703 2980688 0110658 0289884 0528008 1538830 2681322 0015576 1704727 0450355 0332283 1719822 0162808 1514562 1880389 1883221 3541951 0074825 1149301 0037657 1753359 1514562 1880389 1883221 3541951 0147139 1336626 1145667 1167622 1749467 1948047 0567416 1880389 1883221 3541951
 0185117 0110610 1413791 1413896 0110610 1413791 0017337 0205396 1550043 1551388 1883351 0086282 0450355
 0017337 0040300 0205100 1880022 0439092 0547044 0031843 0205309 0542341 0700205 1705273 0006104 1269537
 1705175 1705176 1705177 1705178 1882348 0185117 0110610 1413791 0182400 1704681 2347609 3536729 0005861 1621557 1709269 0035668 0006556 0086282 0150312 0444868 3539085 0006104 0086418 1269537 0349966 1337208
 0185117 0037925 1278836 0521329 1550235 1552938 1706500 1709305 0205123 0442043 2362314 0028785 1184145 0007776 1176472 2700441 0019564 0205170 0949582 1029104 1284077 3146287 0007461 1269580 0007610
 0470166 1709450 0442726 1511790 0470166 1882932 0205419
 0449774 2348205 0332300 0040300 0441889 1547928 0441994 1548802 2003888 0007461 1269580 0007610 0010090 0227813 0349966 1337208
 0205250 0441889 1299351 2700149 0002708 0037925 1278836 0521329 1550235 1552938 1706500 0006104 0007776 0205170 1176472 1269537 2700441 3146287 0019564 0949582 1029104 1284077 0349966 1337208
 0449911 0333052 2607870 0557702 1272706 1704674 0557702 1272706 1704674 0349966 1337208
 0740116 2827735 2981700
 0017262 0185117 0006104 1269537
 1413896 0110610 1413791 0001675 1273723 0006104 0086418 1269537 1706450 0017446 0205147
 0005861 1621557 1709269 0032400 0071360 0747726 1708715 0006556 0086418 0182400 1413896 1527121 1704681 2347609 3536729 0182400 1704681 2347609 3536729 0182400 1704681 2347609 3536729
 0110610 1413791 0182400 0600510 0004793 0086418 0162326 0162327 1139855 1441547 1519249 3245521 0020125 0017429 0220852 0017428 0035201 0086418 0205099 1301820 1556085 1709701 2338314 0021622 1272753 0086345 0017398 0017399 1521991 0005125
 0243148 1550141 1882979 2587213 3274648 0001271 0006556 0086418 0332255 1708096 0182400 1704681 2347609 3536729
 0043303 0034571 0043299 0043309 1306645 1962945 0086296 0086894 0851346 2314876 0005861 0332157 1621557 1709269 1413896 1442464
 0456696 1442770
 0110610 1413791 1292423
 0001271 1442450
 0582520 0582519 1709450
 0205263 0185117 0027882 1883351 1292732 1413896 0110610 1413791 0185117 0034826 0034792 0001041 0026815 0597357 1948023 0010453 0205430 0220814 0430400 2242979 3160715 0027882 1882598 0006104 1442460
 0150312 0017337
 1292856 1948023 1442450 0205217 0442805 0332462 1880834 0442805 0004259 0028778 0332206 1161352 2983591 0349966 1337208 2347469
 1442460 0185117 0205112 0205216 0392756 0441889 0442797
 1979874 0110610 1413791 0185117 1518422 1292856 1948023 0006945 0028423 0028609 0039798 0087111 1442460 1513854 1522326 1533734 1705169 3538994 0349966 1337208 2347469
 1514761 0021467 0021469 1628982 3463820 0016971 0006945 0231175 1883351 0028778 0332206 1533157 1706084 2828370 0185117 1511726 3245479 1518422 1547282
 0449911 0333052 2607870 0557702 1272706 1704674 0557702 1272706 1704674 0349966 1337208
 0439086 2827736 2981702
 0034826 0034792 0001041 0597357 0205263 0185117
 1413896 0110610 1413791 0185117 0027882 1547282
 0005861 1621557 1709269 0027882 0332293 0006945 1522326 2987634 1442460 0205171 0439044 0679994 0004259 0231491 1161352 1883357 0034693 0034721 1413896 0110610 1413791 0182400 1704681 2347609 3536729
 0004259 1161352 0007634 0185125 3282337 0039798 0087111 1522326 1533734 1705169 3538994
 1414968 3536868 0017855 2260086 0030016 0031603 0031701 1601799 0243148 1273517 1550141 1708715 1882979 2587213 3274648
 0043303 0034571 0043299 0043309 1306645 1962945 0086296 0086894 0851346 1561571 1561572 2314876 0005861 0332157 1621557 1709269 1413896 1442464
 0110610 1413791 0456696 1442770
 0456695
 1414968 3536868 0017855 2260086 0030016 0031603 0031701 1601799 1442450
 2347469 0002778 0936012 1524024 1709793 0110610 1413791 1515670 0185117 0007634 0178539 0441889 1882115 1414968 3536868 2260086 0582520 0582519 1709450
 0851285 1327622 0006104 1269537 0006104 1269537 1166657 0007634 3282337 0019564 0949582 1029104 1284077 0039727 0007610 1514756 1708517 0740116 2827735 2981700 0439086 2827736 2981702
 1883351 1292732 0185117 1515655 0031923 0001675 0034693 0034721 1521801 1706450 0006104 1521827
 0196008 0006104 0003062 1273517
 0002778 0936012 1524024 0040300 0085140 1519355 1547928 0243148 1550141 1882979 2587213 3274648 0003062 0185117 0110610 1413791 0205217 0442805 0871261 1704632 1706817 2911692 1292856 1948023 0450373 1553636
 1518422 1720154 1511501 0003062 0243148 1550141 1882979 2587213 3274648 0442726 1511790 0185117 0031923 0039798 0087111 0205217 0442805 1522326 1533734 1705169 3538994 1511526 2347578 0001613 0007634 0007776 0022655 0205170 0934502 1522408 1561599 3146287 3282337 0039727 0039729 1515981 0007610 0349966 1337208 2347469
 0035696 0001613 0007776 0022655 0934502 1522408 1561599 0243148 1550141 1882979 2587213 3274648 0034693 0034721 0450373 1553636
 0185117 1518422 0392747 1292856 1948023
 0035696 0001613 0007776 0022655 0439070 0442726 0934502 1511790 1705160 1268228 3496509 0017446 0205147 0002708 0450373 1553636
 0449911 0333052 2607870 1334335 1705384 0557702 1272706 1704674 0557702 1272706 1704674 0349966 1337208

 0034826 0034792 0001041 0597357 0205263 0185117 1882598 0006104 1269537
 0681814 0034693 0034721 0884358 1720154 0031923 2987634 0022718 0439209
 0205123 0205155 1293097 1522472 1552923 1705191 1882598 0006104 1948023 0034693 0034721 1413896 0110610 1413791
 1413896 0443289 0185117 0001613 0007776 0022655 0205263 0934502 0039727 0007610 0039736
 0110610 1413791 0185117 1518422 0392747 1292856 1948023 0520511 1704711 1518422 0243148 1550141 1882979 2587213 3274648 1882598 0006104 1269537
 0110610 1413791 0001613 0007776 0022655 0934502 1522408 1561599
 0035696 0001613 0007776 0022655 0439070 0442726 0934502 1511790 1705160 0694598 3496509 0017446 0205147 0002708
 0043303 0034571 0043299 0043309 1306645 1962945 0086296 0086894 0851346 2314876 0332157 0006104 1269537 1519355 1413896
 0110610 1413791

 2347469 1413896 0017446 0034693 0034721 0205147 0243148 1550141 1707455 1882979 2587213 3274648

 3538933 0010090 0227813
 0336721 0007757 0086369
 1550077 1561479 0205263 0040649 1883351 0449560 0010222 0086418 0185117 1413896 1948027 0936012 0005861 1621557 1709269 0006945 0121258 0332293 0812263 1301820 1522326 1704817 0457242 1300554 3484373 0034826 0034792 0001041 0026815 0597357 0185117 0392760 0449560 0597357 1314939 1553637
 0034826 0289799 0034792 0001041 0026815 0597357 0205217 0442805 0456951 0441889 0007634 0243148 0439819 1550141 1707455 1882979 2587213 3274648 3282337
 1979874 0457242 1514760 0007634 3282337 1948023 0086418 0185117 0205171 1413896 1720467
 1948023 1883559 0086418 0121258 0205170 0332307 0439819 0445392 0547040 0812263 1413896 1524031 1547052 1704817 2945599 3146287 1710082 0005861 1621557 0442726 1511790 1709269
 0449911 0333052 2607870 0557702 1272706 1704674 0557702 1272706 1704674 0349966 1337208
 0439084 0728893
 0449560 0205263 0185117
 0332307 1547052 0007634 3282337 0007634 3282337 0457242 1300554 3484373 0034826 0034792 0001041 0026815 0597357 0332293 1522326 0006945 0006945 1442450
 0005861 1621557 1709269 0332256 2700400 0006556 0086418 0182400 1413896 1704681 2347609 3536729
 0182400 1704681 2347609 3536729 1414968 3536868 2260086 0017855 0243148 1273517 1550141 1708715 1882979 2587213 3274648
 0043303 0034571 0043299 0043309 1306645 1962945 0086296 0086894 0851346 1561571 1561572 2314876 0005861 0332157 1621557 1709269 1413896 1442464
 1414968 3536868 0017855 2260086 0030016 0031603 0031701 1601799 1442450
 2347469 1709793 1882115 0243148 1550141 1882979 2587213 3274648 1414968 3536868 2260086
 1707156 3274014 3541345 1882932 1704970 0085862 0205448 1292856 1299583 1441547 1882932 1948023 3245521 0582520 0582519 1709450
 0205102 1553872 1619620 1710082 1948027 0597360 0185117 1883351 0086982 0037080 0037083 1160185 1704259 1705987 1710082 0010222 1948027 0205263 0857127 0332293 1522326 0007634 3282337 1514760 0243077
 0007634 3282337 0332293 0006945 1522326 2987634 0243077
 0005861 1621557 1709269 0007634 1441547 3245521 3282337 0006556 0086418 0182400 1413896 1704681 2347609 3536729 1553638
 0004259 1161352 0003385 3536931 0028778 0332206 2983591 0442805 0007634 3282337
 1292856 1948023 0039654 0000975 0129533 0205217 0442805 0332462 1880834 0442805 1514555 0033634 0072348
 0021467 0021469 1628982 3463820 0119104 1292856 1948023 0162493 0040649 0086418 1413896 1708698 1879547 1883351 0441994 1548802 2003888 1704240 0006945 1707455 0205171 0439044 0679994
 1274040 1546471 2825142 1292856 1948023 0205410 1518422 0205263 0185117
 1979874 2247782 1819041 0599177 1879547 0000661 0050063 0231175 1883351 0205263 0040649 0243459 1449702 0010531 0231175 1883351 0028778 0332206 1533157 1706084 2828370 0442805
 2245662 1879547 0025234 0205217 0442805 0185117 1280500 2348382 0750482 0893636 0031667 1744635 3539768 0597220 0031671 0205216 0392756 0442797 1999216 0231175 1883351 0028778 0332206 1533157 1706084 2828370 0442805
 0442805 0022020 0229671 1546774 1550100 0205263 0185117
 0449911 0333052 2607870 0557702 1272706 1704674 0557702 1272706 1704674 0349966 1337208

 0037080 0037083 0086982 1704259 1705987 0205263 0185117
 0007634 3282337 0332293 1522326 0014432 1152555 0037083 1314939 3537152
 0005861 1621557 1709269 0332256 2700400 0006556 0086418 0182400 1413896 1704681 2347609 3536729
 1414968 3536868 0017855 2260086 0030016 0031603 0031701 1601799 0243148 1273517 1550141 1708715 1882979 2587213 3274648
 0043303 0034571 0043299 0043309 1306645 1962945 0086296 0086894 0851346 1561571 1561572 2314876 0005861 0332157 1621557 1709269 1413896 1442464
 1414968 3536868 0017855 2260086 0030016 0031603 0031701 1601799 1442450
 2347469 0002778 0936012 1524024 1709793 1414968 3536868 0017855 2260086 0428304 0456949 0007634 0017854 0030016 0031603 0031701 0178539 0441889 1601799 1882115
 0006945 0006945
 0039654 0048451 2825188 0039654 0000975 0031588 0070750 0129533
 0016703 1551081 0119104
 0050063 0000661 0050063
 0025234
 0596235
 2603362 0015965 0229671 0230445 0521457 1305418 1546774 1550100
 3540622 0031667 1744635 3539768 0031671
 0004259 1161352 0004259 1161352
 0582520 0582519 1709450
 0006104 1269537 1514811 1706462 0423909 0332281 0443252 0025260 0205166 0220781 0439634 0700327 1515273 1522492 1705313 1706317 1706377 2826302 0392747 0443172 0725813 0678558 0332257 0392747 1554963 1820186 0079411 3146294
 0392747 1554963 0086597 0127400 1515926 0185117 0017337
 0205263 0017262 0185117 3536909 1414315 1566493 1414314 1883525 2346866 0205309 0033684 0678558 0018284 0018270 0220844 1621966 2911660 1521761 2827422 0050668 1135154 1149454 1522182 1425988 1519315 0567416 1419383 1419384 0450382 1425988 0332281 1425988 0033684 0392747 0015350 0521119 1704640 1706515 0032143 1425988 0033414 3158384 0085103 1425210 1425988
 0086282 0110610 1413791 1327616 1519315 0567416 1148560 0007595 0018270 0220844 1621966 2911660 0001511 0175633 0600210 1533574 1881827 0040297 0038952 0220921 0678908 0031843 0542341 0700205 1705273 0439673
 0683954 1274040 1546471 2825142 1547282 1413896 0110610 1413791 0927232 1269563 0027763 0422837 1269560 0027769 0086418 0205099 0449913 0599851 1553451 1704459 1879652
 0086282 1413896 0206256 1710548 0185117 0205177 0439167 0441655 0851285 1561536 0001613 0007776 0022655 0027882 0205225 0238767 0439631 1706086 1882598 0001675 0006104 0034693 0034721 1269537 1515981 1706450
 1705175 1705176 1705177 1705178 1882348 0017337 0185117 0851285 0871261 1704632 1706817 2911692 1292856 1948023 0443211 1272684 0220908 1305399 1705053 1514559 0449560
 0427861 1947950 0553257 0007634 3282337 1518422 0034826 0034792 0001041 0026815 0597357
 1547282 0449560 0086982 0037083 0037080 0445247 1160185 1704259 1705987 1710082 1948027 0007634 0521390 3282337 0086597 0033666 1709694 0927232 1269563 0027763 0422837 1269560 0027769 0205099 0449913 0599851 1553451 1704459 1879652
 0185117 0017262 1414315 0205263 1292856 1948023 0007634 3282337 0006104 0205170 3146287 0034693 0034721 0332293 0031923 1522326 2987634
 0007634 3282337 1514760 0185117 0185117 2584321 0702093 0441994 1548802 2003888 0441889 1292856 1948023
 0449247 0040223 0750729 3541383 0332290 0016030
 0185117 0033671 1372531 0597295 0010572 0033684 0205217 0220781 0392148 0442805 1883254 1999216 1413896 0206256 0017337 0205253 0205548 1279919 0185117 0332291 0597295 1515568 0011198 0017480 0033684 0085862 0220781 1299583 1883254 3541240 0871261 1704632 1706817 2911692 0037083 3537152
 0332290 1413896 0110610 1413791 1160339 0927232 1269563 0598282 0027763 0422837 1269560 1744604 0027769 0205099 0243107 0449913 0599851 0678723 1527148 1553451 1704459 1879652 0439509 0150312 0441889 0017337 0001613 0007776 0022655 0027882 0205225 0439631 0006104 0013935
 1292856 1948023 0034826 0034792 0001041 0026815 0597357 2325760 0332324 1550474 0034826 0026815 0597357 0086597 0127400 1879547
 0231174 0680095 0028778 0332206 1533157 1706084 2828370 0871261 1704632 1706817 2911692 1444656 0086597 0127400 1334832 0034826 0289799 0034792 0001041 0026815 0597357 1300554 2362652 3484373
 0002778 0936012 1524024 0037088 0243095 2825141 1300554 3484373 0457242 0037083 3537152 0205263 0185117
 0597360 0185117
 1979874 3539617 1822658 0457242 0034826 0034792 0001041 0026815 0597357 0023175 0086418 0205263 0442824 0857127 1413896 1442948 1522538 2348269 3275067 0205250 1299351 2700149 0871261 1704632 1706817 2911692 0007634 0243148 1550141 1882979 2587213 3274648 3282337
 0442805 0033634 0457242 1948027 0034826 0034792 0001041 0026815 0597357
 0332290 0037088 0243095 2825141 0449560 0205263 0597360 0185117 0150312 0441712 0010222 1948027 0185117 0033634 0033621 1168438 1418943 3540567 0033640 0031727 0033684 0596235
 0127400 0205217 0442805 0441889 1511726 3245479 1518422 0332196 2828389
 0947630 1547282 0185117 0380603 0919506 1522505 0016026 0018284 0007589 0016030 0018270 0205263 0220844 1184743 1511938 1521761 1522240 1527178 1621966 1879547 2827422 2911660 2945687 1947950 0007600 0007634 0013935 0019564 0205132 0521390 1269647 1333887 1333888 1550648 1552960 1704653 1948049 0851827 1701901 3244310 0752312
 0033634 0033621 1168438 1418943 3540567 0033640 0031727 0033684 0596235 0531859 0034826 0597357 0205309 1883351 1515877 1879547 0037083 3537152 0752312 1705535 0037083 3537152 0752312 0010222 1948027 1292856 1948023
 1883351 0332196 2828389 0442805 0010531 0038164 0033640 0031727 0033684 0185117 0332293 1522326 0007634 3282337 0150312 0231175 1883351 0392747 0443172 1705241 0441889
 0021467 0021469 1628982 3463820 0231175 1883351 0028778 0332206 1533157 1706084 2828370 1292856 1948023
 1511726 3245479 0010531 0033640 0038164 1155589 1335962 0031727 0033684 0035820 0037083 0050063 0237881 0750502 1546944 1705810 3537152 0185117
 1883727 1883357 1511726 3245479 0332290 1524057 0034826 0034792 0001041 0026815 0597357 0205263 1171362 0185117 0752312 0024779 0031727 1706473 0037083 3537152
 1413896 0110610 1413791 0206256 0017337 0205253 0205548 1279919 0185117 0442739 2346711 1292856 1948023 0027882
 0086860 0332256 2700400 0079160 0162326 0376298 1521970 0600508 0013879 0871261 1704632 1705248 1706817 2911692 0086860 0110610 1413791 0040300
 1511726 3245479 0037083 3537152 1518422 0185117
 0007634 3282337 0205309 1883351 0229671 0851285 1292856 1546774 1550100 1948023 0423866 2626739 0016030
 0033634 0010531 1518422 0442726 0013081 0851285 1327622 0423866 2626739 1442460 1292856 1948023
 1883351 0034826 0034792 0001041 0026815 0597357 0185117 0110610 1413791 1515655 0936012 0017446 0205147 0034693 0034721 0150312 2827398 1511726 3245479 0521093 1515655 0750484
 1413896 1292856 1948023 0039727 0039729 1515981 0007610
 0449774 0332290 2333949 0027882 2331620 0085140 0205112 0185117 0205309 0449774 1515981 1334832 0034826 0289799 0034792 0001041 0026815 0597357 0001613 0007776 0022655 0934502 1522408 1561599 0439086 2827736 2981702 0450385
 0039727 0007610 2333949 0027882 0599668 0025462 1280997 0004788 0007610 0740116 2827735 2981700
 1882598 0006104 1269537 0034826 0034792 0001041 0026815 0597357 0205263 0017262 0185117 3536909 1414314 0019564 0949582 1029104 1284077
 1413896 0443289 0185117 0185117 1518422 0392747 0871261 1704632 1706817 2911692 1292856 1948023 1273723 0006104 0017446 0205147 1269537
 1979874 0470166 0001613 0007776 0022655 0150312 0449450 0934502 1522408 1561599 0243148 1550141 1882979 2587213 3274648 0003062
 0927232 1269563 0027763 0422837 1269560 0033684 0004112 0150312 2347578 1166657 0007634 0007776 0205170 0521390 1176472 2700441 3146287 3282337 0086597 0040691 1527194 0007595 0018270 0220844 1621966 2911660 0243107 0678723 1527148 1820201 0332282 3263722 3263723 0450387
 0001613 0007776 0022655 0439070 0934502 1705160 0017446 0205147 0002708 1292711 0449719 1709471 0185117 1518422 0392747 0443172 0871261 1704632 1705241 1706817 2911692 1292856 1948023
 1160339 0927232 1269563 0598282 0027763 0422837 1269560 1744604 0027769 0205099 0243107 0449913 0599851 0678723 1527148 1553451 1704459 1879652 0033684 1883351 0542341 0439509 0450388
 0150312 1413896 0110610 1413791 1511526 0001613 0007634 0007776 0022655 0934502 1522408 1561599 3282337 0010090 0227813

 2002820 1335665 0033684 0439070 1705160
 0439509 0035696
 0205116 0027883 0205115 1709701 0001613 0007776 0022655 0934502
 1705241 1705242 0597704 1159772 0475264 1744691 0599895 1159772 0012222 1696141
 0205115 0206441 0039729 1269896
 1511726 3245479 1705535 2350413 0033684 0035820 1705810 0086597 1515926
 1413896 2700640 0597427 0038164 0815043 1527118 0033684 0037083 3537152
 0021701 0507236 1145667 1167622 0015350 0019134 0205170 0332256 0449432 0521119 0770546 1704640 1706515 2700400 3146287 0450389
 1704675 0033414 0596290 0007634 0334094 1269647 1514485 1704653 1948049 0001511 0175633 0008018 0600210 1533574 1881827
 1413896 0678908 0007613 0542341 0947630 1705535 1160367 0449379 0521390 1314939 0205309 1883351 0034826 0332281 1514762 0026815 0037083 0597357 3537152
 1413896 0079613 0021701 0008013 1521761 2827422 3158384 0085103 1710082
 0332149 1705910 2362652 0678908 0006104 0021701 0205309 0542341 1269537 1518294 0600210 1533574 1881827 0150600 1959633 0206249 2984294 0443252 0205166 0279023 1515273 1705313 1706317 2826302
 0110610 1413791 0542341
 0185117
 0392747 0443172 0678594 0205246 1553889 0183683 1521721 1306673
 0037083 3537152 0019564 0949582 1029104 1284077 0002395 1521724 0012634 0221099 0684336 1517880 0023688 0243122 1145667 1167622 0034826 0034792 0001041 0026815 0597357 0700364 1883351 0205266 1554187 0439084 0728893
 0872152 0013227 0242892 0243107 0678723 1527148 1708698 0001046 0039798 0087111 1363945 0002395 1521724 0012634
 0947630 1514873 1883351 1547282 0185117 0392747 0871261 1704632 1706817 2911692 0011164 1880269 0682698 0016538 0027882 0033363 0348018 0002395 1521724 0012634 0524851 0012634 0087111 0443264 0185117
 2986676 0007600 0007634 0205132 1269647 1704653 1948049
 2825232 0557651 2603343 1413574 1521721 2348513 3538902 0424093
 0010186 0220812 0449719 1709471 0220808 0680264 0007961
 1706852 0522501 1706089 0949214

 0004793 0028630 0162326 0162327 1519249 0030351 0684224 0700287 1547566 3496591 0242356 0442598 0872261 1511726 1515023 3245479 1510755 0237753 0449788 1706078
 0376649 1442065 0017480
 0282413 0376649 1442065 0035168 0242481 0041740
 2827734 2981698 0039021
 0254343 0796520 3272379

 0085205 1549619 1880669
 0013849 1705961 0024492 1538057 1547565 0558269 1552984
 0034037 1704324 0030351 0000723 0000723 1273517 0034826 0034792 0001041 0026815 0597357 0034826 0034792 0001041 0026815 0597357
 0033634 0033621 1168438 1418943 3540567 0033640 0031727 0033684 0033634 0033621 1168438 1418943 3540567 0033640 0031727 0033684
 0024779 1706473 0752312 1979930 0033640 0018284 0026249 0031727 0033684 1879547
 0040691 1527194 0040691 1527194 0018284 0018270 0220844 1510411 1521761 1621966 2827422 2911660
 2348386 0001128 0202406
 0119104 0091914 0021966 0221138
 1414968 3536868 0017855 2260086 0030016 0031603 0031701 1601799 1414968 3536868 2260086 0017855 0030016 0031603 0031701 1601799
 0032520 0677874 0032520 0337112 0443286 1114821 1335439 1524075
 0600436 0002055 0178499 1709450 1880279
 0332126 1449832 0028630
 0010531 0038164 0033640 0031727 0033684 0010531 0038164 0033640 0031727 0033684
 1720830 1823521 0991865 0006353 0031603 0031701 0036082 1601799
 1514811 1706462 0557061 2584313 1514811 1706462 2827734 2981698
 0043016 0205090 0684010 2603358
 0040833 1521798
 0025141 0740116 2827735 2981700
 0597277 1708601 0033727 0369286 0441932 0564385


 2347379
 0025141 0439086 2827736 2981702
 0369637 0441923


 0021966 0221138 2347469
 0033727 0369286 0441932 0564385

 0056167 1456376

 0025141

 2603360 0080045
 0439394 1706495 3642217 0205090 0684010 2603358
 0036397 0025141 0439084 0728893

 1418943

 0268596 2700624
 3642273
 0041703

 0439267






 0033727 0369286 0441932 0564385

 0040833 1521798
 0025141
 3640077
 0040833 1521798
 3642273
 0025141
 0369637 0441923
 0205090 0684010 2603358 0033727 0369286 0441932 0564385 2603362
 1535597

 2347379
 0025141
 0597277 1708601 0033727 0369286 0441932 0564385 2603360 0021966 0221138 0033727 0369286 0441932 0564385 1335072 1704850 2603362
 0349590 1262865 0025141
 0597277 1708601

 2347379
 0025141
 0678579
 0016327 0439133 1553038
 2603360
 0369718 0441922 1553036
 0369637 0441923
 0369773 2603361 0369773 2603361
 0999593 1416775


 3642273
 0025141

 0439267
 1826455

 0349590 1262865 0025141





 0205090 0684010 2603358

 0439394 1706495 3642217


 0201682

 2603360 2347469

 0205090 0684010 2603358 0439394 1706495 3642217

 0205090 0684010 2603358



 0201682

 0439114
 0033727 0369286 0441932 0564385
 0016327 0439133 1553038
 2603362


 0201682

 2347469
 0205090 0684010 2603358 0369637 0441923
 0205090 0684010 2603358 0369718 0441922 1553036

 2603360
 0021966 0221138
 1418943

 0268596 2700624
 3642273
 0041703
 0000857 0600678 1552863

 0439267 0205090 0684010 2603358



 0201682



 0439267 0439267
 0369637 0441923
 0021966 0221138 1826455

 0036397 0025141
 0369773 2603361 0369773 2603361
 0439267
 0205090 0684010 2603358
 0036397

 0033727 0369286 0441932 0564385
 0205090 0684010 2603358
 1418943

 0268596 2700624
 3642273
 0041703
 0450348
 0240069
 0349590 1262865 0025141
 0369773 2603361

 0023185

 0025141
 0331965 0597277 1708601
 1532464 2700314
 0205090 0684010 2603358
 2347469 0205090 0684010 2603358
 0369773 2603361
 0016327 0439133 1553038


 0201682

 0597277 1708601 0597277 1708601
 0021966 0221138 3104930 0033727 0369286 0441932 0564385 0445539 2681565 0369718 0441922 1553036 0597277 1708601 0721226 1551914 0033727 0369286 0441932 0564385 0369773 2603361
 0016327 0439133 1553038


 0201682

 0439267 0369773 2603361 0597277 1708601


 2603360

 0349590 1262865 0025141
 0369637 0441923

 0325074
 0025141
 0033727 0369286 0441932 0564385 1553033 0205090 0684010 2603358
 0369637 0441923


 0201682
 0450355
 0369773 2603361

 0025141
 0439394 1706495 3642217
 0016327 0439133 1553038 2603362
 1553033

 2347379
 0025141
 2603360
 0369773 2603361 2945617 0439267
 0369773 2603361 1504648 0439394 1706495 3642217 0439394 1706495 3642217
 0016327 0439133 1553038
 0027960 0324740 0439189 1456781 1824986
 0007634 1269647 1704653 1948049

 0025141
 0439267
 0205090 0684010 2603358

 2347961
 0025141
 0439267 0033727 0369286 0441932 0564385 1553033 0369773 2603361
 0369718 0441922 1553036 2347469


 0000857 0600678 1552863
 0439267 1553033 2347469 0033727 0369286 0441932 0564385
 0027960 0324740 0439189 1456781 1824986
 0007634 1269647 1704653 1948049

 0000857 0600678 1552863
 0369637 0441923
 3538743 2945617 0439267
 0369773 2603361 0439394 1706495 3642217
 0016327 0439133 1553038
 0027960 0324740 0439189 1456781 1824986
 0007634 1269647 1704653 1948049

 0000857 0600678 1552863
 0597277 1708601 0033727 0369286 0441932 0564385 0439267
 0205090 0684010 2603358



 0000857 0600678 1552863
 1553033 0439267 0439267 2347469
 0027960 0324740 0439189 1456781 1824986
 0007634 1269647 1704653 1948049

 0000857 0600678 1552863 0439509
 1705534 2347469 0064494 1553033 1705534 0033727 0369286 0441932 0564385 2347469



 0033727 0369286 0441932 0564385
 0439267
 0205090 0684010 2603358
 0027960 0324740 0439189 1456781 1824986

 0007634 1269647 1704653 1948049 0000857 0600678 1552863
 0597277 1708601 0597277 1708601 0033727 0369286 0441932 0564385 0439267
 0205090 0684010 2603358 0597277 1708601



 0000857 0600678 1552863

 0369637 0441923
 2603360
 0439394 1706495 3642217
 0016327 0439133 1553038
 1418943

 0268596 2700624
 3642273
 0041703


 0999213 1553033 0439394 1706495 3642217
 0016327 0439133 1553038
 0027960 0324740 0439189 1456781 1824986
 0007634 1269647 1704653 1948049


 0369637 0441923
 2347469
 2603360
 0999213 1553033 2945617 0439267
 0369773 2603361 0085732 1299581
 0439394 1706495 3642217
 0016327 0439133 1553038
 1417055
 2347379
 0025141
 0205090 0684010 2603358
 1425836 2347469
 0205090 0684010 2603358

 0033727 0369286 0441932 0564385
 0036397 0025141




 0000857 0600678 1552863
 0205090 0684010 2603358
 1549988
 0033727 0369286 0441932 0564385 0205090 0684010 2603358



 0201682

 0033727 0369286 0441932 0564385 1553033 2347469 0439267 0205090 0684010 2603358
 0369637 0441923
 2347379 0028606

 0033727 0369286 0441932 0564385 0205090 0684010 2603358 0205090 0684010 2603358 0026405 0439267
 0369773 2603361
 0002778 0936012 1524024 2603362 0449468 0560268 1690016
 2827734 2981698
 0022877 3244292 0475311 0027976 1879958



 0025141
 0326402 0369773 2603361
 1553033 1553033 3606807 0369773 2603361
 0029016 0025141
 1551730 0369773 2603361 0369637 0441923
 0027960 0324740 0439189 1456781 1824986
 2347379
 0025141
 0597277 1708601 0369773 2603361
 0016327 0439133 1553038
 0027910 0450388 1552241 1555991 0025141 0450382
 0597277 1708601 1504648 0439394 1706495 3642217
 0597277 1708601

 0369773 2603361
 0016327 0439133 1553038


 0201682

 0439267 0597277 1708601

 1504648 0439394 1706495 3642217
 0597277 1708601 0369718 0441922 1553036
 0439267 1551090
 0369718 0441922 1553036

 0369773 2603361
 0016327 0439133 1553038
 0027882 0025141
 1551090 0369637 0441923
 0369637 0441923

 0205090 0684010 2603358
 0349590 1262865 0025141
 0439267
 0439394 1706495 3642217

 1418943

 0268596 2700624
 3642273
 0041703

 1419419 1553033


 0025141
 0439394 1706495 3642217
 0016327 0439133 1553038

 0000857 0600678 1552863
 0597277 1708601

 2603362


 0025141
 0369773 2603361 0369718 0441922 1553036
 0016327 0439133 1553038
 2603362
 0349590 1262865 0025141
 0205090 0684010 2603358
 0205090 0684010 2603358 3428317 0021966 0221138
 0439267
 0349590 1262865 0025141
 1422556 0439394 1706495 3642217
 1553033 2347469

 1315013

 0027960 0324740 0439189 1456781 1824986

 0450385

 0021966 0221138

 0016327 0439133 1553038 0080045
 0439394 1706495 3642217 0369637 0441923
 0205090 0684010 2603358


 0000857 0600678 1552863

 0021966 0221138 2603362
 0205090 0684010 2603358
 0439267



 0000857 0600678 1552863
 2603360 0443037 0369718 0441922 1553036
 2347379
 0025141 0450387
 1553033 2603362



 0025141 0450388
 2347469 1553033 0205090 0684010 2603358 2347469 2347469
 1418943

 0268596 2700624
 3642273
 0041703

 0205090 0684010 2603358


 0002808
 0025141 0450389
 0369637 0441923
 2603362
 1553033 0439394 1706495 3642217
 0016327 0439133 1553038


 0201682

 0999213 1553033 0369637 0441923
 0439394 1706495 3642217
 0016327 0439133 1553038 2603362
 1553033


 0201682

 2945617 0439267
 0369773 2603361 0439394 1706495 3642217
 0016327 0439133 1553038
 0007595 0018270 0220844 1621966 2911660
 0740116 2827735 2981700 0000857 0600678 1552863
 0369637 0441923
 0016327 0439133 1553038
 0597277 1708601

 0205090 0684010 2603358
 0439394 1706495 3642217
 0016327 0439133 1553038
 0027882 0025141
 0369773 2603361
 0369637 0441923
 0439394 1706495 3642217 0037386 1611690
 0369637 0441923


 0025141
 0439394 1706495 3642217
 0016327 0439133 1553038

 2347961

 0025141
 0439267



 0039736 0439394 1706495 3642217
 0456564 1521879 0016327 0439133 1553038
 0033727 0369286 0441932 0564385 0439394 1706495 3642217


 0027960 0324740 0439189 1456781 1824986

 0025141 0009993 0037455 0596070 1552856 0005477 0026376 0005532 1521991