 0162443 0010741 0449468 0560268 1690016
 0009993 1552856 0037455
 0185117 0457499 0087044 0757661 1416912 0751455 2335335 0011854 0597357 1320657 0065059 0441729 0011847 0011849 0017337 0021966 0023820 0033684 0221138 0332281 0332307 0439849 0445223 1547052 0024432 1546706 1550652 0007634 3282337 0022131 1705535 0035820






 1704729 0022886 0022877 0035168 0242481 1619828 1552961 2347617 1704729 0010819 0005532 0022886 0022877 0035168 0242481 1619828 1552961 2347617 0587463 1704729 0022886 0022877 0035168 0242481 1619828 0205099 0012634 0035172 0021622 1272753 0282413
 0605411 0031330 1524059 0022886 0022877 0035168 0242481 1619828 0179400 0442027 1533124 0014878 0522667 0730321 1552961 2347617 3541314
 0013849 1705961 0024492 1538057 1547565 0520510 0023866 0034036 0757661 1416912 0597357 0065059 0023820 0033684 0439849 0445223 0086282 1611821 0680022 2698041 0011854 0332281 0441729 1320657 0011847 0011849 0332307 1547052
 0439659 0815043 0920644 1527118 0031843 0542341 0700205 1705273 1883351 1512571 0543483 0699748 0011854 1320657 0206243 0699809 0439787 0849355 1880945 0002778 0936012 1524024 0035696 0860902 1142652 0428479 0033684 0441889 0026447 0025914 0025929 0026809 0085243 0025933 1513853 0025914 0025929 0026809 0028754 0205170 0241863 1518422 3146287 1306673 0243107 0678723 1527148
 1705920 0597360 1171362 0185117 0757661 0449475 0007634 0150312 0205450 0332307 1269647 1704653 1948049 0035287 1267793 0012762 2952444 0031307 0449913 1513475 1553451 1704459 0022131 0007634 3282337 0027882
 1442162 1550718 3244317 0035820 1705810 0332162 0242656 0449258 0011854 1320657 0441729 0011847 0011849 0332307 1547052 0035820 1705810 0205349 1514623 1516451 3542952 0242656 0449258 2607943 2926606 3539655 1705535 0757661 1416912 0597357 0065059 0023820 0033684 0439849 0445223 1171304 0966318 0035647 0542341 0205172 0220905 1704735 0449913 1553451 1704459
 1442162 1550718 3244317 0032529 0757661 0332281 0011847 0011849 0033413 0314621 0017337 0017446 0086860 0205147 1551058 1515926 0757661 1273518 1521840 2986546
 1705313 0011854 1320657 0441729 0011847 0011849 0021966 0221138 0332307 1547052 0023823 0023820 0178587 0205251 1299352 1550472 0757661 1416912 0597357 0065059 0023820 0033684 0439849 0445223 0085243 1513853 0025933 0025914 0025929 0026809 0028754 0241863 1518422 0024432 1546706 1550652 0520510 0023866 0034036 0011854 1320657 0441729 0011847 0011849 0021966 0221138 0332307 1547052 0011854 0011849 0011847 0021641 0851827 1533581 1579433 1701901 3244310 0011854 0012634 0030281 0007634 0021641 0443146 1261381 1533581 1579433 1880022 1948029 3282337 0030274 1278931
 0012634 0686907 0014406 1704675 0814299 0035648 1553898 1521761 2827422 1517512
 1517512 0017296 0035647 0314603 0011854 1320657 0441729 0011847 0011849 0021966 0221138 0332307 1547052 1551359 2741673 2981730 0032529 1882417 0019627 1708726 0242827 1710347
 0439064 0443302 1708726 0024779 1706473 0332257 1415869 1838261 1520381 0337841
 1953345 0017446 0205147 1517892 1704666 0332281 0243083 0012634 0086282 1611821 0680022 2698041 0757661 1416917 0034821 0242972 0748025 1366529 1416912 0023823 0597357 0065059 0023820 0033684 0178587 0205251 0439849 0445223 1299352 1550472 0205396 1550043 1551388
 0005516 0757661 1416912 0065059 0597357 1514562 0017446 0023820 0033684 0150312 0205147 0439849 0445223 0337841
 0162326 0917792 1553778 1561491 0027361 0237401 0004083 0439849 0596306 0699792 0678226 0205419 1518422 3146286 0015295 0757661 1416912 0597357 0065059 0023820 0033684 0439849 0445223 1705535 0678226 0032529 1882417 2987476 3146286 1883644 0017446 0205147 0757661 1416912 0597357 0065059 0023820 0033684 0439849 0445223 1710463 1158770 0017263 0017337 0040649 0851285 1314939 1327622 1511726 3245479
 0015576 1704727 1881534 0205229 0237753 0449788 1883525 2346866 0598783 1517898 0023779 0025519 0025520 0037083 1160185 1710082
 0086282 1611821 0680022 2698041 0034821 1366529 0023823 0065059 0023820 0178587 0205251 0597357 1299352 1550472 0086597 2611279 0243144 0347980 0005775 1516559 0597361 0014139 0086597 0127400 0597357 2984285 0023820
 0086282 1547282 1883351 0542341 0445356 1704623
 1416912 1846978 1707959 0086597 0243144 0347980 0233535 1883712 0597357 0024420 1547282 1883351 1145667 1167622 0023688
 1416912 1846978 0700364 1883351 0074129 0017108 0597357 1003377 0439482
 0205172 0332185 0086282 0332257 0284555 1416914 0078394 1152819 0597357 1416912 0003591 0597357 1547282 1883351 0032214 0600138 0035820 1705810 0038317 0243144 0347980 1326504 0600210 1533574 1881827
 0023688 0757661 1416912 0065059 0597357 0815043 0920644 1527118 0023820 0031843 0033684 0439849 0445223 0542341 0700205 1705273 1518422 0205108 1441414 1553874 1578820 1883351 0086597 0014139 2984285 1883351 0596290 0334094 1514485
 1517050 0162808 1333498 1514562 0521119 1880389 1883221 3541951 0752190 0034821 1366529 0023823 0065059 0086282 0599283 0015576 0023820 0150312 0178587 0205251 0449450 0597357 0680022 1299352 1550472 1704727 0449774 1546854 1710548 1705535 0037791 1511884 1705242
 1883351 0439659 1883351 0162340 0005532 0815043 0920644 1527118 0031843 0542341 0700205 1705273 0757661 0332128 1522508 1561567 0185117 0040300 1513853 0025914 0025929 0026809 0205170 0241863 1518422 3146287 0011854 0441729 1320657 0011847 0011849 0021966 0221138 0332307 1515981 1547052 3161035 0241863 0085243 1513853 0025933 0025914 0025929 0026809 0028754 0241863 1518422
 1547282 1705920 0757661 1416912 0597357 0065059 0023820 0033684 0439849 0445223 0012762 0449913 1553451 1704459 1704711 0022131 0030274 0007634 3282337 0027882 1515981
 0449774 1705535 0757661 1416912 0597357 0065059 0023820 0033684 0439849 0445223 0032214 0600138 0035820 1705810 1705535 0441712 0011854 0441729 1320657 0011847 0011849 0012655 0021966 0220898 0221138 0332307 1264642 1547045 1547052 1880177
 0520510 0520510 0440744 0086418 0012634 0035168 0242481 1301820 3245503 0277564 0031525 3541314
 0370003 2347026
 0021966 0221138
 0019994 1510665
 0026438 1504085 0026447 0027567 0332583 0026438 1943326 0040300 1301820 1328830 0035201
 0085243 1513853 0025933 0025914 0025929 0026809 0028754 0241863 1518422 1301820
 0439394 1706495 3642217


 0243064 0017398 0017399 0035168 0242481 1883254 1253959 1881507 2700383 2826234 0030956 0439064
 0003241 0021027 0034493 0205448 0442711 2979985 3541314
 0003241 0021027 1273517 0229671 1546774 1550100 1947931 0008551 0243114 1510827 1998793
 0008551 0243114 1998793 0050920 0017243 0439526 0884358 1185738 1382104 1706132 0596235 0003341 0332297 1145667 1167622 1689898 2349209
 0003241 0021027 0017890 0522461 0020283 0450407 0450408 0450409 3469601 0031603 0031701 0369637 0441923 1601799 0020283 0450407 0450408 0450409
 0008551 0243114 1998793 0014441 0030695 0150369 0181904 0596972 1521743 1704646
 0003242 0003241 0021027
 1305923 0002520 1517050 0001128 0521119 1880389 1883221 3541951 0757661 1416912 1334805 0597357 0065059 0023820 0025914 0025929 0026809 0033684 0439849 0445223 0332283 1719822 0032520 0677874 0206415 0439084 0728893 1273517 1883351 1514468 1704444 1524063 0012854 0332256 2700400 0006556 0757661 0728990 1514575 1705542
 0332255 1708096 0012906 0917708 0014230 0021966 0221138 0443288 0868946 1519179 1854580 0021966 0221138 1325744 2754376 2945843 0205145 0043193
 2827421 1510411
 0039938 1504637 1514764 3496084 0162768 0332466 1293131 0757661 1416912 1998793 1524063 1145667 1167622 0035191 0302828 1442085 3263700
 1441565 1145667 1167622 0035191 0439269 1960952 2346927 0430402 0010453 0220814 0430400 0521009 2242979
 0033684 1273517 1883351 0034493 3541314
 0332256 2700400 0025914 0025929 0026809 0314604 1335671 0751455 0017337 0757661 1416912 2827421 1883351 1999230 0007634 3282337 0428479 0441889
 0006556 1412080 3538746 0086418 0086860 0699952 1710082 0520986 0282188 1510800 0001483 0001486 0009013 0086022 0442335 1552907 1705099 0040649 0439148 1519795 1704753 1880519 0013194 0030176 1710082 2828395 0439851 1947931
 0017428 0599773 1707531 2984295 0034865 1334043 1706214 0014834 0005005 0282188 0086022 0442335 1705099 1537525
 0012939 0521026 0012854 0032136 0391871 1283071 0012238 2349986 0007634 3282337 0032931 0032932 1642401 2584299 0333463 0439228 1301820
 0042776 0521026 0206243 0699809 0751455 1335671 0017337 1442161 1511760 1880274
 0042776 0521026 1710198 0007634 0442614 1269647 1704653 1948049 0185014 0205173 1705764 1705765 1998793 3540510
 0947630 0007634 3282337 0376702 0007634 3282337 0439663 0007634 1269647 1704653 1948049 1512335
 0033684 0949466 0600209 0086972 0443299 0687118 1704732 0017243 1382104 1826357
 0033684 0025255 0028736 0071710 0348011 0596901 0740034 1706182 0013855
 0025255 0596901 1706182 0028778 0332206 2983591 0026131 0349374 0444318 2825079 0041175 0006353 2678549 1882074 0020283 0450407 0450408 0450409 0036082 0332256 2700400 0146951 0133689 0242759
 0884358 1524063 0079240 1948037 2348236 0005903 0039476 1547703
 0301869 0027971 0003241 0021027 0205436 0457385 0565930 1273517 1561503 1705190
 0175723 0442726 1511790 1524063 0034760 0332157
 0205155 1293097 1522472 1552923 1705191 0085243 1513853 0025933 0025914 0025929 0026809 0028754 0241863 1518422 1710378 0017596 0332287 0444330 0449878 1947936 0325045 0036397 3541314 0231441 0443218 0702093 2827483 0070066
 0205155 1293097 1522472 1552923 1705191 1883708 0028778 0205307 0229671 0324145 0332206 0439166 1546774 1550100 2347086 2983591 1720830 1823521 0757661 1416912 0065059 0597357 0023820 0033684 0439849 0445223 1439852 2348236 0005903 0039476 1547703
 0003241 0021027 0076359 0039711 0324145 0332575 0442726 0522529 1260956 1511790 0034493 3541314
 0205155 1293097 1522472 1552923 1705191 0057142 0026381 0182400 0007610
 0205155 1293097 1522472 1552923 1705191 0757661 1416912 1883708 1701810 1882955 0028778 0332206 2983591 0205307 0229671 0324145 0439166 1546774 1550100 2347086 1883708 0085979 0999699 0017687 0018381 0020960 0876232 1135183 1136016 1265533 1270360 1439852 2828412 0035168 0242481 3538743 0085979 0999699 0018381 1135183 1136016 1265533 1270360 2828412 0021641 1533581 1579433
 1710082 0085979 0999699 0051979 0018381 0085216 0234621 0522529 1135183 1136016 1265533 1270360 2828412
 1704254 1704922 3542466 1524063 2697665 0449913 1553451 1704459 1826357 0475264 1744691 0221205 0303920 1444656 1710082
 0205155 1293097 1522472 1552923 1705191 0040113 1015036 1515430 1521827 2986582 0936012 1524063 0016318 0757661 1416912 0597357 0065059 0023820 0033684 0439849 0445223 0039021
 2827486 1548793 0370003 0025914 0025929 0026809 0085188 0070066 0231441 0443218 2827483 1720830 1823521
 0003320 1514918 0884358 0205155 1293097 1522472 1552923 1705191 0020940 0038561 2827727 0653571 0037633 0525069 0232117 0391850 1947910 0026051 0456692 0702093
 0205155 1293097 1522472 1552923 1705191 1701810 1882955 0028778 0205307 0229671 0324145 0332206 0439166 1546774 1550100 2347086 2983591 1720830 1823521 0439962 2986582 0757661 0003242 1416912 0034805 0597357 1445860 0065059 0003241 0021027 0023820 0033684 0439849 0445223 0024432 0005516 0009013 1522642 0065684 0597357 1826357 0450376 1720830 1823521 0229671 1546774 1550100
 0003241 0021027 0085216 0324145 0025914 0025929 0026809 0324145 0034493
 0162788 0444498 0020202 1300517 0332256 2700400 0009219 0039421 1883351 1706214 3244320 0012854
 1179691 1335439 0005575 0035668 0205430 1167624 1273517 1421951 1720722 1947902 2700256 2827499 0017480 0021135 1533691 2827718
 0182400 0205369 1552740 0757661 0445247 1521827 0032136 0332256 2700400 0332255 1708096 0757661 1416912 1334805 0597357 0065059 0023820 0025914 0025929 0026809 0033684 0439849 0445223
 1516514 0162788 0444498 0020202 1300517 0206243 0699809 0439787 0849355 1552738 2316368 0205155 1293097 1522472 1552923 1705191 0025914 0025929 0026809 0070066 1549542 0033085 1514402
 1710082 0442726 1511790 1524063 0005526 0036397 0006037 0587081
 1710082 0234621 0086162 1081457 1719918 3538743
 0162789 0162788 0444498 0020202 0303920 1300517 0180202 0884358 0205155 1293097 1522472 1552923 1705191 0025914 0025929 0026809 0020202 1300517 1522240
 0205155 1293097 1522472 1552923 1705191 0070066 0231441 0443218 2827483 0059256 1300565 0456692 0702093 0070066 0231441 0443218 2827483 0028778 0031179 0205227 0332206 2983591 0001963 0702093
 0162788 0444498 0020202 1300517 0206243 0699809 0439787 0849355 1524063 0005526 0036397 0302828 1442085 3263700
 0205155 1293097 1522472 1552923 1705191 0026381 0057142 0182400 1521991
 0015392 0020940 0038561 0231441 0443218 2827483 2827727 0070066
 0023318 0849355 0015392 0205239 0037633 0038636 1161331 0205198 1706082 1882161 0331865 0439962 0013239 0011682 0016701 0020746 0205222 0677542 1512080
 0005526 0036397 0206100 1273517 1511790 1710082 0205155 1293097 1522472 1552923 1705191
 0205155 1293097 1522472 1552923 1705191 0010206 0034760 1260957 1266025 1418880 2247518 2986582 0033470 0009458 0021966 0033468 0332256 0439536 0449878 1705217 2700400 3244283 0022877 1619828
 0884358 0205155 1293097 1522472 1552923 1705191 1547282 1710082
 0162788 0444498 0020202 1300517 0205155 1293097 1522472 1552923 1705191 1720830 1823521 1701810 1882955 0028778 0205307 0229671 0324145 0332206 0439166 1546774 1550100 2347086 2983591 0003241 0021027 1439852 1548787 1979963 2003903 0042789 1947903 0039224 1706073 1706074 0012634 0348080 1705253
 0243122 1145667 1167622 0442726 1511790 0003241 0021027 0075278 0587081
 0205155 1293097 1522472 1552923 1705191 0009458 0439536 1705217 3244283 0181909 0449878 0026381 0182400
 1704254 1704922 3542466 0439661 3245488 1524063 0181839 1706379 0598124 0179533 1654607 1706254 2697665 0449913 1553451 1704459
 0449911 0039224 1706073 1706074 0557702 1272706 1704674 0557702 1272706 1704674 0039224 1706073 1706074
 0520510 0683954 0449902 0869040 2985618 0520510 0557651 1273517 1293116 1552616 1704458 1706244 1875307 2603343 0023866 0034036 1880022 0439851 1947931 1707271 0002520 0757661 1416912 1142652 0597357 0065059 0023820 0033684 0086418 0439849 0445223 0449719 0757661 1416912 1334805 0597357 0065059 0023820 0025914 0025929 0026809 0033684 0439849 0445223 0949466 0005863 0002778 0936012 1524024 1705493 1880022 0349966 1337208
 0007603 2936239 0007634 0121258 0812263 1704817 3282337 0001483 0001486 0439663 1552907 0332256 2700400 0006556 0757661 1416912 0006556 0441587 1743766 1883719
 0757661 1416912 0026385 0005910 0043100 1305866 1521991 1705104
 0230715 0175723 0439645 1521913 0003241 0021027 0442726 1511790 0025255 0007634 3282337 0757661 1416912 0065059 0597357 1334805 0006556 0023820 0025914 0025929 0026809 0033684 0439663 0439849 0445223 0007634 1518422 3282337 0439663 0006556 0757661 1416912 0001483 0001486 1552907
 0700364 0003241 0021027 0205369 1552740 0757661
 1979874 0003241 0021027 0230715 0175723 0439645 1521913 0086418 0025914 0025929 0026809
 1274040 1546471 2825142 0205171 1720467 1705241 1705242 0086418 0020971 0042196 1273517 3244291
 0449911 0333052 2607870 0557702 1272706 1704674 0557702 1272706 1704674
 1880022
 0368582 0757661 0003242 0038164 1416912 0034805 0065058 0597357 1445860 0065059 0003241 0021027 0023820 0033684 0439849 0445223
 0368720 0757661 0003242 0377800 1336694 1455498 1416912 0034805 0597357 1445860 0065059 0003241 0021027 0023820 0033684 0439849 0445223 2347469
 0243148 1550141 1882979 2587213 3274648 1257858 0376702 0007634 3282337 0001483 0001486 0243148 0439663 1550141 1552907 1882979 2587213 3274648
 1257858 0376702 0007634 3282337 0757661 1416912 0065059 0250783 0319228 0597357 1332172 1334805 0001483 0001486 0023820 0025914 0025929 0026809 0033684 0439663 0439849 0445223 1552907
 1257858 0376702 0007634 3282337 0757661 1416912 0319168 0065059 0001490 0250783 0597357 1142652 1332172 0001483 0001486 0023820 0033684 0086418 0439663 0439849 0445223 1552907
 0757661 1416912 0597357 0065059 0023820 0033684 0439849 0445223 0022131 0030274 0757661 1416912 0597357 0065059 0023820 0033684 0439849 0445223 0919453 0598888 0009013 0012655 0017337 0220898 1264642 1547045 0011854 1320657 0441729 0011847 0011849 0021966 0221138 0332307 1547052 0185117 0162788 0444498 0020202 0332128 1300517 0021044 0205170 3146287 0085243 1513853 0025933 0025914 0025929 0026809 0028754 0241863 1518422
 0086418 0030274 1278931 0597360 1171362 0185117 0757661 0205397
 0475264 1744691 0007634 0449475 0035171 0449565 2985227 0443640 0580327 0205396 1550043 1551388 1514760 0007634 3282337 0030281 0007634 0021641 1533581 1579433 3282337
 0007634 3282337 0205409 1548221 1514760 0007634 3282337 0030274 1278931 0233426 0700364 1880022 0024432 0205396 1546706 1550043 1550652 1551388
 0449911 0333052 2607870 0557702 1272706 1704674 0557702 1272706 1704674
 0597360 1171362 0185117 0757661
 0597360 1171362 0185117 0757661 0007634 3282337 1518865 0030274 1278931 1520150
 0033630 0162788 0444498 0020202 1300517 0757661
 1710082 0757661 1416912 0205397 0332575 1260956 0023951 0007634 0178539 0007610
 0021044 0205397 0332583
 0757661 0021044 0392752 1710082 0205397 0221205
 0757661 1416912
 0021044
 0757661 1416912 2945724 0597357 0065059 0016327 0023820 0033684 0205195 0439133 0439849 0445223 1553038 0021044 1547282 0475264 1744691
 0033085 1514402 1261381 1948029 0085243 1513853 0025933 0025914 0025929 0026809 0028754 0241863 1518422
 1518865 0030274 1278931 1520150 0757661 1416912 0597357 0065059 0023820 0033684 0205195 0439849 0445223 0021044
 1518865 0030274 1278931 0757661 1416912 0597357 0065059 0023820 0033684 0205195 0439849 0445223 0021044
 1518865 0030274 1278931 0757661 1416912 0597357 0065059 0023820 0033684 0205195 0439849 0445223 0021044 1547282 1261381 1948029 0033085 1514402
 0182400 1704681 2347609 3536729
 0182400 1704681 2347609 3536729
 0021044 0021641 0205195 1533581 1579433 0475264 1744691
 0597360 1171362 0185117 0757661 1416912 0682552 0007634 3282337 0332437 0543482 0700329 0700619 0025914 0025929 0026809 0026447 0369718 0441922 1553036 0086418 0030274 1278931
 1707156 3274014 3541345 0025914 0025929 0026809
 1511375 0025921 0025914 0025929 0026809 0597360 1171362 0185117 0757661 1416912 0150312 0086418 0030274 1278931 0947630 0007634 3282337 1514760 0017687 0876232 0007634 3282337
 0085243 1513853 0025933 0025914 0025929 0026809 0028754 0241863 1518422 0597360 1171362 0185117 0757661 1513853 0025914 0025929 0026809 1547282 1660153 0475264 1744691
 1292425 1547282 0450429 1515974
 0085243 0025933 1513853 0025914 0025929 0026809 0028754 0241863 1518422 0332448 0702249 1523986 1521970
 0597879 0205397 1261381 1948029 1709305
 1514760 0007634 3282337 0150312 0449450 0017687 0876232 1552166
 0597360 1171362 0185117 0757661 1416912 0007634 0205397 3282337 0332448 1514760 0439178 0007634 3282337 2348205 0086418 0205397 0030274 1278931 1179571 0025914 0025929 0026809 0030274 0205397 0933845 3171718
 0002778 0936012 1441616 1524024 0443289 0007634 3282337 0039224 1706073 1706074 1511726 3245479 1518422 1547282
 0757661 1416912 0597357 0065059 0023820 0033684 0439849 0445223 0024432 0086418 1546706 1550652 1519474 0037993 0771377 1278932 0040113 1015036 1515430 0023884 0736268 1278929 2346688 0007600 0007634 0024432 0205132 1269647 1515981 1550648 1552960 1704653 1948049 0757661 1416912 0597357 0065059 0023820 0033684 0439849 0445223 0004364 0012634 0443146 0011854 1320657 0441729 0011847 0011849 0332307 1547052 0185117 0024432 0030274 0205397 1278931 1546706 1550652 0597360 1171362 0185117 0757661 1416912 0040300 0332128 0032659 1257890 0024432 1546706 1550652
 0086418 1519474 0037993 0771377 1278932 1514760 0007634 3282337 0229687 0011399 0205146 0205397 0332575 1260956 1518422 0450429 1515974 1521970 0039462 1705540 0439178 1446409 1514241 2825490 0039224 1706073 1706074 0450365 1706097
 1515438 0040113 1015036 1515430 0040100 1420725 0597360 1171362 0185117 0757661 1416912 0205397 0007776 1176472 2700441 0025148 1269575 1305694 2698825 0007634 3282337 0332290 1511726 3245479 1518422 1547282
 1517331 1705535 0757661 1416912 0597357 0065059 0023820 0033684 0439849 0445223 0024432 1546706 1550652 0597879 0757661 1416912 0007600 0007634 0024432 0205132 0205397 1269647 1421351 1550648 1552960 1704653 1705396 1948049 0007600 0039194 0376448 0007634 0205132 1269647 1518422 1550648 1552960 1704653 1948049
 0007634 3282337 0597879 0332290 0757661 1416912 0597357 0065059 0023820 0033684 0439849 0445223
 0023884 0736268 1278929 2346688 0757661 1416912 0597357 0065059 0023820 0033684 0439849 0445223 0022801 0007634 0205397 3282337 0023884 0370003 0736268 1278929 2346688 0332120 0267821 0700148
 0007634 3282337 0004896 0205396 0332437 0332479 0522512 0543482 0700329 0700619 1550043 1551388 0205132 0227523 0185117 1515981 0065684 0597357 1511726 3245479 1518422 1547282
 0449911 0333052 2607870 0557702 1272706 1704674 0557702 1272706 1704674
 0185117
 0757661 0021044 0079785 1519474 0037993 0771377 1278932 0475264 1744691 0205397 0221205 0017446 0205147
 0007610 0007634 1269647 1704653 1948049 0205397 1260957
 1547282 0007634 3282337 0757661 1416912 0065059 0597357 0023820 0033684 0439849 0445223 0005516
 0021044 0757661 1416912 0007600 0007634 0205132 1269647 1550648 1552960 1704653 1948049 0597879
 0243148 1550141 1882979 2587213 3274648 0229671 1546774 1550100 0487602 1704680
 0021044 0039194 0007634 3282337 1547282 0487602 1704680
 1517673 0022646 0227665 1278978 1514845 1547282 0185117
 1547282 1710082
 0022646 0086418 0227665 1278978 1514845 1547282 0449774
 1707156 3274014 3541345 0025914 0025929 0026809
 0022674 1514534 0005861 0002778 0936012 1524024 0757661 1547282 0757661 1416912 0597357 0065059 0023820 0033684 0439849 0445223 0205250 0205393 0023884 0736268 1278929 2346688 0022646 0227665 1278978 1514845
 1883351 3244092 0185117 0162788 0444498 0020202 1300517 0206243 0699809 0439787 0849355
 0025914 0025929 0026809 0086418 1442460 0022646 0227665 1278978 1514845 0757661 1416912 0597357 0065059 0023820 0033684 0205401 0439849 0445223 1880179 1707510 0022663 0222607 1547282 0185117
 0042839 2825076 0042890 1698986 2340138 0757661 1416912 0597360 1171362 0185117 0005861 0597360 3244092 0185117 0023884 0736268 1278929 2346688 0597360 1171362 0185117 0757661 0023884 0736268 1278929 2346688 1522508 1561567
 0597360 1171362 0185117 0757661 0022801 0227525 0007634 0023884 0205397 0736268 1278929 2346688 3282337
 0597360 1171362 0185117 0086418 0025914 0025929 0026809 0227530 1179886 0007634 0205397 1883067 3282337 0007600 0007634 0205132 0442041 3282337 0227525
 0450429 1515974 0205543 1691010 1883351 1698986 0042839 2825076 0227531 0007634 3282337
 0598117 0007634 0205141 3282337 0011696 1325785 1413980 1825843 1267092 0001271 0026845 0205357
 1883351 0521093 0750484 1456348 0424215 2003939 0598117 0033630 0162788 0444498 0020202 1300517 0757661 0011696 0205195 1325785 1413980 0020986
 0011696 1325785 1413980 1825843 1267092 0001271 0026845 0205357 0757661 1416912 0065059 0597357 0023820 0033684 0392752 0439849 0445223 0521093 0750484 0424215 2003939 0598117
 0449911 0333052 2607870 0557702 1272706 1704674 0557702 1272706 1704674
 0597360 1171362 0185117
 0757661 1416912 1517914 0023884 0736268 1278929 2346688 0185117 0022801 0007634 3282337
 1710082 0205397 0678579
 0179400 1533124
 0179400 1533124
 0757661 1416912 0205397 0332575 1260956 0023884 0736268 1278929 2346688 0449774 0025914 0025929 0026809 0205397
 0007610 0007634 1269647 1704653 1948049 0205397 1260957
 0021044 0205397 0332583
 0757661 0021044 1547282 0475264 1744691
 0757661 0021044 1547282 0475264 1744691
 0179400 1533124 0033727 0369286 0441932 0564385
 0757661 1416912 0035298 1278894 0024400 1547282 0185117 1523372 0031760 0205102 1515981 0441635
 0229218 0228071 1517447 0007634 0017067 0934502 1258666 1269647 1522408 1561599 1704653 1948049
 1512785 0205102 0450207 0934502 1522408 1561599

 1512784 0205102 0521447 0934502 1522408 1561599
 0229217 0205101 0450207 0934502 1522408 1561599
 0229210 0205101 0521447 0934502 1522408 1561599
 1523372 0205102 0441635
 0230028 0262950 1561953 1325525 0205101 0441635
 0035322 1519082 0035323 0014609 0333610 0035322 0035323 1519082 0014609 0031916 0035298
 1707156 3274014 3541345 0025914 0025929 0026809
 0757661 1416912 0597357 0065059 0023820 0033684 0439849 0445223 0035322 1519082 0035323 0014609 0024432 0030274 0035298 0333610 1278931 1546706 1550652 0037993 0771377 1278932 0040113 1015036 1515430 0007600 0007634 0205132 1269647 1550648 1552960 1704653 1948049 0022801 0227525 0007634 3282337 2340138 0757661 1416912 0597357 0065059 0023820 0033684 0439849 0445223 0884358 2947996 0542341
 2340138 0227525 2945843 0205145 1515974 2825164 0337174 1698986 1753314
 0007634 0031307 0449475 0332307 1269647 1547052 1704653 1948049 1698986 0042839 2825076 0042890 2330894 0440745 1179009 0007634 2338017 3282337 0014597 1273342 0757661 1416912 0597357 0065059 0023820 0033684 0439849 0445223
 0162788 0444498 0020202 1300517 1552168 2700415 0035298 1278894 1518422 1547282 0597360 1171362 0185117 1705920
 1883712 0185117 1552168 0450429 1515974 0206428 0035339
 0757661 1416912 0597357 0065059 0023820 0033684 0439849 0445223 0027882 0185117 0035322 1519082 0035323 0014609 0333610 0031760 0757661 1416912 0597357 0065059 0023820 0033684 0439849 0445223 0205397 1883351 0035316 0228071 0007634 0017067 0035298 1258666 1278894 3282337 2338017 1552168
 2338017 0085103 0237876 0871161 1292721
 1883708 0757661 1416912 0597357 0065059 0023820 0033684 0439849 0445223 0205172
 0005861 0002778 0936012 1524024 0757661 1416912 0597357 0065059 0023820 0033684 0439849 0445223 0006104 0086418 1269537 1511726 3245479 1518422 1547282
 1883351 0185117 1514534 0002778 0936012 1524024 0025914 0025929 0026809 0026447 0006104 1269537 0206243 0699809 0439787 0849355
 1547282 0757661 1416912 0597357 0065059 0023820 0033684 0439849 0445223 0007776 1176472 2700441 0019564 0949582 1029104 1284077 0020663 1280712 0349966 1337208
 1514760 0007634 3282337 0521390 0521390 1708632 0005516 1511726 3245479 1518422 1547282
 0019564 0949582 1029104 1284077 0185117 0205397 0205393
 0449911 0333052 2607870 0557702 1272706 1704674 0557702 1272706 1704674
 0597360 1171362 0185117
 0019564 0949582 1029104 1284077
 1710082 0205397 0332575 1260956 0007610 0023951 0007634 1269647 1704653 1948049
 0205155 1293097 1522472 1552923 1705191 0205117 1547282 1710082
 1514760 0007634 3282337 0019564 0949582 1029104 1284077 0332437 0543482 0700329 0700619
 0597360 1171362 0185117 0757661 1521713 0006104 1269537 1710082 0185117 0019564 0205397 0949582 1029104 1284077 0007776 1176472 2700441 0020663 1280712
 0757661 1416912 1523990 0019564 0949582 1029104 1284077 1710082 0205397 0678579
 1709793 1523990 0019564 0949582 1029104 1284077
 1707156 3274014 3541345 0025914 0025929 0026809
 0520510 0023866 0034036 0757661 1416912 0597357 0065059 0023820 0033684 0439849 0445223 0680022 2698041 1328885 0004083 0009013 0017296 0314603 0439849 0596306 0699792 1527178 1874451 0011854 1320657 0441729 0011847 0011849 0021966 0221138 0332307 1547052 0086418
 2827447 0947630 0332120 0023746 0023745 0281825 0394006 1551058 0757661 1416912 0597357 0065059 0023820 0033684 0439849 0445223
 0002778 0936012 1524024 1514873 1883351 0521093 0750484 1456348 1512571 0205419 1171304 0035647
 0005516 0600680 0017446 0205147 1551058 0757661 1416912 0597357 0065059 0023820 0033684 0439849 0445223 0004083 0439849 0596306 0699792 1518422 0700364 1883351 0678226 0009219 0032529 0033684 1882417 2987476 3146286 1511726 3245479
 0205419 0017262 3244092 0017337 0185117 0441889 0456079 1547707 2946261 0037791 1511884 0757661 1416912 0065059 0597357 0004083 0023820 0033684 0439849 0445223 0596306 0699792 1551359 2741673 2981730 0011854 1320657 0441729 0011847 0011849 0021966 0221138 0332307 1547052
 0439659 0815043 0920644 1527118 0031843 0542341 0700205 1705273 0035820 1705810 0557651 2603343 0086418 0025914 0025929 0026809 0040300 0085243 0018017 1571704 2371973 1533716 0392366
 1514893 1706463 2699488 0162788 0444498 0020202 1300517 0007634 0449475 0021044 0205195 0205369 0332307 1269647 1547052 1552740 1704653 1948049 0597360 1171362 0185117 0035287 1267793 0012762 2952444 0031307 0449913 1513475 1553451 1704459 0022131 1698986 0007634 3282337 0027882
 1457900 2607943 2926606 3539655 1705535 0815043 0920644 1527118 0542341 0449379
 0012762 0449913 1553451 1704459 0597360 1171362 0185117 0757661 1416912 0019612 0024432 0030274 0040300 1278931 1441672 1546706 1547928 1550652 0037993 0771377 1278932 0040113 1015036 1515430 0007600 0007634 0024432 0205132 1269647 1421351 1550648 1552960 1704653 1705396 1948049 0022801 0227525 0007634 3282337 0035322 1519082 0014609 0333610 0035323
 0024432 1546706 1550652 0011306 0007634 3282337 0332448 1546677 1549537 1522528 1883351 0032214 0600138 0035820 1705810 0011854 1320657 0441729 0011847 0011849 0021966 0221138 0332307 1547052 0033268 0079189 1524094 0039195 0039194 0022686 0007634 0677881 1511636 3282337
 0037088 0243095 2825141 0757661 1416912 0597357 0065059 0023820 0033684 0392747 0439849 0445223 0442805 1171304 0035647 0392747 2346474 0007613 1817756 0031843 0542341 0700205 1705273
 0597360 1171362 0185117 0757661 0022131 0030274 0205397 1521840 2986546 0011854 1320657 0441729 0011847 0011849 0021966 0221138 0332307 1547052
 0185117 0205397 1705920 0332128 0007634 0449475 0332307 1547052 0022131 1522529 0757661 1416912 0597357 0065059 0023820 0033684 0439849 0445223 0205397 1883351 0033147 0035804
 0086418 0030274 1278931 0026438 1504085 0757661 1416912 0597357 0065059 0023820 0033684 0439849 0445223 0021641 1533581 1579433 0007634 3282337 0007634 3282337 0011854 0441729 1320657 0011847 0011849 0021966 0221138 0332307 1547052 0681205
 1979874 1520150 0025914 0025929 0026809 0085243 0025933 1513853 0025914 0025929 0026809 0028754 0241863 1515981 1518422 1306673 0243107 0678723 1527148 0757661 1416912 0597357 0065059 0023820 0033684 0439849 0445223 0017687 0876232 0007634 3282337
 0332290 0332529 0007584 0237753 0449788 0205307 0439166 0441889 0456079 1314677 1547707 2347086 2946261 1513853 0025933 0025914 0025929 0026809 0028754 1518422
 0392360 1518422 2963144 1705535 1705241 1705242 0543483 0699748 0011854 1320657 0441729 0011847 0011849 0021966 0221138 0332307 1547052 1705920
 0007634 3282337 0449450 0007634 3282337 1518422 0183683 1521721
 0011008 2348077 0017446 0205147 0332256 2700400 1335144 0757661 1518422 0011847 0011849 0028754 0241863 1518422 1517892 1704666
 0449475 0005528 1317949 3495449 1698986 0035339 0757661 1416912 0597357 0065059 0023820 0033684 0439849 0445223 0332257 0205141 0227531 0227525 0007634 3282337 1709902 1328945 0014609 1519082 0014609 0333610 2350831 0031760
 0042839 2825076 0042890 0243107 0678723 1527148 0242656 0449258 0034699 0004739 0034693 0034721 0332297 0086418 0205170 3146287
 0597360 1171362 0185117 0757661 0007634 3282337 0237881 0750502 3245505
 1159432 0597672 0025519 0025520 0042839 2825076 0439855 1704241 0441471 3541888 0757661 1416912 0597357 0065059 0023820 0033684 0439849 0445223 1883351 0032214 0600138 0035820 1705810
 1707959 0443616 0008731 1325761 3272697 1883727 0227525 0449475 0162339 1514760 0007634 0332307 1269647 1704653 1948049 3540560 0332257 1552866 2700399 0757661 1416912 0597357 0065059 0023820 0033684 0439849 0445223
 0227525 0042839 0087161 0373745 0348011 0035342 1446172 0242210 1148635 1419339 1425671 1446172 0597357 1518422 0205396 1550043 1551388
 0757661 1416912 0597357 0065059 0023820 0033684 0439849 0445223
 0012634 0348080 1705253 0598117 0007634 0205141 3282337 0019868 0232338 0005767 0005768 0229664 0806140 0871261 1704632 1706817 2911692 0160390 3263722 3263723 0021368 0079189 1524094
 0007634 3282337 0030274 0086418 0150312 1278931 1705417 0871261
 0757661 1416912 0065059 0597357 0007634 0023820 0033684 0205392 0205409 0439849 0445223 1548221 3282337 3540770 1514760 0007616 0086418 1441672 0030274 1278931 0598117 0007634 0205141 3282337
 0332149 1705910 2362652 0521116 0557651 2603343
 0597360 1171362 0185117 0757661 0035322 1519082 0035323 0014609 0333610 2350831 0031760 1705535 0757661 1416912 0597357 0065059 0023820 0033684 0439849 0445223 0032214 0600138 0035820 1705810 1519628 1184743 1522240 1159709 0238767 1706086 0205224 0012634
 1883351 1516048 0035820 1705810 1184743 1522240 0023688 0757661 1416912 0065059 0072393 0597357 1418948 0023820 0033684 0439849 0445223 2603362 0008377 0042839 2825076 0042890 1419339 1425671 1446172 0439855 1704241 0443616 0008731 1325761 3272697 1883727 0757661 1416912 0597357 0065059 0023820 0033684 0439849 0445223
 0597360 1171362 0185117 0757661 1416912 0027882 0442726 1511790 1511726 3245479 1705535 0757661 1416912 0597357 0065059 0023820 0033684 0439849 0445223 0543483 0699748 0002395 1521724
 0947630 1547282 0086418 0026447 0025914 0025929 0026809 0757661 1416912 0597357 0065059 0023820 0033684 0439849 0445223 0205250 0007776 1176472 2700441 0019564 0949582 1029104 1284077 0020663 1280712 0035298 1278894 0444868 3539085 0002395 1521724 0012634 0392760 1314939
 0002395 1521724 0012634 0332281 0023688 0024420 1416912 1846978 0003595 0523511 1412481
 0003595 0523511 1412481 0684224 0700287 3496591 1883351 1145667 1167622 0757661 1416912 0597357 0065059 0023820 0033684 0439849 0445223
 0023745 0019247 0017296 0314603 1514562 0017446 0205147 0757661 1416918 0678579 0019564 0086418 0949582 1029104 1284077 1953345 0008654 0814036 0008633 0017446 0024779 0026045 0205147 1706473 0002395 1521724 0012634 1517892 1704666
 1516048 1328885 0004083 0439849 0596306 0699792 1416918 0012634
 1707455 0757661 0680022 1517488 0015576 1704727 0443289 2348205 1705535 0086282
 1511726 3245479 1660642 0470187
 1416912 1846978 0757661 1416912 0597357 0065059 0023820 0033684 0439849 0445223 0024432 1546706 1550652 0027882 0227525 1135918 0596981 1267092 0007634 0026845 0205357 3282337
 1416914 0284555 1515273 1705313 2826302 0284555 1416914 1709902 0022674 1283878 1328945 0014609 0022646 0757661 1416912 0597357 0065059 0023820 0033684 0439849 0445223
 0441889 0456079 1547707 2946261 0439064 0747726 3540560 0086597 0014139 2984285 1518422 0031843 0542341 0700205 1705273
 1416912 1846978 1145667 1167622 0014139 1883525 2346866 1704241 1999216 0332257 0024420 0040300 1547928 0042071 1335224 1522670 0032144 0032140 1367553 0023820 0332257 0023820 0023816 1416902 0023764 0023820 0079323 1333498 0033684 0015350 0076560
 0757661 1416912 0597357 0065059 0023820 0033684 0439849 0445223 0237876 0023688 0205392 3540770 1442162 1550718 3244317 0185117 0027882
 0023820 1416914 0284555 1416914 0086597 0243144 0347980 0337174 1698986 1753314 0022646 0227665 1278978 1514845
 1317500 1317658 0449774 1705535 0035820 1705810 0019868 0042839 2825076
 0037088 0243095 2825141 0022131 0030274 0024432 1546706 1550652 0332290 0872179 0242356 0993637 3641102 0017296 0314603 1511726 1527178 1705938 3245479 0757661 1416912 0597357 0065059 0023820 0033684 0439849 0445223 0017337 0011854 1320657
 1442162 1550718 3244317 1328885 0004083 0439849 0596306 0699792 0011854 1320657 0441729 0011847 0011849 0021966 0221138 0332307 1547052 0017337 0017446 0150312 0205147 1171304 0035647 0392747 0443172 0597360 0428479 1171362 3244092 0185117 0441889 0456079 1547707 2946261 0757661 1416912 2713393
 0039593 0392366 0032529 0185117 0024075 0335038 0439659 1883351 0376649 1442065 1522634 1272695 2746065 0007600 0007634 0205132 1269647 1704653 1948049 1442162 1550718 3244317 1317500 1317658 0449774 0757661
 0376554 0205257 0728938 1548386 1511726 3245479 1705535 1517488 0015576 1704727 0332257 1158917 0025519 0025520 0851285 1327622 0019868
 0332148 0750492 3540560 0011854 0332281 0441729 1320657 0011847 0011849 0332307 1547052 0002395 1521724 0012634 1515981 0012634 0348080 1705253 0392760 1314939 0018684 1999230 1521840 2986546
 0034036 0034037 1514756 1704324
 1272684 1548435
 0023866 0034036 0520510 0023866 0034036 0369637 0441923 2347167 0035820 1705810 0589507 1158830 1704686 0205734 0011847 0011849
 1517844 0038088 2681928 0025663 0449851 0871511 0242349

 0042789 1947903 0282411 0947611 1705247 0000857 0600678 1552863 0220928 0019868 0042839 2825076 0011849 0011847
 0028707 0392209 1442959
 0042789 1947903 0282411 0947611 1705247 0025141 0022718 0439209 0017398 0017399 0004364 0012634 0443146 1708726 1704259 1705987
 0011847 0011849 0000857 0600678 1552863 0230613 0442799 0449913 1553451 1704459 0441587 1880274 0439086 2827736 2981702
 0041703 0268596 1418943 2700624 3642273 0000857 0600678 1552863 0205090 0684010 2603358 0814812 0031843 0542341 0700205 1705273
 0205090 0684010 2603358 3538926
 0042839 2825076 0042890 0012634
 0027976 0205314 1261082 1551056 2981682 0038088 2681928 0439267 0020898 0021764 0022271 1423842 3540579 0007634 3282337 1327616 0282554 1527036 0033414 0205263 0857127
 1517844 1419366 2986463 0439526 3540513 0204727 0205409 0220862 1880022 0086282 1611821 0680022 2698041
 2347379 0025141 0369637 0441923 0079411 3146294 0599773 2984295 0034865 1334043 0014834 0014833
 0965991 0000857 0600678 1552863 1414370 2348481 0022418 0033727 0369286 0441932 0564385 0039462 1705540 0205090 0684010 2603358 0039462 1705540 0332120 2753390 0005528 1317949 3495449 0042839 0087161 0373745
 3272372 1550751 0439090 1423767 0242397 0036154 1704648 0262500 1512358 3538713 1836672 1552603 1706202
 0349590 1262865
 0042789 1947903 0282411 0947611 1705247 0025141 0085243 2986594 0025914 0025929 0026809 0241863 1844666 0241863
 0020964
 0282417 0020964 0700364
 0025141 0999213 0009017 0009015 1880022 0038164 0242972 0597357 0748025 1335532 1537044 0033684
 2347379 0025141 0454673 1550752 0035298 1278894 0445620 1292711 0449719 1709471
 0019907 2681927 2987742 0145779 3540468 0022337 0449438 0042839 2825076 0001721 0243107 0678723 1527148
 0025519 0025520 0025141 0034821 0065059 0599283 0597357 0024554 0025266 0086418
 0680051 0542341 1704675 0023688
 0201682 0025141 0369637 0441923 0021966 0221138 2347167 0546866 0008630 1283195 0011854 0011849 0011847 0021641 0851827 1533581 1579433 1701901 3244310 0796366
 0349590 1262865
 0042789 1947903 0282411 0947611 1705247 0025141 1419366 0039676 2349943 3539704 0205090 0684010 2603358 0033727 0369286 0441932 0564385 0439526 0009015
 0017337 0025141 0439214 2348814 0439267 0005595 1412573 2350443 3539770 0002778 0936012 1524024 0086418 0185115 3541890 0332574 0085156 1305916 0025255 0596901 1706182
 0230467 0741204 0000857 0600678 1552863 0427861 0007634 3282337 1882810 0030274 1278931
 0025141 2986904 3272372 1328885 0004083 0439849 0596306 0699792 0002395 1521724 0012634 0557651 0947630 2603343 0678951 0032529
 0450385 0450387 0025141 0022801 0227531 2340138 0227525 0598117 0007634 0205141 1269647 1704653 1948049
 0025141 1832586 1425688 2709207 0036572 0038983 1706071 0597277 1708601 0439254 0033727 0369286 0441932 0564385 0033727 0369286 0441932 0564385 0450955 0034821 0242972 0748025 1366529 1416912 0023823 0597357 0065059 0023820 0033684 0178587 0205251 0439849 0445223 1299352 1550472 0757661 1416912 0597357 0065059 0023820 0033684 0439849 0445223 0227525 0001613 0007776 1176472 2700441 0003595 0003591
 0040371 0000857 0600678 1552863 1708595 3280986 0033727 0369286 0441932 0564385 0011318 0008630 1657114 0475264 1744691 0034821 1366529 0023823 0065059 0086282 0284555 1416914 1611821 0015576 0017968 0023820 0178587 0205251 0597357 0680022 1299352 1550472 1704727 2698041 1416914 1416920
 0887950 0025141 0369637 0441923 0439482 0678594 0065059 0920644 0023820 0031843 0542341 0597357 0700205 1705273 0212576 0034821 1366529 1416912 0242972 0748025 0023823 0597357 0065059 0023820 0033684 0178587 0205251 0439849 0445223 1299352 1550472 3540560
 2347961 0025141 0205090 0684010 2603358 0022688 0439267 0521091 0750484 0011854 0011849 0011847 0021641 0851827 1533581 1579433 1701901 3244310 1415869 1838261 1415870 1838260 1415873 1833218
 0027960 0324740 0325074 0439189 1456781 1824986 0022773 0369637 0441923 0012836 0205090 0684010 2603358 0546866 3642216 1708595 3280986 0282379 0332281 3540513 1880022
 0349590 1262865 0025141 0033727 0369286 0441932 0564385 1414370 2348481 0014139 2984285 1705535 0035820 1705810 0019868 0042845 2936883
 0041703 0268596 1418943 2700624 3642273 3538705 0033727 0369286 0441932 0564385 0022773 0205090 0684010 2603358 0337174 1698986 1753314 0598117 0007634 0205141 3282337 0034693 0034721
 0023779 2347379 0000857 0600678 1552863 1419366 0016327 0439133 1553038 3541314 0205090 0684010 2603358 0199236 0557651 2603343 0439267 0011198 0017480 3541240 0016327 0439133 1553038 3541894 0015576 0199236 0441833 0557651 0687744 1257890 1552516 1705428 1705429 2603343 1283195 1415869 1838261 1520381
 0325074 0025141 0439267 0024432 1546706 1550652 0449438
 0007634 0450389 1269647 1704653 1948049 0025141 0268059 3541314 0085243 0025914 0025929 0026809 0241863 0011847 0011849
 1417055 0000857 0600678 1552863 0332174 0439230 0022337 0036154 0018387 0332120 1517892 1704666 0494463 1970209 0814122 0002395 1521724 0277793 0012634 0008626
 1422839
 1096774 2360551 0282411 0947611 0033727 0369286 0441932 0564385 0597277 1708601 0441712 0334094 1514485 2246342 1373178 0025519 0025520 0450363 0205449 0678594 0439534 1707753 0015350 0521119 1704640 1706515
 1335641 0025141 0011318 0026655 1705291 0034821 1366529 1416912 0242972 0748025 0023823 0597357 0065059 0023820 0033684 0178587 0205251 0439849 0445223 1299352 1550472 0386684 0065059 0597357 0543484 0699900 1516314
 0017428 2338314 0015127 1314792 1524003 0012634 0011854 1320657 0441729 0011847 0011849 0332307 1547052
 0025141 0369637 0441923 0369637 0441923 2986904 0439482 0018576 1880351 0332453 1326504 0600210 1533574 1881827 0206745 0025914 0025929 0026809 0332268 0078394 1152819 0597357 0052198 0051300 0003595 0523511 0597357 1412481
 0007634 0439073 0439082 1269647 1704653 1948049 0025141 0039462 1705540 0037993 0771377 1278932
 3538926
 0019638 0205462 0344441
 0031525 0039462 1705540 0439482 0065059 0597357 0035820
 0007634 0349590 1262865 1269647 1704653 1948049 0025141