 0025250 1366499 0002716 0011560 0030956 0439509 0611285 1637379 2827734 2981698 0039945 0030946
 0027910 1552241 1555991 0021622 1272753 0587493 1704729 0027910 1552241 1555991 0870614 0036375 0588053 1547183 0040371 0041740 0040371 1704729 0557806 1704729 0036378 0036375 0022341 0034036 0034037 1514756 1704324 0348078 0376315 1515981 1522492 1527075 0557061 2584313 1514811 1706462 1883351 0002716 0011560 0030956 0611285 0014442 0205177 0439167 0441655 1561536 0039945 0311403 0070915 1515655 0025250 1366499 1706202 1334043 0009013 0025250 0030940 1366499 1947941 0025250 1366499 0025250 1366499
 0025250 1366499 0031603 0031701 1601799 1334043 0017337 0030946 0043292 0008633 1418526 0025250 1366499 0914118 1414245 0030946 0033684 0150312 2267219 0441655 0025250 1366499 0025250 1366499 0025250 1366499 0914118 1414245 0030946 0332324 1550474 0070915
 0030940 0392366 0025250 1366499 1881707 1883254 0007634 0439509 1269647 1327616 1704653 1948049 1637379
 1418526 1881707 0009264 0009443 0234192 0439509 0025250 1366499 1881707 0009264 0009443 0234192 0439509 0871208 1521828 0439792 0439834 0442799 0025250 1366499 0015272
 1511726 3245479 1705535 0030946 0441655 0332324 1550474 0070915 0025250 1366499 0014442 1515655
 2584326 1150197 0205177 0439167 0441655 1561536 0449445 0441889
 0557061 2584313 1514811 1706462 0002395 1521724 0012634 0002716 0011560 0030956 0611285 1880022
 0002520 0085151 3538722 0033665 1456454 0002716 0011560 0033684 0597304 0611285 1709634
 1515926 0449297 1382187 2825073 0205217 0441889 0442805 1880177 2936349 0333562
 0004268 0033268 0205234 1285542 0023882 0700321 2700395 0205309 1881707 0006104 0521097 1269537
 0020792 0205396 0543484 0699900 1314939 1516314 1515655 1707689 2983265 1883351 0309872 1292734 1522326
 0030940 0030946 1947941 0332257 0007427 1332805 0007428 2827734 2981698 0439855 1704241 0740116 2827735 2981700 0021669 1415875 0014442 0021641 1533581 1579433 0439086 2827736 2981702 1998793 0014442 0014445 0205396 1550043 1551388 0021135 1533691 2827718
 0439064 0443302 1514798 0030940 1547282 1883351 0021135 1533691 2827718
 1515655 0205234 0543484 0699900 1285542 1516314 0348078 0376315 1522492 0750591 1883351 0450442 1254351 1521826
 0332185 0030946 2348205 0205280 0025250 1366499 0205177 0439167 0441655 1561536 0332324 1550474 0070915 1515655 0543484 0699900 1314939 1516314
 0025250 1366499 1179841 0025252 0007603 0038164 3161472 0025255 0033684 0596901 1706182 0086282 1611821 0008902 0015576 0680022 1549810 1704727 2698041
 0025250 1366499 0030956 0014298 0027481 0051989 1144709 2709270 3537020 0018792 0030956 0597421 0079284 0038585 1420563 0439861 0040287 0220927 0040300 0520511 1547928 1704711 0038592 0037791 1511884 1710236
 0015576 1704727 2700400 0025543 0025250 1366499 2745878 0014442 0079284 0246118 1414244 1567265 1414244 0003320 0031603 0031701 1601799 1334043 0017337 0030946 0043292 0008633 1418526 0914118 1414245 0030946 0914118 1414245 0030946 0014442 0450348
 0025250 1366499 0914118 1414245 0030946 1547282 1883351 0332324 1550474 0070915
 0246118 1414244 1567265 1414244 1518422 0039945 0311403 1554077 2828389 0014442 0014445 1515655
 0205171 1720467 0070915 0311403 0040300 0150312 0449450 1516960
 1418526 0030956 0332324 0036667 0312418 0427965 1511883 1522640 2346484 2349185 0070915 0439673
 0025250 1366499 0914118 1414245 0030946 1418526 1515655
 0027552 0686904 1883351 0750591 0392148 0205177 0439167 0441655 1561536 0332324 1550474 0070915 1273518
 0557651 2603343 0750591 1313915 1292732 0392148 1334043 0914118 1414245 0030946 1418526
 0009013 0006556 1515273 1705313 2826302 0025250 1366499 0332128 0332324 0427965 0070915
 1707455 0085732 0025250 1366499 1418526 0914118 1414245 0030946 0025250 1366499 0150312 0025250 1366499 0014442
 0557061 2584313 1514811 1706462 0009015 1883351 1301820 1706701 0006556 1334043 1418526 0028953 0002520 2917660 0001128 0202406 1709915 1882936 0025250 1366499 1273517
 0018370 0439267 0439267 1414899 0444860 0312907 0337445 1235746 1882141
 0032520 0677874 0006353 0884358 0022341 0024472 1457900 3171718
 1517480 1521871 1705759 0206243 0699809 0205265 0301642 0439787 0680240 0849355 1279901 1555582 1705685 0231448 1880641
 1514468 0596607
 0017243 1382104 0009013 0032520 0077229 0086022 0146224 0442335 0677874 1705099 1826357 0004793 0162326 0162327 1519249
 0006556 0027365 0025250 1366499
 0439084 0728893 1335528 1883633 0017337 0025250 0030940 0439086 1366499 1947941 2827736 2981702 0017446 0205147 0242574 0032520 0677874 1524063 1706710 0206415 0206415
 1514468 1883633 0017446 0205147 0009013 0032520 0077229 0086022 0146224 0442335 0677874 1705099 0004793 0162326 0162327 1519249
 0025250 0030940 0443225 1366499 1444754 1706316 1947941 0006556 1524063 0206415 1709450 0439084 0728893 0439084 0728893
 0184661 1948041 2700391 3274430 3538935 3539779 0884358 1883351 1301820 1706701 0006556 1334043 0014442
 0028953 0444860 1705070 1235746 1882141 3537453 3538933 0041405 1824670 3272447 3537453 0002520 2917660 0001128 0202406 1709915 1882936 0025250 1366499 1521827 0032520 0677874 0445247 0884358 0012634 0348080 1705253 1552738 1282910 1552828
 0004793 0162326 0162327 1519249
 0025250 1366499 0006556 0006556 0019564 0086418 0168374 0949582 1029104 1284077
 0006556 0914118 1414245 1301820 1552738
 0162326 1707271 0006556 0205088 0444930 1705314 1705315 2746065 1292748 0032520 0677874 1524063 0206415 0332256 2700400 0028630
 0006556
 0007585 0007634 0010453 0220814 0430400 1269647 1704653 1948049 2242979 0040669 0682523 0427861 1947950 0007600 0553257 0007634 0205132 1269647 1704653 1948049 0010454 0009458 0325564 0392747 0439536 1551720 1705217 3244283 0010453 0220814 0430400 2242979 0039421 0007452 0015965 0229671 0521457 1140701 1546774 1550100 0242295 1947943 2348609 0038425 0039421
 0086022 0442335 1705099 1880497 0025250 1366499 1418526 0025250 1366499 0025250 1366499 0025250 1366499 0006556 0914118 1414245 1524063 0025663 0449851 0871511 0006711 0006712 1161320
 0205132 0036576 1301820 0052009
 0815000 0007634 3282337 0528480 1418986 0872078 0026882 1705285 0036576 1301820 0063201 0052009
 0003241 0027365 0003241 0597551 0030956 0442818 1883254 1707271 0002520 2917660 0001128 0202406 0205088 1705314 1705315 1709915 1882936 0025250 0030940 0332285 1366499 1947941 0017837 0162768 0017817 0033684 0040676 0332466 1293131 1709915 1882936 0025250 0030940 0332285 1366499 1947941 0017837 0162768 0017817 0033684 0040676 0332466 1293131 1709915 1882936 1418526
 0022877 3244292 0457242 1555265 0359168 0003250 0003241 0746619 1708067
 0807093 0003241 0021027 0914118 1414245 1880022
 0949466 0005863 0002778 0936012 1524024 1705493 0007634 3282337 0020283 0450407 0450408 0450409 0037494 1959973 0064858 0070329 0179834
 0025255 0032931 0032932 1550101 1642401 2584299 1521827
 1550101 1264633 1273517 1383501 1554103
 0441436 0993610 1998480 0024348 0037633 0150312 0332285 0525069 0146951 0133689 0242759 0450376 0179834
 1550101 0025255 0596901 1264633 1273517 1554103 1706182
 1510844 0071500 0017243 0071499 0086972 0443299 0687118 0071710 0025255 0348011 0596901 1706182
 0025255 0596901 1706182 0349375 0026131 0028778 0332206 0349374 0444318 2825079 2983591 0020283 0450407 0450408 0450409 0037494 1959973 0003241 0021027 0205225 0439631 1439852 0006353 0018019 1265549 1510458 0019941 0034493 0331955 0454842 0234621 1524063 0331955 0439755
 1881488 1521827 1524063 0037633 0525069 0146951 0133689 0242759
 0005507 0243073 1510438 1264633 0440102 0006556 0051078 1173192 0023401 1439852 0021622 1272753 0022341 0020283 0265215 0450407 0450408 0450409 1417092 0019215 1882074 0020283 0450407 0450408 0450409 1442450
 0439962 0023402 0002570 0023401 1524062 3538743 1517331 1439852 0000854 0220777 0312860 0444706 2347023 2347080 2698776 2825050 3541902
 0021467 0021469 1628982 3463820 0557651 2603343 1264633 0039945 1442446 0070915 1883712
 0005507 0243073 1510438 1264633 1439852 1442460 1527121 0332060 0019215 1882074 0020283 0450407 0450408 0450409 0064858 0205197 0725685 1442450
 0443286 1114821 0037633 0525069 1272691 1883712 0332256 2700400 0077096 0005304 0013618 0332283 0242301 1546559 1524063 0008562
 0947630 1264633 0039945 1442446 1883712 1442460 1527121
 0005507 0243073 1510438 0012403 0038770 0038771 0851343 1549535 0439526 0037633 0525069
 3171719 1264633 0025255 0596901 1439852 1706182 0019215 1882074 0020283 0450407 0450408 0450409 0064858 0040223 1632851 1444656
 0443286 1114821 0040982 0001128 0006353 0202406 1272691 0945818 1883712 0037633 0525069 0008562 0030211 0041573 0205390 0439211 1555029 2001893 1720154 0030608 0040371 0022341 0006353
 0442711 1507394 1522729 2348563 1273517 1883351 1442460 1527121 0030956 0028263 1706907 0936012 1268822 2825050
 1514468 0037638 0205132 0439182 0812409 0040982 0001128 0202406 0050456 0456692 0702093 2826285 0806140 0871208 1521828 0702093
 0030956 0442726 1268822 1511790 2825050
 0039945 0021467 0021469 1628982 3463820
 0002778 0936012 1524024 0002518 0751971 1553778 1561491 0008562 0009264 0009443 0012238 0234192 0444505 2349986 0005507 0243073 1510438 0030956 1516695 1516698 0042221 1512080 2827485 0183396 0183395 0577559 0936012 1306372 1710143 3152252 1552738
 0002778 0936012 1524024 1265611 0030956 0007603 1264633 0805525 0007634 3282337 0444505 0030956 1273517 1883351 0205265 1279901 1555582 1705685 0086045 0086045
 1316572 1317574 1369612 1264633 0805525 1547282 0243125 0699900
 1710637 0444502 0205435 0441889 0449286 0542560 0552449 0680240 1279901 1561545 2348088 0332283 1719822 0005507 0243073 1510438 0007634 3282337 0010454 0007585 0009458 0010453 0220814 0430400 0439536 1705217 2242979 3244283 0332197 1689985 0007452 0015965 0229671 0521457 1140701 1546774 1550100 1516695 1516698 1720119 1948037 0332462 1880834 1273517 1710236
 0010454 0009458 0010453 0220814 0430400 0439536 1705217 2242979 3244283 1264633 0025255 0596901 1439852 1706182 0019215 1882074 0020283 0450407 0450408 0450409
 0443286 1114821 1272691 0242301 1546559 0370003 2347026 0681850 1550501 1706203 2349001 2697811 0014441 1709793 0439509
 0557061 2584313 1514811 1706462 0006556 0009015 0025250 0030940 1366499 0030940 1334043 1418526 1707689 2983265 0206415
 1521713 0006104 0006556 0025914 0025929 0026809 1269537 0728990 1514575 1705542 0032520 0677874 0683230 0012854 1517480 1521871 1705759 1274040 1546471 2825142 0456389
 1514468 0009013 0150312 0205280 0004793 0162326 0162327 1519249 2348205
 0205280 0025250 1366499 1567265 1414244 1418526
 1553778 1561491 0443225 1444754 1706316 1316572 1317574 1369612 0392148 0750492 0002345 0035687 1523987 2610186 1274040 1546471 2825142
 1515273 1705313 2826302 0025250 0030940 1366499 1947941 0025250 1366499 0025250 1366499 1521970 0349966 1337208
 2827734 2981698
 0009013 0025250 0030940 1366499 1947941 0025250 0030940 1366499 1947941 0025250 0030940 1366499 1947941 0025250 0030940 1366499 1707455 1947941 0025250 1366499 0025250 1366499 0021107 0441587 1512796 1883719 0332282 1519623 0017446 0205147 1167322 2752508 0001128
 0597298 0681842 1882327 1883351 1514535 0078803 0242210 1519623 0449719
 0025250 1366499 1547282 1334043 2697616 0025250 1366499 0680022 0015576 1704727
 0206415 1707689 2983265 1883351 0030940 1334043 0014442 1518422 0017337
 0332185 0035168 0242481 0441833 0687744 1257890 1552516 1552839 1705428 1705429 0684224 0700287 3496591 0086282 1611821 0680022 2698041
 0025250 1366499 0025250 1366499 0205280
 0025250 1366499 0597298
 0449911 0333052 2607870 0557702 1272706 1704674 0557702 1272706 1704674 0349966 1337208
 2827734 2981698
 0025250 0030940 0162326 0205225 0439631 1366499 1514861 1882932 1947941 0025250 1366499 0025250 1366499
 0205142 1882932 0001128 0025250 0030940 0441587 1366499 1947941 0033684
 0028630 0002518 0002520 2917660 0001128 0162326 0202406 0282413
 0145779 3540468 1882932 1519623 1167322 1880389 1883221 2752508 3541951 1148621 0043481 0243122 1145667 1167622 1514562 2348288
 1080898 0733755 1335528 0017337 0025250 0030940 1366499 1947941
 0185117 0025250 1366499 1418526 0914118 1414245 0030946 0025250 0030940 1366499 1947941 0006556 0185117 1524063 0003241 0021027 1707271 0070333 1418461 0025250 0030940 0205088 0442818 0449719 1366499 1705314 1705315 1947941
 0086022 0442335 1705099 0205171 0439044 0679994 0205543 1691010 1883351 0007634 3282337 0025250 0030940 0033684 0205227 1298908 1366499 1549444 1947941 0442726 1511790 1708639
 1264633 0025250 0030940 1366499 1947941 0007634 0025250 0030940 1366499 1947941 3282337 0175723 0442726 1511790 1708639
 0025250 1366499 0037179 0087136 0175723 0205171 0439645 1521913 1532717 0376702 0007634 3282337 1518422 1547282 0085080 0018555 0007634 0008120 0018557 0029939 0152035 0227898 1278992 3282337 1532717 0175723 0439645 1521913 0750492 1882932 0205250 0033684 0205369 1552740
 0025250 1366499 0025250 1366499 0025255 0596901 1264633 1706182 0175723 1708639
 0002520 0332509 0001128 0442808 0456389 0033684 1518422 0007634 0025250 0030940 0205397 1366499 1947941 3282337
 0025250 0030940 1265611 1366499 1947941 0025250 1366499 0441994 1548802 2003888 0030940 1947941 0025250 1366499 0025250 1366499 1518422 0442726 1264633 1383501 1511790 1518422 1547282
 0010454 0009458 0010453 0220814 0430400 0439536 1705217 2242979 3244283 0442726 0025250 0030940 0205171 1366499 1720467 1947941 1708639 3152252 0577559 1306372 0443228 0549177 1704243 1274040 1546471 2825142 1705535 0002518 0002520 2917660 0001128 0162326 0202406 0025250 0030940 0441587 1366499 1947941 0850310 1710082 0025250 0030940 1366499 1947941 1159342 0392747 1327616 1704259 1705987 0025255 0596901 1706182

 0684224 0700287 3496591 3152252 0577559 1306372 0025250 0030940 1327616 1366499 1418664 1419968 1826261 1947941 0392756 0445247 0577559 1306372 3152252 0039798 0087111 1522326 1533734 1705169 3538994 0061642 0070345
 0449911 0333052 2607870 0557702 1272706 1704674 0557702 1272706 1704674 0349966 1337208
 0740116 2827735 2981700
 0002778 0936012 1524024 1418526 0025250 1366499 0025250 1366499 0025250 1366499 0914118 1414245 0030946 0205132 1550648 1552960
 1265611 1264633 0006556 1444656 1708639 0002778 0936012 1524024 1705493 0681850 1550501 1706203 2349001 2697811 1524063 1708639 1708639 1708639
 2347469 1264633 0914118 1414245 0030946 1708639 0002778 0936012 1524024 1705493 0681850 1550501 1706203 2349001 2697811 1524063 0807093 0003241 0021027 0914118 1414245
 0010454 0009458 0010453 0220814 0430400 0439536 1705217 2242979 3244283 0010454 0009458 0010453 0220814 0430400 0439536 1705217 2242979 3244283 0025250 1366499 0025250 1366499 0025250 1366499 0002778 0936012 1524024 1705493 0681850 1550501 1706203 2349001 2697811 1524063 1708639
 0175723 1444656 2945706 0487602 1704680 0229671 1441547 1546774 1550100 3245521
 0073187 0680844 0681916 0750572
 1881488 0006556 1522485 1708067 1708632 0002778 0936012 1524024 1705493 0681850 1550501 1706203 2349001 2697811 1524063 0457242 0003242
 1265611 0025250 1366499 1418526 0025250 1366499 0914118 1414245 0030946 0444499 0444499 0444499
 0033684 0003241 0445247 0077244 1418460 2248921 2347469 0030940 1947941 0003241 0021027
 1316572 1317574 1369612 1265611 1708715
 0086282 0025250 1366499 1418526 0914118 1414245 0030946 0033684 0442726 1511790 0175723 1708639 1518422 0007634 0442726 1511790 3282337 1708639 0439086 2827736 2981702
 0025250 1366499 1418526 0914118 1414245 0030946 1518422 0442726 1264633 1383501 1511790 0010454 0009458 0010453 0220814 0430400 0439536 1705217 2242979 3244283 1518422 1547282
 1883351 0750572 1265611 0006556 1707271 0205088 0444930 1524062 1705314 1705315 2746065
 0522510 0003242 0003241 0021027 0442726 1511790 1708067 1705052 2986796 1265611 1708067 0017243 1708715
 0349966 1337208
 1547282 1274040 1546471 2825142 1265611 0349966 1337208
 1705052 2986796
 0017243 1382104 0349966 1337208 1547282
 1708715 0025250 1366499 1418526 0025250 1366499 1883708 0003241 2986582
 0522510 3641650 1274040 1546471 2825142 1518422 0030940 0332256 2700400 1708067
 0750572 1274040 1546471 2825142 1265611 2827734 2981698 2827734 2981698 2827734 2981698 0025250 1366499 2827734 2981698 1418526 0025250 1366499 0914118 1414245 0030946
 1883712 1418526 0025250 1366499 0392756 0026385 0005910 0043100 1305866 1521991 1705104 0043100 1707455 0332197 1689985 1708067 1705535 0017982 0376322 0392747 1554963 0004793 0162326 0162327 0678226 1519249 1708067
 1441672 0086439 1150197 0205177 0439167 0441655 0597304 1561536 1947941 1706704 0025250 1366499 1518422 1547282
 1273517 0030940 1947941 0002778 0936012 1524024
 0205177 0439167 0441655 0597304 1561536 1947941 1292732 1150095 1150197 0025250 0030940 0205177 0439167 0441655 1366499 1561536 1947941 0332324 0427965 0070915
 1264633 0025250 0025255 0030940 0596901 1366499 1706182 0030940 0051078 1173192 0023401 1439852 0020283 0450407 0450408 0450409 0349966 1337208
 0439086 2827736 2981702 2347469
 1264633 0805525 1547282 0442811 0205251 0441889 0456079 1299352 1547707 1550472 2946261 0243102 0205177 0439167 0441655 1561536
 0441889 0449286 0542560 1561545 2348088 0007603 1264633 0805525 0349966 1337208 2347469
 1418526 1547282 0205251 1299352 1550472 0205177 0439167 0441655 0597304 1561536 1947941 0243148 1550141 1707455 1882979 2587213 3274648
 0025250 0030940 0238767 1366499 1706086 1947941 0025250 1366499 0030956 0441655 0445247 0205437 0205447 0025250 1366499 1707455
 1979874 0025250 1366499 0205177 0439167 0441655 0597304 1561536 1947941 0243148 1550141 1707455 1882979 2587213 3274648 0428479 0025250 0030940 0033684 0441889 0456079 1366499 1547707 1947941 2946261 2348205
 1705535 0025250 0030940 0033684 1366499 1947941 0038592 0037791 1511884 1710236 0014436 1879547
 0332149 1705910 2362652 0002518 0002520 2917660 0001128 0004793 0162326 0162327 0202406 1519249 0025250 0030940 0441587 1366499 1947941 0018790 0237477 0392351 0521111 0205177 0439167 0441655 1561536 0185026 0521102
 0914118 1414245 0030946 0205177 0439167 0441655 0597304 1561536 1947941 0450365 1706097 1150171 0205177 0439167 0441655 1561536 0332324 0036667 0312418 0427965 1511883 1522640 2346484 2349185 0070915 1511040 0079005 0185117 0449913 0935640 1553451 1704459
 1150197 0441655 0597304 1947941 1418526 0025250 1366499 0025250 1366499 0039945 0311403 0070915 1705535 1515655
 0025250 0030940 0348078 0376315 1327616 1366499 1522492 1947941 0205177 0439167 0441655 0597304 1561536 1947941 1518422 1547282
 1301820 1274040 1546471 2825142
 0449911 0333052 2607870 0557702 1272706 1704674 0557702 1272706 1704674 0349966 1337208
 0439086 2827736 2981702
 1150095 0205177 0439167 0441655 0597304 1561536 1947941 0205132 1550648 1552960
 1264633 0006556 1185738 1444656 1706132 1150095 0030940 0205177 0439167 0441655 0936012 1561536 1947941 1524063 0332197 1689985 1185738 1706132 0392148 1185738 1706132 0070915 1185738 1706132
 1511726 3245479 1882932 0681814 1547282
 2347469 1264633 0025250 1366499 0914118 1414245 0030946 1150095 0030940 0205177 0439167 0441655 0936012 1561536 1947941
 0243125 0699900 1880022 1150095 0205177 0439167 0441655 1561536 1524063 1442460 1527121 1883254
 1883351 0332196 2828389 1280500 1265611 0085732 0936012
 1264633 0805525 0015272 0205177 0439167 0441655 0597304 1561536 1947941 0444505 0450373 1553636 0205119 1442450
 0025250 1366499 0205216 0392756 0442797 0444505 0205217 0442805 0444505 1705535 0025250 1366499 0002520 0001128 0030956 0332296 0700321 1880497 1996904 0205103 1550465 2827755 0450375 0205119
 0243125 0699900 2348205 1552738
 0243125 0699900 0205197 0039945 0311403 1705535 0025250 1366499 0030956 1292426
 1292426 0025250 0205197 1366499 0868946 1518422 1547282
 1418526 0025250 1366499 0025250 1366499 0025250 1366499 0914118 1414245 0030946 1518422 1979963 2003903 1278655 0445247 0349966 1337208 0439267
 1979963 2003903 0205280 1518422 1547282 0684224 0700287 3496591 1705535 0025250 1366499 0369718 0441922 1553036
 0449911 0333052 2607870 0557702 1272706 1704674 0557702 1272706 1704674 0349966 1337208

 0597304 0030940
 0449774 1513371 1705738 2347637 2348146 1547282
 0439267 1264633 0006556 0441833 1444656 1999270 3537156 0205177 0439167 0441655 0936012 1561536 1442460 1527121
 0033727 0369286 0441932 0564385 0039945 0007603 1264633 0805525
 0205119 1609177 1882932 0205266 1442460 1527121 1554187 1514468
 1511726 3245479 1882932 0681814
 0243125 0699900 0332128 0243125 0699900 1524063 0008562 1273517 0243125 0699900 0025664 0184661 2700391
 1264633 0805525 1639518 1947986 0205160 0243148 1273517 1513916 1550141 1882979 2587213 2825415 2825491 3274648 1553637 0441833 1999270 3537156
 0025250 0205197 1366499 1881707 0030956 0444505 1553637 0441833 1999270 3537156 1292425
 0243125 0699900 0030956 0233426 0439064 0700364 1553637 0441833 1999270 3537156 0205119
 0025250 1366499 1547282 0205251 1299352 1550472 0205177 0439167 0441655 0597304 1561536 1947941 0392756 0444505 0547047 0233426 0700364 1553637 0441833 1999270 3537156
 0039945 1553637 0441833 1999270 3537156 0070915 1518422 1547282 0205197 1150197 0205177 0439167 0441655 0597304 1561536 1947941 0025250 1366499 0025250 1366499 0025250 1366499 0914118 1414245 0030946 1553637 0441833 1999270 3537156 0439084 0728893 0025250 0030940 0348078 0376315 1327616 1366499 1522492 1947941 1518422 1547282 1547282 0205177 0439167 0441655 0597304 1561536 1947941
 0005507 0243073 1510438 0332462 1880834 1264633 0025250 0025255 0030940 0596901 1265611 1366499 1706182 1947941 0025250 1366499 0007634 3282337 1882115 1265611 1547282 0205177 0439167 0441655 0597304 1561536 1947941 1292425 1518422 1547282
 0040223 3541383 0033727 0369286 0441932 0564385 0442752 0025250 1366499 1881707 1265611 0025250 1366499 1517331 1518422 0439509
 1418526 1547282 0205177 0439167 0441655 0597304 1561536 1947941 0025250 1366499 0025250 1366499 0914118 1414245 0030946 1547282 0205177 0439167 0441655 0597304 1561536 1947941
 0449911 0333052 2607870 0557702 1272706 1704674 0557702 1272706 1704674 0349966 1337208
 0439084 0728893
 0597304 0030940
 2347469 1264633 0006556 0441833 1444656 1999270 3537156 0936012 1524063 0008562 0009264 0009443 0234192 0439509 1292425 1292426 2347469
 0039945 0007603 1264633 0805525 2347469 0441833 1999270 3537156 0007634 0025250 0030940 1366499 1947941 3282337 0441833 1999270 3537156
 0205119 1609177 0444505 1514468
 0336721 0444505
 1511726 3245479 1882932 0681814
 0073187 0449247 0040223 0750729 3541383 1553033 0025255 0073187 0596901 1264633 1706182 0030940 1947941
 0004457 0999597 1522496 1882932 0444505 0030956 0007634 1707455 3282337 0243148 1550141 1882979 2587213 3274648 1320226 0439531 1948053
 0009264 0009443 0234192 1273517 1710236 0025250 1366499 1881707 0205313 0392756 0444505 0547047 2347409 0233426 0700364 0441833 1999270 3537156 0243148 1550141 1707455 1882979 2587213 3274648 0441833 1999270 3537156 1292426
 1979874 1418526 0025250 1366499 0025250 1366499 0025250 1366499 0914118 1414245 0030946 0441833 1999270 3537156 0025250 0030940 0348078 0376315 1327616 1366499 1522492 1947941 1518422 1547282 1547282 0205177 0439167 0441655 0597304 1561536 1947941
 0243125 0699900 0025250 1366499 0205197 0039945 0311403 0441833 1999270 3537156 0070915 1518422 1547282
 0332462 1880834 1264633 0025250 0025255 0030940 0596901 1265611 1366499 1706182 1947941 0025250 1366499 0007634 3282337 0914118 1547282 0205177 0439167 0441655 0597304 1561536 1947941 1292426 1518422 1547282
 0025250 1366499 1881707 1265611 0040223 1632851 0033727 0369286 0441932 0564385
 0030940 0025250 0030940 0205171 1366499 1720467 1947941 1881707 1265611
 1706793 0002518 0002520 2917660 0001128 0004793 0162326 0162327 0202406 1519249 3152252 0577559 1306372 0025250 1366499 0441833 1999270 3537156 1705535 0332256 0444505 2700400 0444686 0577559 1306372 1441506 1443182 3152252
 1274040 1546471 2825142 0332290 1444656 1442460 1527121 0205242 0333853 0039945 0030940 1947941 1515655
 1514468 1518422 0205396 1550043 1551388 0678226 0243125 0699900 0750492 1517331 3146286
 0002778 0936012 1524024 0025250 1366499 0042295 1710637 0025250 1366499 1524063 1265611 0030956 0021966 0221138
 0042295 0042295 1710637 0702093
 0332218 0042295 1710637 0030940 0042295 0549177 0042295 1710637 0700321 0079809 0242485
 0449911 0039224 1706073 1706074 0557702 1272706 1704674 0557702 1272706 1704674 0002778 0936012 1524024 0025250 0086045 0439509 0440102 1366499 0025255 0596901 1264633 1439852 1706182 1292426
 1710637 0444686 1441506 1443182 0025664 0184661 1517586 1552738 2700391
 0243125 0699900 1292732 0243125 0699900 1327616 0030940
 1707391 0085151 3538722 0033665 1456454 0002716 0011560 0033684 0611285 1709634 0026882 1705285 1265611
 1883351 1280500 2348382 0282547 0010453 0220814 0430400 2242979 0010453 0220814 0430400 2242979 0007634 0445079 1441547 3245521 3282337
 0869040 0150312 0449450 0557651 1273517 2603343 0850310 0205177 0439167 0441655 1561536 0205197 0849355 0871786 0243125 0699900 0033684 0205227 0557351
 1883351 0015252 0728940 1264633 0010454 0009458 0010453 0220814 0430400 0439536 1439852 1705217 2242979 3244283 0007634 3282337
 0025250 1366499 1881707 0439509 0243148 1550141 1707455 1882979 2587213 3274648 0349966 1337208 2347469
 1418526 0025250 1366499 0025250 1366499 0025250 1366499 0914118 1414245 0030946 1547282 0205177 0439167 0441655 0597304 1561536 1947941 0349966 1337208 2347469
 0449911 0333052 2607870 0557702 1272706 1704674 0557702 1272706 1704674 0349966 1337208

 0597304 0030940
 1264633 2347469 0006556 1444656 1708639 0205177 0439167 0441655 0936012 1561536 0007634 0445079 1327616 3282337 0085151 3538722 1456454 0033665 0002716 0011560 0033684 0611285 1709634 0596988
 1264633 0002778 0936012 1524024 0884358 1883351 0439509 1185738 1706132 1185738 1706132
 1511726 3245479 1417055 1882932 0681814 1547282
 1514811 1706462 0684224 0700287 3496591 0030946 2348205 0205280 1515655
 0150312 0449450 0557651 2603343 0009013 0025250 1366499 1707455 1150197 0205177 0439167 0441655 1561536 1418526 0025250 1366499 0914118 1414245 0030946 0441655 0332324 1550474 0070915
 1524063 0025663 0025664 0449851 0008562 0014441 1710236 1883254 0007634 1269647 1704653 1948049 1327616 1547282 0030940 0392366 0025250 1366499 1637379 1881707 0205171 1518422 1720467 0086045 0439509 0439284 1514721 2348147 3542016 0021135 1533691 2827718
 0086045 0150312 0449450 0032105 0025250 1366499 0750501 0205393 0332148 0750492 0014442 1515655
 0205435 1279901 2267219 0441655 0025250 1366499 0332324 1550474 0070915 0521093 0750484 0025250 0030940 1366499 1418664 1419968 1422548 1826261 1947941 0332324 1550474
 1418526 0439509 0439834 1883254 0439792 1515981 0004093 1762617 0025250 1366499 1518422 1883254 0007634 0439509 1269647 1327616 1704653 1948049
 0025250 1366499 0205177 0439167 0441655 0597304 1561536 1947941 0025250 1366499 1881707 0009264 0009443 0234192 0439509 0439834 0439792 1515981 0004093 1762617 0025250 1366499 1547282 0205177 0439167 0441655 1561536
 1274040 1546471 2825142 1705535 1418526 0025250 1366499 1510827 1710637 1518422 0014442 0014445 1515655 0025250 1366499 1707455
 1418526 0025250 1366499 0030705 0006104 1521713 1979886
 0750558 1710571 0025250 0030940 1366499 1947941 0025250 1366499 0914118 1414245 0030946 1515655 1547282 1292728 0205177 0439167 0441655 0597304 1561536 1947941 0332128
 1274040 1546471 2825142 1705535 0025250 1366499 0439509 1999216 1979963 2003903 0332290 1524063 0025250 1366499 0439509 1883254
 0025250 1366499 0086597 0010813 0596311 1330957 0030940 1947941 1517331
 0332149 1705910 2362652 0025250 1366499 0243125 0699900 1314939 1550608 2249699 1879547 0750558 1710571 0025250 1366499 0547044 0700321
 0868928 1706255 1706256 1316572 1317574 1369612 0025250 1366499 0243125 0699900 1514873
 0150312 0025250 1366499 1881707 0021135 1533691 2827718 0009264 0009443 0234192 0439509 1637379 0349966 1337208
 0678226 1710637 2987476 3146286 0205250 1299351 2700149 0439509 0025250 1366499 1510827 0439509 0021966 0221138
 0871208 1521828 0025250 1366499 1705242 0349966 1337208
 0595998 1548795 1634625 2825407 2982691 0018517 0009264 0009443 0234192 0007634 1269647 1327616 1704653 1948049 2827734 2981698 0205172
 1514468 0009264 0009443 0234192 1705242 0035280 0040223 0220825 0333117 1753315 3541383 0008562
 0449286 0542560 0678226 0750492 1705242 3146286 0026377 0086045 0086045 2698651 0005507 0012634 0243073 0348080 1510438 1705253
 0025250 1366499 0332256 2700400 0205681 0600499 0007382 0205145 1515974 2825164
 1314939 0243125 0699900 0025250 1366499 0002812 2349182 0699040 0205148
 0348078 0376315 1522492 0544357 0032105 0086418 0150312 1550098 0007806 0007807 0005889 0302908 0444611 1704353 0183683 1521721 1704675 0025250 1366499
 1518422 0025250 1366499 1881707
 1883351 0376649 1442065 0033213 1706387 0557651 2603343 0027552 0686904 1883351 0079809 0242485 0085151 3538722 1456454 0033665 0002716 0011560 0033684 0611285 1709634 0006556
 0025250 1366499
 1171362 0185117 0006104 1269537 0010097 0162512 0443288 0162436 0917714 0037361 0439826 1184740 0038590 1269578 0008524 1280704 2326827 0008520 1184808 1305287 0228359 1267733 0007610 0228448 0185117 0185117 0007776 1176472 2700441
 0441889 0019564 0949582 1029104 1284077 0007776 1176472 2700441 0333562 0205146
 0332149 1705910 2362652 1150197 0205177 0439167 0441655 1561536 0006104 1269537 0001811 0023175 1442948 1522538 2348269 3275067
 0035696 0428479 0033684 0441889 0228234 0458311 0442043 2362314 0441994 1548802 2003888 0243148 0868928 1533148 1550141 1882979 2587213 3274648
 0543488 1883351 0333463 0392079 0085400
 0679560 0796344 0002778 0936012 1524024 0008633 1521305 0205422 0868928 1533148 0018896 1552861 0162340 0543483 0699748
 0037088 0243095 2825141 0025250 1366499 1883254 0007634 0439509 1269647 1327616 1704653 1948049 0086045 0332464 1514721 2348147 3542016 0439284 0439300
 1274040 1546471 2825142 1705535 0205171 1518422 1720467 0025250 1366499 0025250 1366499 1521840 2986546
 0014653 0205415 0560184 0032521 0348078 0376315 1522492 0392756 1265611 0023175 0032521 0301630 0392756 0441610 1442948 1522538 2348269 3275067
 0025663 0025664 0449851 1552603 1706202 0547043 1282911 1150197 0205177 0439167 0441655 1561536 0243077
 1521840 1150197 0205177 0439167 0441655 1561536 0205681 0033268 2603362 0337174 1698986 1753314 0441889 1150197 0205177 0439167 0441655 1561536 0439509
 1524063 0042153 0457083 1947944 0025250 1366499 0233520 1518422 0079613 0030956 0205171 1720467 0547044 0700321
 1883351 0025250 1366499 0205227 0560617 1522225 1515655 1273305 0947630 0016884 0947630 1080058
 1880177 0025250 1366499 0543484 0699900 1516314 1515655 2986669 1273305 0017337 0557651 0947630 2603343
 2986676 0007983 0021267 1136140 1999230 0003250 0003241 0746619
 2825232 0043227 0449719 1521721 1709471 0260206 0018173 0021622 1272753 0016820 0039421 0237463 0018684 0037440 0007983 0021267
 0010186 0220812 0449719 1709471 0220808 0680264 0007961
 1706852 0522501 1706089 0949214

 0004793 0028630 0162326 0162327 1519249 0030351 0684224 0700287 1547566 3496591 0242356 0442598 0872261 1511726 1515023 3245479 1510755 0237753 0449788 1706078
 1709854 1709697 2728259 3484370
 0282413 0376649 1442065 0254343 0796520 3272379

 0085205 1549619 1880669
 0013849 1705961 0024492 1538057 1547565
 0034037 1704324 0030351 0000723 0000723 1273517 0002395 1521724 0012634
 0002716 0011560 0030956 0611285
 0085151 3538722 1456454 0033665 0002716 0011560 0033684 0611285 1709634 0085151 3538722 1456454 0033665 0002716 0011560 0033684 0611285 1709634
 0025250 1366499 0025250 1366499
 1414244 2745878 0014442 0079284
 1418526 0031603 0031701 1601799 1334043 0017337 0030946 0043292 0008633
 0914118 1414245 0030946 0914118 1414245 0030946
 0014442 0014442
 0025250 1366499 0025250 1366499
 0032520 0677874 0032520 0337112 0443286 1114821 1335439 1524075
 0528480 1418986 0872078
 0010454 0009458 0010453 0220814 0430400 0439536 1705217 2242979 3244283 0010454 0009458 0010453 0220814 0430400 0439536 1705217 2242979 3244283
 0019941 0019941 0027021 0031179 0330510 0939835 1110641 1318719
 0600500 0369773 2603361
 0265215 1417092 0740116 2827735 2981700 1881903 0206794 0001128 0202406
 0008562 0008562 0687276 1579831 0008565 0008550 0205250 0302908 0597198 1299351 1304698 1546699 1561501 1882330 2700149
 0014441 0014441 2717977 0005507 0014442 0021075 0243073 1510438 1517892 1704666
 0014441 0014441 2717977 0005507 0014442 0021075 0243073 1510438 1517892 1704666
 0600436 0002055 0178499 1709450 1880279
 1514811 1706462 0557061 2584313 1514811 1706462 2827734 2981698
 0033727 0369286 0441932 0564385

 0025141 0740116 2827735 2981700

 0043402 1553033
 2347469



 0201682
 0439086 2827736 2981702


 0043402 0597277 1708601 0369637 0441923
 2347469 0369637 0441923
 0205090 0684010 2603358 0439394 1706495 3642217
 2347469



 0201682

 0021966 0221138
 2603362

 0025141 0439084 0728893

 2603362
 0439267
 2603360 2603360
 0016327 0439133 1553038 0439267



 0201682


 2603360
 0043217 0442548
 0205090 0684010 2603358
 1706910 0369637 0441923
 0205090 0684010 2603358


 2347379

 0025141
 0369773 2603361
 0030956 0025141

 0205090 0684010 2603358 0449205 1538613 0439267
 0369773 2603361 1051267 0369637 0441923






 0205090 0684010 2603358
 0369637 0441923

 2347379
 0025141

 0402671 2244327 0369637 0441923
 0005477 0025141
 0205090 0684010 2603358
 0439267

 2603360 0442982
 0205090 0684010 2603358


 0201682

 0439394 1706495 3642217
 1553033
 0369637 0441923

 2347379
 0025141
 0033727 0369286 0441932 0564385

 1261259 2603360 0080045 0043016
 0369773 2603361 0205090 0684010 2603358
 2603362

 0027910 1552241 1555991 0025141
 0597277 1708601 0043402
 0324525 0369637 0441923
 0205090 0684010 2603358




 0369718 0441922 1553036 0597277 1708601 0033727 0369286 0441932 0564385
 1291910 1295018 3541258 2603360



 0025141
 2603360
 1553033 0369718 0441922 1553036
 1527178 1874451 0011265 0497327 1553033
 0331779 0039021

 0597277 1708601



 0597277 1708601 0597277 1708601


 0201682

 0369718 0441922 1553036 0369637 0441923


 0201682


 1721089
 0439394 1706495 3642217
 0369637 0441923
 1418943

 0268596 2700624
 3642273
 0041703
 0000857 0600678 1552863
 1513822 1880171

 0325074
 0025141
 0033727 0369286 0441932 0564385 2603360 0597277 1708601 0033727 0369286 0441932 0564385
 1418943

 0268596 2700624
 3642273
 0041703
 0439073 0439082 0450348
 0439114
 0439267 0205090 0684010 2603358
 0369637 0439394 0441923 1706495 3642217
 0006104 1269537
 2347379
 0027960 0324740 0439189 1456781 1824986
 0006104 1269537
 2347379
 0025141
 0861352 0999548
 0005767 0005768 0229664
 0369637 0441923
 1461412 3541854 0033727 0369286 0441932 0564385
 0369773 2603361




 0201682



 0014442 0014445
 0441833 0687744 1257890 1552516 1705428 1705429 0023973
 0998924 0369718 0441922 1553036 2603360
 2603360 0064494 0439394 1706495 3642217 1708595 3280986 1553033 2603360
 2603362
 0439267
 0036397 0025141
 3613423 0597277 1708601 0369718 0441922 1553036 2603362
 2347469 0597277 1708601 0369637 0441923


 0201682

 0439267
 0016327 0439133 1553038 0369718 0441922 1553036
 0439267 0369773 2603361 0439394 1706495 3642217 0439267


 0025141
 0439114 0369773 2603361 0035853 0995005 1553033 0369637 0441923
 1332652 1705593 1553033



 2347379

 0025141 0450355

 0369718 0441922 1553036
 0016327 0439133 1553038 1708595 3280986
 0596654
 0023973
 0369637 0441923
 0439267 0016327 0439133 1553038 0036110 0327949 0459210 2347469


 0025141

 1553033
 0439267 2347469
 0369773 2603361

 1315013

 0450317 0025141
 0369773 2603361 0033727 0369286 0441932 0564385
 1553033 0369773 2603361
 0022877

 0025141

 0033727 0369286 0441932 0564385
 1553033 2347469
 0027895 0025141
 0597277 1708601 0033727 0369286 0441932 0564385
 0439267 0369773 2603361
 0439394 1706495 3642217


 0439073 0439082 0025141

 0369637 0441923 0439267
 2347469 0369637 0441923

 2347469


 0201682


 0369637 0441923 0324525
 0369637 0441923
 0439267
 2347469

 2347469


 0201682


 2603362

 0369773 2603361
 2603360 1708595 3280986
 0005477 0025141 0439509
 2603360


 0282425 0009993 0037455 0596070 1552856 0005477 0026376 0005532 1521991