 0349590 1262865 0004936 0033975 0178566 0205155 1293097 1522472 1552923 1705191 0021622 1272753 0562547 3160718
 0282413 0013849 1705961 0024492 1538057 1547565
 0332120 0681858 0001593 0947630 0015127 1314792 1524003 0004936 0086345 0017398 0017399 0725066 1521991 0392347 0440042 1521738 2346620 2349184 3539073 1261322 1552578
 1947946 2948600 3540471 3540472 3540473 1883351 0282443 1552617 0376554 2699424 0017296 0314603 0686732 0815144 0035648 1553898 1516998 0960756 0035647 1521761 2827422 0332120 0332307
 0025663 0449851 0871511 0023866 0034036 1552603 1706202 0017296 0314603 0814834 0014507 0014508 0699910 0332257 1880177
 1274040 1546471 2825142 0282416 1561607 0376554 1516998 0332255 0486805 1708096 1272688 1280477 0011900 0348026 0683312
 1547011 1879746 0205171 1720467 0243064 0002783 0872180 0014507 0035168 0242481
 1550452 1704788 3539107 0008902 0008903 0678229 0392337
 1280500 1704675 0332148 0750492 0871732 0038435 0004936
 0014507 0014508 0699910 0036397 1272688 1280477 2003902 0725813 0037778 0025118 0036397 0205476 0440042 1521738 1881534 2346620 2349184 3539073 0452566 0333118 0287990 1552930 0086345 0017398 0017399 1521991 0348078 0376315 1522492 1292711 0449719 1709471
 0087130 0206173 0014507 0014508 0699910 0205314 0302912 0439807 1555578 1706081 1515273 1705313 2826302 0335343 0682323
 0870444 0814834 0014507 0014508 0205487 0699910 0424090 0004448 0017398 0017399 0019664 0019665 0205487 0262512 0262926 1705255 2004062 0205170 0349590 0439855 1262865 1704241 3146287 0233459 0012634 0013987 0348078 0376315 0849912 1522492
 0871935 0026649 0004936 0205195 1947911 1704675 0231203 0442822 1524031 1883002 0004600 0205095 0460009 1995000 0335912
 1442162 1550718 3244317 0185117 0332663 0441471 3541888 3152857 0012634 0348080 1705253 1301808 0332257 0012655 0220898 0336789 1883351 1947971
 0681944 3161035 0076994 1179122 0014406 0012655 0220898 1264642 1547045 0425382 0599437 0332257 0015671 0009637 0205447 1522634 0012655 0220898 0234108 0336789 0449864 1705536
 0029360 0543488 0205099 0205172 0004936 1135599 0205172 0205227 0221423 0229992 1547011 1879746 1515981 0332282 1293116 1875307 0557651 2603343 1266852 0032863 0080103 0205345 1547039 0237897 0808080 1705922 0021399
 0041427 0205173 0551719 0033872 0033873 0557651 0947630 2603343 1556085 0440042 0947630 1521738 2346620 2349184 3539073 0596572 3258203 1423524 3273411 3273412 0556991 0004936 0017480 0949876 1515981 0035168 0242481 2607943 2926606 3539655 0549649 1546940 1552821 0582525
 0026649 0205166 1706317 0004936 0178573 0001973 0562558 2919102 0185117 0011164 1880269 0700589 0005615 0242456 0243148 0439792 1550141 1550722 1882979 2587213 3245487 3274648 0038280 0038288 0004897 0008059 0680063
 0459920 0183683 1521721 0004048 0023252 0600657 1515981 1273517 1883351 1552821 0018576
 0024752 1306056 1527116 0020124 0017398 0017399 0086418 0030193 0036397 0440042 1521738 2346620 2349184 3539073 0332296 1880497 1996904 0237070
 0033213 1706387
 0038995 0038287 0038280 0038288
 0008115 0039260 0027361 0023150 0220866 0728724 1947938 1947939 1947946 2948600 3540471 3540472 0005615 0332306 0205146 0777169
 0041703 0036576 0481840 0021672 1708698 0870992 0917903 0026649 1518422
 1706907 0243064 0017296 0035168 0242481 0314603 0549178 1883351 0205224
 0310367 0750526 0872180 0205217 0442805 1710028 1825598 0018599 1516048
 0001072 0011008 2348077 1285355 0678236 0012634 0521114 0522498 1514917 2699424 0872180 0014507 0014508 0017296 0314603 0699910 0205191 0205214 1522138 3245511 0012634 0348080 1705253 0314657 0012655 0220898 0014412 0014406 0274281 0728853
 0521874 0002783 0035168 0242481 0332297 1145667 1167622 1689898 2349209 1883351
 0679199 0015576 1704727 0041427 0205173 0035171 2983265 2986888 1707689 0681858 0205099 1879652 0185027 0439792 1948020
 0023745 0557651 0947630 2603343 0443288 0370003 2347026 0015576 1704727 0525045 0012634 0392760 1314939 1521840 2986546 0002055 0178499 1880279
 0449445 0014507 0014508 0205210 0699910 0036658 1881534 1524063 0042153 0457083 1947944
 0439157 0681876 0017337 0037179 0087136 0205171 0205393 0521114 0522498 1514917 0012634 0348080 1705253 0017205 0012634 0919453 0012655 0017337 0220898 1264642 1547045 0557651 2603343
 0015195 0456984 2711906 0220825 1261322 0332218 0012634 0439855 0557651 0947630 1704241 2603343 0678227 0024752 1306056 1527116 1709599 0199236 0681876 0038951 0443228 1704243 0443131
 0681797 1282927 1806781 2350002 1512612 0332183
 0185125 0009450 0012634 0205419 0392747 0521978 0012655 0220898 1264642 1547045 0019693 0080194 0456178 0243064 0035168 0242481 0086345 0032946 0679238 0012634 0231203 1880165 1521761
 0449432 1705248 1883351 1285529 0017429 0017428 2338314 0449830 0596142 0036869 0008633 0009253 0036864 0079399 1314687 1522384
 1947946 2948600 3540471 3540472 0027365 1547383 1883351 0017337 1305923 2700640 0443211 0004793 0600436 0002055 0162326 0178499 1709450 1880279
 0521116 0205087 1881839 0205197 0950133 0683231 0024554 0025266 0086418 0242538 0728826 0017337 0205396 1550043 1551388 0870672 0086418 0205309 0439849 0445223 1521970 0332257 0031437
 0871311 0022885 0220908 0220909 0392366 1698960 1710031 1710477 0470187 0010674 0016059 0205207 0026850 0026845 0333606 0442025 0231203 0017296 0314603 1521761 2827422 0277558 0012634 0015576 0205396 0241888 1550043 1551388 0006141 1268990 0029925 1140680 0006826 0205065 0998265 1306459
 2963144 1283195 0017429 0017428 2338314 0205171 1720467 1722730 1261552 1704379 1705117 2825408 0542341 0332283 0242295 1947943 2348609 0205543 0424093 1273305 0947630 0031843 0542341 0700205 1705175 1705176 1705177 1705178 1705273 1882348 0443211 0872249 0242356 0993637 1280500
 0018017 1571702 0023882 0108263 0700321 2700395
 0332157 0274281 1514468 1704444 0439234 1883351 0549177 1704243
 1825598 0034024 0237607 3245512 0034019 0699943 3244304 1516048 0376554 0012655 0220898 1264642 1547045
 1880177 0871010 0332529 0441833 0687744 1257890 1272701 1299987 1552516 1552839 1705428 1705429 1707455 0014412 0014406 0205369 0274281 0728853 1515981 1707689 2983265 0205419 0332120 0686732 1516998 0035648 1553898 0035647 1521761 2827422 0392366
 0750565 0079809 1879489 0199176 0205234 1285542 1706420 2700409
 0686907 0017431 0199176 1706420 2700409 0723457 0040722 0242781 1521797
 0178566 1883351 0733755 0015127 1314792
 0012634 0017296 0036658 0314603 0332464 0014406 0040223 0445247 1515981 3541383 3161035 1706701 0205210 0442675 0582205 0332120 0012655 0220898 1264642 1547045 0033684 1704222 0017337 0086597 0127400 0205369 1514468 1552740 0332268
 1707959 0332257 1552866 2700399 1280500 2348382 0599735 0008059 0680063 0751434 0031456 1291314 1418251 0011155 0020364 0031453 0162429 1623416
 0282193 0376520 1963148 0302583 1166521 0678227 0026766 0948600 0178784 0231174 0439064 0680095 0017337 0392514 1384665 2697457
 1280500 2348382 0032529
 1707959 1707478 1456501 0441472 3266814 0205234 0392756 1285542 0014412 0274281 0332157
 1272688 1280477 0332257 1524063 0042153 0457083 1947944 2707190 0025663 0025664 0449851 0017393 0600223 0008630 0017296 0282111 0314603 0439794 1283195 1882417 0005516 1274040 1546471 2825142
 0237753 0449788 0919453 0017337 0242356 0012634 0205369 1552740 0205172 1637379 1546466 1707531 0036397 0449468 1511726 1690016 1705102 1706214 2700258 3245479
 1416989 0012634 0017337 0037179 0087136 0205171 0205419 0150312
 0439855 1704241 0012634 0348080 1705253 1265611 1554108 1561573 0017429 0017428 0086418 2338314 3146294 0004793 0162326 0162327 1519249 0332148 0750492 0004117
 1883351 0023745 0009015 0017337 1314939 3540678
 1546466 2699424 0035168 0242481
 0008630 0017337 1283195 1510823 1883351 0150312 0449450 0017337 0221423 0887950 0016884
 1705313 0599437 0684224 0700287 0870992 3496591 0023973 0439086 2827736 2981702 0017429 0017428 0039869 0086418 2338314 0006002 0376558 0034754 1705179 1552857 0680230 0242744 1947959 0332490 0038817 0376223 0032636 0205386 1675848
 0034034 0869014 2348301 2239453 0335034 0231220
 0012854 0006002 0205397 0376558 0012634 1883351 0743559
 1705313 0425382 0017337 0009637 0018684 0023175 0181586 0443288 1442948 1522538 2348269 3275067 0221423 0678341 1706214 3244320 0017446 0205146
 0033213 1706387 0679006 1947967 0442732 1875856 2699424 0332257 2984710 0033095 0460139 0443228 0547049 1704243 0018104 0332306 0009458 0162867 1254021
 0596421 0243107 0678723 1527148 0870444 0003467 0036397 0026531 0237876 1522138 0310367 0750526
 0237428 0725066 0035868 0441716 2948499 0237607 3245512
 1551359 2741673 2981730 0680230 0185125
 0597535 0086345 0017398 0017399 1521991 0185125 1947919 2347934 3539080 1274040 1511545 1546471 2825142 1705241 1705242 2987476 0012634 0348080 1705253 2316203 2924406 0185125
 1853126 1527178 1874451 0439855 1704241 1285355 0012634 0008630 1283195 0449255 0542559
 1316572 1317574 1369612 0679199 1332838 0037640 0205108 0017337 0036576 0750492 1272705 1522634 0332268 0376554 0679209
 2699424 0033872 0042939 3244282
 1705313 0005523 0005532 0033872 0033873 0205460 0032214 0600138 0035820 1705810 0439787 0849355 0015127 1314792 0220787 0349707 0700198 2827071 1880198 0040223 0445247 1515981 3541383 0037455 0004936 0555042 0020056 1704678 0237154 2911663 0032854 0869460 0205905 0012632 2987623 3242379 1883351 0566217 1522634
 0036397 0725066 0282411 0947611 0017398 0017399 0033872 0033873 1881534 1518422 0745777
 1316572 1317574 1369612 0282411 0947611 1705247 0004936 0012634 0205487 0205543 1551338 0011900 0205447 0348026 0683312 1555713
 0332149 1518422 1705910 2362652 1522634 0683312 0242295 0282443 1709940 1947943 2348609 0002395 1521724 0012634 0036341 0001973 0001962 0001975 0011546 0439857 2698668 0348078 0376315 0003467 0003469 1883727 1883357 1947971 0392360 3146298
 0020179 2919056 0449774 0205309 2981279 0002395 1521724 0012634 0876934 1540677 1555824 1521970 0442825 0205170 1704788 3146287 3539106
 0237753 0449788 0034037 0681757 1704324 1444656 0035647 1511559 1518469 0449445 0027362 2348001 0001779 0441833 0687744 1257890 1522410 1552516 1705428 1705429 1705535 0017296 0314603 1521761 2827422 0017342 0443147 0079429 0017337 1527180
 0035168 0242481 0231175 1883351 0183683 1521721 1512571 1552961 2347617 0019409
 0041427 0205173 0231337 1999167 1299586 0684224 0700287 0041703 1709701 0036273 0454664 0521093 0750484 0449432 1705248
 0680240 0871208 1521828 0150312 1883351 0205250 1299351 2700149 0041429 0220761 0041427 0871208 1521828 0680240
 0035171 0035168 0242481 1707689 2983265 0025663 0025664 0449851 1707478 0017296 0237897 0314603 0808080 1280500 1705922 0013113
 0005847 1558950 1801960 3532942 0497327 0332120 0439092 0547044 2963144
 0199236 0947630 1833334 0037640 0205108 0205396 1550043 1551388 0596611 0017337 0026882 1883412 0751455 0017337 0299212 1418985 0017337 0037640 0872078 0679006 1947967 0008662 0008656 0008633 0740116 2827735 2981700 2827734 2981698
 0237753 0439175 0439810 0449788 0700321 0026882 0039869 1883351 0205171 1551359 1720467 2741673 2981730 1264633 1554103 0683971 0032659 1257890
 1292732 0150093 0205549 2348044 0442726 1511790 0085151 3538722 0033665 1456454 0002716 0011560 0026882 0033684 0456148 0549184 0611285 1709634 0205171 0205453 1720467 0442751 0299212 1418985 2986918 0599155 0026882
 1883712 0012655 0220898 1264642 1547045 0205309 1883351 0003595 0003591 1708726 0008661 0008633 0027361 0206243 0035647 0205217 0442805
 0002778 0936012 1524024 2986904 0947630 0028873 0456603 1547037 0332281 0002085 0750572 1514229 0814766 0035648 0242444 2987720 0032659 0035647 0596130 1257890
 0205549 2348044 0237897 0808080 1705922 0017446 0150312 0205146 0178803 0001792 0032659 0038951 1257890 1999167 0016132 0004340
 0557651 2603343 0033105 0220900 0015127 1314792 1524003 1510829 0439234 0205171 1720467 0019904 0052201 0002085 1518422 0015127 1524003
 0035647 0750492 0449719 1709471 0014412 0274281 0728853 0439673 1554961 1705847 0876926 0043250 0043251 1510467 3263723
 0002778 0936012 1524024 2986904 0947630 0455587 0455586 0019664 0019665 0262512 0262926 1705255 2004062 0024915 0001779 2347083 0332281 0442805 0035647 2315857 0455499 0241889 1705495 0751071 0015576 0019664 0019665 0262512 0262926 1704727 1705255 2004062 0150312 0449450 1518422
 0332120 0035648 1553898 0035647 0150312 1704675 0017431 0241889 1705495 0015576 0019664 0019665 0262512 0262926 1444656 1704727 1705255 2004062 2607943 2926606 3539655 0332290 1521761 0079613 0205447
 0332120 0557651 1042496 2603343 0004083 0205160 0439849 0596306 0699792 1513916 2825415 2825491 0021149 0220856 0241889 1705495 0015576 0019664 0019665 0262512 0262926 1704727 1705255 2004062 0011265 0497327
 0007328 0557651 2603343 0332120 1979886 0150103 1707455 1708943 0243148 1550141 1882979 2587213 3274648 0018674 0678226 0018670 1281590 1510467 1706305 3146286 3263723 1510829 0001779 0439234 0439092 0439234 0547044 0011900 1704338 1704656 0011265 0497327 0037640 0240805 1882365
 0205172 0332185 0543488 0078939 0002722 0333584 1750295 2362547 3484390 0002723 0011560 0038164 1456454 1705760 2348205 0006104 0205437 0205447 0030705 0310255 0439531 1948053 0018674 0018670 0205082 1281590 1706305 3263722 3263723
 0017270 0376249 0439603 0871396 1561548 1705502 0150312 0868928 1533148 0333584 0333562 1750295 2362547 0868928 1533148 1707455 1705535 1704675 1280500
 3161035 0543483 0699748 1883351 0205397
 0036341 0680220 0036341 1518422 0683278 0332120 0041427 0205173 0681858 0001593 0947630 0439660 1552961 2347617
 0917903 0199236 0947630 1524063 0011900 0009932 0243148 0441833 0687744 1257890 1550141 1552516 1552839 1705428 1705429 1882979 2587213 3274648 0021822 0679228 0243161 0242492 0035647 0040223 1632851 0683971 0032659 0205246 1257890 1553889
 1511726 3245479 0199236 0947630 0150312 0028873 0242492 0035647 0456603 1547037 1518469
 0681858 0001593 0947630 1999230 1517331 0183683 1521721 0332120 0237753 0449788 1524063 0042153 0457083 1947944 1299586 1881534 1285553 2607943 2926606 3539655
 0750572 0947630
 0018563 1281583 1552914 0042333 0205419 0441471 3541888 0392760 1314939 0017262 0017337 0185117 0678594
 0018563 1281583 1552914 0041427 0205173 0036273 0331873 0454664 0557651 0947630 2603343 1444656 0205081 1881878 0150102 0456603 1610540 1292711 0449719 1709471
 1707959 0680240 0871208 1521828 0680240 0871208 1521828 0041429 0220761 0041427
 0439792 1709707 1842571 0392756 0457406 0524899 1515273 1705313 1546466 0014653 0205415 0233535 0560184 0332120
 1442162 1550718 3244317 0332120 0036341 0035168 0242481 0205234 0205369 1285542 1552740 0005516
 0597535 0012634 0557651 0947630 2603343 1518422 0036341 0150103 1708943 0001723 0033975 0349204 0596611 1416989 0017337 0026882 1705285 1880776 0205396 1550043 1551388
 0947630 0008633 1953345 0017446 0205147 0036341
 0392347 0205250 1299351 2700149 0441833 0687744 1257890 1552516 1552839 1705428 1705429 0684224 0700287 3496591 0868928 1533148 0017337 0008668 0008633
 0598312 1516084 1883725 0231175 2607943 2926606 3539655 1883351 0205557 0205237 0439178 1446409 1514241 2825490
 0449774 0947630 1705535 0237753 0449788 0205173 0449445 0017429 0017428 2338314 0037640 0205108 2607943 2926606 3539655
 0242295 1947943 2348609 0332120 0439234 1444637 0023745 1514241 0439178 0598312 1446409 1883725 2607943 2825490 2926606 3539655 1708726 1521528 1553553 0796348 1553559 1955473 0684224 0700287 3496591 1520537 1520622 1521100
 0332268 0017393 0600223 0017296 0314603 0005516 1516084 1883351 0442726 1709793 1704675 1883351 0015576 1704727 0041427 0205173 0035171 2983265 2986888 1707689 0014412 0014406 0079809 0205369 0242485 0274281 0728853 1552740 1879489
 1512571 0178292 0009566 0205484 1171258 0163712 0021400 0021403 1515981 2347083 0032980 0032982 0205436 0457385 0565930 1561503 1705190 0032961 3484365 0042789 1947903 0242295 1947943 2348609 1522634 1280500 0036341 0086597 0127400 0205217 0442805 0678804 2828394 1518978 0274281 0728853
 0242295 1947943 2348609 3161035 0392760 1314939 0870951 0348078 0376315 1522492 1710236
 2963144 0332120 0332268 0043227 1705535 0178292 0009566 0205484 1171258 0205172 0332183 0868928 1533148 0241889 1705495 0015576 0019664 0019665 0262512 0262926 1704727 1705255 2004062
 1883351 1881534 0231242 0043210 0337486 0005532 0011900 0026591 0205460 0036341 0683278 0023745 0034869 1547282 0557651 0947630 2603343 1883351 0035647 0205217 0442805 2987476 0009566 1171258 0005615 0559563 0581135 1148523 0030664 0035150 0205469 0677042 0748342 0037640 0017296 0314603 0021399
 0274281 0728853 0032214 0600138 0035820 1705810 0199236 0681858 0683954 0015576 0036341 0557651 1704727 1711254 2603343 2607943 2926606 3539655 0175798 0337486 0026591 0036341 0683278 0175798 1707455 0337466 0030551 0332120 0033927 1292732 0009452 0679498
 0008059 0680063 1518422 0700364 1883351 0035647 0205217 0442805 2987476 0337466 0030551 0449820 0332120 0012634 0039869 1547282 1707478 0332290 1519391 0021399 0231335
 1274040 1546471 2825142 0290627 1516048 0008059 0680063 0337466 0030551 1947971
 0001973 0205191 0001973 0001962 0001975 0011546 0439857 2698668 0001973 0036341 0001948 0001962 0001975 0009830 1947907 0011900 0178566 0348026 1707059
 0001948 0001962 0001975 0009830 1947907 0033105 0220900 1547282 0009246 0599755 1280500 1272746 0392747 0443172 0681710 0043027 0332281 0011546 0033204 0205217 0439857 0442805 2698668 0556297 1706077 0018173 1548284
 0439603 2735073 2735074 0221706 0000932 0000924 0442650 0424323 0004927 2707008 0023890 0023884 0736268 1278929 1623038 2346688 0205309 1883351 0205337 0039370 0023150 0220866 0728724
 0205419 0439792 1552961 2347617
 0332120 0015576 0241888 0332621 0439168 0085762 0001962 0001975 0013146 0562381 0011546 0439857 2698668 1883351 0449719 1709471 2987476
 0282443 1704362 0947630 0034037 1704324 0040223 3541383 1441526 1880157 0033105 0220900 0456603 1547037 1518469 1316572 1317574 1369612 1979886 0041432 0041427 0041429 0220761 0041427 1707455 0456603 1547037 2827734 2981698
 0681858 0001593 0947630 0079399 0804628 1522384 1266852 0080103 0205319 1280444 0033105 0220900 0456603 1547037 2347535 0080103 1707455
 0035168 0242481 0041427 0042753 0205173 1256310 1527178 1705938 0543488 0456389 0370003 2347026 0349590 1262865
 0680240 0150312 1883351 0205250 1299351 2700149 0041429 0220761 0041427 0043210 0238767 1706086 0025266 0450355 0450382 1515981
 1880157 1512456 0033105 0040223 0205250 0220900 0376558 1299351 1527178 1705938 2700149 3541383 0001962 0001975 0549649 0750572 1546940 0868928 1706255 1706256 0025266 0041429 0220761 0041427 0442504 1704765 1882509 3496241 0522501
 1552603 1706202 0796345 0002778 0023745 0936012 1524024 0947630 0037640 0205108 1274040 1546471 2825142 0324413 1708726 0008651 0008633 0740116 2827735 2981700 0332120
 0947630 1880165 0013030 0034838 0597357 0205172 0001985 0684287 0001992 0030016 0017337 0001942
 0242295 1947943 2348609 1552961 2347617 0439787 0849355 0814225 0678951 0032529 0032659 0078988 1257890 0332281 0035647 0001973
 0871103 0002085 0015127 1314792 1524003 0427728 0699870 1313904 0086045 0871261 1704632 1706817 2911692 0001973 0332281 0001962 0001975 0011546 0035647 0205216 0392756 0439857 0442797 2698668
 0027361 0237401 1412335 2827577 0740116 2827735 2981700 0019904 0559546 3242603 0443286 1114821 0017431 1518422 0027361 0150312 0205549 0549177 2348044 0001973 0022341
 1711239 0332272 0332271 1279889 1457868 0002085 0522498 0027361 0150312 0239307 1535514 1518422 0018896 1552861 1883351 0205419 0032659 1257890
 0439787 0596013 0849355 0205171 1720467 0728938 1550516 0336789 0014412 0014406 0274281 0728853
 1710028 0017296 0314603 0021212 0444706 3541902 0026777 1521975 0002778 0936012
 3640814 0036849 1442518 1705195 0205309 1883351 0681890 0376558
 0035648 1553898 0035647 1521761 2827422 0555026 0009671 1705242 0680064 0597767 0814557 0185023 1947904 1999228 0332218 0079809 0242485 0439660 1521970 0449234 1704772 1882133
 0035171 2983265 2986888 1707689 1514873 0443299 1280500 0242538 0728826
 0010362 0681858 0205155 0557651 2603343 2828360 0552389 1515004 0001779 0001792 1999167 0439234 1301751 1280500 1516998 0150312 1883351 0243107 0678723 1527148 0011546 0439857 2698668
 0175798 0332120 0033927 0680056 0014406 0015576 0175659 0349674 1527178 1704727 1705938 1947916 3536777 0700364 1883351 0241889 0549393 1705495 0424960 2984763 0001962 0001975 0005532 0015576 0019664 0019665 0205460 0262512 0262926 1546466 1704727 1705255 2004062 0260803 0442805 0035647
 0037088 0243095 2825141 1705535 0348078 0376315 1522492 0439092 0547044 0043210 0449911
 1521761 2827422 0456951 0205171 0237881 0441889 0456079 0750502 1546944 1547707 1720467 2946261 0814896 0041427 0042753 0205173 1256310 0557651 0947630 2603343 0376249 0439603 0871396 1561548 1705502 0205250 1299351 2700149 1705535 1524063 0042153 0457083 1947944 0868928 1533148
 0348078 0376315 0003467 0003469 0014507 0243064 0019247 2924406 0008902 0008903 0018576 0678229 1546466
 0443156 0033975 0349204 1547282 0332120 0439092 0547044 0442821 0036341 1704689 0003469 0003467 0012634 0700613 1279420 0003467 0003469 1301808 1442792 3148680 0030319 0444667
 0521093 0750484 0015576 0241888 0332621 0439168 0003469 0003467 0012634 1441526 1880157 1705241 1705242 0041429 0220761 0041427 0450316 2827734 2981698 0011570 0011581 0344315 0349217 0460137 2827734 2981698 0740116 2827735 2981700 1868649 0030319 0012634 0030318 2827734 2981698 2827734 2981698 0031572 0349231 0728831 2827734 2981698
 0557651 2603343 0150312 0332120 0588006 0011570 0011581 0344315 0349217 0460137 0003467 0003469 0038951 0028423 0684224 0700287 3496591 0205171 1720467 0441889 0449286 0542560 1561545 2348088
 1517378 0012634 0348080 1705253 0332241
 0557651 2603343 1709450 0150312 0332120 0011570 0011581 0332152 0344315 0349217 0460137 0740175 2257086 1707797 1518422 0003467 0003469
 0205172 0332185 0441833 0687744 1257890 1552516 1705428 1705429 0035173 1710263 0332464 0445247 1274040 1546471 1706079 2825142 0557651 2603343 0041427 0205173 0205487 1527178 1705938 0034975 3245515
 1707478 0270549 0003469 0003467 0012634 0205246 0041696 1269683 0011581 0012634 0205164 0237876 1521761 0015127 1314792 0332290 0004936 1441414 1553874 1578820
 0205447 1316572 1317574 1369612 0038951 0237876 0004093 0290627 0034394 1706422 0021823 0021822 0039457 1515258 1705541 0443211 0011900 1704338 1704656
 0525045 0012634 1883351 0036572 0424576 2349186 3161035 0205447 0035173 1883351 0011570 0011581 0344315 0349217 0460137 0003467 0003469 0439828 0021228 1705241 1705242 0017337 0237753 0441472 0449788 3266814 0205171 1720467 1280500 2348382
 0023745 0025663 0025664 0449851 0231448 0231449 0439792 0439828 0557651 2603343 1708726
 0725066 1881534 0332149 1705910 2362652 0034606 0441633 2826292 0017429 0017428 2338314 0332281 0599883 1427926 1704788 3539106 0456979 0025664 0449851 0683607 1883310 0521115
 0681919 0449445 0597336 1521970 0002778 0936012 1524024 0814897 0032863 0011900 0348026 0683312 1704675 1515273 1705313 2826302 1709793
 1552603 1706202 0332281 0021704 0205246 0439267 1521761 1553889 2827422 0009244 0449445 0042789 1947903 1551776 0242295 1947943 2348609
 0185125 0150312 0449450 1299586 0868928 1515981 1706255 1706256 0700613 1883351 0441987 1261552 1704379 1705117 2825408 0599883
 0679199 1707520 0728938 1550516 0599883 0079809 0242485 1522634 1879489
 0449820 1707959 1512698 0871261 1527178 1549445 1705108 1705938 1522634 0229992 0233569 1883351 1880310 2003864 1883351 0554980 1998882 0205136 0424589 0542479 1442080 0920289

 1707478 0520510 0349590 1262865 0041666
 0599883 1427926 0557651 2603343 0034975 0041427 0042753 0205173 1256310 1527178 1705938 1533716 0243132 1554210 2745955 0038444 0557155 0441471 3541888 0332162 0439234 0439508 0032659 0370003 1257890 1516695 1516698 1527178 1705938 2347026 1709450
 0243132 1554210 2745955 0425043 0011065 1306577 0012828 0086170 1881704 0555026 0009671 1705242 0332281 0442805 1299997 0439231 0439507
 0314657 0012655 0017296 0220898 0314603 0041427 0205173 0680240 0456564 0600138 0449719 1709471 1705535 1704675
 0033204 0041427 0444686 1441506 1443182 2986417 0444499 0041427 0392760 1314939 1515981 2827734 2981698 0332197 1689985 0725813 0392148 0439231 0439507
 3161035 1705535 0017263 1514593 1825598 0557155 0441471 3541888
 0556660 0021823 0021822 0039457 0935630 1515258 1705541 2607943 2926606 3539655 1882932 0725066 1314939
 1261552 1704379 1705117 2825408 0007589 1511938 2945687 1561488 1624731 0332307 0205132 0439234 0185125 1883351 1550543 0332157 0274281 0017263
 1552616 1706244 1515004 0282443 1552617 0013113 0332464 1883073 2827424 0026538 0220880 0376554 1516998 0443204 0205132 0680709 0332120 0683312
 0686732 0035648 1553898 1281905 1516998 0035647 0086931 1521761 2827422 2347948 0680240 0035820 1705810 0425382 0237753 0449788
 0205403 1883351 0012727 0205419 1705236 0036341 0040722 0242781 1521797 1836598 0205257 0524899 0728938 1548386 1515273 1705313 2826302 1861403
 0332120 0439178 1446409 1514241 2825490 0021399 0871208 1521828 0041427 0205173 0684224 0700287 3496591 0681858 0001593 0947630 1881534 0680226
 0871261 1704632 1706817 2911692 1883351 0871974 0014406 1280500 1883351 1292734 1522326 1280500 2348382 0028263 1706907 1710082
 1516084 0027552 0686904 1883708 1881534 1883351 0349590 1262865 1711260 2348152 0041427 0205173 0015576 1704727 0237876 0557651 0947630 1522138 2603343 0237876 1518422 1522138 0014406 0184661 1948041 2700391 3274430 3538935 3539779 0205171 1720467 0042153 0457083 1947944 2924612 1552961 2347617 0439659 0035168 0242481
 0205437 0702111 0086282 0037397 0004927 0728831 2707008 1522634 0004271 0449820 0026777 1521975 0002778 0936012 0439828
 1711239 0041427 0205173 0557651 0947630 2603343 0004927 0677505 0004271 0439660 0002778 0936012 1524024 1551058 1274040 1546471 2825142
 0733755 0004927 0033908 0425382 2986890 1883351 1272684 1548601 1883351 0205171 1720467 0086597 0127400 0557155 0376558 0441471 0868928 1706255 1706256 3541888 0030971 1883351 1883351 1517945 0521874 0005532 0205460 3538984 3538985 0815141 0035648 1553898 0337460 0035647 1521761 2827422 0150114
 0079291 0598697 0033204 0205435 1279901 0017337 1282914 0870545 0015576 0079946 0439659 1550512 1704727 1999230 1707520 0205436 0457385 0565930 1561503 1705190 0014265 0036576 1552027 0439849 1705630 1706279 3540605 1707520 0042789 1947903 0242295 1947943 2348609
 0023882 0700321 2700395 1513371 1705738 2347637 2348146 0441472 3266814 0686732 1516998 0035648 1553898 0035647 1521761 2827422 0557651 0947630 2603343 1883351 1881534 1272688 1280477
 0750729 0282443 1552617 0282411 0947611 0017296 0314603 1280500 0441889 0456079 1521991 1547707 2946261 0871974 0014406 1280500 0027552 0686904 1883351 1327622 0220905 1521991 1704735 1184743 1515273 1522240 1705313 2826302 1524062 0014406 0043227 0439787 0849355 0012854 0009219 0041095 0205174 0805701 1883351 0017398 0017399 0023185 1136308 0017296 0162340 0314603 1184743 1522240 1883351 1551080 0439234
 1261322 1516048 0871051 0719214 1527178 1705938 1516886 0014406 0014507 0014508 0699910 0002778 0936012 1524024
 0456148 0549184 0227192 1414864 0205447 3641827 0683945 0035168 0242481 0016617 0037709 0175663 0332268 0871935
 0014406 1622979 2827421
 0334861 0017337 0014406 0009498 0012854 0019602 0035253 1412323 1622890 0006556 0332529 0402118 0036576 0871648 0558295 1549513 0005125 0359589 1999230 1707959
 0027552 0178566 0596013 0686904 0871858 1704644 2963144 0014406 0008902 0598697 0018684 0150312 0449450 0205246 1553889 0025353 1555896 0018684 0229992
 0019602 1412323 1883357 3272598 0524669 0242295 1947943 2348609 1552603 1706202 1184743 1522240 0012634 0348080 1705253 0033414 0025353 1555896 0018684 0229992 0243132 1554210 2745955 0178566 1285529 1552961 2347617 0332148 0750492 0178566 0376658 0012634 0348080 1705253 0010957 1883709 0024763 0175674 1527178 1705938
 1883712 0237753 0449788 0011008 0021941 0031213 0243107 0678723 1527148 1880177 2348077 0043237 0043236 0920545 0018684 0029237 0029246 0220885 1300196 1522486 2700280 2347469 0557806
 0039224 1706073 1706074 0013113 0034036 0440102 0035647 0348078 0376315 0443288 0079809 1879489 0027361 0033107 0199176 0237401 1521840 0470187 1551058 1518422 1283828 1551357 1883351 1880156
 0205447 0392762 1515273 1705313 2826302 0032854 0869460 1265875 2700592 0557849 3658322 0009671 0600210 1533574 1881827 1521761 0444667
 0441722 1456501 0441472 3266814 0027552 0686904 1883351 0039309 0032659 0444667 1257890 1521840 1079230 0027361 0237401 0037640 1704675 0332148 0750492 0237881 0750502 1546944
 0449911 0039224 1706073 1706074 0557702 1272706 1704674 0557702 1272706 1704674 1456501 0441472 0025353 1555896 0010957 0018684 0229992 0392756 1883709 1947946 2948600 3540471 3540472 0014412 0014406 0274281 0728853 0015127 0686907 0015127 1314792 0231173 1708563 3245471 1948052
 1516084 1705175 1705176 1705177 1705178 1882348 0008902 0439855 1704241 0036849 1442518 1705195 0021399 0332307 0679006 1947967
 2827421
 2937289 2945700 1882509 0439780 0079291 0079483 0598697 0014413 0008902 0220806 3272558
 0220806 3272558
 0747055 0205296 0016884 0024554 0025266 0086418 0233535 1881534

 0085672 1553035 0542298 1458132
 0683312 1555713 0150312 0237607 0332285 3245512 0440138 0580619 0205431 0205451
 0004457 0999597 1522496 0163712 0876945 0035647 0274281 0728853 0392747 0443172 1705241
 0039224 1706073 1706074 0220806 3272558 0005532 0205460 0598697 1546854 1707959 0025320 0392747 0443172 1705241 1276802 0522501 0012618
 0439831 0014499
 0920289 0424230 0439834 0560560 0274281 0728853
 0032659 0441889 0456079 1257890 1547707 2946261 0392747 0443172 1883351 0032930 3242339 1521761 2827422 0392747 0443172 0678587 0205361 1301808 0332218 1518422 0039869 1554961 1705847
 0449911 0039224 1706073 1706074 0557702 1272706 1704674 0557702 1272706 1704674 1521761 2827422 2945700 0679201 0740116 2827735 2981700 0035648 1553898 0686732 0035647 1516998 1521761 2827422 1707959 0010362 0947630 1518422 1883351 0274281 0728853 0205396 1550043 1551388 0439792 0004600 0205095 0460009 1995000 0001721 0243107 0678723 1527148 0079411 3146294
 0237753 0449788 0242295 1947943 2348609 1999230 0332120 0282443 1552617 0242295 1947943 2348609 0871208 1521828 0205435 1279901 0282163 0686907
 0242295 1947943 2348609 0086996 0337781 0013556 0013557 0449438 0035647 0233459 0012634 0013987 0849912
 0684224 0700287 3273238 0242295 1947943 2348609 0023981 0205127 0557651 2603343 0011570 0011581 0344315 0349217 0460137 0015576 1704727 0079411 1552961 2347617 0699806 0449438 0728831 0036576
 0242295 1947943 2348609 1261322 1552578 0036453 0443289 0009085 0677638 0079411 0205448 0728831 0871712 1279919
 0026565 0026566 0205250 1299351 2700149 0026538 0220880 0013658 0700132 0001072 0041674 0032854 0869460 1883351 0206117 0968849 0015127 1314792 0021399
 1457900 1709701 1184743 1522240 1280014 0032659 1257890 0348078 0376315 1522492 1704640 1706515
 0014406 0017337 1707520 1704675 0439849 0332237 2607943 2926606 3539655 0037640 0205108 0004936
 0205447 0750591 0035168 0242481 0231330 1332838 0017337 0018576 0205170 0332197 0443211 1272684 1689985 3146287 0012634 0348080 1705253 0332268 0014412 0274281 0728853
 1516084 1707520 1704675 0439801 0597916 1522609 3542948
 0009676 1963086 0038215 0178566 1704675 2987476 1555578 1706081 3161035 0178566 0679823 1555578 1706081 3161035
 0449774 0221193 0871935 0004936 0012634 0205487 0079809 0242485 0549177 1704243 0007589 1511938 2945687 1707520 1282910 1552828
 0332120 0037640 0205108 0470187 0015576 1704727 0041427 0205173 0241889 1705495 0199236 0015576 0019664 0019665 0262512 0262926 0557651 0947630 1704727 1705255 2004062 2603343 0680240 0728826 0017296 0021212 0242538 0314603 0557351
 0947630 0549178 1883351 1511545 2987476 0370003 2347026 0013113 0039593 0392366 0206243 0699809 0439787 0849355
 1710028 0205549 1444656 2348044 2607943 2926606 3539655 0035647 0525045 0012634 0679006 1261322 1517331 1552578 1947967 0314657 0012655 0017296 0220898 0314603 1264642 1547045 0014412 0332157 0014406 0274281 0332307 0336789 1705242 1274040 1546471 2825142 0700613
 0728826 0242538 1280500 0085092 0004927 0677505
 0012655 0220898 1264642 1547045 0041427 0205173 0680240 0456564 0038444 0231297 0441471 3541888 0376558 0746890 0332162
 0035171 0035168 0242481 1707689 2983265 0241889 1705495 0005532 0015576 0019664 0019665 0205234 0205460 0262512 0262926 1285542 1704727 1705255 2004062 0439267 0686731 0035648 1553898 0033963 0035647 1521761 2827422
 0332257 0233542 0009671 1705242 0597767 0009452 0700364 1518422 0205369 1552740 0205214 0237876 1522138 3245511 0683312 0332257 0036341 0149654 0004927 0012634 0001973
 0681858 0001593 0947630 0021399 1280500 1704675 2607943 2926606 3539655 1947931 0032659 1257890 0332464 0042153 0457083 1947944 0016884 0205172 0001593 0376249 0439603 0439801 0871396 1561548 1705502 3542948 0001779
 1273305 0947630 0200898 0002778 0012854 0439851 0936012 1524024 1527178 1705938 1947931 0017262 0033684 1704222 0017337 0185117 1514468 0037640 0205108 1999230 0332120 1332838 0017337 0332268 0439849 0012634 0348080 1705253
 2607943 2926606 3539655 0332257 1552866 2700399 0035647 0205217 0442805 0332282 0018674 0018670 1281590 1706305 3263722 3263723 0027361 0206243 3642141 0002085 0052201
 0686907 0577730 0038435 0392334 0392335 0542341
 3179161 1280500 2348382 0035647 0001726 0683368 1457887 1518422 0521093 0220922 0557651 0750484 2603343
 2607943 2926606 3539655 1518422 1265611 1883351 0016204 0043187 3242261 1279919 0221191 0725066 1883351 0035168 0440042 1521738 2346620 2349184 2987476 2987583 3539073
 1707478 2699424 0017296 0314603 0015127 1314792 1272688 1280477
 1547011 1879746 0805874 0870077 1446409 3154893 3539897 0205171 1720467 0402118 0449719 1709471 0332268 1705175 1705176 1705177 1705178 1882348 0332307 0542298 1458132 0349590 1262865 1883351 0442805 0012655 0220898 1264642 1547045 0332162
 0598697 0332148 0750492 0011900 0348026 0441833 0687744 1257890 1552516 1552839 1705428 1705429
 0035647 0205172 1880776 1704788 3539106 0332157 0274281 0728853 1881534 0016617 1883708 1883351 0042789 1947903 1272688 1280477
 0332307 1441414 1553874 1578820 0242295 1947943 2348609 0549177 1704243 2987476 0018896 1552861 0020125 0017429 0017428 0086418 1709701 2338314 0679213 0456389 0243098 0376244 1518422 0030650 0175566
 1883351 0017446 0205146 1516886 0014507 0014508 0699910 1883351 0205397
 0243107 0678723 1527148 0237529 0681842 1704725 1704726 1882327
 0324413 1705535 1704675 0205396 0220806 1550043 1551388 3272558 1521970 1706388 2346469 2348519 0014406 1511545 1710236
 0004936 0012634 0205487 0332120 1280500 0678226 0750729 3146286 0033204 0332148 0017296 0314603 1521761 2827422 1547282 1883351 0205369 1552740 3242339 0686907 0442808 0332324 0036667 0312418 0427965 1511883 1522640 2346484 2349185 0376558 0392747 1521970 1706388 2346469 2348519
 0014507 0014508 0699910 2937289 1883351 1550543 0798503 0805586 3274764 0175566 0870392
 0282412 0814834 0014507 0014508 0699910 0521116 0231174 0680095 2699488 1299586 0681473 0237070 0681748 0719214 1704972 1704973
 1518422 2348301 0683579
 0185125 1947919 2347934 3539080 1446377 0848067 1546466 0332283 1719822 0033872 0033873 0037640 0332183
 0543488 0017262 0017337 0185117 0560560 0578671 1269909 1299988 2699029 0872252 1705535 0242295 1947943 2348609
 0032659 1257890 0231224 2981279 0205164 0333051 2347509 0079816 0376368 1556038 0035168 0242481 0439607 0004448 0079809 1879489 0392747 0441889 0443172 0456079 1527178 1547707 1705241 1705938 2946261 0199176 1706420 2700409
 1261322 1516048 0335343 0682323 0750492 0205447
 0035171 0035168 0242481 1707689 1948052 2983265 1299987 0220781 0332307 0559956 1883254
 0035853 0995005 0242295 1947943 2348609 0040223 3541383 1272694 0004268 0033872 0033873 0205234 1285542 0027361 0376558 0004936
 0028910 0587267 0205447 0871685 0871525 0206243 0699809 0035168 0242481 0205447 0814834 0014507 0014508 0699910
 0370215 1875400 1709793 0449432 1518422 0205099 1879652 0039869 0205487 0233629 0178566 1314939 0037640 0332297 1145667 1167622 1689898 2349209 0033213 1706387 2699424 0870407 0349590 1262865
 1514811 1706462 0439267 1553033 0011900 1704338 1704656 0003944 0031208 1274040
 0162443 0000857 0600678 1552863

 1555307
 0162443 0439509 1419031 1419700 1419791



 2603362
 0233426 0814834 0014507 0014508 0699910
 0282443 0025141
 1883310 0038995 0038280 1511481 1554192
 0162443
 2347469
 0443013 2347469
 1297882 1392583 1519654 0041107 0728938 1550516 0036341
 0777169 0021966 0221138

 0597277 1708601

 0035820 1705810 0494463 0002395 1521724 0012634 0011269 0005847 0011265 0497327 1558950 1801960
 0282476 1096782 0557651 2603343
 0003738 0033872 0033873 0205246 1553889 1554162 0000857 0600678 1552863 2603362

 0369773 2603361
 1335671 0017337 0058698 0577730 0038435 0935657 1280500 0008059 0680063
 0017400 0017398 0017399 0025141

 0043114 0597277 1708601
 2347469
 0002395 1521724 0920465 0012634 0042610
 0439070 1705160
 1511790 1274040 1546471 2825142 0302523 0700325 3244290
 0003738 0027855 1554162 0000857 0600678 1552863

 0260930 0420028 0740178 0220908 0220909 1698960 1710031 1710477 0237607 0596545 0282443 1709940
 0777169 0025141 0678579 0439267

 2603360
 0439114
 0079946 0439659 0551719 0557651 2603343 0043210
 0023973
 0205090 0684010 2603358

 0205090 0684010 2603358 1704675 0149654 0004927 0012634
 0003738 0033872 0033873 0205246 1553889 1554162 0000857 0600678 1552863 0108263
 0205090 0684010 2603358

 0369773 2603361
 0277793 1261512 1304680
 0017398 0017399 0442749 0439084 0728893 0025141 0335912 2347469
 0004936 0033975 1705255 0019664 0019665 0262512 0262926 2004062
 0557155 0441471 3541888 0004936 0012634 0205487 0033213 1706387
 2827734 2981698
 0041740
 0335912 2347469
 0014507 0014508 0699910 0199176 1706420 2700409
 0086994 0033872 0033873 0728831 0814834 0014507 0014508 0699910 0025141
 0033727 0369286 0441932 0564385 0680844 0681916 0750572 0026882
 0086345 0017398 0017399 1521991

 0205090 0684010 2603358

 0439828 0175798 0332120
 0033872 0033873 0025141 0051767 0068899 0073980 0369773 2603361
 0230028 0262950 1561953 0439849 1705630 1706279 3540605 1521970 1706388 2346469 2348519 0241889 1705495 0015576 0019664 0019665 0262512 0262926 1704727 1705255 2004062 0178292 0009566 0205484 1171258
 0035168 0242481 0025141 0597277 1708601

 0013264 0026850 0026845 0333606 0442025 0798503 0805586 3274764
 0027868 0012634 1979768 0025141

 0369637 0441923

 1825598 0002783 0014507 0014508 0035168 0242481
 0282443 0439086 2827736 2981702 0025141 0033727 0369286 0441932 0564385

 0034394
 0162443
 0441039 1705854 3540815
 0369773 2603361


 0023981 0205127 0557651 2603343 1516048 0022417 0392905 1269611 1280500 1706309 0005615 1550722 3245487 0001675 0035647 1706450 0013987 0849912 0746845 0012634 0348080 1705253
 0162443 0439509 0205090 0684010 2603358
 0439394 1706495 3642217
 0369718 0441922 1553036 0033909 1524060 0871935 0035168 0242481 0237607 3245512
 0027976 0205314
 0369637 0441923
 0016327 0439133 1553038

 0002395 1521724 0012634 0439660
 0282443 1552617
 0033872 0033873
 2603362
 0002778 0936012 1524024 0870221
 0441792 0043227 0237631 0449468 0560268 1690016
 0034037 1704324 3538926
 0439084 0728893 2981735
 0023973
 0452566
 0033727 0369286 0441932 0564385
 0014507 0014508 0699910
 0030351 0452566

 0027976 0205314 0016820
 0016327 0439133 1553038
 0019664 0019665 0262512 0262926 1705255 2004062 0243161 0032863 0080103 0205345 1547039 0349590 1262865
 0021622 1272753 0162443
 0369718 0441922 1553036
 0557651 2603343 0041427
 0162443 0005532 0205460 0025118 0036397

 0035648 1521761 2827422
 0162443 0439509
 0369773 2603361
 0004936
 3161035
 0023973

 1332838 0017337
 0027910 1552241 1555991 0439086 2827736 2981702 0025141 0439394 1706495 3642217
 0012632 2987623 1524063 0042153 0457083 1947944 1527178 1705938 0011900 0348026 0022885 0392366 0021675
 0162443 0013227 0025118 0025141 0021966 0221138
 0021966 0221138
 1414672 2984892 0079946 0439659 1550512
 0027976 0205314
 0018173 1548284 2347469
 0016327 0439133 1553038
 0033105 0220900 0001948 1524063 0001962 0001975 0042153 0457083 1947944 0001973 0001962 0001975 0011546 0439857 2698668 1274040 1546471 2825142
 0162443 0001962 0001975 0025141
 0369637 0441923
 0004936
 0034019 0699943 3244304 0018684 0033110 1555852 0013227 0025118 0445202 1456501 0369637 0441923 1517741

 0027976 0205314


 2347469 0369773 2603361

 0016327 0439133 1553038 0206173 0014507 0014508 0699910 0001973 0001962 0001975 0011546 0439857 2698668 0686732 1516998 0035648 1553898 0035647 1521761 2827422
 0162443 0439509
 2603362

 0033727 0369286 0441932 0564385
 0205090 0684010 2603358
 0086345 0206173 0017398 0017399 1521991 1555307 0798503 0805586 3274764 0282412
 0175852 0013227 0025118 0025141

 0016327 0439133 1553038 0052201 0003595 0003591 0439098 0011265 0497327 0338656
 0777169
 0582521 0178292 0009566 0205484 1171258 1274040 0036341 0001723 0033975 0681876 0032659 0557651 1257890 2603343
 0035168 0242481 0033213 1706387

 0016327 0439133 1553038
 0369773 2603361
 0557651 2603343 0003944 0031208 0233401 0683368 1457887
 0033872 0033873 0439086 2827736 2981702 0025141 0597277 1708601
 2603362
 0015576 0241888 0332621 0439168 0036341 0012634 1883073 2827424
 0003738 0033872 0033873 0205246 1553889 1554162 0000857 0600678 1552863 0597277 1708601
 2603362
 0872180 0814834 0014507 0014508 0017296 0314603 0699910
 0017337 0014406
 0003738 0033872 0033873 0205246 1553889 1554162 0025141 0597277 1708601

 0369718 0441922 1553036
 0439267 0860603 0683368 1457887 0011570 0011581 0344315 0349217 0460137 0017337 0014406
 0003738 0033872 0033873 0205246 1553889 1554162 0000857 0600678 1552863 0597277 1708601
 0369637 0441923

 1553033 0199236 0282476 1096782 0557651 2603343 0043210
 0162443 0000857 0600678 1552863 0597277 1708601
 0205090 0684010 2603358

 0038444 0557155 0441471 3541888 0332162 0043210
 0162443 0000857 0600678 1552863 0369637 0441923

 0872180 0014507 0014508 0017296 0314603 0699910 0016884 0034019 0699943 3244304 0018684
 0282443 0025141
 0041427 0205173 0004936 0033975
 0033872 0033873 2827734 2981698
 0033727 0369286 0441932 0564385 2603362
 0205090 0684010 2603358
 0369637 0441923
 0178292 0009566 0205484 1171258 0036341 0020636 0684336 0599855
 0162443 0439509 1419732 0597277 1708601 0597277 1708601 0004083 0439849 0596306 0699792 0494463 0002395 1521724 0012634 1709599 0681876 0557651 2603343
 0162443 0443021 2603360

 0369718 0441922 1553036
 1280500 2348382 0032447 0058372 0679035 0243107 0678723 1516691 1527148 0008059 0680063 0023981 0205127 0557651 2603343
 0162443 0439509 0777169 0015392
 0777169

 0016327 0439133 1553038

 0369637 0441923
 1314792 0015127 1524003 1524063 0086345 0017398 0017399 1521991
 0162443 0000857 0600678 1552863
 1708698 0814036 0017296 0024779 0026045 0314603 1706473 0086388 0018684 1947933
 0037434 0036397 0728831 0013227 0025118 0025141 0033727 0369286 0441932 0564385
 1317750 1831145 0684224 0700287 3273238

 0439394 1706495 3642217
 0439394 1706495 3642217
 0205090 0684010 2603358
 2347469
 0681876 0017270 0012634 0017337 0037179 0087136 0205171 0969625 3266812 0518609
 0282443 0025141

 0079946 0439659

 0369637 0441923

 0020792 0205396 0018684
 0024763 0175674
 0023973
 0369773 2603361 0369773 2603361 0237897 0808080 1705922
 1547703 0015127 1314792 1524003 0036341
 0162443 0000857 0600678 1552863

 0206173 0014507 0014508 0699910 1704259 1705987 0335343 0682323
 0162443 2827734 2981698 0000857 0600678 1552863 0369718 0441922 1553036
 0439267 0439394 1706495 3642217

 1553033 0040722 0242781 1521797
 0000857 0600678 1552863 0205090 0684010 2603358 0205090 0684010 2603358 0369637 0441923
 0314657 0012655 0017296 0220898 0314603 1264642 1547045 0018674 0582456 0018670 1281590 1706305 3263722 3263723 0002395 1521724 0012634 0001792 0027361 1518469
 0025141 0597277 1708601
 0205090 0684010 2603358


 0872180 0019247 0814834 2924406
 0282443 0025141
 0206236 0033872 0033873
 0162443 0025141 2681565
 0036397 0450389 0025141 0369773 2603361
 0033727 0369286 0441932 0564385
 0002783 0014507 0014508 0699910 0871935
 0162443 0439509 2347469
 1514307 0681890 1522609 0002395 1521724 0012634 1274040 1546471 2825142 0947630
 0025141
 0369637 0441923
 0162340 0035820 0014503 0025663 0025664 0449851
 0162443 0439509 1419713
 0331964 0439267


 0021966 0221138
 0078939 1456454 1750295 2362547 3484390 0002716 0011560 0033684 0330390 0439096 0611285 2004068 0017431 0003595 0018674 0018670 1281590 1706305 3263722 3263723 0282443 1552617
 0000857 0600678 1552863 0439394 1706495 3642217
 0017398 0017399 0282412
 0175852 0013227 0025118 2827734 2981698 0025141 0439394 1706495 3642217

 0020125 0017429 0017428 0086418 1709701 2338314 0686907 0017337 0004936 0012634 0205487
 0033872 0033873 2827734 2981698
 0205090 0684010 2603358
 0017398 0017399 0237607 0596545
 0439509 2827734 2981698
 0330302 1122976 3265310
 0205090 0684010 2603358
 1551776 0021966 0221138
 0017398 0017399 0014406 0392334 0085732 0282443 1552617 0043227 1272688 1280477 0004083 1524063 2349200
 0162443 0439509

 0597277 1708601
 2603362
 0017296 0314603 1880177 0011546 0439857 2698668
 0162443 0439509 0021966 0221138 0012675 0002395 1521724 0012634
 0777169 0025141 0205090 0684010 2603358 1522634
 0085092 0518120 0033927
 0003738 0033872 0033873 0205246 1553889 1554162 0000857 0600678 1552863 0369718 0441922 1553036
 0014503 0025663 0025664 0449851 0023745 0017296 0314603 0872180
 0282443 0025141

 2347469
 0439267 0023981 0205127 0557651 2603343 0011570 0011581 0344315 0349217 0460137 0022885 0039593 0392366 0597479 3161035
 0162443 0439509 0331964 0439267
 2603362
 0333584 0011560 1705760 0333562 0018674 0018670 0205082 1281590 1706305 3263722 3263723
 0162443 0027926 0524850 0033872 0033873 0000857 0600678 1552863
 0439394 1706495 3642217
 0021966 0221138
 0205090 0684010 2603358 0015127 1314792 1524003 1514811 1706462 0243132 1554210 2745955 0041427
 0162443
 0035853 0995005 2603362
 0005532 0016694 0870407
 0023973 0325331
 0035853 0995005 2603362
 0560560
 0162443 0439509 0369637 0441923
 0369637 0441923
 0369718 0441922 1553036
 0439394 1706495 3642217 0282476 1096782 0557651 2603343 0030319 1868649 0012634 0030318 0006370 0041696 1269683 0011570 0011581 0205164 0344315 0349217 0460137 0001973
 0003738 0033872 0033873 0205246 1553889 1554162 0000857 0600678 1552863 0557806 0199176 1706420 2700409
 0684224 0700287 3273238 0442504 1704765 1882509 3496241 0199176 1706420 2700409 0033872 0033873

 0023973 0557806
 0369637 0441923
 0205090 0684010 2603358
 0730319
 0162443 0000857 0600678 1552863 0021966 0221138
 0369718 0441922 1553036
 2347469
 0679698 0596906 0199176 1706420 2700409 0001962 0001975 0242510 0042153 0457083 1947944 0205653
 0199176 0282448 1706420 2681227 2700409
 0041711 0018747 0037440 0018684 0086418 0557854 1704729
 0369637 0441923
 0439267 0597277 1708601 0162340 1979886 0032659 1257890 0014282
 0282443 1552617
 0162443 0439509 0205090 0684010 2603358 0033727 0369286 0441932 0564385 0475264 1744691 0036341 0008668 0008633
 0349590 1262865 0025141
 0016327 0439133 1553038

 0004083 0439849 0596306 0699792 0023745 0004936 0221423 0229992 0557651 0947630 2603343
 0033872 0033873 2827734 2981698 0439073 0439082

 0038215 0681876 0551719
 0025663 0025664 0449851 1274040 1546471 2825142
 0030561 0331677 1824032 0449468 0560268 1690016

 0030561 0331677 1824032
 0369637 0441923

 0019266 0220848 0014406 0035171 0035168 0242481 1707689 2983265 0679199
 0014507 0014508 0699910 0018684 0037455 0030351

 0027976 0205314 0041740
 0597277 1708601
 2603360
 1280500 2348382 1280500 2348382 0011570 0011581 0344315 0349217 0460137
 0162443 0025141 0369773 2603361 0369637 0441923

 0033872 0033873 0032382
 0162443 0025141 2603360
 0439394 1706495 3642217


 1518601 0868928 1706255 1706256
 0162443 0025141 0369637 0441923
 2603360 0006736
 2603362
 2603362

 0017337 0014406 0036341
 0162443 0439509 1419725 0439267


 2603362
 0015127 1314792 1524003
 0162443

 0439267 1704675 0686732 0850664 0035648 1553898 0679238 1281905 1516998 0035647 1521761 2827422
 0872180 0014507 0014508 0017296 0314603 0699910 0025141 0230028 0262950 1561953 0562547 3160718 2603362
 2347469
 0439267
 0443013 0369773 2603361
 2347469
 1842981 0557155 0441471 3541888 0025353 1555896 0018684 0229992 0332120
 0162443 0439509

 0369637 0441923
 0369637 0441923
 0872180 0002783 0243064 0814834 0014507 0014508 0017296 0314603 0699910
 0033872 0033873 2827734 2981698
 0597277 1708601
 0439394 1706495 3642217
 0033727 0369286 0441932 0564385 1704675 0036341 0683954 2607943 2926606 3539655
 0162443 0000857 0600678 1552863 0582525 0369637 0441923
 0369637 0441923
 0033872 0402118 0282412
 0162443 0439394 1706495 3642217

 0750901 0814120 0002395 1521724 1833334 0277793 0679245 0012634 0332162 1279919 0014406 1521761 2827422
 0162443 0439509 2603360
 0017398 0017399 0021672 0332849 1555720
 0017398 0017399 0025141 0043237 0043236 0920545 0018684 0029237 0029246 0220885 1300196 1522486 2700280 0199176 1706420 2700409 0012634
 0684224 0700287 3273238


 0043237 0043236 0920545 0018684 0029237 0029246 0220885 1300196 1522486 2700280 0199176 1706420 2700409 0027765 0012634

 1273802 0442603
 0043237 0043236 0920545 0018684 0029237 0029246 0220885 1300196 1522486 2700280 0018684
 1523748 1705576 1881201
 1273802 0442603
 2945617
 0369637 0441923

 0014503 0025663 0025664 0449851
 0439070 1705160 1704675
 0282443 0025141