 0752248 1449575 0007634 1268443 0004561 0282491 0205099 3282337 1524063 0439267

 0522501


 0036378 0036375 1704729 1704729 1511716 0021622 1272753 0006037
 0205099 0557806
 0520510 0557061 2584313 1514811 1706462 0024301 0024299 0439682 1571705
 0024301 0024299 0439682 1571705 1880022 1880287 0376515 0376515 0597712 0017337
 0392148 1514559 0205410 1518422 0015127 1524003 0012634
 0012854 0006556 1273517 1883351 1707455 0017262 1861886 0017337 0185117 0007634 3282337
 1883351 0030695 0150369 0181904 0596972 1521743 1704646 0017337 0282491 0205099 0205307 0439166 2347086 0007634 3282337 1518422 1185625 2986730 0205307 0439166 2347086 0334227 2698007 0004561 0007634 3282337 0040300 1998793
 1524063 1510941 0547043 0851285 1282911 0007634 0851285 3282337 0004561 0282491 0007634 1268443 0205099 0205307 0439166 1707455 2347086 3282337
 3244092 0017262 0185117 0441889 0456079 1547707 2946261 0032520 0337112 0392762 0443286 1114821 1335439 1524075 1711411
 0332282 0547043 0851285 1282911 1709380 0851285 1522609 2827734 2981698
 0017337 0332257 3538986 0024301 0024299 0439682 0547043 0851285 1282911 1571705 1332730 1333180 0243021 1325288 0249197
 0209548 1413323 3542477 0068319 0600091 1511002 3158362 0004561 0815089 0007634 1268443 1821244 0205307 0243107 0439166 0678723 1269647 1314939 1527148 1704653 1948049 2347086
 0017337 1314939 0007582 1704675 0041368 1323304 1456820 0333516 0027540 0027651 1334928 1521761 1578706 2827422 3273930 1149207 0020898 0021764 0022271
 0017337 0024301 0024299 0439682 0851285 1571705 0423866 2626739 0054505 1335798 1704874 0001511 0175633 1314939
 0439064 0443302 1953345 0008633 0392752 0017446 0205147 1552738 1883351 0024301 0024299 0392747 0439682 1571705
 2607943 2926606 3539655 1999230 1527178 1874451 0543483 0699748 0031847 0277785 0020792 0023175 0039796 0205396 0302350 1442948 1522538 2348269 3245505 3275067 1521840 2986546 0003320
 0005767 0005768 0229664
 1515949 0018943 0037455 0200627 0596070
 0520510 0557061 2584313 1514811 1706462 0024301 0024299 0439682 1571705 0024301 0024299 0439682 1571705 1880022 0040715 2987521 0030705
 0040715 2987521 0376515 1704467 0017337 0376515 0597712 0021034 1302674 1420192 0021027 0337112 0439539 1524075 1621846 1415978 3273768 1953345 0017446 0205147 0376515 0017351 0376515 1704467 1518576 0017337 0023175 0181586 0597712 1442948 1522538 1880287 2348269 3275067 0597712 0033684
 0242821 0460148 1268086 0183683 1521721 1512571 1516130 0040715 2987521 0205410 1518422 0015127 1524003
 0332120 0025936 0003069 0025914 0025929 0026809 0947630 0004897 0376515 1704467 0017351 1533585 0017337 2603360 0040715 2987521
 0025914 0025929 0026809 2987486 0037993 0771377 1278932 1518422 0024314 0012634 0746619 2348205 0086418 0205397 1515021 1822658 0079744 2699777 0079734 0024302 0079731 0004561 0883208 0007634 0024299 0205219 0549177 1269647 1704653 1948049 0332281 0026902 0079068 0086661 0017337 1516130 0040715 2987521 0205171 0439044 0679994 0004561 0007634 3282337 0150312 0449450
 0229664 2603360 0007634 3282337 0684224 0700287 3496591 1708335 0681850 1550501 1706203 2349001 2697811 1524063 0032520 0337112 0443286 1114821 1335439 1524075
 1524063 0162788 0444498 0020202 1300517 0004561 0007634 3282337 0024296 0949039 0333997 0020507 0040300 0442726 1511790 1518071 0040421 0836921 1280736 1519547 0024204 2348205 0035647 0442808 0001779 1511790 0229664 0086418 0018684 0031206 0700364 1883351 0178537 0001779 0007634 0442805 3282337 2603360 0032520 0337112 0442726 0443286 1114821 1335439 1511790 1524075 0229664 0030705 0443252 0205166 0544452 0687702 1515273 1551058 1705313 1706317 2826302 0439234 0459471 3173575 0007634 3282337 0332268 1705285 0017296 0314603 0392747 0443172 0024299
 0205447 0449445 1883351 0162340 0007621 0040682 1510411 1705163 1709160 0017262 0314622 1861886 0007634 0017337 0185117 0205307 0439166 2347086 3282337 1268443
 0599834 0243107 0678723 1527148 0683607 0205447 1709793 0185117 0017262 0185125 1947919 2347934 3539080 0947630 0006826 0332257 1552866 2700399 1979963 2003903 1881379
 0017337 0543483 0699748 1314939 0242656 0449258 0027627 2939420
 0035647 0441833 0687744 1257890 1552516 1552839 1705428 1705429
 0017337 0237834 1314939 1514892
 1513403 1521840 2986546
 0011008 2348077 1273305 0947630 0205396 1550043 1551388 1079230 0439849 0445223 1079230 0567416 0205369 1552740 0150312 0449450 0684224 0700287 3273238 1273517 0600596 1522053 1709016 1707455 0185117 0007634 3282337 0282491 0205099 0004561 0282491 0007634 0205099 3282337 0020507 0040421 0205409 0836921 1548221
 0441889 3179034 0814037 1709846 0032520 0035380 1550177 0034746 0040223 0040649 0237400 0337112 0392762 0443286 1114821 1335439 1524075 1555029 1711411 3272377 3541383
 1511726 3245479 1705535 1519516 0017262 0185117 0007634 1268443 0004561 0282491 0205099 3282337 0007634 3282337
 0040648 0040649 1521761 2827422 1325288 0182953 0567416 0567416 1314939 0007582 1704675
 0947630 1999230 0162340 0031847 0277785
 0520510 0520510 0557061 2584313 1514811 1706462 0038960 0040300 1521827 0179326 0179323 2700402 2948008 0392148 0011519 1148702 0011522 0021966 0221138 0332283 0439799 0181805 1135584 1552983 0806987 0007634 1513475 3282337 1883708 0016071 0205409 0813724 1548221 0331955 0038995 0007704 0007703 0178587 0439182 0812409
 0007634 1268443 0004561 0282491 0205099 3282337 0007634 0037179 0038960 0040421 0087136 0205171 0359583 0836921 1269647 1704653 1948049 0333668 0039194 0007634 3282337 0026473 0022688 2363836 0022686 2709199 0007634 0205296 1336644 1705132 3282337 0004561 0007634 3282337 0004561 0007634 3282337 1524063 3541261 3538720 3540595 1367477 3538991 3539926 0020843 0577612 0007634 3282337 0007634 0037179 0038960 0087136 0205171 0205409 1269647 1548221 1704653 1948049 0024204 0037993 0771377 1278932 0205462 1314939
 0032659 1257890 0039194 0007634 0333668 3282337 0026473 0022688 2363836 0022686 2709199 0007634 0205296 1336644 1705132 3282337
 0007634 1268443 0004561 0282491 0205099 3282337 0040421 0836921 1301820 0027361 0237401 0007634 3282337 0205409 1548221 1518422 1514756 0039798 0087111 1363945 0005558 0220797
 0370003 2347026 0086418 0680240 1301820 1519941 1545588 1548787 2699414 0021430 1511481 1554192 0588446
 0332282 0039798 0087111 1522326 1533734 1705169 3538994 1510844 0016263 0806140 0814048 0031437 1285572 0016701 0035668 0185115 0677542 0684295
 0002778 0936012 1524024 0007634 3282337 1548982 0991865 0006353 0031603 0031701 0036082 1601799 1720092 1948045 0991865 0006353 0031603 0031701 0036082 1601799 0332256 2700400 0036774 0036773 0728877 0001924 0007452 0229671 1140701 1546774 1550100 0560267 0991865 0006353 0031603 0031701 0036082 1601799
 0079611 0884358 1524063 0003250 0003241 0746619 3541261 0439851 1947931 3538720 3540595 1367477 3538991 3540684 3539926 0020843 0577612 0023693 0337112 1306462 1524075 1881376 0005574 0750490 1706221
 0003250 0681814 1273517
 0003241 0021027 0005574 0750490 1706221 0439526 1720119 1948037
 0016263 0806140 0814048 0206243 0699809 0439787 0849355 1524063
 0007634 3282337 1524063 0439780 0439742 0441987 0332196 2828389 0007634 3282337 0440266
 0032400 0071360 0747726 0185115 0684295 0007634 3282337 0034760 0916178 1412820 0022130 0027976 1879958 0025664 0184661 2700391
 0012854 0039798 0087111 0849355 1522326 1533734 1705169 3538994 0035541 0011519 1148702 0011522 0021966 0221138 0150312 0332285 0947322 1552738 1705426 0024763 0175674
 0370003 2347026 0008238 0031428 0070570 0185115 3541890 2827734 2981698 0064032 0001962 0001975 2827734 2981698
 0035668 1882443 0439084 0728893 0051704 0000975 0002611 2827734 2981698 0450346 0740116 2827735 2981700 0001962
 0032400 0071360 0747726 0035668 1998793 1524063 1217267 0050385
 0012893 0182400 1883254 0035696 0035668 0169911 0335218 0004561 0282491 0007634 1268443 0185115 0205099 0205307 0439166 2347086 3282337 3541890 0007634 3282337 0442711 1507394 1522729 2348563 1524063 1553631 0439190 0006037
 0243114 1998793 0020202 1300517 1555029 1514468 1998793 1524063 1185738 1706132 0947322 1552738 1705426
 0243126 0182400 0750480 1705566 1510844 3540513
 1264633 0444505 1709595 2349200
 0025255 0332256 2700400 0037868 1719918 3272372 3538743 0336755 1706357
 0182400 1524062 0006353 0020202 1300517 1947931 1517331 1439852
 0025255 1548982 0037506 0074769 0058632 0038720 0475337 3536965 0037506 0074769 0058632 0038720 0475337 3536965 2348236 0005903 0039476 1547703 0142825 0008857 0037473 0376259 0597484 1442989 2828392
 0020202 1300517 0205173 0884358 3539942
 0205173 3539942 0242485 0936012 1514863
 1709793 1516048 1510411 2986775 0002055 0178499 1880279
 1261161 0456603 1610540 0549183 0876920 2347635 2348144 2939193
 0242485 0175659 0349674 1947916 3536777 1705535 0017337 0205173 0743559 1608199
 1708464 1706701 0200898 0002778 0936012 1524024 0600596 0025255 0332157 0220908 1305399 1705053 0596957
 0220908 1305399 1705053 0441633 2905612 0596957 1514893 1706463 2699488
 0034606 0441633 2826292 0699788 1510941 1524063
 1510941 0522510 1882115 1510992 2825518 1524063 0025663 0449851 0871511 1552738 0024763 0175674
 0184661 1948041 2700391 3274430 3538935 3539779 0185125 1510941 0370003 2347026
 1524063 0001271 1510755 1706078 1384510 3542398 1705051 0073341 1419753 0035552 1622856 0033684 0035553 1419029 1861421 1510755 1706078 1419753 1705051 0370003 2347026
 1510941 3146294
 1510941 1707455 1524063
 0522510 0439183 0439148 1264693 1519795 1514721
 0017337 0456603 1547037 0017337 0522510 1522609 1882115 0007634 3282337 0332849 1522609 1882115 0007634 1268443 0004561 0282491 0205099 3282337
 0456603 1610540 1532109 1522609 0007634 1268443 0004561 0282491 0205099 3282337 0007634 0205447 0332849 3282337
 0456603 1610540 0439093 0443228 1704243 0205163 1549782 0205163 1549782 0205396 1261322 1517331 1550043 1551388 1552578
 1883351 0332257 1552866 2700399 0017337 1522609 0043194 0258432 0441889 0456079 1421478 1547707 1706907 2946261 0518609 1515187 1705241 1705242 0522510 0282491 0205099 0439093 0443228 1704243 0205163 1549782 0205163 1549782
 0017337 1518422 1550543 0243161 0470187 1705242
 0884358 1524063 0348000 1524063 0013343 0386577 0008848 0242298 0344349 3262831
 1511790 0444706 0449770 0030695 0442805 1148741 0311474 0386577 1148673 0012854 0013343 0021966 0205173 0221138 0243122 0332583 1145667 1167622 1705764 1705765 1979882 0015127 1524003 0449913 1553451 1704459 0175730 1547937 1561954 1704730
 0237753 0449788 3540513 1710082 2584321
 0042295 0242485 0392366 1555029 1524063 0332282 0302828 1442085 3263700 0205088 0449468 1546485 1690016 1705102 2700258 1510844 1883351 0016701 0025664 0184661 2700391
 0443286 1114821 0043047 0599638 1550678 0205174 1709846 0032520 0034746 0337112 0443286 1114821 1335439 1524075 0449468 1690016 1705102 2700258 1524063 0034760
 0206415 0206415 1707689 2983265
 1883351 0218063 2936628 0259846 1881659 2349974 0011519 1148702 0011522 0021966 0039798 0087111 0221138 0849355 1522326 1533734 1705169 3538994 1709846 0034746 0032520 0337112 0443286 1114821 1335439 1524075 0035668 0884358 1518422 1555029
 1517480 1521871 1705759 1441672 0012634 0348080 1705253
 0205370 0243122 0750540 1145667 1167622 0311474 0012854 0205173 1705764 1705765 1979882 1704972 1704973 0086045 1704788 3539106 1553511 1517480 1521871 1705759 1441672 0243148 1550141 1882979 2587213 3274648 0036849 1442518 1705195 0439780 0086045
 1883351 0218063 0037791 1511884 0456389 0017337 0596607
 0162326 0086045 0470187
 0012634 0348080 1705253 0332283 1719822
 0681814 1711411 0013682 0017337 0205163 1549782
 0370003 2347026 0042295 0751455 0017337 0073341 1419753 1285529 1882115 3146294
 0035953 0600140 1704688 2346414 0370003 2347026 1521761 2827422 0444686 1441506 1443182 0001271 0332849 1524031 1552614 2826545 0042295 1883708 1510992 2825518 0042295 0243148 1550141 1882979 2587213 3274648
 1522609 1273517 2349182 0370003 2347026 1705241 1705242 0423896 0456205
 0017337 0871424 0205396 1510941 1550043 1551388
 1709795 1274040 1546471 2825142 0022885 0039593 0370003 0392366 1516048 2347026
 1264625 1709380 0042295 0449450 1705565 1947976 1707455
 1274040 1546471 2825142 0520510 0557061 2584313 1514811 1706462 0002778 0936012 1524024 0007634 3282337 0332272 1883351 0162340 1519516 1705241 1705242 0007634 1268443 0004561 0282491 0205099 3282337 0007634 3282337 1273517 0032659 1257890
 0038960 0005558 1314939 0332256 2700400 0007584 0237753 0449788 0022688 2363836 0022686 2709199 0007634 0205296 1336644 1705132 3282337 0026473 0040421 0836921 0868928 1280736 1515981 1519547 1706255 1706256 0682638 0312737 0004561 0007634 3282337
 1883351 0439801 1549649 2349209 0521102 0557651 2603343 1273517 0333668 0849355 1883720 3244314 0920433 0007634 3282337
 0007634 1268443 0004561 0282491 0205099 3282337 0007634 0037179 0038960 0040421 0087136 0205171 0836921 1269647 1704653 1948049 1998793
 0079611 1552738 1883351 0020843 0577612 0332282 0677960 0333668 0026473 0022688 2363836 0022686 2709199 0007634 0205296 1336644 1705132 3282337 0007634 3282337 0032659 1257890 0031437 1285572 0016263 0806140 0814048 0936012
 0920433 0455052 1521827 0205172 3540684 3541261 3538720 3540595 3539926 1367477 3538991 0007634 3282337
 0677960 0333668 0022688 2363836 0022686 2709199 0007634 0205296 1336644 1705132 3282337 0026473 0007634 0037179 0038960 0040300 0087136 0205171 0884358 1269647 1704653 1948049 1314939
 0430297 0002778 0936012 1524024 1547282 1514228 1449653 0200898 0002778 0936012 1524024 1516084 1517331 0162340 1705241 1705242 0007634 1268443 0004561 0282491 0205099 3282337 1707455 0017262 0314611 0017337 0185117 0600596 1522053 1709016 0006556
 1510941 1707391 0006556 0012854 1882932 0162326 0025255 0028736 0596901 0740034 1706182 0329155 1427618 1705203 1514468 1709450
 0332255 0486805 0017337 0017446 0205147 1707391 0332268 0242494 0039259 0032400 0086908 0013879 0162774 0162326 1334043
 1510941 1300196 1631280 0332256 2700400 0205447 1517488 0015576 1704727
 0015576 1704727 0332257 1552866 2700399 0029016 0079427 0243021 1155872 0007586 1155839 0007634 0033684 0243148 1269647 1511572 1550141 1704653 1882979 1948049 2587213 3274648 0450344 1553633
 0022009 0439799 1706095 0005528 1317949 3495449 1709060 1155494 0018850 0033684 0149784 0450345
 0162638 0598312 1328870 1817262 0220781 1883254 0043240 0374711 0033684
 0040648 0040649 1521761 2827422 0012940 1416886 1442449
 0597357 0003339 0699040 0003320 0007634 0205148 1269647 1704653 1948049 0007577 0001511 0175633
 1521761 2827422 0007582
 0449911 0333052 2607870 0557702 1272706 1704674 0557702 1272706 1704674
 0449774
 1956267 3146294 0027361 0237401 0004561 0282491 0007634 0205099 3282337 0936012 1524063 0600596 1510941 0006556
 0035696 0035668 0169911 0335218 1552738 0520510 0025663 0025664 0449851
 0004561 0007597 0007634 0020202 0182400 1269647 1300517 1301820 1704653 1948049 1510992 2825518 0182400 1704681 2347609 3536729 1883351 1706214 3244320 1510941
 1882115 2348589 1510941 1707455 1524063
 0017337 1707391 0456603 1610540 0205172 1705241 1705242 0205172
 0042295 1519595 2346714 0007634 3282337 0042295 1521805
 3244092 0017262 0185117 0441889 0456079 1547707 2946261 0439183 0439148 1264693 1519795 1707156 3274014 3541345 1882932 3244092 0185117 0441889 0456079 1547707 2946261 0556636 1269776 0007457 0043157 0220938
 0745732 3272378 0441987 1706509 1706510 0027365 1547383 1708200 1510755 0237753 0449788 1706078
 0017337 0031843 0439745 0542341 0680240 0700205 1705273 0598132 0023866 0034036
 0182400 0035696 0035668 0169911 0335218 1441547 3245521 0004561 0282491 0007634 0205099 3282337 0040421 0836921 1441547 3245521 0027361 0237401 0007634 3282337 0040300 0205409 1548221 0277556 0012634
 1510941 0004561 0007597 0007634 0020202 0182400 1269647 1300517 1301820 1704653 1948049 1510992 2825518 0182400 1704681 2347609 3536729 1883351 1706214 3244320 1510941
 1882115 2348589 1510941 1707455
 0185117 1419029 1419753 1861421 1547014 1948059 0936012
 0017337 0456603 1547037 0282491 0205099 0205172 0740116 2827735 2981700 1705241 1705242 0205172
 0600596 1510941 0006556 0007634 3282337 0004561 0282491 0007634 1268443 0205099 0205307 0439166 1707455 2347086 3282337 1524063 0243161
 0205217 0442805 0205216 0392756 0442797
 0745732 3272378 0004561 0282491 0007634 0205099 3282337 1518422 1550543 0243161 1555015 0745732 3272378 1705242
 1709846 0034746 0200931 0032520 0002778 0337112 0443286 0936012 1114821 1335439 1524024 1524075 1519516 1705241 1705242 0007634 1268443 0004561 0282491 0205099 3282337 0006556 0600596 0012854 1441672 1510941 1511545 1711411 1274040 1546471 2825142 1524063 0969625 3266812
 0030695 0150369 0181904 0596972 1521743 1704646 0441889 0456079 1547707 2946261 1316572 1317574 1369612 1883351 0004170 0004171 1510941 2652343 0243161 1552738 1282910 1552828 1524063 0332583 0376515 0205217 0442805 0680220 0814230 0282491 0205099 0205307 0439166 1707455 2347086 0017337 0001271 0073341 1419753 0035552 1622856 0033684 0035553 1419029 1861421
 1274040 1546471 2825142 1882932 3179034 1547282 0376515 0740116 2827735 2981700 0001271 0073341 1419753 0035552 1622856 0033684 0035553 1419029 1861421
 1522609 0016315 0596012 2584321 0449864 0205250 1299351 2700149 0007634 3282337 0376515 0004561 0282491 0007634 0205099 3282337
 0042295 0282491 0205099 1301820 0035552 1622856 0033684 0445247 0035696 0035668 0169911 0335218 0423896 0456205 0205280
 0449864 1547282 1517480 1521871 1705759 0728990 1441672 1514575 1705542
 0449911 0333052 2607870 0557702 1272706 1704674 0557702 1272706 1704674
 1709793 1709846 0376515 0001271 0428479 0441889
 1709846 0034746 0032520 0337112 0443286 1114821 1335439 1524075 0884358 1548787 0206415 0376515 0001271 2347469 0073341 0035552 1622856 0033684 0035553 1553033 1524063 0013343 0386577
 1274040 1546471 2825142 0234621 1524063
 1547282 0016315 3540639 0004561 0282491 0007586 0007634 1155839 1268443 0205099 0205307 0439166 0442726 1269647 1511572 1511790 1704653 1948049 2347086 0370003 2347026
 2755952 1882932 1517480 1521871 1705759 1639518 1947986 1524063
 3540513 1882932 0449864 1511572 0205435 1279901 0442726 1511790 1706907
 1522609 1511572 0032520 1514873 1883351 1706907
 0017337 0205217 0442805 0442805 0376515 0017337 1547282 1883351 0205217 0442805 0004561 0007634 1268443 0205307 0439166 1707455 2347086 3282337
 0017337 3542477 0167636 1335193 0250501 1332823 1707171 3539513 0250501 0597357 0218504 1704964 0521093 0750484 1456348 0185117 0007634 0205217 0442805 3282337 0884358 1709846 0034746 0200931 0032520 0002778 0337112 0443286 0936012 1114821 1335439 1524024 1524075
 0042295 0017337 1882115 0370003 2347026 0282491 0205099 1301820 0007634 3282337 1552738 0520510 0025663 0025664 0449851
 1511726 3245479 0936012 1524063 0022885 0039593 0392366
 0039224 0205397 1706073 1706074 0745732 3272378 0150312 1883351 0205217 0442805 1524063 1510941 0369773 2603361 0185117 0205216 0392756 0442797 1510941
 1705241 1705242 0444504 2347634 2348143 0282491 0205099 0444686 1441506 1443182 3540513
 3244092 0185117 0205386 0441889 0456079 1547177 1547707 1705175 1705176 1705177 1705178 1882348 2946261 0745732 3272378 3540513
 0684224 0700287 3496591 0042295 0332290 0332462 0442805 1880834 0684224 0700287 0150312 0376515 3542477 0007634 3282337 0007634 3282337 0017337 1325288 0243021 0007586 1155839 0007634 0033684 0182953 1269647 1511572 1547699 1704653 1704734 1704735 1948049 2700640 1514559 0332257 1332730 1333180 1417754 0249197 0249197 0288472
 0750591 0007634 3282337 0332183 0543488 0182953 1514559
 0237753 0449788 0012940 0007634 3282337 0332257 0282359 1416962
 0068319 0600091 0123156 1334077
 0162508
 0242987 0812264
 1421578 1421578
 1823628 1823628
 3542477
 1335841 1335843 0246454 1335841
 1519740 2348945 0021760 1334122 1527132 1415749
 0332120 0068319 0600091 3542477
 1366517 0036849 1442518 1705195 1314939 1704675 0332257 0079189 1524094 0206552 0597357 0007634 3282337 0332257 1149207 0020898 0021764 0022271
 0017337 1421565 0812307 1442804 0385333 1332695 0072108 0079183 1150565 0185117 1524063 0600596 1510941 0006556 0032520 0337112 0392762 0443286 1114821 1335439 1524075 1514559 1709380 0042295 0439092 0547044
 0449911 0039224 1706073 1706074 0557702 1272706 1704674 0557702 1272706 1704674 0039224 1706073 1706074
 0200931 1880945 0002778 0936012 1524024 0017337 0017337 0205217 0442805 0205216 0392756 0442797 1533716 0007634 0851285 3282337 0004561 0007634 1268443 0205307 0439166 1707455 2347086 3282337
 0032520 0521093 0337112 0443286 0750484 1114821 1335439 1524075 0185117 1316572 1317574 1369612 1883351 0007634 0851285 3282337 1524063 1510941 0369773 2603361 0392756 0547047 1316572 1317574 1369612 1524063 1510941 1518422 0032520 0521093 0337112 0443286 0750484 1114821 1335439 1524075
 0017337 0079717 0205217 0442805 1510941 0150312 1883351 0032520 0205216 0337112 0392756 0442797 0443286 1114821 1335439 1524075
 0039224 1706073 1706074 1547282 0004561 0282491 0007634 0205099 3282337 3540513
 0680220 1314939 0007582 1704675 0332257 0054505 1335798 1704874


 0040106 1527153 1420786

 0332290 1413256 3539866 3541310 1325288 1413256 0185117
 0449911 0039224 1706073 1706074 0557702 1272706 1704674 0557702 1272706 1704674 0039224 1706073 1706074
 0200931 1880945 0002778 0936012 1524024 0017337 0205216 0392756 0442797 1519941 0370003 2347026 0004927 0681836 0557651 1519941 2603343 1705242
 0370003 2347026 0032520 0205171 0337112 0443286 1114821 1335439 1524075 1720467 0557651 2603343
 0150312 1883351 0007634 3282337 0032520 0337112 0443286 1114821 1335439 1524075 0521093 0750484 1883351 0007634 3282337 0282491 0007634 0205099 1707455 3282337 0370003 2347026
 0185117 0521093 0750484 1883351 0205216 0392756 0442797 0868928 1533148
 2945706 0740116 2827735 2981700 0017337
 0520510 0557061 2584313 1514811 1706462 0024301 0024299 0439682 1571705 1883351 0007621 0597032 0040682 1709160 1510411
 1521721 0205435 0332437 0543482 0700329 0700619 1279901 0003339 0699040 0003320 0007634 0042764 0185117 0205148 0440102 0450355 1269647 1704653 1883708 1948049 2334846 0037088 0243095 2825141 0007634 3282337 0850310 3154893 0868928 1533148 1511695 1514559 1999230
 0684224 0700287 3273238 1707455 1449575 1956267 1979963 2003903 0007634 1268443 0004561 0282491 0205099 3282337
 0332120 1527178 1705938 1511695 1514559 0205410 1518422 0205263 0017263 0596611 1515926 0031437 0205282 0334590 1285572 1533592 1880177
 0018017 1571702 1883351 0017337 0334227 2698007 0007634 0205282 0334590 1533592 3282337 1524063 0600596 1510941 0006556 0521093 0750484 1456348 0185117 1524063 3179034 1709846 0032520 0034746 0337112 0443286 1114821 1335439 1524075
 0237753 0449788 0017337 1709795 1274040 1546471 2825142 1510941 1511726 3245479
 0027552 0686904 0521093 0750484 1456348 1511726 3245479 1524063 0969625 3266812
 0205396 1550043 1551388 0205549 2348044 1514559 0007634 3282337 0004561 0282491 0007634 1268443 0205099 0205307 0439166 1707455 2347086 3282337
 0237753 0449788 0205309 1883351 0334227 2698007 0004561 0007634 3282337 0018896 1552861 1547011 1879746
 0030705 0277556 0012634 1511726 3245479 1518422 0007634 0185125 1632850 1879355 3282337 0030705 0205409 0332155 1548221
 0332149 1705910 2362652 0205392 3540770 1515926 0017262 0017337 0185117 0677881 0332152 1514463 0039798 0087111 0439849 0445223 1363945 1511636 2826257
 0008630 0475264 1744691 0205145 0008625 0008626 0000768 0000769 1999230 0332120 0040682 1510411 1705163
 0017337 0042295 1705241 1705242 0376515 0597712 0282359 0054505 1335798 1704874
 1514559 0007634 3282337 0243148 1550141 1882979 2587213 3274648 0557651 2603343
 0282359 0205309 1414988 1416962 0040691 1527194 0018284 0018270 0220844 1314939 1510411 1521761 1621966 2827422 2911660 0053932 2610491 0033684 0262950 0391978 1266908 1266909 0026559 0037083 3537152 0439673 0031843 0542341 0700205 1705273 0282359 0004561 0007634 3282337 3539897 0040691 1527194 0018284 0018270 0220844 1510411 1521761 1621966 2827422 2911660 1280500 0004561 0007634 3282337
 0040691 1527194 0018284 0018270 0205164 0220844 1280500 1510411 1521761 1621966 2348382 2827422 2911660 3463820 0598312 1328870 1817262 0220781 1883254 1155873 1516332 0237477 0392351 0004561 0007600 0007634 0205132 1269647 1515981 1704653 1948049 0162638 1514559 0007634 3282337 0309872 0162638
 1419337 3539667 2603360 0040691 1527194 0018284 0018270 0220844 1510411 1521761 1621966 2827422 2911660 0039798 0087111 1522326 1533734 1705169 3538994 0023175 0181586 0442805 1442948 1522538 2348269 3275067 0392756 0547047 0004561 0007634 3282337 0040691 1527194 0018284 0018270 0220844 1510411 1521761 1621966 2827422 2911660 1517342 0237477 0392351 0040691 1527194 0018284 0449475 0007595 0007634 0018270 0220844 0332307 1269647 1510411 1521761 1621966 1704653 1948049 2827422 2911660 0547043 0851285 1282911 0249197 0288472 1514559 0033414 1881189 2346484 0036667 0312418 0427965 1511883 1522640 2349185 1280500 0040691 1527194 0018284 0018270 0220844 0332285 1510411 1521761 1621966 2827422 2911660 0007634 0349590 1262865 1880177 3282337
 0054505 1335798 1704874 0054505 0024429 0033684 0205309 0439849 0445223 0600210 1521761 1533574 1881827 2827422 3463820 0086282 0684224 0700287 3496591 1883351 0007634 3282337 0033684 0010853 0750490 1706221 1748451 1514468
 0001511 0175633
 0439673
 0185117 0007634 1518422 3282337
 1883712 0205251 0441889 0456079 1299352 1547707 1550472 2946261 0054505 1335798 1704874 0332197 1689985 1707455 0040648 0040649 0150312 0182953 0205307 0439166 0439509 2347086 0012940 0007634 3282337
 3542477 0068319 0600091 0238767 1706086 0035820 0007589 1511938 2945687 3542477 0167636 0004561 0377800 0007634 0033684 0205309 0205369 1269647 1552740 1704653 1948049 0012940 0812382 0038164 0242210 1148673 0033684 0243122 1145667 1167622
 0185117 0004561 0007634 0443288 3282337 0039597 1278981 0006104 1269537 0023884 0736268 1278929 2346688
 1516356 0018270 1621967 0004561 0035696 0035668 0169911 0335218 1955926 0004561 1292769 0441781 0007634 0033382 0205390 1269647 1300072 1306673 1704653 1948049 2987124 1513019 0004561 0007634 3282337 0032112 0007634 0032105 0442797 1550098 3282337
 0025914 0025929 0026809 0332268 3542477 0333951 1516349 0237477 0392351 0678723 0870861 1254042
 3542477 0017262 0185117 0332257 3540683 1332419 0033681 3542477 0392752 1515496 0185117 0868928 1533148 2603360 0947630 0332290 0684224 0700287 3273238 0680220 1514559 0033684 3542477 3542477 0032214 0600138
 1514559 0007600 0007634 0205132 1269647 1704653 1948049 2349975 0334094 1514485 0443264 2348205 0068319 0600091 1547282 1883351
 2945730 0033684 0182953 0032214 0600138 0035820 1705810 0282642 0040648 0018882 0040649 0229304 0419518 0445022 1145667 1167622 1704689 1704821 1705682 3463820 0025914 0025929 0026809 0031843 0542341 0700205 1705273 0068319 0600091 1955926 0004561 1292769 0007634 0033382 2987124 3282337 0007589 0392756 0547047 1511938 2945687 1321301 0007634 1268443 0005773 0229664 0806987 0441889 0068319 0018284 0026249 0392756 0547047 0600091 1292856 1948023 0032214 0600138 0035820 1705810 0025914 0025929 0026809 0068319 0332268 0024204 0031272 1267588 0994894 0003737 1514559 0015127 1314792 1524003 0028778 0332206 1533157 1706084 2828370 1514559 0007634 3282337 0334094 1514485 0333951 0237477 0392351 0678723 0870861 1254042 1880177 0431085
 0020792 0205396 0851285 3542477 0068319 0007634 0600091 3282337 1999230 0233820 1156245 1623229 0449774 0333951 1516349 0237477 0392351 0678723 0870861 1254042
 0007634 3282337 0282491 0205099 2982691 0024296 0040300 1518071 0086590 0376152 1515981 1546708 0004083 0439849 0596306 0699792 0332120 0007582 1704675 0449432 0443264 0018270 0220844 1621966 2911660 0007620 0038952 0220921 0040649 0597360 0185117 1149207 0020898 0021764 0022271
 0337112 1524075 0086597 0037083 3537152 0020898 0021764 0022271 0020898 0021764 0022271 0254610 1149222 1334105 0020898 0021764 0022271 0450382 0007584 0237753 0449788 0021756 0879590 1522405 0021764 1527200 0020898 0021764 0022271 0205282 0334590 1533592 0007620 0038952 0220921 0021135 1533691 2827718 0020898 0021764 0022271 2349975 0004083 0439849 0596306 0699792 1292856 1948023 1819457 0033268 1514559 0007634 3282337 1515655
 0007584 0237753 0449788 0085732 1299581 0185117 0205432 0441994 1548802 2003888 0007634 3282337 0004561 0282491 0007634 1268443 0205099 0205307 0439166 1707455 2347086 3282337 0684224 0700287 3496591 0035696 0035668 0169911 0335218 0007634 3282337 0018284 0018270 0220844 0596138 1521761 1621966 2827422 2911660 0004561 0007634 1268443 3282337 1518422 1547282 1883351 0596290 0334094 1514485 0021135 1533691 2827718
 0086282 0597357 0032214 0600138 0035820 1705810 1817201 0024501 0243107 0678723 1527148 0242245 0011306 0031843 0542341 0700205 1705273 0441513 1706214 2987476 1516348 0024501 0242245 0011306 0007620 0431085 0597032 1300991 0007634 0018896 0027651 0183683 0443348 0557034 1269647 1521721 1578706 1704653 1948049 3273930 2949735
 0033213 0040300 1299586 1710082 0431085 0699040 0007634 1268443 0205307 0332281 0439166 2347086 3282337
 0040421 0836921 0040300 1547928 1314939 0729650 0016030 0026473 2603360 2709199 0205296 1336644 1705132 0225336 0007634 0014257 3282337 0242245 0011306
 0024296 0040300 0332441 0205307 0439166 1518071 2347086 0557651 2603343 0205171 1720467 1883351 0017262 1861886 0017337 0185117
 0004561 0282491 0007634 0205099 3282337 0869040 0557651 1273517 2603343 1882932 0086972 0443299 0687118 1517735
 0427385 1318444 0031437 1285572 1273517 2754970 0020843 0205148 0577612
 3258257 0032659 1257890 0185117 0332281 0334094 0945928 0004561 0282491 0007634 0205099 3282337 0332268 0684224 0700287 3496591 1883351 1868500 0185117 0019409 0920433 0455052 1521827 0017262 0017337 0185117 1861886 0332128 1881065
 0037088 0243095 2825141 0243021 0815047 0033684 0220905 1704735 1517342 0237477 0392351 1314939 0249197 0007634 3282337 0332290 1413256 3539866 3541310 0007590 0007634 1268443 0205307 0439166 1269647 1293097 1514873 1704653 1948049 2347086 2919030 2919031 0007634 3282337 0450385 0459471 3173575 0004561 0282491 0007634 0205099 3282337 1998793 1517735 0441889
 0024301 0024299 0439682 1571705 0004561 0282491 0007634 1268443 0205099 0205307 0439166 1707455 2347086 3282337 1524063 0600597 0028953 1709016 0032520 0521093 0337112 0443286 0750484 1114821 1335439 1524075 0150312 0449450 1273517 0449445 0237753 0449788 0150312 1883351 0007634 3282337 0002778 0205217 0442805 0936012 1510941 1524024
 0332257 1552866 2700399 0376515 0597712 1416962 2677154 3536909 0123771 1149207 1334118 0812307 1442804
 1883712 1413256 3539866 3541310 0150312 1883351 0185117 0205216 0392756 0442797 0557651 2603343 1979874 0150312 1883351 0007634 0205217 0442805 3282337 0205216 0392756 0442797 0557651 2603343
 2603360 0040715 2987521 0008625 0008626 0000768 0000769 0008625 0008626 0000768 0000769 0008633 1524062 1552738 1314939 1707959 0079419 1705526 0032214 0600138 0035820 1705810
 0000768 0000769 0332148 0750492 0017351 0376515 0205410
 0392747 0443172 0332257 1552866 2700399 1516519 0861064 0023175 0205217 0442805 1442948 1522538 2348269 3275067 0017262 0185117
 0557651 2603343 0150312 0237753 0449788 1880287 0449689 0262496 1704257 2945843 0000768 0000769 0017296 0205145 0205309 0314603 0392752 0039224 1441672 1706073 1706074
 1707959 0249197 1521535 1516050 1521533 1552601 1521539 1521533 0683230 0012854 0205250 0441889 0456079 1299351 1547707 2700149 2946261 1517480 1521871 1705759 0054505 1335798 1704874 1420676 0017337 0205397 0008665 0008633 1520988 1520943 0450388 0449911 0039224 1706073 1706074 0557702 1272706 1704674 0557702 1272706 1704674 0039224 1706073 1706074
 0008630 1657114 0475264 1744691 1707478 0205396 1550043 1551388 0237753 0449788 0007634 3282337 0004561 0282491 0007634 0205099 3282337 1524063 0205195 1947911 0200931 0002778 0936012 1524024 0032520
 0947630 0205171 0205234 1285542 1720467 0205307 0439166 2347086 0004561 0597032 0007634 3282337 1524063
 0439064 0443302 0205396 1550043 1551388 1314939 0007586 1155839 0007634 1269647 1511572 1704653 1948049 1514559 0332290
 0302523 0700325 1964257 0237753 0449788 0007634 3282337 3542477 0068319 0600091 0035820 1705810 0023175 1442948 1522538 2348269 3275067 0332272 1883351 0017263 0017337 0162340 0851285 1327622 0543483 0699748 1314939 0031847 0277785
 0233820 0005532 1707455 0017262 1861886 0017337 0185117 0007634 3282337 0020792 0023175 0205396 1442948 1522538 2348269 3245505 3275067 1521840 2986546 0003320
 2825232 1515023
 0450348 1272684 1548435
 0449719 1521721 1709471 0027468 0016617
 1521721 1880198 0016617
 0034036 0034037 1704324 0010186 0220812 1706852 0449719 1709471 0220808 0680264
 1706852 0522501 1706089 0949214 0205155 1293097 1522472 1552923 1705191
 3273171
 1704729 1511716 0021622 1272753 3272372 0006037
 0013849 1705961 0024492 1538057 1547565 0059804 1514811 1706462 0520510 0557061 2584313 1514811 1706462 2827734 2981698
 0369637 0441923 0369637 0441923 0597277 1708601 0205090 0684010 2603358
 0008625 0008626 0000768 0000769 0449560

 0000857 0600678 1552863
 0740116 2827735 2981700
 0039247 3540627 0025936 0003069 0025914 0025929 0026809 0007620 0038952 0220921
 0007634 1269647 1704653 1948049
 0025141
 0439086 2827736 2981702
 0039247 1515101 2986905
 0242656 0449258 0079740 0024299 0205282 0334590 1533592 0025914 0025929 0026809 0003069
 0349590 1262865
 0025141

 0205090 0684010 2603358
 0024299 0040715 0332281 2987521 0005773 0004561 0027361 0237401
 0005767 0005768 0229664

 0439084 0728893
 0021966 0221138
 0040715 2987521 0027361 0237401 0439611 0557651 2603343 0241889 1705495 0015576 0019664 0019665 0262512 0262926 1704727 1705255 2004062 0274281 0332157



 0369637 0441923
 1511790 0439603 0024296 0040300 1518071 0596070 0030705

 0000857 0600678 1552863

 0439267
 0376249 0439603 0871396 1561548 1705502 1516130 0001779 0086418
 0041703
 0000857 0600678 1552863

 3539168
 0237881 0750502 0206243 2603360 0544452 0687702 0024301 0024299 0439682 1571705

 0000857 0600678 1552863


 0376644 0936090
 0349590 1262865
 0025141


 1511790 0024299 1524063 0600596 1510941 0006556 0020792 0205396 1511876 0005516 0206180 0024302 0079744 1321546 1515964 0883208 0007634 0024299 0205618 0549177 1269647 1704653 1948049
 0005767 0005768 0229664


 0369637 0441923
 2698629 0008902 0008903 0678229 0752248 1449575
 0349590 1262865
 0025141

 0597277 1708601
 0752248 1449575 1524063 1709016 0600596
 0025663 0025664 0449851
 0025141

 1235746 1882141
 0449475 0752248 1449575
 0349590 1262865
 0025141

 0558269 1552984 0033727 0369286 0441932 0564385
 1979963 2003903 1306459 0007847 0302592 3539064 0006826 0027530 0205064 0998265 0600596 1510941
 2347379
 0000857 0600678 1552863

 0205090 0684010 2603358 0369637 0441923
 0752248 1449575 0600596
 2347379
 0000857 0600678 1552863

 0369637 0441923
 1519516 0017262 1861886 0017337 0185117 0040300 0006556 0600596 0012854 0442726 1510941 1511790
 0006826 0998265 1306459
 0025141

 0205090 0684010 2603358
 0002778 0936012 1524024 0443289 0035820 1705810
 0349590 1262865
 0025141


 0020792 0205396 0149782 0007137 0221910 0684249 1518174 0007097 0007634 0024109 0205136 0819757 1182670 1269647 1278908 1704653 1948049 1524063 0205195 1947911 1449575 0002778 0936012 1524024
 0029016
 0025141


 1171362 0185117 0024301 0024299 0439682 1571705 1880177 0038952 0220921
 0005767 0005768 0229664


 0369637 0441923 0201975 3539604
 0439831 1709793 0023449 1961102 3542401 0085669 0280141 0023448 0023418 0205178 0229613 1524063 0021027 1621846 1708726
 2347379



 0025663 0449851 0871511
 2347379
 0000857 0600678 1552863

 0021966 0221138
 0682638 0004561 0312737 0427861 0007634 3282337 0014609 1947931 0150312 0449450 0487637 0003320 0041904 0162493 0104998 1366561 1705431 1413243 2698599
 0020964
 0740116 2827735 2981700 0025141
 0450348
 0022575 1705783 0006413 1552663 2827109
 0185117 0023418 0024299 3161035
 0005767 0005768 0229664
 0000857 0600678 1552863

 0454665 0021966 0221138
 0024301 0024299 0205297 0332120 0004561 0024264



 1261082 1551056 2981682 0036154
 0079747 0024299 1282907 0185117

 0000857 0600678 1552863

 0369637 0441923 0439267
 0376298 1709846 0032520 0543478 1550177 0034746 0012634 0040223 0182400 0237400 0337112 0443286 1114821 1335439 1524075 1609982 1704681 1709793 2347609 3272377 3536729 3541383 0023449 1961102 3542401 0085669 0280141 0023448 0023418 0205178 0229613
 0005767 0005768 0229664



 1314939 0024301 0024299 0439682 1571705
 0036397
 0025141

 0439267
 0175630 0441889 0597357 0332281 0033325 0030705

 0025141


 0167636 1336776 0033684 0167636 0004561 0007634 0033684 0205369 1269647 1552740 1704653 1948049 0004561 0007634 3282337 0079731 0079004 0004561 0883208 0007634 0024299 1269647 1515981 1704653 1948049 1515021
 0005767 0005768 0229664


 0439267
 0218504 1332817 0162597 0960756 0007634 1269647 1441547 1521761 1704653 1948049 2827422 3245521 0079731 0883208 2697951 0004561 0007634 3282337


 0450355
 0033727 0369286 0441932 0564385 2826182
 0205307 0439166 2347086 0282491 0205099

 0025141

 0033727 0369286 0441932 0564385
 0920604 0008902 0008903 0678229 1555306 1948033
 0005767 0005768 0229664


 3539879
 0010357 2986468 0037817 0234856 0600118 2828360 1514731 0037080
 0029016
 0025141

 0369637 0441923 0016327 0439133 1553038
 1414988 1416962 0040690 1947931 1879547 0289417 0031727 0053932 0279266 0597357

 0000857 0600678 1552863

 0033727 0369286 0441932 0564385 0597277 1708601 0018408 0556636
 0040690 0040691 1527194 0035696 0035668 0169911 0335218 0919418 1152568 1511576 0377800 0033684
 1517844


 0369637 0441923 0332292 2986896 0037173 0234857 3642216
 0051980 0205263 0036667 0312418 0427965 1511883 1522640 2346484 2349185 2249823 0021467 0021469 1628982 3463820 0332281 0013081 0079419 0596988 1705526
 0005767 0005768 0229664



 0332206 3540676 0249197 0014597 1273342 0007634 0221908 3282337
 0029016
 0450382 0025141

 0369637 0441923 0369637 0441923 0369637 0441923
 0054505 1335798 1704874 0027758 0006732 3272083 0026473 1327616 1879547 1704259 1705987
 0201682


 0205090 0684010 2603358
 1142652 0027758 0033684 0086418 1441165 3273837 3274824 1419349 0027950
 1517844

 0439509
 2700323
 0031272 0229653 0205418 0086574

 0025141

 0597277 1708601 0369637 0441923
 0150312 0449450 0205087 1518422 0007589 0205390 1300072 1306673 1511938 2945687

 0000857 0600678 1552863


 0017262 0185117 1511002 3158362 0815089 0243107 0678723 1527148 1522109
 0007634 1269647 1704653 1948049
 0025141


 0242290 0243107 0678723 1527148 0022688 2363836 0022686 2709199 0007634 0205296 1336644 1705132 3282337 0282642 0018882 0123156 0229304 0419518 0445022 0725813 1334077 1704821 1705682 1999216
 0349590 1262865
 0025141

 0369637 0441923
 0870312 0167636 0040648 0040649 0725813 1335193 1521761 2827422
 0349590 1262865
 0025141

 0021966 0221138 0369637 0441923
 0028778 0332206 1533157 1706084 2828370 0025914 0025929 0026809 0332268 0167636 0004561 0007634 0033684 0205369 1269647 1552740 1704653 1948049
 0007634 1269647 1704653 1948049
 0025141

 0597277 1708601 0369637 0441923 0205090 0684010 2603358
 1555715 1704332 0024305 2700512 3539720 0019829 0332281 3541281 0024299 1518422 1521733
 0919437 0006826 0998265 1306459
 3541329 2827734 2981698 0025141

 0205090 0684010 2603358 0205090 0684010 2603358
 1515001 1511695 0024299 2603360 1334535 1424876 3470427
 0024299
 0025141

 0205090 0684010 2603358 0369637 0441923
 1517945 0920533 0035143

 0000857 0600678 1552863

 0596019 0439267 0016327 0439133 1553038 1850406
 0185117 0018270 0220844 1621966 2911660 1744604 0243107 0678723 1527148
 0005767 0005768 0229664


 0597277 1708601 0369637 0441923
 0185117 0035696 0035668 0169911 0335218
 2347379
 0025141


 1415855 2945730 0123156 1334077 0018790 0237477 0392351 0521111 0012940

 0025141

 0369637 0441923 0439267
 1514559 0028778 0332206 1533157 1706084 2828370 1515126 0815089 0243107 0678723 1527148 0870411
 1517844
 0025141


 0007577 0001511 0175633 0282491 0205099 0209606 0078056
 0005767 0005768 0229664
 0000857 0600678 1552863

 0016327 0439133 1553038
 0035820 1705810 0175860 0019664 0019665 0205296 0262512 0262926 1705255 2004062 0079731 0027651
 2347379
 0025141
 0450382
 0369637 0441923
 0237876 0597357 0021756 0879590 1522405 0021764 1527200 0020898 0021764 0022271
 0036397
 0025141

 0369637 0441923 0036154
 0337112 1524075 0034819 1101536 0206553 1179435 0449432 1705248
 0036397
 0025141

 0036154
 0337112 1524075 0034819 1101536 0206553 1179435 0449432 1705248
 0036397
 0025141

 0439267 0369637 0441923
 0185117
 1517844



 0167627 1539082 0023688 0079772 0080202 0039194 0883208 0007634 0024299 1269647 1515021 1704653 1948049 0079772 0024301 0039194 0883208 2697951 0007634 0024299 0205332 0439682 1515981 1571705 3282337 0019829 0012634

 0000857 0600678 1552863


 0883208 2697951 0007634 3282337 0332325 2827757 0021135 1533691 2827718
 0005767 0005768 0229664
 0000857 0600678 1552863

 0016327 0439133 1553038 0678579
 0541749
 0349590 1262865
 0025141

 0369637 0441923
 0333051 1511002 0004561 0007589 0332281 0699040 0007634 1269647 1511938 1704653 1948049 2945687
 1517844
 0439086 2827736 2981702 0000857 0600678 1552863

 0369637 0441923
 0142216 0061338 0597357 0024299 0026764 3538749 0332197 1689985 1831743 1504389 0040736 0038250 0206153 0007634 0029216 0040732 0040733 0242767 0439859 1186763 1269647 1704653 1948049
 0005767 0005768 0229664


 0022337
 1152568 1511576 0243045 0243077 1150557 0439178 1446409 1514241 2825490 0182953 0205160 1513916 2825415 2825491


 0450385
 1832586
 0029237 0029246 0220885 1300196 1522486 0949645 1883644 0017446 0205147 1516050 1413256 3539866 3541310

 0025141

 0597277 1708601 0439267 1419742 1419743 1419744 3540564
 0752095 0002778 0936012 1524024 1707520
 0005767 0005768 0229664
 0000857 0600678 1552863

 0205090 0684010 2603358
 0752095 0002778 0936012 1524024 0008625 0008626 0000768 0000769 1707520

 0025141
 0450387
 3642216 0369637 0441923
 1511695 1272688 0024301 0024299 0439682 1571705
 0005767 0005768 0229664
 0000857 0600678 1552863
 0450388

 0002778 0936012 1524024 0024305 2700512 3539720 0019829 3541281 0024299 1518422 1707520 0947630 1521991
 0005767 0005768 0229664


 0016327 0439133 1553038 0016327 0439133 1553038
 0449774
 0005767 0005768 0229664

 0450389
 0369637 0441923 0033727 0369286 0441932 0564385
 0021149 0220856 0017256 1705759 1517480 1521871
 0005767 0005768 0229664


 0039676 2349943 3539704 0369637 0441923 0369637 0441923
 2966436 0008628 1880274 1314939 0525037 0332281 3274677 0205462 0242656 0449258 0024301 0024299
 0005767 0005768 0229664

 1515949 0018943 0037455 0200627 0596070