 0597304 1707271 0017446 0205088 0205147 1705314 1705315 0337112 1524075 0007427 1332805 0007428 1720296 0016674 0016674 0034036 0034037 1514756 1704324 0450348 0348078 0376315 1515981 1522492 1527075 0557061 2584313 1514811 1706462 2349967 2336292 1948049 1185625 2986730 0332256 2700400 0030946 0021669 1415875 0021641 1533581 1579433 0021641 1533581 1579433 0010813 0205164 0596311 0678226 1330957
 0557651 2603343 0376649 1442065 0349590 1262865 1882726 0023884 0034693 0034721 0736268 1278929 2346688 1273518 1515655
 0205177 0439167 0441655 1561536 1547282 1883351 0949755 0007427 1332805 0007428 0205474 1527178 1705938 0007427 1332805 0007428 2827734 2981698 0871208 1521828 2945843 0205145 1515974 2825164 0740116 2827735 2981700 2698651 0439086 2827736 2981702 0332324 0036667 0312418 0427965 1511883 1522640 2346484 2349185 0036681 0070329 0243122 1145667 1167622
 0424215 2003939 0521093 0015252 0443228 0728940 0750484 1704243 0439083 0439087 1145751 0021641 0205177 0439167 0441655 1533581 1561536 1579433 0332281 1881488 1524063 0369095 0312586 0003241
 1979963 2003903 0684296 1185738 1706132 0008559 0205286 0348078 0376315 1441565 1522492 1532717 1979963 2003903 0007427 1332805 0007428
 1524063 0021069 0025664 0184661 2700391 2717969 0072325 1423848 0030940 0030946 1947941 0085151 3538722 1456454 0033665 0002716 0011560 0033684 0611285 1709634 0014442 1412727 1446409 0439787 0849355 0678637 0014442 0014445
 0016318 0079603 0947630 1547282 0449774 0227525 0007427 1332805 0007428
 1515655 0039798 0070329 0087111 1522326 1533734 1705169 3538994 0043194 0258432 1280500 1421478 2348382 0423896 0456205 0034818 1334133 0034850 0205217 0423896 0456205 0199782 0586328 0021485 0021641 1272883 1533581 1533685 1579433 1828121
 1274040 1546471 2825142 1705535 0007427 1332805 0007428 1150184 0205177 0439167 0441655 1561536 1261552 1704379 1705117 2825408 0021641 1533581 1579433 0205103 1550465 2827755
 0557061 2584313 1514811 1706462 0033684 1522196 1704259 1705987 0545082 1512346 1947978 0014406 0205329 0392756 0547047 0020283 0450407 0450408 0450409 0442805 0140145 1332102 0282443 1425988 1709940
 0205393 0024369 1881707 0030956 0002520
 0243125 0699900 1515187 0442504 1704765 1882509 3496241 1279919 1704259 1705987
 0868928 1706255 1706256 0021641 1533581 1579433 0740116 2827735 2981700 0017687 0876232 0439084 0728893 0030520 1882913 3536885 0019932 0030518 0242275 0018284 0018270 0220844 1621966 2911660 1521761 2827422 0021665 1334089 0037657 1753359 3180941 0016006 0018284 0018270 0021641 0021966 0220844 0221138 1521761 1533581 1579433 1621966 2827422 2911660 0021665 1334089 0021966 0037657 0221138 2827734 2981698 0019630 0019628 1291777 0206431 0003320 0032086 0032098 0040549
 0736268 0933845 3547574 0243125 0699900 0039869 1883351 1179919 1522931 0524461 1282864 1301906 1522821 1551056 1709305 2745955 2987513 0014442 1515273 1705313 2826302 0021669 1415875 0740116 2827735 2981700 0439086 2827736 2981702 0030946 1947941 0205396 1550043 1551388
 0021669 1415875 0332219 3661442 0036974 0185115 0241938 3541890 0034850 0870432 2698651 0243125 0699900 0740116 2827735 2981700 0439086 2827736 2981702
 0441471 3541888 0021641 0332152 0597304 1522538 1533581 1579433 0021669 1415875 1149341 1623517 0243122 1145667 1167622 0021669 1415875 0332283 0205265 0205448 0597304 1279901 1555582 1705685 1947941 0010813 0596311 1330957 0678595 0030956
 0332283 0020291 0030956 0205453 0678595 3179172 0021641 0337112 1524075 1533581 1579433 0454907 0017446 0205147 0337112 1524075 1704259 1705987
 1522609 0021669 1415875 0740116 2827735 2981700 0205177 0439167 0441655 0597304 1561536 1947941 1510827 3179172 0021641 0337112 1524075 1533581 1579433 0332255 1708096 1705535 0021669 1415875 0030940 1947941 1710236 0243111 1947951 0034850 1704788 3539106
 0183683 1521721 0332185 0699919 1332804 0007428 0758959 0769345 2717970 0030946 1947941 0423866 2626739 0242275 1323367 0018284 0014520 0018270 0220844 0221920 1521761 1621966 2827422 2911660 0017687 0876232 0439084 0728893 0021665 1334089 0021966 0037657 0221138 0431085 0010813 0596311 1330957 0023688
 1516084 1947930 1998793 0021669 1415875 1881534 1524063 0030956 0021641 1533581 1579433 0079809 0242485 0020291 0150369 1516647 0442805 0032931 0032932 1642401 2584299 0021641 1533581 1579433 0040900 0001128 0202406 0740116 2827735 2981700 0439086 2827736 2981702
 0040900 0001128 0005507 0032931 0032932 0202406 0243073 1510438 1527178 1642401 1705938 2584299 0021641 1533581 1579433 0007974 0311403 3537131 0450442 1254351 1521826 0038738 0034760 0064858 0004599 0740116 2827735 2981700
 0033607 3463820 0597304 1705535 1880177 0030946 1947941 1709694 0021641 1533581 1579433
 1524063 0449445 0008562 0205390 1527178 1555029 1705938 0002778 0936012 1524024 0079411 0243125 0444706 0699900 1514468 3146294 3541902 0018619 0239849 1412082 1412316 0678594 0034850 0205054 3146294 0444868 3539085 0332256 2700400 1709915 1882936 0870432 3152252 0577559 1306372 0205250 1299351 2700149
 0021641 0444868 1279919 1533581 1579433 3539085 0205103 1550465 2827755 0205396 0557651 1550043 1551388 2603343 1749467 1948047
 0037628 0243125 0699900 0558058 1524062 1158354 1709694 0040682 1510411 1705163 0002520
 2699424 0557651 2603343 0376649 1442065 1524063 0018619 0239849 1412082 1412316 0008562 0037791 1511884 0349590 1262865
 2348792 0040223 1552961 2347617 3541383 2003902 2986798 0002778 0008562 0205390 0936012 1524024 1555029 1707391 0205225 0205448 0439631 1514468 0021641 1533581 1579433 2346714
 2986411 1273517 1883351 0220825 0205177 0439167 0441655 0597304 1561536 1947941 0683607 1883351 0035820 1705810 1709694 0021641 1533581 1579433
 0557061 2584313 1514811 1706462 0030956 0003241 1148554 2717977 0014442 0005507 0243073 1510438 0520510 0337112 1524075 3179172 0337112 1524075 0795635 0021641 1533581 1579433 0007427 1332805 0007428 0022202 0024188 0020289 0450348 0439269 1960952 2346927 1719918
 0439084 0728893 0432618 0699919 1332804 0007428 0034493 0034693 0034721 0439084 0728893 0439084 0728893 0031831 1301820 1707664 2348314 3540849
 0020017 0019994 1510665 0034390 0439662 1273517 1550032 1880497 1996907 0370003 2347026 1552738 0439084 0728893
 0020960 0439851 1947931 0085151 3538722 1456454 0033665 0002716 0011560 0033684 0611285 1709634 0014442 0030956 0031831 1301820 1707664 2348314 3540849
 3539821 0036375 0031525 0070329 1552738
 0003241 0021027 0054867 1413812 0007428 0086418 0442818 0054867 1413812 0007428 0034693 0034721 0079946 0439659 1550512 2828360 0010364 0005574 0869011
 0359168 0021669 1415875 0795635 0014442 0021641 0086418 1533581 1579433 0439851 1947931
 0041740
 2702333 0070948 0005574 0869011
 0359168 0003250 0003241 0021027 0746619 0298073 1414266 0887883 1514732 0003320 0034693 0034721 0034850 1279919 0439851 1947931 1414266 0022877 0869011 1160185 1619828
 0051979 0034493 0051979
 0033684 0423896 0456205 0025663 0449851 0871511

 0017724 0005507 0243073 1510438

 0001109 0001128 0031678 0202406 1149880 0005507 0243073 1510438 1552738
 0025255 0812225 1150635 1705212 1705213 3273202
 0036681 0060916 0043194 0258432 1421478
 1999216 0030956 0869011 1512888
 0036681 0013618 2827734 2981698 0031370 0015101 0001128 0202406 0021973 0031493 0016327 0053140 1719918
 0008562 0441800 0919553 3244287 0050456 0040982 0001128 0202406 1301820

 0220806 1516719 0449416 0680536 1301820 3272563 0034760 0441800 0919553 3244287
 0003062 0021485 1533685 1828121 0034715 2699239 0034693 0034721 0439267 0016674 0337050 1301820 0016674 1442448 0015663 0456962 0681205
 0021641 1533581 1579433 0439267 0037494 1959973 1552119 1720154 0042449 1278960 0475746 0002903 0002930 0014994 0014996 1161324
 0681814 0034693 0034721 1514756 0021493 0021485 0442120 1272883 1533685 1828121 1442450
 0204727 0205409 0220862 1882726 0023884 0034693 0034721 0736268 1278929 2346688 1656251 0016640 0524811 3161031 0884358 1524063 0025664 0184661 2700391 0740116 2827735 2981700 0439086 2827736 2981702 0439084 0728893 0450348
 0021485 1272883 1533685 1828121 0795635 0021641 1533581 1579433 0003062 0681205 0023884 1637379 0849355 0456963 0006353 0009264 0009443 0020746 0234192 1552738 0740116 2827735 2981700 0439086 2827736 2981702 0439084 0728893 0450348
 0024369 0007705 1264633 0007703 0023693 0026237 0521451 1306462 1554103 1881376 1521827 0439182 0812409 0025663 0449851 0871511

 0024369 1264633 1554103 1516695 1516698 1708533 2698172
 1264633 1554103 0007703 0038636 0205409 0439182 0439599 0812409 1161331 1444662 1548221 0038636 0369637 0441923 1161331 1516695 1516698 1708533 2698172 0740116 2827735 2981700 0439086 2827736 2981702 0439084 0728893 0450348
 2828366 0016701 0205409 1548221 0074757 0031603 0031701 0037473 0597484 1601799 2678549 1882074 0020283 0450407 0450408 0450409 0009458 0241938 0332454 0439536 0445247 1705217 3244283 1524063 0181200 0332283 0007703 1552738 0740116 2827735 2981700 0439086 2827736 2981702 0439084 0728893
 1264633 0018619 0021485 0205409 0239849 1272883 1412082 1412316 1533685 1548221 1828121 1553389 1553403 1705537 0439526 0020283 0450407 0450408 0450409 0017861 0025402 0018837
 0370003 2347026 1883708 0600209 1704732 0681850 1550501 1706203 2349001 2697811 0005863 0332283 0205266 0872403 1947912 0423896 0456205
 0020985 0002778 0936012 1524024 0370003 2347026 0348011 0025255 0369637 0441923 0041175 0002055 0178499 1880279 0017890 0522461
 0025255 0041119 0028778 0033727 0332206 0369286 0441932 0564385 2983591 0349375 0026131 0349374 0444318 2825079 0036774 0036773 0728877 0001924 0007452 0229671 1140701 1546774 1550100 0020985 1882074 0020283 0450407 0450408 0450409 0037494 1959973 0041415
 0025255 1883708 0003241 0021027 0205225 0439631 1439852 0020960 1720119 1948037 2827734 2981698 1412727 1720119 1948037 2827734 2981698 1720119 1948037 2827734 2981698 0443876 0021644 0034805 0003255 0003241 0312586 1720119 1948037 2827734 2981698 0070948 1720119 1948037 2827734 2981698 0006353 0450376
 1548982 0036774 0036773 0728877 0001924 0007452 0229671 1140701 1546774 1550100 0020985 1882074 0020283 0450407 0450408 0450409 0037494 1959973 0439531 1948053 2348236 0005903 0039476 1547703
 0021027 1621846 0442726 1511790 1524063 0063351 0003242 0051979 1979003 2754943 0034493 0051979 0003250 0003242 0003241 0021027
 0597304 2828366 0034850 0040223 1439852 1444754 3541383 0795635 0021641 1533581 1579433 0021642 0021641 0337112 1524075 1533581 1579433 3179172 0021641 0337112 1524075 1533581 1579433 2678549 0020283 0450407 0450408 0450409 0392148 0332197 1689985
 0370003 2347026 1883708 0000983 0000985 0001128 0202406 0981805 0205548 0008562 0205390 1185738 1555029 1706132 1708715
 0681814 0034850 0021669 1415875 0014442 0021641 0205177 1533581 1579433 0054871 1332807 0007428 0699919 1332804 0007428 0007427 1332805 0007428 0034850 0439526 0060916 0450376 0475211 3256935 0991865 0006353 1882074 0020283 0450407 0450408 0450409
 1264633 1883708 0179834 1550101 0991865 0492253 3256468 0006353 0008857 0020283 0031603 0031701 0376259 0450407 0450408 0450409 0456081 1601799 0005507 0018619 0239849 0243073 0243125 0699900 1273517 1412082 1412316 1510438
 0443286 1114821 0000983 0000985 0001128 0202406 0981805 1553404 1883712 2348570 0205548 0008562 0205390 1555029 0005507 0243073 1510438
 0018619 0239849 1412082 1412316 0021642 0021641 0337112 1524075 1533581 1579433 3179172 0021641 0337112 1524075 1533581 1579433 0868946 0021135 1533691 2827718
 0030956 0007427 1332805 0439446 0007428 0439526 1439852 0031603 0031701 1601799 2678549 0020283 0450407 0450408 0450409
 0702093 0443286 1114821 0000983 0000985 0001128 0202406 0981805 1272691 1883712 0370003 2347026 0205548 0008562 0205390 0936012 1555029
 0036679 0237868 1881713 0021642 0021641 0337112 1524075 1533581 1579433 0030956 3179172 0008562 0026339 3161035 0018026 0302647 0449913 0884358 1304897 1553451 1704459 0181342 0370003 2347026 0036572 0419518 0424576 0445022 2349186 1185738 1706132 0043047 0030608 0456389 0597177
 0370003 2347026 0302647 1524063 0439962 0043047 0599638 1550678 0037638 0040982 0001128 0202406 0037638 2347469
 1441565 0206243 0699809 0439787 0849355 1524063 0812409 0332283 0037638 1441565
 0301870 1272724 0030695 0150369 0181904 0596972 1521743 1704646 0205132 1550648 1552960 1720176 1720294 0183400
 0243122 1145667 1167622 0034850 0439526 1439852 0450376 0036681 3256468 0991865 0006353 0031603 0031701 1601799 1882074 0020283 0450407 0450408 0450409
 0007703 1550101 0003647 0085732 0392366 0018619 0239849 1412082 1412316 2678549 0020283 0450407 0450408 0450409 1265611 0040223 3541383 0370003 2347026 0205548 0008562 0205390 0936012 1555029
 1880022 1524063 0034850 0008562 0017243 1185738 1382104 1706132 1708715 1823517 0683758 0450376 3256935 0991865 0006353 0020283 0450407 0450408 0450409
 1185738 1706132 3256935 0074757 0991865 0006353 0031603 0031701 0037473 0597484 1548982 1601799 0020283 0450407 0450408 0450409 1524063 2826285 0806140 0871208 1521828
 0301870 1272724 0030695 0150369 0181904 0596972 1521743 1704646 0205132 1550648 1552960 1720176 1720294 0183400
 1264633 1554103 0205548 0991865 0492253 3256468 0006353 0008857 0020283 0031603 0031701 0376259 0450407 0450408 0450409 0456081 1601799 1145751 0021641 0205177 0220825 0439167 0441655 1533581 1561536 1579433 1439852 0018619 0239849 1412082 1412316
 0443286 1114821 0000983 0000985 0001128 0202406 0981805 1272691 1883712 0370003 2347026 0008562 0205390 0936012 1555029 0600209 1704732 0681850 1550501 1706203 2349001 2697811 0005863 0332283 0423896 0456205 0007427 1332805
 0681814 1264633 0008559 0008562 0016107 0017243 1185738 1382104 1706132 1145751 0020459 0021641 0205177 0439167 0441655 1533581 1561536 1579433 1264633 1554103 0042789 1947903 0450373 1553636 1439852 0450376 0036681 3256468 0991865 0006353 0031603 0031701 1601799 1882074 0020283 0450407 0450408 0450409
 0007703 0033684 0600209 1704732 0681850 1550501 1706203 2349001 2697811 0949466 0005863 0002778 0936012 1524024 1705493
 0037813 0436196 0577559 1306372 3152252 0370003 2347026 1521827 0936012 1524063 0037813 0022023 0436196 0577559 1306372 1700702 1704413 2003858 3152252 1948027 1552738
 0010453 0220814 0430400 2242979 0227525 0034715 2699239 0024554 0034693 0034721 0086582 0205409 1548221 1706180 1706428 1706429 1305866 0439267
 0227525 0031001 0162745 1521827 0430994 0007703 0070386 0439182 0812409 1998793 0205349 0392747

 0443348 0041213 0680251 1260957 1565627 2828389
 0227525 1259588 0009458 0439536 1553389 1553403 1705217 1705537 3244283 0007452 0015965 0229671 0521457 1140701 1546774 1550100 0242295 1947943 2348609 0038425 0017797 0041455
 0016318 0079603 0227525 0017596 1947936 1548982 0991865 0006353 0031603 0031701 0036082 1601799 1720092 1948045 0428357 1261415 0523720 0795635 0021641 1533581 1579433
 0007634 3282337 1548982 0070066 0231441 0443218 2827483 0991865 0006353 0031603 0031701 0036082 1601799
 1253961 0007634 3282337 0332293 1522326 0991865 0006353 0031603 0031701 0036082 1548982 1601799 0146951 0133689 0242759 0991865 0006353 0031603 0031701 0036082 1601799 0028778 0332206 0702093 2983591 1518416 0019944 0229671 0242616 1265527 1546774 1550100 0991865 0006353 0031603 0031701 0036082 1601799
 0487602 1704680 0359168 0003250 0003241 0021027 0025914 0025929 0026809 0746619 0332529 0795635 0021641 1533581 1579433 1720119 1948037 2827734 2981698 1719918 0359168 0003250 0003241 0021027 0746619 1720119 1948037 2827734 2981698 0022877 1619828 0312586 0369095 1979003 0003241 0021027 1720119 1948037 2827734 2981698 0034760 0332283 3272928 0018019 0235665 0522529 1071616 1265549 1510458 0025914 0025929 0026809 1720119 1948037 2827734 2981698 0026381 0182400 0018019 1265549 1510458 0034493 1720119 1948037 2827734 2981698
 0242841 0600396 0600395 0242842 0023089 0026018 0034606 0441633 0458142 1023865 1706315 1272695 2746065 0181839 1706379 0018017 0020940 0023317 0023318 0028908 0038561 0597484 0996842 1272460 1278892 1517288 1571702 2827727
 1704254 1704922 3542466 0003781 0439661 1948015 3245488 0027608 1091843 0023089
 1704254 1704922 3542466 0076359 3272928 0016315 0039711 0235665 0332575 1071616 1260956 1301820 1524063 0031843 0542341 0700205 1705273
 0557061 2584313 1514811 1706462 0871161 1292721 1710236 0018619 0239849 1412082 1412316 0332268 1521970 1706388 2346469 2348519 0010813 0596311 1330957
 0005507 0243073 1510438 1947971 1533716 0012634 0348080 1705253 0678608 0205108 0205265 0443286 0871208 1114821 1279901 1521828 1555582 1705685
 1710236 0018619 0239849 1412082 1412316 0332256 2700400 0679209
 1883351 1280500 2348382 1145751 0021641 0205177 0439167 0441655 1533581 1561536 1579433 0034850 0332256 2700400 1524063 0005507 0243073 1510438 0349966 1337208
 0040223 1282927 1806781 2350002 3541383 2003902 1705175 1705176 1705177 1705178 1707391 1882348 0332283 1719822 0010813 0596311 1330957 0450345 0441833 1999270 3537156 0444505 0205088 1527428 1705314 1705315 1709915 1882936 0205266 0337112 1524075 1554187 2986575 0450345 0441833 1999270 3537156 0444505
 0010813 0596311 1330957 0678595 0030956 0521093 0750484 1524063 0002778 0936012 1524024 1274040 1546471 2825142 1518422 1547282
 0018619 0239849 1412082 1412316 1883708 0034850 0868946 0392148 0033607 0450344 1553633
 1150095 0205177 0439167 0441655 1561536 0311403 0033607 3536890 1999216 0349966 1337208 2347469 0441994 1548802 2003888 0441833 1999270 3537156
 1280500 2348382 1441672 0010654 0036733 0033607 0036734 2717971 0450344 1553633
 1274040 1546471 2825142 0917903 0010813 0596311 1330957 0004015 0678226 2717969 0001128 0030946 0202406 1947941 3146286
 0449911 0333052 2607870 0557702 1272706 1704674 0557702 1272706 1704674 0349966 1337208
 2827734 2981698
 1280500 2348382 1145751 0021641 0205177 0439167 0441655 1533581 1561536 1579433
 0034850 0626189 0018619 0239849 0302891 0369637 0441923 1412082 1412316 1439852 3256468 0991865 0006353 0031603 0031701 1601799 2678549 0020283 0450407 0450408 0450409 0332197 1689985 0392148 0012403 0013618 0031370 0015101 0001128 0202406 0021973 0031493 0016327 0053140
 0444930 2746065 0443286 1114821 0000983 0000985 0001128 0202406 0981805 1272691 0439962 0008562 0205390 0936012 1555029 0025664 0184661 1517586 1552738 2700391
 0871208 1521828 0332282 0030551 0030956 2699423
 1274040 1546471 2825142 0018619 0239849 1412082 1412316 1881707 0243148 1550141 1882979 2587213 3274648 1882115 0205198 0205397 0332197 1524062 1689985 1706082
 1274040 1546471 2825142 0681814 0884358 1264633 0023884 0443299 0736268 1278929 2346688 0016640 0524811 1521827 3161031
 1547282 1979963 2003903 0018619 0239849 0678226 1412082 1412316 0034850 0392148 0332197 1689985
 0441833 1999270 3537156 1547282 1979963 2003903
 0018619 0239849 1412082 1412316 0040223 3541383
 0033684 0205171 0439044 0679994 1518422 1947971 0444505 1274040 1546471 2825142 1518422 1547282
 0020792 0205396 0332281 0034850 0205054 2717969 0030940 0030946 1947941 0011008 1880022 2348077 1512977 0007634 3282337 0007427 1332805 0007428 0054867 1413812 0007428 1412727
 1299582 0442726 0054867 1413812 0007428 0949466 0005863 0002778 0936012 1524024 1705493 1274040 1546471 2825142 1518422 1547282 0521093 0750484 0023882 0700321 2700395 0185117 0736268 1882726 0023884 0034693 0034721 0684224 0700287 0933845 1278929 2346688 3496591
 0034850 1883708 0007427 1332805 0007428 0220825 0423896 0456205 1412727 0312586 0003241 0349966 1337208 0439084 0728893
 2828366 1547282 0597879 0014436
 1979874 1524063 1624602 1412727 0439851 1947931 0369718 0441922 1553036 1707271 0205088 1705314 1705315 0030956 0597879 1532717 1179907 0025255 0443288 0423896 0456205 0034850 0521093 0750484 1412727 0021699 0025252 0025255 0033684 0443238 0596901 1706182
 0449911 0333052 2607870 0557702 1272706 1704674 0557702 1272706 1704674 0349966 1337208
 0740116 2827735 2981700
 0004083 0439849 0596306 0699792 1264633
 0034850 3661442 0036974 0241938 0332454
 1550101 0034850 0007703 0993610 1179907 0025255 1179907 0025255 1521827 0445247 0449468 0456081 1690016 1705102 2700258 0600209 1704732 0681850 1550501 1706203 2349001 2697811 0348011 0600190 0020960 0034493 0020985 0205088 1705314 1705315 0369718 0441922 1553036 1707271 0205088 1705314 1705315 0006558 0030956 2606224 0007427 1332805 0007428 0439084 0728893
 0005516 3152252 0205091 0441833 1444656 1552822 1999270 3537156
 0349966 1337208 1516048
 0439086 2827736 2981702
 1707455 0520511 1704711 1264633 0001109 0001128 0031678 0202406 1149880 0017724
 1264633 1554103 0443289 0017724 0205177 0205369 0439167 0441655 1552740 1561536 0450316 2827734 2981698 0001109 0001128 0031678 0202406 1149880 0205177 0205369 0439167 0441655 1552740 1561536 0740116 2827735 2981700 0014442 0014445 0000938
 0018563 1281583 1552914 1264633 1554103 0205172 0391845 0014442 0359583 0521450 0005516
 0282416 1561607 0795635 0021641 1533581 1579433 0040223 3541383 0014139 2984285 0205177 0205369 0439167 0441655 1552740 1561536 0439093 0443228 1704243 0005507 0243073 1510438 1274040 1546471 2825142 1518422 1547282 1425988
 0205170 3146287 1273517 1624602 1516048 0520511 1704711 0348078 0376315 0034850 0024369 0450365 1706097
 0084175 0014436 0034850 0205396 1550043 1551388 0024369 1547282 0597879 1705920 0007427 1332805 0007428 1705920
 0520511 1704711 0034850 0337112 1524075 0054871 1332807 0007428 1264633 0259846 0332268 1554103 1881659 2349974 0024369 0450365 1706097
 1511726 3245479 0034037 0947630 1704324 3641827 0439084 0728893
 0449911 0333052 2607870 0557702 1272706 1704674 0557702 1272706 1704674 0349966 1337208
 0439086 2827736 2981702
 0520511 1704711 0034850 0982262 1264633
 0034850 0034850 0521450 1264633 0034693 0034721 0205409 0243148 1548221 1550141 1882979 2587213 3274648
 0001109 0001128 0031678 0202406 1149880 0441655 1274040 1546471 2825142 0080103 0205177 0205345 0205369 0439167 0441655 1547039 1552740 1561536 0205177 0205369 0439167 0441655 1552740 1561536 0038528 0150312 0205177 0205369 0439167 0441655 1264633 1552740 1554103 1561536 0439161 0444706 3541902
 0237820 0150312 0449450 0391845 0014442 0014445 1264633 1554103 0031678 1149880 0017724
 1274040 1546471 2825142 0681814
 0034850 0034850 0521450 1264633 0600209 1704732 0681850 1550501 1706203 2349001 2697811 0050587 1514893 0017243 1382104 0050587 1514893 0017243 1382104 0348011 0600190 0020960 0020985 0054871 1332807

 0005516 3152252 0205091 0441833 1444656 1552822 1999270 3537156
 0336721 0425245 0449580 0022828 0348078 0376315
 0020792 0205396 0007427 1332805 0007428 0205177 0439167 0441655 0597304 1561536 1947941 0332281 0033684 1749467 1948047 1517331 0008562 0017243 1185738 1382104 1706132 1823517 1998793 0349966 1337208
 1264633 0008559 0008562 0016107 0017243 1185738 1382104 1706132 1150184 0021669 0205177 0439167 0441655 1415875 1561536 1880022 0018619 0239849 1412082 1412316 0332283 0008562 0205390 0349966 0450373 1337208 1553636 1555029
 1883712 1264633 0007427 1332805 0007428 0423896 0456205 0005507 0243073 1510438 0005863 1524063 0140430 0003242 0003241 0021027 0450375
 0444505 1264633 1554103 0007427 1332805 0007428 0205448 1305923 1441565 0030956 1264633 0030956 1264633
 1441565 1264633 0014442 0086972 0205177 0205286 0443299 0687118 0450375
 0449911 0333052 2607870 0557702 1272706 1704674 0557702 1272706 1704674 0349966 1337208

 1880022 0008562 0008559
 0034850 0008562 0017243 0185125 1185738 1382104 1706132 1823517
 1547282 1979963 2003903
 1264633 0003647 0085732 0392366 0018619 0239849 1412082 1412316 0936012 1524063 0008562
 1264633 0007427 1332805 0007428 0220825 0423896 0456205 0020985 0312586 0140430
 0005516 3152252 0205091 0441833 1444656 1552822 1999270 3537156
 1883351 3179172 0010813 0021641 0205225 0337112 0439631 0596311 1330957 1524075 1533581 1579433 0678595 0030956 0034850 0036681 0070329 1439852 1882074 0020283 0450407 0450408 0450409 0033684 0007703 1882443 0349966 1337208
 0002778 0936012 1524024 1547282 0333668 0309872 0597304 0020283 0444706 0450407 0450408 0450409 3541902 1553637
 1883351 0022885 0039593 0392366 0036681 0332297 1145667 1167622 1689898 2349209 0033684 0427716 1304757 0086045 1446561 0032931 0032932 0036681 0070329 1261552 1515981 1642401 1704379 1705117 2584299 2825408 1518422 0442726 0392747 0443172 1705241
 1883351 1517378 1533716 0021669 0037791 0070329 1415875 1511884 1704675 1264633 1554103 1150184 0205177 0439167 0441655 1561536 1264633 1554103 0042789 1947903 0450373 1553636 0036681 0070329 0991566 1439852
 1882443 1883708 0600209 1704732 0681850 1550501 1706203 2349001 2697811 0005863 1524063 0140430 0003242 0003241 0021027 2606224 0441436 0993610 1998480 0443289 0392148
 0150312 0449450 0007427 1332805 0007428 0205177 0348078 0376315 1522492
 0449911 0333052 2607870 0557702 1272706 1704674 0557702 1272706 1704674 0349966 1337208
 0439084 0728893
 0008551 0243114 1998793
 0034850 1439852 0450376 0036681 3256468 0991865 0006353 0031603 0031701 1601799 1882074 0020283 0450407 0450408 0450409
 0007703 1550101 0003647 0085732 0392366 0018619 0239849 1412082 1412316 2678549 0020283 0450407 0450408 0450409 1550101
 1265611 0521108 1550101 1550101 0205170 0520510 3146287 0439659 0034850 0441833 0449450 1999270 3537156 1264633 1554103 0008559 0008562 0016107 0017243 1185738 1382104 1706132 1145751 0020459 0021641 0205177 0439167 0441655 1533581 1561536 1579433 1264633 1554103 0042789 1947903 0450373 1553636 0036681 0070329 0991566 1439852 1524063 0184661 1948041 2700391 3274430 3538935 3539779 0441833 1552738 1999270 3537156
 0033684 0332281 0441436 0993610 1998480 0441436 0993610 1998480 0036681 0070329 0991566 2346972 0012634 0348080 1705253 0038959 1705537 0991566 0018851
 0370003 2347026 1883708 0600209 1704732 0681850 1550501 1706203 2349001 2697811 0348011 0600190 2606224 0140430 0007427 1332805 0003242 0369095 0003241 0007428 0021027 0025914 0025929 0026809 0020985
 1264633 1554103 1547282 0034850
 0005516 3152252 2951798 0205091 0441833 1444656 1552822 1999270 3537156
 0332120 1273517 0369095 0003241 0312586 0439084 0728893 1883351 1550032 1880497 1996907 0007427 1332805 0007428 0349966 1337208
 0021069 1524063 0003241 0025914 0025929 0026809 0439851 1947931 0014442 0849355 0439093 0443228 1704243 0034850 0678595 0005507 0010813 0030956 0243073 0596311 1330957 1510438 1527178 1705938 0001128 0020283 0349966 0450407 0450408 0450409 1337208 2347469
 0003241 0054871 1332807 2347469 0021669 1415875 0014442 0021641 1533581 1579433 0231175 1883351 0849355 1883720 3244314 1150184 0205177 0439167 0441655 1561536 2678549 0020283 0444706 0450407 0450408 0450409 3541902 0349966 1337208
 1553638
 0449911 0333052 2607870 0557702 1272706 1704674 0557702 1272706 1704674 0349966 1337208

 1280500 2348382 1145751 0021641 0205177 0439167 0441655 1533581 1561536 1579433
 0034850 0021669 1415875 0014442 0021641 0205177 1533581 1579433 0054871 1332807 0007428 0699919 1332804 0007428 0007427 1332805 0007428 1524063 0746619 0021669 1415875 0014442 0021641 1533581 1579433 0312586 0003241 0054871 1332807 0007428 0699919 1332804 0007428 0007427 1332805 0007428 0060916
 0007703 1550101 0003647 0085732 0392366 0018619 0239849 1412082 1412316 0008562 0205390 0936012 1555029
 1274040 1546471 2825142 1882115 0003241 0021027 0205397 0332197 1689985 0681814
 0034850 0007427 1332805 0007428 0205177 1524063 0312586 0003241 0025914 0025929 0026809 0439851 1947931 0007427 1332805 0007428 1550101 0003647 0085732 0392366 0018619 0239849 1412082 1412316 2678549 0020283 0450407 0450408 0450409
 0443286 1114821 0000983 0000985 0001128 0202406 0981805 1272691 0370003 2347026 0008562 0205390 0936012 1555029
 0441833 1999270 3537156 1547282 1979963 2003903
 0012238 2349986 0007427 1332805 0007428 1883351 0007427 1332805 0007428 0449695 0205145 0034850 1441672 0018619 0239849 1412082 1412316 0021135 1533691 2827718 0012238 2349986 0681850 1550501 1706203 2349001 2697811 0007427 1332805 0007428 2678549 0020283 0450407 0450408 0450409
 1514468 0008562 0086972 0205390 0443299 0687118 1555029 0349966 1337208 1547282
 0441833 1999270 3537156 0007427 1332805 0007428
 2986798 0002778 0936012 1524024 0443289 1514468 0444505 0035280 0040223 0333117 1632851 1753315 0205280 0034850 0205397 0441833 1999270 3537156 0034850
 0008562 0205164 1457900 0007427 1332805 0007428 0018619 0239849 0332287 0444505 1412082 1412316 0936012 1524063 0037813 0436196 0577559 1306372 3152252 3152252 0577559 1306372
 0021966 0221138 0745732 3272378 0444505 0337051 0035280 0040223 0333117 1632851 1753315 0871935 3152252 0577559 1306372 0678594

 0439962 0205266 0337112 1524075 1554187 2986575 0450347
 0444505 1278655 0445247 0678595 0030956 0205242 0333853
 0030956 0015252 0728940
 1710236 0450376 0450373 1514468 1553636 2347469
 0018619 0239849 1412082 1412316 0007427 1332805 0007428 0205242 0333853 0021966 0221138 0034850 0449695 0205145 0337112 1524075
 0012238 2349986 1518422 1547282 1947971 1274040 1546471 2825142 0678612 0037791 1511884 1705920
 0449911 0333052 2607870 0557702 1272706 1704674 0557702 1272706 1704674 0349966 1337208

 1979963 2003903 0868946 0021135 1533691 2827718 0007427 1332805 0007428 0018619 0239849 1412082 1412316 0332293 1522326 0021135 1533691 2827718 0439446 0007427 1332805 0007428 3256468 0991865 0006353 0031603 0031701 1601799 2678549 0020283 0450407 0450408 0450409
 0034850 0007427 1332805 0007428 0443286 1114821 0000983 0000985 0001128 0202406 0981805 1272691 1883712 1514468 0205548 0008562 0205390 0936012 1555029
 1514468 0337051 1509144 2349200 2827734 2981698 0007427 1332805 0007428 0018619 0239849 1412082 1412316 1441565 1516695 1516698 1979963 2003903 1444656
 0337051 0037813 0436196 0577559 1306372 3152252 0002778 0681850 0936012 1524024 1550501 1706203 2349001 2697811
 0449911 0039224 1706073 1706074 0557702 1272706 1704674 0557702 1272706 1704674 0577559 1306372 3152252 0678594 0795635 0021641 0086418 1533581 1579433 3146294 0007427 1332805 0007428 1707391 0337051 0042789 1947903 0349966 1337208 0007427 1332805 0007428 0007452 1140701 3146294 0008562 0936012 0037813 1551075 0013852 0436196 0577559 0596801 1306372 1704413 1948027 2003858 3152252 3463986
 3152252 0577559 1306372 1273517
 0008562 0337051 1509144 2349200 0019409
 0008562 0337051 1509144 2349200 0444930 2746065
 0008562 0337051 1509144 2349200 0439086 2827736 2981702 0450373 1553636 0450375 0449719 1511997 0012771 2986575 0337112 1524075
 0450376 0795635 0021641 1533581 1579433
 1547282 3179172 0021641 0337112 1524075 1533581 1579433 1882932 1710236
 1524063 2986798 0002778 0936012 1524024 0205265 0871208 0884358 1279901 1521828 1555582 1705685 0012634 0348080 1705253 1707455 0871208 1521828 0337112 1524075 0007427 1332805 0007428 0349966 1337208
 0684224 0700287 3496591 3179172 0021641 0034850 0337112 1524075 1533581 1579433 1881707 0018619 0239849 1412082 1412316 0871208 1521828 0441994 1548802 2003888
 0007427 1332805 0007428 0150312 1883351 0030956 2348205 3179172 0021641 0337112 1524075 1533581 1579433 0021642 0021641 0337112 1524075 1533581 1579433 1424736
 1274040 1546471 2825142 0183683 1521721 1512571 0021669 1415875 0007427 1332805 0007428 0014442
 0449911 0333052 2607870 0557702 1272706 1704674 0557702 1272706 1704674 0349966 1337208

 0597304 0021642 0021641 0337112 1524075 1533581 1579433 3179172 0021641 0337112 1524075 1533581 1579433 0018619 0239849 1412082 1412316 0021642 0021641 0337112 1524075 1533581 1579433 3179172 0021641 0337112 1524075 1533581 1579433 1439852 0021135 1533691 2827718 0441833 1999270 3537156 0439446 0007427 1332805 0007428 0441833 1999270 3537156 2347469 2678549 0020283 0450407 0450408 0450409
 0702093 0443286 1114821 0000983 0000985 0001128 0202406 0981805 1272691 1883712 0439962 0008562 0205390 0936012 1555029
 0871208 1521828 0332282 0030551 0030956 2699423
 1274040 1546471 2825142 0681814 0884358 1264633 0023884 0443299 0736268 1278929 2346688 0016640 0524811 1521827 3161031
 0007427 1332805 0007428 1883351 2347946 1183428 0007634 0034850 0332296 1269647 1301820 1704653 1880497 1948049 1996904 0557651 2603343 1660642 0475264 1744691 0007427 1332805 0007428 0242842 0026018 1948027 0349966 1337208
 0227525 0018619 0239849 0369637 0441923 1412082 1412316 1439852 0023688 0205393 0034850 0439086 2827736 2981702 0475264 1744691 0007427 1332805 0007428 0282646 0016318 0079603 0439852 0443289 1553641
 0003241 0021027 0332583 0449774
 0205286 0439851 1947931 0014442 0332575 1260956 0443289 0221205 0030946 1947941
 0475264 1744691 1518422 0185027 1948020 0007427 1332805 0007428 0175996 0178719 0205197 0439792 0237881 0750502 1546944 1553641
 0449911 0333052 2607870 0557702 1272706 1704674 0557702 1272706 1704674 0349966 1337208

 0007427 1332805 0007428
 0227525 0332293 0018619 0239849 0369637 0441923 1412082 1412316 1522326 0070066 0231441 0443218 2827483 0146951 0133689 0242759 0487602 1704680
 0018619 0239849 1412082 1412316 0332583 1547282 0007427 1332805 0007428 0332575 1260956 1547282 1704254 1704922 3542466 0439792 0221205
 0003242 0003241 0021027 1947971 0205378 0449774 0007427 1332805 0007428 0175659 0175996 0178719 0349674 1947916 3536777 3171719
 0007634 3282337 0449450
 0007427 1332805 0007428 0332575 1260956 1547282 1414266 0332583 1547282 1704254 1704922 3542466 0439792 0221205

 1704254 1704922 3542466 0205448 0233929 0449819 2349995
 0475264 1744691 0887883 0333262 0205117 0332282 1883708 0016318 0079603 0205173 0332128 0487602 1704680 1705764 1705765 0183489 1414266
 0597879 0887883 0333262 1279919 1441672 0205396 0392148 1414266 1550043 1551388
 1274040 1546471 2825142 0521093 0750484 1456348 0026193 0205165 0450429 1515974
 0205474 0021641 1533581 1579433 0449432 0282443 0450355 1425988 1709940 0205195 0205474 0557651 2603343 1425988 0543482 0557651 2603343 1425988 0034850 1705535 0007427 1332805 0007428 0349966 1337208 1441672
 1553641 1709305 0887883 0205393 0333262 0750492
 1280500 2348382 1539479 0034818 1334133 0021641 0597357 1533581 1579433 0034850 1515655 0202098 0428405 0441889 0456079 1547707 2946261 1519726 0031715 1158886 1301808 1442792 3148680 0070329 0392760 1314939 0001721 0597304
 1280500 2348382 3270432 0037083 1160185 1710082 0205117 0332282 1883708 0332128 0349966 1337208
 0003062 1521801 0021493 0021485 0442120 1272883 1533685 1828121 0037494 1959973 1720119 1948037 1442450 0003062 0681205 0702093
 0034850 1521827 1265611 0423896 0456205 0949466 0005863 1705493 0002778 0936012 1524024
 0020459 0442805 1264633 1441672 0205409 1548221 0456693 1442458 0702093 0439267 0005910 1305866 0043100 0242821 0460148 1268086 1705104 1552738 0439086 2827736 2981702 0349966 1337208 0441994 1548802 2003888 0441833 1999270 3537156
 1442103 1547049 1705241 1705242 0439792 0039798 0070329 0087111 1441672 1522326 1533734 1705169 3538994
 1979874 1705241 1705242 0034818 1334133 1519726 0255618 0021641 0031715 0041485 0597357 1158886 1441672 1533581 1579433 1711351
 0199782 0001554 1533734 0439818 1282927 1708698 1879313 1881705 3271785 0813988 0034818 1334133 0021641 0597357 1533581 1579433 0070329 0231448 0439792 0040223 3541383 0349966 1337208 0441833 1999270 3537156
 0449911 0333052 2607870 0557702 1272706 1704674 0557702 1272706 1704674 0349966 1337208

 1518681 1280500 2348382 0871786 0255618 0034818 1334133 0021641 0597357 1533581 1579433 0001554 1533734 0795635 0021641 1533581 1579433 1515655
 0034693 0034721 0005910 1305866 0018619 0043100 0239849 0242821 0302891 0439267 0460148 1268086 1412082 1412316 1705104 1720154 0205435 1279901 1514756 0021493 0021485 0442120 1272883 1533685 1828121 0037494 1959973 1442450
 1264633 0040223 0205409 1444656 1548221 1632851 0005863 0423896 0456205 0034818 1334133 0021641 0597357 1533581 1579433 1524063 0443876 0312586 0021644 0034805 0003241 0021027 0597879 1515981 0003250 0003241 0021027 0070948 0746619 1883351

 0336721 0425245 0449580
 0005516 3152252 0205091 0441833 1444656 1552822 1999270 3537156
 1514811 1706462 0949755 0007427 1332805 0007428 1145751 0021641 0205177 0205396 0439167 0441655 1533581 1550043 1551388 1561536 1579433 1273518 0034850
 0557651 2603343 1883351 0031843 0542341 0700205 1705273 1710236 0205549 2348044 0205474 1261322
 1524063 0449445 1292724 0684224 0700287 3496591 0034850 0332256 2700400 0699919 1332804 0007428 1184743 1522240 0017687 0876232 0439084 0728893 0242275 1323367 0018284 0014520 0018270 0220844 0221920 1521761 1621966 2827422 2911660 0021665 1334089 0021966 0037657 0221138
 0332185 1547282 0014898 1999216 0699919 1332804 0309872 1709694 0008015 0431085
 0332290 0150312 0449450 0917903 0043227 1150184 0205177 0439167 0441655 1561536 0332148 0750492 0949755 0007427 1332805 0007428 0302523 0700325 1444656 3244290 0332283 1719822
 1979963 2003903 2698651 2348205
 0034850 1150184 0001128 0021669 0205177 0439167 0441655 1415875 1517945 1561536 1708698
 1553033 1150184 0205177 0439167 0441655 1561536 0036681
 0681814 0392148 1709634
 1524063 0242842 0079604 0026018 0871786 0227525 0021641 0728938 1533581 1550516 1579433 1708698 0007427 1332805 0007428 0007427 1332805 0007428
 0007427 1332805 0007428 0449774 2348205 3146294 1524063 0205177 0439167 0441655 0597304 1561536 1947941
 0392148 0034850 0678226 1264633 0043194 0258432 0259846 0521450 1421478 1554103 1881659 2349974 3146286 0750558 1710571
 0423896 0456205 0017724 0001109 0001128 0031678 0202406 1149880 0259846 0547040 1524031 1552961 1881659 2347617 2349974 2945599 0024369 0521093 0750484 1456348 0302523 0700325 3244290
 0054871 1332807 0007428 1709634 0332219 0205396 1550043 1551388
 0016318 0079603 0947630 0034693 0034721 0227525 0884358 0443289 1414266 0150312 0449450 1705535 0475264 1744691 1819354
 1511726 3245479 0205156 0205170 0205474 1552607 3146287 0439084 0728893 0332120 0007427 1332805 0007428 0034850 0205054 0333118
 0030956 0018619 0239849 1412082 1412316 1273517 1883351 0005507 0243073 1510438 3547574 0243125 0699900 0740116 2827735 2981700 1273517 1285553
 0205435 1279901 0018619 0239849 1412082 1412316 1518422 1705417 0027627 0175668 0205436 0013879
 1441129 0021966 0021968 0034553 0885449 2348268 0024861 1538279 1845191 0205145 0524637 1515974 1710236 2825164 2945843 0205145 0449913 1553451 1704459
 0205436 0005507 0243073 1510438 3547574 0002778 0021641 0034553 0243125 0699900 0936012 1524024 1533581 1579433 0740116 2827735 2981700 0449295 0243125 0699900 0079809 0242485 1879489 0441655 0597304 1947941 1292728 0205265 0871208 1279901 1521828 1555582 1705685 0443286 1114821
 0010813 0596311 1330957 1514468 1517331 1522240 0332218 1301820 1706701 1533716
 0005507 0243073 1510438 0030946 1947941 1881488 0030940 0030946 1947941 0332148 0750492 0150312 0449450 0439084 0728893
 0005507 0243073 1510438 0018619 0205265 0239849 0242485 0243125 0302891 0699900 1261552 1279901 1412082 1412316 1527178 1555582 1704379 1705117 1705685 1705938 2825408 1881488 0020792 0205396 0205103 1550465 2827755
 0037791 1511884 1150184 0001128 0021669 0205177 0220908 0220909 0439167 0441655 0683607 1415875 1561536 1698960 1710031 1710477
 0332196 2828389 0010813 0596311 1330957 0034850 0205054 1441672 0014175 1427293 0117059 0439084 0728893 0021669 1415875 0014442 0021641 1533581 1579433 2712604 0205394 0205427 0441655 0597304 1947941
 0449295 0005507 0243073 1510438 3146294 1515655 0332149 1705910 2362652 0008562 0205195 0205390 1555029 0025664 0184661 2700391
 1524063 0449445 1514468 0014139 0021641 0040223 0185115 1279919 1533581 1579433 2984285 3541383 3541890 0870432 0337112 1524075 0010813 0596311 1330957 1414132 1417638
 0678594 0002778 0936012 1524024 0205409 1185625 1548221 2986730 0683607 0917791 1148554 1314939 0010813 0596311 1330957 0021641 1533581 1579433
 1184743 1522240 0681828 0021135 1533691 2827718 0557651 1521721 2603343 0597304 1524063 0023899 2828366
 0557651 2603343 1547282 0010813 0596311 1330957 0018619 0239849 1412082 1412316
 1883351 1880022 1524063 0005507 0243073 0332324 1510438 1550474 0332282 0010813 0596311 1330957 1709915 1882936
 0444930 1514468 2746065 3146294 1524063 0034850 1183428 0557651 2603343 1425988 0007427 1332805 0007428 0683954 0557651 1274040 1546471 2603343 2825142 1709305 1709915 1882936 2745955 1704259 1705987 1704259 1705987 0205145 0036572 0424576 2349186 0449774 0007427 1332805 0007428 0205242 0333853
 0004793 0162326 0162327 1519249 0007427 1332805 0007428 0205242 0333853 0332256 2700400 1709915 1882936 2945843 0010813 0205145 0596311 1330957 1515974 2825164 0441987 0070662 0309049 0868928 1533148 1709915 1882936
 0205145 0205242 0333853 1883351 0205225 0205448 0439631 0444930 1514468 2746065 0450347 1514873
 1880022 0369773 2603361 1883254 1710236 0010813 0596311 1330957 1301820 1524063 0205296 1710236
 0007427 1332805 0007428 0700364 1883351 0086597 0010813 0596311 1330957 0678595 0030956 0063356 1413237 0337112 1524075 0439509 0026972 0033684 0678595 0030956 2827734 2981698 0544511 0085151 3538722 0033665 1456454 0002716 0011560 0033684 0611285 1709634 1709915 1882936
 0076727 1418550 0036764 0018790 0237477 0392351 0521111 0076726 1416669 0022478 0440744 0332185 1883351 0070662 0031453 0205242 0333853 0005456 0205681 0205145 0205332 0419518 0445022 1515974 2825164 0007427 1332805 0007428
 0947630 0243122 1145667 1167622 0205396 1550043 1551388 1167622 1704675 3179172 0021641 0337112 1524075 1533581 1579433 0017446 0205147 0332256 2700400
 0243122 1145667 1167622
 0243122 1145667 1167622 0010813 0596311 1330957 1305923 1150184 0205177 0439167 0441655 1561536 2717969 0030940 0030946 1947941 0004015 1518422 0018284 0018270 0220844 0442726 1511790 1521761 1621966 2827422 2911660 0034850 1881488 0431085 0597032
 0681841 1705241 1705242 0041484 0041485 1421250 0070662 3179172 0021641 0337112 1524075 1533581 1579433 0450348 0733755 0070662 0870432 1705417 2718060 0021943 0021945 1705687 2349984 0332268
 0150312 0449450 0947630 0021641 1533581 1579433 1710236
 0007427 1332805 0007428 0085236 0024432 0034493 0034850 0205396 1440080 1546706 1550043 1550652 1551388 0947630 0008551 0243114 1998793 0034850 0005863 0439084 0728893 0242349 0230825 0034850 0024432 1546706 1550652 0007634 3282337 0242349 0205087 0332256 1185625 1515981 1826758 2700400 2986730 1166848 0237886 0700314 1947906
 0332290 0520511 1704711 1705920 0736268 0933845 0439084 0728893 0947630 1705920 0007427 1332805 0034850 0205396 1550043 1551388 0332529 1709634 0348078 0376315
 1511726 3245479 1705535 1709694 0034850 1709305 2745955
 0441712 1273518 0007427 1332805 0007428 1518422 2963144
 0543482 0002778 0936012 1524024 0205234 0475264 1285542 1744691 1521840 1334090 1334189 0598091 0007600 0007634 0205132 1269647 1704653 1948049 0205447 0007427 1332805 0007428 1547282 1264633 1554103 0024369 0887883 0034850
 0004083 0439849 0596306 0699792 0001128 0034850 0684224 0700287 3496591 0024432 1546706 1550652 2717940 0007634 3282337 0004561 0024264 1257739 1513843 1522260 0016030 0025914 0025929 0026809 0027468 1515981
 0150312 0449450 0557651 2603343 1999230 0332120 0205396 1550043 1551388 1412727
 0020985 0002778 0936012 1524024 0521093 0750484 0205474 0016318 0079603 0947630 1412727 0205447 0039869 1883351
 0449913 1553451 1704459 0700364 1883351 0010834 0521449 1514562
 0332120 1412727 0171484 1518422 0443211 1272684 1749467 1948047 0025252 0033684 0439849 0445223 0085151 3538722 1456454 0033665 0002716 0011560 0033684 0611285 1709634 0010813 0596311 0681850 1330957 1550501 1551058 1706203 2349001 2697811 1412727
 0684224 0700287 3496591 0871161 1882134 2347695 0521093 0750484 0557651 2603343 0359589 1999230 0332120 1412727 0597304 0523720 0021641 1533581 1579433 1179919 0524461 1282864 1301906 1551056
 1412727 0030946 1947941
 0043227 0205156 0205195 0947630 1552607 1999230 0332120 0227525 0439084 0728893 0439175 0439810 0680240 0947630 1705535 0439509 0750546 1883254 0020289 0887883 0034850 0442726 1279919 1511790
 0332185 0947630 0598091 0007600 0007634 0205132 0205360 0884358 1269647 1547311 1704653 1948049 0443289 1414266 0005516 0036667 0312418 0427965 1511883 1522640 2346484 2349185 0086597 0127400 0332220
 0016318 0079603 0947630 0521093 0750484 1456348 1265611 0887883 0333262 0439178 0442726 1279919 1414266 1446409 1511790 1514241 2825490
 0557651 2603343
 0237881 0750502 0887883 0034850 0023693 1306462 1314939 1881376 0007595 0007634 0018270 0178539 0220844 0243148 1550141 1621966 1882979 2587213 2911660 3274648 0007589 1511938 2945687
 0205217 0442805 0441889 0007427 1332805 2347469 0036525 0027627 1707520 2939420 0475450 0237753 0449788 0450382
 0007427 1332805 0007428 0443264 1265611 0699040 0007634 0205148 1269647 1704653 1705822 1948049 1265611 1156063 0024369 0005528 1317949
 0007587 0007634 0011065 1269647 1306577 1704653 1948049 0332185 1547282 1883351 0007427 1332805 0007428 0521450 1547282 0162638 0242606 0038435 0205263 0311404
 0947630 1999230 0031843 0542341 0700205 1705273 0023688 0439849 0445223 0597304 0851285 1327622 1514762 0037083 3537152 0599896 1708726 2827734 2981698 0439086 2827736 2981702 0439084 0728893
 0007427 1332805 0007428 0205263 0010813 0596311 1330957 0312439 0019932 0033684 0032086 0032098 0040549
 0684224 0700287 3496591 0017687 0876232 0034850 0205054 1522240 1150171 0205177 0439167 0441655 1561536 0007427 1332805 0007428 0439084 0728893
 0597304 0030520 1882913 3536885 0019932 0030518 2827734 2981698 0030685 0391871 0439180 0680255 1283071 1963578 0597192 1149477 0030520 1882913 3536885 0019932 0030518 2827734 2981698 0007427 1332805 0007428 0086597 0127400 0034850
 0679823 1709694 0040715 2987521 0596402
 0947630 1705535 0035820 1705810 0054874 1413821 0439394 1706495 3642217 0063356 1413237 0337112 1524075 0003315 0003320
 0871161 1292721 0007427 0332281 1332805 0007428 0309049 0035820 1705810 1185625 2986730
 0557651 2603343 1547282 0001554 1533734 0205198 1706082 0018790 0237477 0392351 0521111 3547574 0243125 0699900 0021135 1533691 2827718 0043194 0258432 0750489 1280500 1421478 2348382 0441889 0456079 1547707 2946261 0034818 0034850 0150312 0449450 0205263 3271785 0813988
 0086045 1446561 1514873 1883351 1882365 0021135 1533691 2827718 0043194 0258432 0439526 1421478 1705175 1705176 1705177 1705178 1882348 0205263 1280500 2348382
 1515655 0070329 0750492 1280500 1441672 2348382 0558058 0441889 0449286 0542560 1561545 2348088 0524899 0001721 0086168 0597357 0599946 0023688 0013126 0031715 1158886 2986904 0439086 2827736 2981702
 0013125 0021440 0001554 1533734 1637379 0005767 0005768 0229664 0521097 0022646 0227665 0521093 0750484 0086045 1515655
 0007634 3282337 0070329 1292734 1522326 0034693 0034721 0439269 1960952 2346927 1301820 1706701 0086045
 0243107 0678723 1527148 0243077 0725066
 0947630 1552961 2347617 0439787 0849355 0243067 0011860 2697407 0011854 0011849 0011847 0021641 0851827 1441672 1518422 1533581 1579433 1701901 3244310 0243111 0392752 1947951 0015127 1524003 0332452 1522821 2987513
 0947630 0392756 0547047 0011860 2697407 0011854 0011849 0011847 0021641 0851827 1441672 1518422 1533581 1579433 1701901 3244310 0015127 1515926 1524003 1521840
 2986676 0033727 0369286 0441932 0564385
 0041740 0034390 0006823 0282443 1704362 0600659
 2986676 0031831 1707664 2348314 3540849
 0041740 0031831 1707664 2348314 3540849
 0020017 0019994 1510665 0034390 0006823 0031831 1707664 2348314 3540849
 3539821 0030853 0041740 0031525 0070329 1136188 0021669 1415875 0014442 0007428 0003241
 2986676 0031831 1707664 2348314 3540849
 0030561 0331677 1824032 0016674 0018896 0455052 1521827 0227525
 2986676 0031831 1707664 2348314 3540849

 0016674 0018896 0242842 0026018
 2825232 0010186 0220812 0449719 1709471 0220808 0680264 0007961
 1706852 0522501 1706089 0949214

 0282413 0376649 1442065 1720296 0016674
 0254343 0796520 3272379

 0085205 1549619 1880669
 0013849 1705961 0024492 1538057 1547565 2348513 3538902
 0034037 1704324 0030351 0000723 0000723 1273517 0021665 1334089 0021966 0037657 0221138 0021665 1334089 0037657 1753359 3180941 0016006 0018284 0018270 0021641 0021966 0220844 0221138 1521761 1533581 1579433 1621966 2827422 2911660
 1412727 0085151 3538722 1456454 0033665 0002716 0011560 0033684 0611285 1709634 0014442
 0021669 1415875 0021669 1415875
 1414266 0298073 1414266 0887883 0003320 0034850 1279919
 0034850 2828366
 0018619 0239849 1412082 1412316 0795635 0021641 1533581 1579433
 0008562 2717789 0597410 0008562 0008565 0008550 0033095 0205250 0302908 0460139 1299351 1304698 1306345 1546699 1561501 2700149
 0007427 1332805 0007428 0007427 1332805 0007428
 0991865 0006353 0031603 0031701 0036082 1601799 0991865 0006353 0031603 0031701 0036082 1601799
 1514811 1706462 0557061 2584313 1514811 1706462 2827734 2981698
 0016327 0439133 1553038 2347469
 0021966 0221138
 0369637 0441923

 0450382 0025141 0740116 2827735 2981700
 0016327 0439133 1553038 0205090 0684010 2603358
 2347469
 0021966 0221138
 0369637 0441923


 0201682
 0439086 2827736 2981702
 0016327 0439133 1553038 3538902 3541881 0439267
 0439267

 0369637 0441923


 0025141
 2347469



 0000857 0600678 1552863 0439084 0728893
 0016327 0439133 1553038
 1706917
 2347469
 0021966 0221138
 0369637 0441923


 0201682

 0597277 1708601
 0369773 2603361



 0201682

 0016327 0439133 1553038 1706917

 2603362


 0201682

 0205090 0684010 2603358 0016327 0439133 1553038 3538902 3541881 0439267

 0369773 2603361


 0201682

 0033727 0369286 0441932 0564385



 1517844
 0025141

 0369637 0441923
 0439394 1706495 3642217 0369773 2603361



 0201682

 0016327 0439133 1553038 0439267
 0439267 0439267
 0014137


 0205090 0684010 2603358 0205090 0684010 2603358
 2603362



 0000857 0600678 1552863



 0205090 0684010 2603358
 0035431
 0025141
 0330667
 0331857 0369773 2603361 0667830 1332667 1705065 0439394 1706495 3642217
 2603362


 0201682

 1551730
 2347469 0007457 0043157 0220938 0205090 0684010 2603358
 0369773 2603361

 2603362


 0201682


 2603360
 0439267

 3539821 0205090 0684010 2603358



 0201682

 0597277 1708601 0205090 0684010 2603358

 1418943

 0268596 2700624
 3642273
 0041703
 0000857 0600678 1552863
 0439114
 0033727 0369286 0441932 0564385 0369718 0441922 1553036
 1441583
 0439394 1706495 3642217 0205090 0684010 2603358



 0201682

 0439114 0369718 0441922 1553036

 2603360 0033727 0369286 0441932 0564385





 0450355 0025141
 0016327 0439133 1553038 0016327 0439133 1553038 2347469


 0025141
 0016327 0439133 1553038 2347469


 0025141 0450348
 0016327 0439133 1553038 2347469 2347469
 0014137 0000857 0600678 1552863
 0205090 0684010 2603358 0369637 0441923
 0016327 0439133 1553038 0016327 0439133 1553038


 0000857 0600678 1552863
 0016327 0439133 1553038
 0205090 0684010 2603358
 2347469
 0021966 0221138 0369773 2603361

 1418943

 0268596 2700624
 3642273
 0041703

 0369773 2603361
 0439114 0369773 2603361
 2347469 0032400 0071360 1418734


 0025141
 0439267 2347469



 0000857 0600678 1552863

 0033727 0369286 0441932 0564385

 0025141
 0450955 0597277 1708601
 0030940 0030946 1947941 0337911 3538926
 0450389 1136140 0002055 0178499 1880279 0039021
 0332319 0369773 2603361 0332239

 0439114 2347469
 0331968 2699100 2603360 3463939 0439267 0205090 0684010 2603358 0759909 1135895 0369637 0441923


 0201682
 0450355
 0016327 0439133 1553038 2347469
 0021966 0221138
 0369637 0441923
 0449913 1553451 1704459 0449468 0560268 1690016

 1508741 2247545 0027976 0205314

 0205090 0684010 2603358



 0201682

 0369718 0441922 1553036 0443037 0597277 1708601
 1417055
 2347379
 0025141
 0369637 0441923
 0369773 2603361
 2347469
 0033727 0369286 0441932 0564385

 0014137 0000857 0600678 1552863
 0016327 0439133 1553038
 0439267 0369637 0441923


 0011847 0011849 0439509 0000857 0600678 1552863
 0016327 0439133 1553038
 0439267 2347469
 0021966 0221138
 2347469
 0033727 0369286 0441932 0564385



 0201682

 0009074 0302148
 0369773 2603361 0016327 0439133 1553038 2347469 0369773 2603361
 0016327 0439133 1553038
 0027960 0324740 0439189 1456781 1824986
 0007634 1269647 1704653 1948049

 0025141
 0369773 2603361
 0554249 0439267



 0025141

 0557775 1511780



 0201682
 0439509
 2603360 2681565 0597277 1708601


 2347379

 0025141
 2603362

 0033727 0369286 0441932 0564385


 0201682

 0439267 0205090 0684010 2603358




 0201682

 0205090 0684010 2603358

 0016327 0439133 1553038 3342437 1553033 0033727 0369286 0441932 0564385 2347469


 0201682

 0949818
 0369637 0441923
 0439394 1706495 3642217


 0025141
 0369637 0441923
 0439267
 0439267 0369718 0441922 1553036
 0332583 2347469
 0439267 0369637 0441923
 0439394 1706495 3642217


 0201682

 0023209 0579183 0885415 0369637 0441923
 0369773 2603361



 0201682


 0369637 0441923
 0369773 2603361



 0000857 0600678 1552863
 0439394 1706495 3642217
 2347469
 0522501 0369637 0441923
 0369773 2603361 0016327 0439133 1553038
 0369637 0441923
 0349590 1262865 0025141
 0369773 2603361 0369718 0441922 1553036
 0369773 2603361
 0013855 0025141
 1418550 2697833
 0033727 0369286 0441932 0564385
 0033727 0369286 0441932 0564385 0439267



 0201682

 2347469 2347469 1417679 1504638




 0369718 0441922 1553036 2603362


 0000857 0600678 1552863
 0439267
 0016327 0439133 1553038
 0033727 0369286 0441932 0564385


 0201682

 2603360 0439267 2347469


 0000857 0600678 1552863 0450382
 0033727 0369286 0441932 0564385 0442999 1621797
 3463939 0369773 2603361
 1315013

 0025141
 0597277 1708601 0597277 1708601



 0205090 0684010 2603358
 1553033
 0205090 0684010 2603358
 0369773 2603361 0439267
 0369773 2603361 0033727 0369286 0441932 0564385
 1553033 0033727 0369286 0441932 0564385
 0439394 1706495 3642217
 1517844
 2347961
 0025141
 0016327 0439133 1553038 0369773 2603361 0033727 0369286 0441932 0564385 0369773 2603361 0033727 0369286 0441932 0564385
 0005574 0349590 1262865 0025141
 0205090 0684010 2603358
 2603360


 0025141
 1551604 0597277 1708601 0597277 1708601 0369773 2603361
 0439663

 0450385 0000857 0600678 1552863
 0018173 1548284
 2603360
 0016327 0439133 1553038 0205090 0684010 2603358



 0450355 0025141
 0183964 0369773 2603361 2603360 2603360 0439394 1706495 3642217 1551641 0043016 0205090 0684010 2603358 0597277 1708601
 0439267
 0777169 0025141
 0439394 1706495 3642217 0369773 2603361
 0205090 0684010 2603358 0016327 0439133 1553038 3538902 3541881 0439267 0205090 0684010 2603358
 0025519 0025520 0025141 0009993 0037455 0596070 1552856 0005477 0026376 0005532 1521991