 0915424 0683939 0205099 0000876 0179400 0369773 1533124 2603361 0441833 0687744 1257890 1552516 1705428 1705429 0041740 0000876 0020174 0034036 0034037 1514756 1704324 0348078 0376315 1515981 1522492 1527075 0557061 2584313 1514811 1706462 1880389 1883221 3541951 0332256 2700400 0017446 0205147 2347469 1145667 1167622 0006784 0205177 0439167 0441655 1561536 0018790 0237477 0392351 0521111 0006784
 1883254 0028954 0017446 0205147 1547546 1553033 0392366 1280500 2348382 0034693 0034721 0006784
 0030956 1515877 1879547 0006784 0086045 1446561 0205177 0205289 0439167 0441655 0806909 1514873 1561536 2825407 0441994 1272755 2003888 0006784 1515981 0006784
 0086045 1446561 0006784
 0086045 0205251 0596235 1299352 1550472 1120859 0369637 0441923 0369637 0441923 0006784 0014442 0014445 0332462 1879547 1880834 0030956
 1527178 1705938 2607943 2926606 3539655 1705535 0332255 0486805 0035820 1705810 1515655
 0175566 0030664 1301808 1521733 0006784 0231174 0277785 1881681 0015127 1524003
 0557061 2584313 1514811 1706462 0006784 1882932 1883220 0439849 0445223 1334043 2697616 1514524 1880389 1883221 3541951 2827734 2981698 0740116 2827735 2981700
 0086282 0348078 0376315 0006784 0039869 1883351 0596235 1710082 1879547
 1879547 0023175 0033684 0181586 0392747 0439801 0597304 1442948 1522538 1554963 1710236 1883525 1947941 2346866 2348269 3275067 3542948 0033666 0038164 2263112
 0034571 0043299 0043309 0206755 1306645 1962945 0086894 0851346 0947630 2314876 0439086 2827736 2981702 0086418 0006784 0443289 1706907
 0596235 0678594 0700135
 0301641 0392747 0443172 1883351 0205681 2945843 0086035 0205145 0205177 1515974 1706853 1709305 1879748 2745955 2825164
 2963144 1547011 1879746 1515655 0086045 0021135 1533691 2827718
 0006784 2584321 1879547 1514721 2348147 3542016 1425988
 0038659 1882509 0439780 0587267
 0205435 1279901 0006784 1879547 0596235 0439084 0728893
 0750729 1518422 1514873
 0031676 0442805 0036667 0312418 0427965 1511883 1522640 2346484 2349185 1879547 0040715 2987521 0007603 0025255 0032105 0596901 1550098 1706182
 0205437 0006784 0596235 0033684 0001721 0475264 1744691 0004372
 1179920 0012854 0521447 1547282 1883351 0033414 1280500 2348382 0028589
 1521761 2827422 0439792 1705242 1880022 0376298
 0030351 1547566 0596235 0332255 0486805 0205227 1999216 0054534 1413137
 0567416 1880389 1883221 3541951
 0031843 0542341 0700205 1705273 1518422 2963144 1880389 1883221 3541951 0567416
 0392148 1514873 1554132 1619643 0021467 0021469 1628982 3463820 0054534 1413137 0243122 1145667 1167622 0086045 0596235 1446561 1709305 2745955 0441994 1548802 2003888 0243102 0014442 0027552 0205177 0439167 0441655 0686904 1561536
 1880389 1883221 3541951 0332256 2700400 0270814 1515273 1705313 2826302 2347469 1418485 0055412 2698722 0349966 1337208 1553033
 0947630 1547282 1273518 1280500 2348382 1880389 1883221 3541951 0549177 0700321 1711351
 1301751 1280500 2348382 0450348
 0449911 0333052 2607870 0557702 1272706 1704674 0557702 1272706 1704674 0349966 1337208
 2827734 2981698
 1706765
 1880389 1883221 3541951 3463820 1547282 1706765
 0424215 2003939 2348205 0205450 0439792 0005680 0027567 0085756 0439541 0205449 0556636 1269776 1880389 1883221 3541951 0522501 1706089
 2347469 1425988 1704788 3539106
 0179400 1533124
 0302523 0700325 3244290 0442824 0683607 0332149 1705910 2362652 1879547 0332255 0486805
 0243122 1145667 1167622 0596235 0441516 0699784 1555029 0205238 0054534 1413137 0243122 1145667 1167622
 1705313 0054534 1413137 0441994 1548802 2003888 0441516 0699784
 0054534 0205397 0444667 1413137 0086045 0596235 1145667 1167622 1446561 0441994 1548802 2003888 1150129 0006784 0027552 0205177 0439167 0441655 0686904 1561536
 0028910 0054534 1413137 0333051 2347509 0014653 1547026 0348078 0376315 1522492
 1879547 1518422 0205397 0205681 2945843 0205145 0205177 0233660 0332206 1515974 2825164
 0018563 1281583 1552914 0332268 0234122 3245505 3463820
 0681814 1518422 0018790 0237477 0392351 0521111 0006784 0450348
 1274040 1546471 2825142 1547282 0243122 1145667 1167622 1515877 1879547 0014440 1287349 0014442
 0557061 2584313 1514811 1706462 0014442 0014445 0006784 0869011 0376658
 0034693 0034721 0006784 0549177 1532717 1711351 1532717 0700321 1711351 0014834 0014833 1707271 0205088 1705314 1705315 1998793 0037293 0181496 1710492 0231441 0549177 1711351 1425988 1442162 1550718 3244317

 0014442 0014445 0019215 0205449 0392747 0443172 0037494 1959973 0013618 0053140 0031493 0016327 0025402 0006353 0450376 1698986 0042153 0457083 1947944
 0332173 0439228 0439505 0042153 0457083 1947944 1510844 1883727 0439787 0849355 0025402 0521123 1442450 0681814
 0030956 0002482 0869040 0150312 0449450 0557651 1273517 2603343 1418485 1547546 1553033 1425988 0004793 0162326 0162327 1519249 0332283 1719822


 0030956 0035191 1883254 0025663 0449851 0871511 1524063 0449851
 1709737 0441833 0687744 1257890 1552516 1552839 1705428 1705429 0332283 1719822
 0243072 1301820 0020174
 1948027 0206243 0699809 0439787 0849355 1524063 0044438 0034328 0046547 1549535 0012426 0392148 0067365
 0028098 0005507 0243073 1510438 1948027 0596072 0205341 0332296 0441833 0687744 1257890 1552516 1552839 1705428 1705429 1880497 1996904 0442726 1511790
 0075733 0441833 0687744 1257890 1552516 1705428 1705429 0040982 0001128 0202406 0205242 0333853
 0010813 0596311 1330957 0035191 1548982 0025748 0025748 1515981
 0441833 0687744 1257890 1552516 1705428 1705429 1292748 0030956
 0030956 0035191 0205242 0333853 0392148 0051922 1979835 1442467
 0030956 0008559 0016107 0017243 1382104 1998793 0000983 0000985 0001128 0202406 0981805 0008562 0687276 1579831 2717789 0597410 0008565 0332283 0008550 0205250 0205390 0302908 0597198 1299351 1304698 1546699 1555029 1561501 1882330 2700149 1185738 1706132 1485169 1524063 0040982 0001128 0202406 0040982 0001128 0202406 0071642
 1881065 0071642 0030956 1515981
 0030956 0002520 2917660 0001128 0002778 0202406 0936012 1283174 1524024 1524063 0179038 1706246 0037813 0577559 1306372 3152252 1883073 2827424 0205174 0348000 2347727 0034869 0006823 0449416 1705919
 0030956 0006353 0006784 1549535 0086045 1446561 1510844 1698986 0042153 0457083 1947944
 0242485 1150129 1150129 0205177 0439167 0441655 1561536 0444706 1419068 1419906 3541238 3541412 3541902 0549255 0449819 0180266
 0439962 0332256 2700400 0030956 0086045 1444656
 0086045 0332296 0596235 1446561 1880497 1996904 0086045 0439175 0439810 0444686 1441506 1443182 1524063 0013618
 0443286 1114821 0014442 0205430 0439831 1272689 0086045 1446561 0470296
 0442822 1524031 1883002 0034869 0348011 3540812 0010992 3641102 0002778 0037585 0079946 0220825 0439659 0936012 1511726 1524024 1550512 3245479 0679560 0796344 0807955
 1283174 0807955 0205351 0012634 0348080 1705253
 0520510 0376658 0755617 2603362 0220806 0869011 1719918
 0006353 0790233 0022013 0022023 0043047 0599638 0681549 1550678 1700702 0678640 1521827
 0557061 2584313 1514811 1706462 1883351 0042789 1947903 0028954 1150129 0205177 0439167 0441655 1561536 0086045 1446561 1273517 0243102 0014442 0205177 0439167 0441655 1561536 0444706 3541902 0441994 1548802 2003888 0086045 0596235
 0441889 0456079 1547707 2946261 0014442 0030956 0086045 0439962 0442808
 0349966 1337208
 0740116 2827735 2981700 1547282 0028954 0442805 1150129 0205177 0439167 0441655 1561536 0086045 1446561
 0011546 0439857 2698668 0332479 0348078 0522512 0679729 1280500 1415545 1512348 2348382 0030956
 0185125 1515877 1879547 0014442 0349966 1337208
 0012634 0348080 1705253 1273517 0442805 0205177 0439167 0441655 1561536 0205289 0806909 1280500 2348382 2825407 0086045 1446561
 0449911 0333052 2607870 0557702 1272706 1704674 0557702 1272706 1704674 0349966 1337208
 0740116 2827735 2981700
 1879547
 0006784 0030956 0303920 0444706 1710236 3541902 0086045 0332296 0596235 1446561 1880497 1996904 0025664 0184661 1442162 1517586 1550718 2700391 3244317
 0005507 0243073 1510438 0030956 1553033 1553033 0086045 1524062 1444656
 0205265 0871208 1279901 1521828 1555582 1705685 0205177 0439165 0439167 0441655 1549488 1561533 1561536 0444706 0522534 3541902 0086045 1446561
 3176122 1882932 0444504 2347634 2348143
 1879547 0086045 1446561 1274040 1325847 1517001 1546471 2825142 0596235 0442805 0205177 0439167 0441655 1561536 0036667 0312418 0427965 1511883 1522640 2346484 2349185
 1883351 1523987 0006784 0030956 0392148 1515981 0086045 1446561 0444706 3541902
 1879547 0678226 0237881 0442805 0750502 1546944 3146286 0036667 0312418 0427965 1511883 1522640 2346484 2349185 0014442 0086045 1446561 2347813 0333051 2347509 1883712 0439962
 0205177 0439167 0441655 1561536 0018563 1281583 1552914 0442739 2346711
 1879547 0014442 0237881 0750502 1546944 1879547 1705175 1705176 1705177 1705178 1882348 0086045 0205251 0205397 0596235 1299352 1550472 0450365 1706097
 0449911 0333052 2607870 0557702 1272706 1704674 0557702 1272706 1704674 0349966 1337208
 0439086 2827736 2981702
 0011546 0439857 2698668 0006784 0023634 0444706 3541902 0086045 0332296 0596235 1880497 1996904 0332197 1444656 1689985 0392148 0030956
 0205265 0871208 1279901 1521828 1555582 1705685 0205177 0439165 0439167 0441655 1549488 1561533 1561536 0444706 0522534 3541902 0086045 1446561
 3176122 1882932 0205449 0242485
 0086045 0332296 0596235 1446561 1880497 1996904 0027552 0205289 0686904 0806909 1879547 2825407 0333051 0030956
 2347469 0439792 0015264 0030956 0086045 0243102 0014442 0205177 0332849 0439167 0441655 0444686 1441506 1443182 1561536 0392148 0444706 3541902 0332197 1689985 1883727
 0036849 1442518 1705195 0206243 0699809 0439787 0849355 0006784 0683454 0021966 0221138 0034693 0034721
 0015264 1280500 2348382 0596235 0243102 0014442 0205177 0439167 0441655 1561536 0086045 0030956 0015127 1524003 0014429 1879547 0349966 1337208
 2347813 0086045 1446561 0205250 1299351 2700149 0750729 0332479 0348078 0522512 0006784
 0030956 1515877 1879547 0014442 0086045 1446561
 1879547 1551359 2741673 2981730 0442805 0036667 0312418 0427965 1511883 1522640 2346484 2349185 0014442 2347813 0086045 1446561 0333051 2347509 0522534 0086045 1280500 2348382 0205177 0439167 0441655 1561536 1553637
 0086045 1879547 0449445 1292724 1705175 1705176 1705177 1705178 1882348
 0449911 0333052 2607870 0557702 1272706 1704674 0557702 1272706 1704674 0349966 1337208

 1879547 0006784
 0205177 0439167 0441655 1561536 0006784 0030956 0303920 0444706 1710236 3541902 0086045 0332296 0596235 1446561 1880497 1996904 0025664 0184661 1442162 1517586 1550718 2700391 3244317
 0005507 0243073 1510438 0030956 1553033 1553033 0086045 1524062 1444656
 0205265 0871208 1279901 1521828 1555582 1705685 0205177 0439165 0439167 0441655 1549488 1561533 1561536 0444706 0522534 3541902 0086045 1446561
 3176122 1882932 0444504 2347634 2348143 0681814
 0449911 0333052 2607870 0557702 1272706 1704674 0557702 1272706 1704674 0349966 1337208
 0439084 0728893
 0011546 0439857 2698668 1879547 0205177 0439167 0441655 1561536 0006784 0023634 0444706 3541902 0086045 0332296 0596235 1880497 1996904 0332197 1444656 1689985 0392148 0030956
 0205265 0871208 1279901 1521828 1555582 1705685 0439165 1549488 1561533 0205177 0439167 0441655 1561536 0444706 0522534 3541902 0086045 1446561 1442162 1550718 3244317
 0086045 0332296 0596235 1446561 1880497 1996904 0027552 0205289 0686904 0806909 1879547 2825407 0333051 0030956
 2347469 0439792 0015264 0030956 0086045 0444686 1441506 1443182 0349966 1337208 1442162 1550718 3244317
 0450365 1706097
 1514811 1706462 1274040 1546471 2825142 0449450 0030956 1547546 1553033 0006784
 0086045 0030956 0441994 1548802 2003888 0086045 1446561 0027552 0205177 0205289 0439167 0441655 0686904 0806909 1561536 2825407 0006784 1515981 0006784
 0086045 0449445 1514721 2348147 3542016 0006784 0449286 1704240 1705175 1705176 1705177 1705178 1879547 1882348
 1879547 1547282 0011546 0439857 2698668
 1515273 1705313 2826302 0301641 0025320 0392747 0443172 1705241 1517892 1704666 1709305 2745955
 0086045 1446561 0027552 0205289 0686904 0806909 1280500 2348382 2825407 0441994 1548802 2003888 0006784 0678226 0036667 0312418 0427965 0597298 1511883 1522640 1705242 2346484 2349185 2987476 3146286 0332324 0558058 0178849 1705241 1705242 0054534 0086418 1413137 1441547 3245521
 1705241 1705242 0243107 0678723 1527148
 0282416 1561607 0302523 0700325 3244290
 0033213 0163712 1706387 1879547 0006784 0086045
 1293116 1875307 1521761 2827422 0441994 1314939 2003888 0441516 0699784
 0033213 1706387 1518422 1266099 0031676 1179920 0012854 0521447 0033684 1709694 0439084 0728893 0333051 1880177 0027552 0686904 1514721 2348147 3542016
 2607943 2926606 3539655 0054534 1413137 0054533 1999216 0441468 0441469
 0332149 1705910 2362652 0054534 1413137 0392767 1708096 1515655 2347469 0242724 1553033 0205266 1554187
 1879547 1547671 0021467 0021469 1628982 3463820 0332255 0486805 0006784
 0054534 1413137 0332324 1550474 0021135 1533691 2827718 0010656 1881707 0006784 1515655
 1705241 1705242 2347469 1705535 0441472 3266814 0037791 1511884 1274040 1546471 2825142 0332472 1881708 0024337 1709915 1882936 1881534 1292711 0449719 1709471 0332324 1550474 0205171 1720467 0444454 1554204
 0012634 0348080 1705253 3242339 1515655 0086045 1446561 2584321 0441889 0456079 1547707 2946261 0205410
 0518609 0040300 0012634 0348080 1705253 1550543
 0086045 1446561 0040300 1548673 1705242
 0054534 1413137 0205450 0332529 1334043 3463820 1880389 1883221 3541951 0055412 2698722 0349966 1337208 0086045 1446561 0086045 1446561 0683454 0021966 0221138 1514721 2348147 3171719 3542016
 0332472 1881708 0054534 1413137 0030956 0869040 0947630 1273517
 0205448 0518609 0183683 1521721 1707478
 0205435 1279901 0086045 0007634 1269647 1704653 1948049 0205250 1299351 2700149
 0054534 1413137 0332621 0392752 1301808 1442792 3148680 0007610 0007634 0587267 1269647 1704653 1948049 0086045 0042295 0444686 0520511 1441506 1443182 1704711 1881065
 0010383 0040433 0427716 1304757 0033684 0086045 0205403 1446561 0015127 1524003 1704675 0439792 0678608 0443286 1114821 0871208 1521828 0678590 1547014 1948059 3244315 0449910 0012634 0348080 1705253 0450355
 0441712 1706376 0332255 0486805 0054534 0445247 1265611 1413137 1947971 0086045 1446561 0037633 0525069 0183884 0022885 0039593 0175730 0392366 1547937 1561954 1704730 1515877 1879547 0006784 0441994 1548802 2003888 0043227 0684224 0700287 3496591
 0205156 0439849 0445223 1552607 0015264 0031843 0542341 0700205 1705273
 0205309 0560617 0681814 1522225 0006784 0032214 0600138 0035820 1705810 3151529
 0035820 1705810 0557651 2603343 0054533 0006784 0185125 0243077 1947919 2347934 3539080
 0557651 0947630 2603343 0006784 0032214 0600138 0035820 1705810 0007586 1155839 0007634 1269647 1511572 1704653 1948049 0007608 0678835 1510470 0007634 1269647 1704653 1948049 0332261 0162638 0205172
 0243077 0332268 0037791 1511884
 0208355 0030940 0030946 0030940
 2607943 2926606 3539655 0871157 0243107 0678723 1527148 1524063 0042153 0457083 1947944 0005532 0007634 0205460 0947630 1269647 1704653 1948049
 0205246 1553889 1274040 1546471 2825142 2003902 0332281 0006784 0441472 3266814
 0915424 0302523 0700325 1527178 1705938 3244290 0006558 0205250 1706211 1883351 0007294 0030956 0560175 0699952 1706209 3273162 1881534 0007605 0205326
 0243107 0678723 1527148 0750492 0009498 1524063 0042153 0457083 1947944 0002778 0936012 1524024 0031843 0542341 0700205 1705273 0006784 0030664 0035820 0439849 0445223 1521733 1705810
 1883351 0439509
 2607943 2926606 3539655 1552961 2347617 0243107 0678723 1527148
 1656250 0009015 0686353 1517892 1704666 0017337 1259929 1413113 0012634
 0947630 0443289 0012634 0332281 0026882 0017337 0023175 0181586 0728938 1442948 1522538 1550516 2348269 3275067 1517945
 0449445 0011860 1320657 0011849 0441730 0011847 0332307 1547052 0011847 0011849 0021149 0220856 0439083 0439087 1551359 2741673 2981730 0961737 1413110 0314613 0006784 0017337 1517892 1704666
 0752046 0678951 0028630 0032529 0037179 0087136 0205171 1882417 0332281 0035696 0392756 0441889 0456079 1547707 2946261
 0014442 0205177 0441889 0441994 0456079 1547707 1548802 2003888 2946261
 0012634 1955473 0205214 1522138 3154893 3245511 3539897 0332511
 0750541 0013227 1511253 1874596 0205177 0439167 0441655 1561536
 2986676 0599518
 0041740 0029040 0006823 1999230 2827421 0006784
 2825232 0043227 0018173 1521721 2603360 2603360 0681805 0016820 0000876
 0010186 0220812 0449719 1709471 0220808 0680264 0007961
 1706852 0522501 1706089 0949214

 0036365 1521721
 0282413 0376649 1442065
 0254343 0796520 3272379

 0085205 1549619 1880669
 0013849 1705961 0024492 1538057 1547565
 0034037 1704324 0030351 0450348 0048408
 0369773 2603361

 0000723 0000723 1273517 1826625 2603360

 1514811 1706462 0557061 2584313 1514811 1706462 2827734 2981698
 0033727 0369286 0441932 0564385 0998924 0597277 1708601


 0025141 0740116 2827735 2981700
 0033727 0369286 0441932 0564385 0998924 0597277 1708601


 0040371 0000857 0600678 1552863 0439086 2827736 2981702


 0369773 2603361
 0439394 1706495 3642217


 1553033 0205090 0684010 2603358 0033727 0369286 0441932 0564385 0597277 1708601 0033727 0369286 0441932 0564385 0439267 0033727 0369286 0441932 0564385 0998924 0597277 1708601
 1418943

 0268596 2700624
 3642273
 0041703
 0439073 0439082 0439084 0728893
 0369773 2603361 1071616 0439114 0369773 2603361


 0025141
 0998924 0597277 1708601 0597277 1708601


 0040371 0439083 0439087 0000857 0600678 1552863
 2603360
 2603360 0033727 0369286 0441932 0564385 0998924 0597277 1708601


 0201682

 0369773 2603361 0033727 0369286 0441932 0564385 0998924 0597277 1708601 0369773 2603361


 2347379

 0025141
 0016327 0439133 1553038 0021966 0221138 0205090 0684010 2603358 2603362

 0025141
 0998924 0597277 1708601 0033727 0369286 0441932 0564385

 2827734 2981698 0025141
 0016327 0439133 1553038 2347469 2603362


 2347379

 0025141
 0205090 0684010 2603358
 0872005 0597277 1708601 0369637 0441923
 2603360


 0201682

 0033727 0369286 0441932 0564385 2603360 0369637 0441923

 0025141
 0033727 0369286 0441932 0564385 0998924 0597277 1708601


 0201682

 0998924 0597277 1708601

 0025141
 2603360



 0201682

 2945617 0033727 0369286 0441932 0564385
 0033727 0369286 0441932 0564385 0369637 0441923


 0201682

 0033727 0369286 0441932 0564385
 0369773 2603361



 0201682

 0033727 0369286 0441932 0564385 0597277 1708601 2603360 0369637 0441923


 0201682

 0033727 0369286 0441932 0564385 2945617 0033727 0369286 0441932 0564385

 0369637 0441923


 0040371 0000857 0600678 1552863
 0033727 0369286 0441932 0564385 2945617 0033727 0369286 0441932 0564385
 0369637 0441923

 0439073 0439082 0025141
 0033727 0369286 0441932 0564385 2945617 0033727 0369286 0441932 0564385
 0369637 0441923


 0201682
 0450348
 2603360 2603360 2603360 0369637 0441923


 0201682


 1553033 0885123
 0369773 2603361
 0439394 1706495 3642217

 0000857 0600678 1552863
 0033727 0369286 0441932 0564385 2603360 0597277 1708601 0205090 0684010 2603358 2603360 2603360
 0005477 0025141
 0721226 1551914 2603360 0033727 0369286 0441932 0564385 2603362


 0040371 0000857 0600678 1552863
 0205090 0684010 2603358 0016327 0439133 1553038

 0025141




 0201682


 0016327 0439133 1553038

 0025663 0025664 0449851 0442711 3538926 0449468 0560268 1690016

 0439086 2827736 2981702 0027971
 0205090 0684010 2603358
 0016327 0439133 1553038 2603362


 0025141 0450355
 0205090 0684010 2603358

 0040833 1521798
 3642273
 0025141


 1553033 0597277 1708601 0369773 2603361

 0027960 0324740 0439189 1456781 1824986
 0007634 1269647 1704653 1948049


 0205090 0684010 2603358
 0439394 1706495 3642217


 2347379

 0025141
 0369773 2603361
 0205170 3146287


 0201682

 0597277 1708601 0205090 0684010 2603358 0337050 2347469 2347469
 0021966 0221138
 0336168



 0201682

 0597277 1708601 1553033
 0439114
 2347469
 1553033 0033727 0369286 0441932 0564385


 0201682

 0597277 1708601
 0597277 1708601 0369773 2603361

 0040833 1521798
 3642273
 0025141
 0021966 0221138
 0439114


 0201682
 0025141
 0597277 1708601
 0597277 1708601 1538040 0205090 0684010 2603358 0597277 1708601
 0021966 0221138
 1708595 3280986 0016327 0439133 1553038
 0043402 0033727 0369286 0441932 0564385
 0597277 1708601

 1440666 2603362
 0369773 2603361
 1418943

 0268596 2700624
 3642273
 0041703
 0439509
 0597277 1708601
 0597277 1708601 0369773 2603361

 0001483

 0025141
 0021966 0221138 0439114 0016327 0439133 1553038 0369718 0441922 1553036 0369718 0441922 1553036 0439394 1706495 3642217 1553033 0369773 2603361 1553033
 0007634 1269647 1704653 1948049 0439509 0025141
 0033727 0369286 0441932 0564385 0033727 0369286 0441932 0564385 0021966 0221138 2603360

 0998924 0597277 1708601


 0201682

 0057642 0369718 0441922 1553036 0369718 0441922 1553036
 3495095 2758676 2603360
 0033727 0369286 0441932 0564385 0033727 0369286 0441932 0564385 0369773 2603361
 0439394 1706495 3642217 0057642 0021966 0221138 0597277 1708601
 0369773 2603361 0369718 0441922 1553036 0439394 1706495 3642217
 1553033 0439394 1706495 3642217 1551922
 0439394 1706495 3642217 1706917 0439267
 0021966 0221138

 0325074
 0025141
 0439394 1706495 3642217
 0369773 2603361
 2945617 0205090 0684010 2603358
 0205090 0684010 2603358
 0439267
 1265234
 0369718 0441922 1553036
 0057642 0369718 0441922 1553036 1706917 0439267
 0021966 0221138

 1315013

 0009993 0037455 0596070 1552856 0005477 0026376 0005532 1521991