 0011269 0005847 0011265 0497327 1558950 1801960 0035953 2346414 0021622 1272753 0562547 3160718 0442532
 0254343 0796520 3272379
 0085205 1549619 1880669 0282413 0013849 1705961 0024492 1538057 1547565 0543488 0205090 0684010 2603358 1514886 0035176 0040608 0015770 0035168 0040607 0220931 0242481 1521721 2673163 0014507 0014508 0699910 0237935 3245466
 0042789 1947903
 0033213 1706387
 1706907 0178566 0019664 0019665 0262512 0262926 1705255 2004062 0011933 1522634 0679006 1947967
 1947946 2948600 3540471 3540472 3540473 1883351 0220825 0850664 0042373 0078057 0679238 1281905 0005847 0012634 1558950 1801960 0011265 0497327 1708533 2698172 0002395 1521724 0012634
 0025663 0449851 0871511 0023866 0034036 0282443 1709940
 0850664 0035648 1553898 0679238 1281905 0035647 1521761 2827422 0035648 1553898 0035647 1521761 2827422
 0750729 0700364 1883351 0332183 0002395 1521724 0012634
 1707478 0392747 1554963 0679628 1882932 1704970 0309872 0011265 0497327 0332162
 1280500 2348382 0443211 1272684
 0449911 0002395 1521724 0012634
 0040223 1720092 1948045 3541383 2825407 0719214 1848565 0011265 0497327 0012634 0348080 1705253 1881065 0449911
 0015127 1524003 3242379 1883351 0004153 1710236
 0043227 0681756 0798503 0805586 3274764 0443211 0680220 0868928 1533148
 0007785 0700364 1883351 1709707
 0011265 0497327 1293097 1708698 2919030 2919031 0012634 0348080 1705253 0002395 1521724 0012634 0011263 0011265 0021308 0439064 0497327
 0449913 1553451 1704459 0332173 0439228 0439505 0442808 0870379 1423524 3273411 3273412 1883351 1292732 0850664 0042373 0078057 0679238 1281905 0005847 0012634 1558950 1801960 0011265 0497327
 0205155 1293097 1522472 1552923 1705191 0449438 0439755 0750591 0011900 0238767 0348026 0683312 1555713 1706086 1515981 0440042 1521738 2346620 2349184 3539073 0035168 0242481
 0449913 1553451 1704459
 0871251 0679228 0011900 0035168 0242481 0243161 0348026 1292734 1522326 0002395 1521724 0012634
 0449913 1553451 1704459 0012634 0163712 1551338
 2349206 0814287 0042373 1550452 1554077 1704788 2828389 3539107
 1883712 0042373 0005847 0012634 0205164 1558950 1801960 0038454 0007785 0021308 0557651 0947630 2603343 0042153 0457083 1947944 0449913 1553451 1704459 1883351 0750591 1866186 0682708 0000768 0000769 0007457 0043157 0220938 0024485 1552358 0028580 0917874 1551403 0011923 0024488 0079595 0205397 0231881 0459800 0563532 0684213
 0242485 1515655 1522634 1947925 2746065
 0441889 0549178 1883351 1554077 2828389 0441833 0687744 1257890 1552516 1705428 1705429 0547044 0700321 1707391 0441833 0687744 1257890 1552516 1705428 1705429 0392360 0332296 1880497 1996904 0231337 1999167
 1522634 0750729 0441889 0456079 1547707 2946261 0015127 1524003 0011265 0497327
 1706817 1524063 0243161 1518422 0015127 1524003
 0033213 0679228 0243161 1883351 2784008 1551338 1883351 1551338
 0002395 1521724 0012634 1527178 1874451 0445247 0205238 0007820 0012634 0439849 0445223 1880018
 0011263 0021308 0439064 0524637 0019409 0237753 0449788 1441414 1553874 1578820
 1514721 2348147 3542016 0700364 1883351 0021308 0700321 2699782 1274040 1546471 2825142 1611171 0021308 0152305 1281014 0205143 0221198 1546698 0011265 0497327 0332281 0205219 0007820 0012634 1880018 0475224 0001613 0007776 0022655 0815275
 0205172 0205219 0012634 0439793 1883073 2827424 2983285 2987476 0001779 1515981 0725066 0332148 0750492 1522634 0205448 0011900 0348026 0449913 1553451 1704459
 0011269 0005847 0011265 0497327 1558950 1801960 1881534 3241999 1524063 0042153 0439801 0457083 1947944 3542948 0015127 1292732 1314792 3245505
 1518422 0750591 0557651 2603343 1883351 0684224 0700287 3273238 0027361 0038454 0205172 0332148 0750492 0020538 1963138 0011847 0011849
 1518422 0442824 0150312 1883351 0026565 0026566 0205250 1299351 2700149 1319226 0441889
 0042373 0033213 1515273 1705313 2826302 1707455 0009932 0243148 0441833 0687744 1257890 1550141 1552516 1552839 1705428 1705429 1882979 2587213 3274648 1707455 0871208 1521828 0007820 0012634 1880018 0917903 0007820 0012634 0439849 0445223 1880018 0011265 0039082 0439849 0445223 0497327
 0750591 0011269 0005847 0011265 0497327 1558950 1801960 0011900 1704338 1704656
 0011269 0011265 0497327
 0332307 1547052 0332307 0011265 0497327 0015127 1524003

 0011269 0011265 0497327
 0008902 0449913 1553451 1704459 1522634
 0033213 0027362 0205214 1522138 3245511 0332256 2700400 0439792 0206194
 0027361 0012634 0348080 1705253 1883357 0026565 0026566 0205250 1299351 2700149 0332148 0750492 0552389 0205155 0205396 1550043 1551388 2828360 0033522
 0205250 1299351 2700149 0871208 1521828 1441672 0332282 0038454 0442805 0035647 0439234 0439508 0332283 0205448 0332462 0547044 0700321 1880834 0442818 0035647 0332181 0150312 1883351 0439234 0205087
 0035648 1553898 0020538 0559060 0078057 0005847 0035647 1558950 1801960 1521761 2827422 0011847 0011849 0020443 1522133 0035648 1553898 0035647 0443211 1272684 1521761 2827422 0011265 0497327 0033522 1551641
 1279919 0684224 0700287 3273238 0037369 0453996 1881674 0679688 1521761 2827422 0439092 0547044 0002395 1521724 0012634 1518422 0521093 0750484 1261322 0684224 0700287 3273238 0035647 0337664
 0332284 2699424 0205390 1300072 1306673 1521761 2827422 1280500 2348382
 0497247 0005823 1271104 1272641 0005767 0005768 0033095 0229664 0460139 1306345 1550608 0035648 0050325 0960756 0035647 1521761 2827422
 0005823 1271104 1272641 0005767 0005768 0033095 0229664 0460139 1306345 1883351 0441994 1548802 2003888 0011265 0497327
 0020538 1963138 0700364 1883351 0015264 1280500 2348382 0338656 0004083 0439849 0596306 0699792 0205166 1706317 0750489 0184513 0008902 0011265 0497327
 0449774 0008377 0086045 0442818 1552738 0808232 0886296 1273869 1948041
 0332307 1547052 0015127 1524003
 0679228 0243161 1261322 1552578
 0242821 0460148 1268086 1705535 0035648 1553898 0020538 0559060 0078057 0005847 0035647 1558950 1801960 1521761 2827422 0011847 0011849 0020473 0035648 1553898 0035647 1521761 2827422 0011269 0005847 0011265 0205171 0243107 0497327 0678723 1518422 1527148 1558950 1720467 1801960 1160250 0002395 1521724 0012634 1551641
 0035168 0242481 0679575 1518422 0431080 0011933 0011900 0348026 1261322 1273517 1516048 0037640 0441889 1705492 3532942 0011265 0497327 0002395 1521724 0012634
 0033213 1706387 0205172 0518609 0035648 1553898 0078057 0005847 0035647 1558950 1801960 1521761 2827422 0332281 0011265 0497327 0205447 1704788 3539106 0683312
 0947630 0150312 0011265 0497327 0700364 1883351 0332283 1719822 0002395 1521724 0012634 0750729 0680220 0868928 1533148 0027361 0332232 0011265 0038454 0497327 0687676 1704687 0184513 0392335 0031843 0542341 0700205 1516691 1705273 1709305
 0002395 1521724 0012634 0023103 0439531 1948053 0205275 3242379 1709707 0012634
 0750489 0011265 0497327 0042373 0332281 0243083 0005847 0012634 0332183 1558950 1801960 0002395 1521724 0242656 0012634 0868928 1533148 1518422 0021308 0439064 0441712 1706376 0333547 0449415
 0332149 1705910 2362652 1184743 1522240 0015127 1524003 0743039 0011265 0039082 0497327
 0919386 1705535 0007820 0012634 1880018 0683454 0021966 0221138 0221198 0522498 0004083 0150312 0439849 0596306 0699792 0011265 0497327
 2607943 2926606 3539655 0004398 0580205 0848632 0205549 0687676 1279919 1704687 1979874 2348044 0004897 0229992 0027361 0681755 1517001 1883351 1705417 0007820 0012634 1880018
 1522634 0042373 1947931 0015127 1524003 1184743 1522240
 0441712 2987476 0002395 1521724 0042373 0005847 0012634 0205263 0857127 1441414 1553874 1558950 1578820 1801960 0332257 0011560 1705760 0333562 0175668 0027627 0205436 0021368 1879547
 0598528 0311448 1999230 1517892 1704666 0002395 1521724 0012634
 2346843 0002395 1521724 0012634 0011560 1705760 0333562 0155765
 0017431 0003595 1999230 0681841
 0205419 0052201 0332281 0005847 0035647 0205217 0442805 1558950 1801960 0428460 0023779 0441889 0042373 0150312 1883351 0086597 1521761 2827422 1281905 0035647
 0441712 0439851 1441414 1553874 1578820 1947931 1517892 1704666 0005847 1558950 1801960 1184743 1522240 0002395 1521724 0332120 0205108 1705535 0205210 1280500
 0557651 2603343 0150312 1511978 0004083 0439849 0596306 0699792 0441889 0456079 1547707 2946261 0150312 0030664 0205469 0677042 1514873 1883351 0011265 0497327 0007820 0012634 1880018 0150312 0449450
 0681841 0233794 1963167 0684336 0175668 0027627 0205436 0002395 1521724 0012634 0205172 0332148 0750492 0011265 0205210 0205319 0497327 0684336 0175668 0027627 0205436
 0684336 0935584 1521761 2827422 0332281 0025260 0700327 1706377 0205171 0439044 0679994 0686907 0011265 0039082 0497327 1705535 0205090

 0750591 0872146 1444754 1706316 0205214 1272684 1522138 1548435 3245511 0035648 0035647 1521761 2827422 0332120 0392747 0035647
 0039224 1706073 1706074 0597535 0725813 0004083 0439849 0441712 0596306 0699792 1706376
 0543488 0871685 0439792 0011265 0497327 0042373 0005847 0012634 0039798 0087111 0814225 1522326 1533734 1558950 1705169 1801960 3538994 0035648 1553898 0035647 1521761 2827422
 0814861 3641234 0008976
 0679853 0039798 0087111 1522326 1533734 1705169 3538994 0596197 1825598 0038454 0332120 1705535 0001779 0439801 1549649 2349209
 1883712 0814225 0042373 0521110 0242656 0449258
 0018563 1281583 1552914 0042373 0521110 0206132 0001779 0039798 0087111 1522326 1533734 1705169 3538994 0002395 1521724 0012634 0439851 1947931 0011269 0011265 0497327
 0033213 1706387 0042153 0457083 1947944 0002395 1521724 0012634
 0038454 0549178 1883351 0243161 0680251 0750591 2828389 0237753 0449788 0002395 1521724 0012634 0231175 1883351 1514756 3640049 0039798 0087111 1522326 1533734 1705169 3538994
 0042373 0332281 0243083 0005847 0012634 1558950 1801960 3245505 0332148 0750492 0035648 1553898 0078057 0005847 0035647 1558950 1801960 1521761 2827422 1512456 0033105 0220900 0871208 1521828
 1137094 0301630 0392756 0441610 0032659 1257890 1517001 1883351 0301630 0392756 0441610 0549177 1274040 1546471 2825142 0868928 1533148 0011265 0497327 0205171 1720467 0205421 0332162
 0183683 1521721 2607943 2926606 3539655 0015176 0008976 0027361 1705535 0301630 0392756 0441610 0002395 1521724 0012634 1709305 2745955 0006684 2757014 3536851 0006685 0332293 0870261 0006675 0006726 0439799 1522326 1706095 2936886 0032042 1696465 1706408 1707455
 0449911 0039224 1706073 1706074 0557702 1272706 1704674 0557702 1272706 1704674 1704259 1705987 0042373 0011265 0497327 0087111 0808232 0886296 1273869 2979881 3542921 1822658
 1261322 1552578 1517892 1704666 0030660 0332148 0750492 1999230
 1883712 0332120 1707689 2983265 0039796 0302350 0814861 0008976 0205160 1513916 2825415 2825491 0332148 0750492 1999230 0441712
 0205170 3146287 0750489 0011265 0497327 0205087 0442824 0205390 1300072 1306673 1883351 0750591 0886296 1273869 1948041
 0798503 0805586 3274764 1883351 0679199 0034019 0699943 3244304 0001721 0032659 1257890 0392756 0376558 2828008 0439234
 0027361 0237401 0439851 1947931 0242444 2987720 0035647 0027552 0686904 1883351 0560560 0578671 1269909 1299988 2699029 1517886 2363430 0205390 1300072 1306673 0011265 0497327
 0042373 0205234 1285542 0002395 1521724 0012634 0027552 0686904 1883351 0935584 0031843 0333051 0542341 0684336 0700205 0871735 1705273 2346843 2347509
 0011269 0005847 0011265 0497327 1558950 1801960
 0038545 0521110 0683945 0440042 1521738 2346620 2349184 3539073
 0439092 0547044 2963144 0333118
 0011269 0005847 0011265 0497327 1558950 1801960 0015127 0205225 0439631 1524003 0007820 0012634 1880018 0205369 0686907 1552740 1517892 1704666 0011265 0039082 0497327
 0442808 0332120 1705535 0011265 0497327 0042373 0332281 0243083 0332464 1883073 2827424 0039082 1558916 0002395 1521724 0012634
 1883712 0042373 0035648 0050325 0960756 0035647 1521761 2827422 0332183 0332241 0015127 1524003 0332197 1689985 0012634
 0035168 0242481 0683278 0205146 0014507 0014508 0699910 0439849
 0332120 1521761 2827422 0376558 0439751 0444667 0750729 3242339 2362652 0439792 0004600 0205095 0460009 1995000 0086597 1280500 0039224 1706073 1706074
 1707689 2983265 0947630 0039152 0449913 1553451 1704459 1515187 1551359 2741673 2981730 0021399 1704675 0332148 0750492 1999230 0798503 0805586 3274764
 0449911 0039224 1706073 1706074 0557702 1272706 1704674 0557702 1272706 1704674 0039224 1706073 1706074 3161035 0011265 0497327 1883351 0011269 0005847 0011265 0497327 1272695 1558950 1801960 2746065
 0282412 1705535
 0039082 1558916 0011900 0750591 0011265 0497327 0021308 0019247 2924406 0852949 0270612
 0680220 0039082 1558916 0011269 0332284 0376558 0205087 0012634 0205319 2247561 0332241 0542339 0683312 1264637 0013113 0011269 0005847 0011265 0497327 1558950 1801960 0002395 1521724 0012634
 1274040 1546471 2825142 0871251 0679228 0243161 0441889 0449286 0542560 1561545 2348088 0332152 1522538 0032854 0542537 0680240 2700379 0011900 0348000 0348026 1515981 1705242
 0011570 0011581 0344315 0349217 0460137 1518422 0013987 0027552 0686904 0011570 0011581 0344315 0349217 0460137 0011570 0011581 0344315 0349217 0460137
 0439851 1947931 0039798 0087111 1522326 1533734 1705169 3538994 0229992 1553387 1948035 0524527 1516084 1883351 0392747 1521761 2827422 0035648 1553898 2986492 0035647 1521761 2827422
 0338656 0023185 0684336 1516691 0011265 0497327
 0441468 0441469 1551338 0205447 0035397 0027362 0231337 1999167 0038492
 0449913 1553451 1704459 1516084 1883351 0443299 1184743 1522240 1292734 1522326 3640814
 0392747 1554963 0679628 0026062 0376558 0444598 0332148 0750492 1704970 0035647 0032659 1257890 0332120 0332268 1280500 2348382 0750729 0011265 0497327
 1524063 0683312 1555713 0332241 0441889 0449286 0542560 1561545 2348088 0237753 0449788 0185027 1948020 0002395 1521724 0012634
 0449913 1553451 1704459 0449560 0558058 0012634 0033213 1706387 0011900 0013893
 0449295 0282441 0282443 1552617 0439801 3542948
 0233426 0042373 0011265 0497327 0039082 0205369 1552740 1558916 2699782 0011269 0005847 0011265 0497327 1558950 1801960
 0205234 1285542 0439849 1705630 1706279 3540605 0007820 0012634 1880018 0002395 1521724 0012634 1518422 1515187 1551359 2741673 2981730 0030664 0205469 0677042
 1514811 1706462


 0243161 1299987
 0003738 0027855 1554162
 0876934 1540677 1555824
 0007820 0012634 1880018 0011265 0497327 0030664 0205469 0677042 0870956 0001554 0376636 1273870 3273539
 0450388
 0023973
 0033727 0369286 0441932 0564385

 0243161
 0003738 0027855 1554162 3623712 0369637 0441923
 0016327 0439133 1553038 0325001 0369773 2603361
 0205090 0684010 2603358
 2347469 0005823 1271104 1272641 0005767 0005768 0033095 0229664 0441889 0456079 0460139 1306345 1547707 2946261 0392334 0392335 0439849 0445223 0542341 1516691 0557651 2603343
 0162443 0000857 0600678 1552863 0016327 0439133 1553038 0369637 0441923
 0199176 1706420 2700409 0221155 0020538 0039155 1963138 0015176 0008976
 0777169 0025141 1553033 0037088 0007320 0085973 0801757 1548372 0684224 0700287 3273238
 0027855 0000857 0600678 1552863
 0369773 2603361 0439114 1551604
 0011265 0497327 1709599 0681876 2348561 0557651 2603343 0026183
 0027855

 0008902 0008903 0678229 0011900 1704338 1704656 0039798 0087111 1522326 1533734 1705169 3538994 0596197
 0013227 0001811 0025141 0439114
 0369637 0441923
 0205090 0684010 2603358
 2603360 2347947 0011900 1704338 1704656 0011269 0005847 0011265 0497327 1558950 1801960
 0027855 0000857 0600678 1552863 0439267 0332140 0011900 0205210 1704338 1704656
 0684224 0700287 3273238 0162458 0441722 0563538 3540678 0041711 0002395 1521724 0012634
 0027855 0000857 0600678 1552863 0369637 0439394 0441923 1706495 3642217 0205090 0684010 2603358 0587184 0201950 0543421 1441420 0008377 0229671 0439175 0439810 1546774 1550100 3642141 0002085 0052201 0002395 1521724 0012634
 0025141 1423088 3273338

 0037369 0453996 1881674 0035647 0002395 1521724 0012634 0557651 2603343
 0777169 0025141 2603360 0205090 0684010 2603358 0033727 0369286 0441932 0564385
 0205210 1521761 0599755
 0162443 0027926 0524850 0033872 0033873 0004083 0439849 0596306 0699792 0011265 0497327 0086597 0127400 0042373 0035648 1553898 0035647 1521761 2827422 0020538 1963138
 0027855
 0205090 0684010 2603358
 0338656 0684336
 0025141 0021966 0221138
 0439114
 0014507 0014508 0699910 0015176
 0007820 0012634 1880018 0011265 0497327 0030664 0205469 0677042 0870956 0001554 0376636 1273870 3273539

 0023973
 0021966 0221138 2347469 0023981 3258203 0205127 0557651 2603343 0011265 0497327
 0777169 0025141
 0439394 1706495 3642217
 0033727 0369286 0441932 0564385
 0751955 0021308 0185117
 1422839 0000857 0600678 1552863

 0439267 0035647 0332155 0332293 1522326 0745133 0221155 0020538 0039155 0205409 1548221 1963138 0282458 0920317 0002778 0936012 1042496 1524024
 0777169 0025141 1551641 0205090 0684010 2603358
 0679238 1521761 2827422
 0162443 0027926 0524850 0033872 0033873 0450385 0034036 0034037 1514756 1704324
 0439617 0558347 1527075 1514756
 0034036 0034037 1272684 1548435 1704324
 1706852
 1527021 1554111 1705606 3541382 0006434 0439267
 0439073 0439082
 1527021 1554111 1705606 3541382