 0165073 0031670 0022173 0031671 0018790 0237477 0392351 0521111 1326120 1879547 1864650 0021622 1272753 0557806 0022771 0041740 0242211 0871674 0022771 0036375 0041740 0022771 0000872 0565990 1552471 0041740 0205099 0205476 0020898 0041740 0018397 0022771 0026376 0005532 1521991 0557806 0041740 0022771 0036375 0041740 0022771 0557806 0022771 0034036 0034037 1514756 1704324 0348078 0376315 1515981 1522492 1527075 0165073 0524851 0012634 0543483 0699748 0332257 0030567 1521736 2681933 0012634 0002395 1521724 0012634
 0165073 0947630 0033684 0031676
 1883351 0376649 1442065 0165073 1292732 1145667 1167622 0031670 0031671 0001721 1149851 0020115 1149838 0205177 0439167 0441655 1561536 1514559 0165073 1883559 0165073 0040005 0030567 0332281 1521736 2681933 0243083 0012634
 0165073 0700364 1883351 0032214 0600138 0035820 1705810 0026882 1705285 0031453 0442805 0165073
 0039798 0087111 1522326 1533734 1705169 3538994 0039654 0000975 0031588 0070750 0129533 0018790 0237477 0392351 0521111 0031670 0031671 1514559 0165073 0007634 0243148 1550141 1882979 2587213 3274648 3282337
 0165073 0768581 1518792 0071246 1334043 1418644 1880389 1883221 2697616 3541951 0017446 0205147 0165073
 0040669 0947630 0165073 1518422 0165073 0348078 0376315 1522492 1512693
 1274040 1546471 2825142 1705535 0165073 0443264 0031670 0031671 1518422 0700364 1883351 0032214 0600138 0035820 1705810
 0165073 0205250 0700321 0033684 0031843 0542341 0700205 1705273 0524851 0012634 0243107 0678723 1527148 0030567 1521736 2681933 0012634
 0165073 0205309 1883351 0449432 1705248 0085200 0242821 1995017 0752347 0450316 2827734 2981698
 0165073 0037019 0393571 0175996 0178719 0333641 0439064 0449913 1553451 1704459 1880177 1512693 0332255 1708096 0333463 0150312 0392079 0002395 1521724 0012634
 0162735 0026882 0040005 0165073 0015576 0241888 1517892 1704666
 0441712 1706376 1314939 1515981 0085200 0242821 1995017
 0302523 0700325 1964257 0025914 0025929 0026809 0012578 0282641 1521970 1705535 0165073 1314939 0012634 0243107 0678723 1527148 1947931
 0165073 1824324 0038164 0033684 0332256 2700400 1880389 1883221 3541951 0332257 0018882 0229304 1704821 1705682 3154958 1880389 1883221 3541951 2700640 0449432 1705248 0039259
 0165073 0683607 0567416 2987476 0034656 0439605 0026377 0018882 0229304 1704821 1705682 0392148 0031676 1705535 0165073 0031843 0542341 0700205 1705273 0007634 0178539 0205276 0725813
 1521840 2986546 0332257 1552866 2700399 1720655 1947974 0090388 1421563 0033634 0033621 1168438 1418943 3540567 0033640 0031727 0033684 1420277 3541909 0325228 1419022 0039341 0087044 0103404 0242210 0033684 0243122 1145667 1167622
 0947630 0035820 0332257 1552866 2700399 0392747 1554963 0441471 3541888 0037083
 0165073 0302523 0700325 3244290 1705535 0165073 1883351 0037083 3537152 0025255 0596901 1706182 0599896
 0332185 0165073 0205396 1550043 1551388 0597220 1999216 0021135 1533691 2827718
 0031670 0031671 1959616 0031610 0001128 0202406 0043791
 1705535 0441889 0456079 1547707 2946261 0165073 0001721 1149838 0021135 0538283 1418642 1533691 2827718 0031671 0205177 0439167 0441655 1414052 1415944 1561536 0443264 0010813 0596311 1330957 0596898 0005495 0220781
 0205108 0597298 1552738 1418641 0538283 1418642 1414052 1415944
 0205177 0439167 0441655 1561536 0439064 0851285 1708517 0332257 0031621 2348046 0033634 0033621 1168438 1418943 3540567 0033640 0031727 0033684 0015576 0033684 1704727 0033684 0101671 1527266
 0538283 1418642 1414052 1415944 0033684 1334043 2697616
 0538283 1418642 1414052 1415944 0684224 0700287 3496591 1883351 0205177 0439167 0441655 1561536 0700364 1883351 1418641
 1514468 1704444 0031610 0001128 0202406 0015272 0237753 0449788 0021135 1533691 2827718 1363844 0332298 2587213 1325417 0005528 1317949 3495449 0392747 0443172 1705241 0243091 1521816 2700385 0332437 0543482 0700329 0700619
 0007634 3282337 1879547 0031670 1704259 1705987 1517892 1704666 1314939 0007595 0018270 0220844 1621966 2911660 0007589 1511938 2945687 0598964 0030685 0391871 0439180 0680255 1283071 1963578
 0947630 0205234 0549178 1285542 2700217 0439849 0037791 1511884 0441712 1706376 1518422
 0020792 0205396 1999230 0007634 3282337
 0165073 0165073 0033684 0015127 1524003 0027746
 1261322 1552578 0165073 1514873 1883351 1517378 0233820 0205307 0439166 2347086 0012634 0030664 0348080 1521733 1705253
 1261552 1704379 1705117 2825408 0015264 1948052 0040223 0205435 0684224 0700287 1279901 3273238 3541383 0165073 1145667 1167622 1418641 0538283 1418642 1414052 1415944 0018790 0237477 0392351 0521111 1879547
 1547282 1301808 1442792 3148680 0032214 0600138 0035820 1705810
 0557061 2584313 1514811 1706462 0520510 0009458 0325564 0392747 0439536 1551720 1705217 3244283 0007452 0015965 0229671 0521457 1140701 1546774 1550100 0253711 0869011
 0075172 0036681 0038164 0036682 0450375

 0020281 0020275 0031180 0523702 0885426 0029366 0037473 0597484 1719918 0003242 0003241 0021027 0041484 0041485 1421250 0005574
 0003241 0021027 0869011
 0165073 0359168 3146294 1524063 0165073
 1979003 0312586 0003241 0021027 1418641 0538283 1418642 1414052 1415944 3146294 1552738
 1442989 2828392 0023779 0043194 0258432 0813983 1421478 1442460 0021547 1442460 0129533 0005526 0036397 0376558 0869011
 1139930
 0051979 0051979 0034493 0022877 3244292
 0812225 1150635 1705212 1705213 3273202 0043194 0258432 1421478
 0007585 0007634 0010453 0220814 0430400 1269647 1704653 1948049 2242979 0040669 0006353 0019215 1314677 0242295 1947943 2348609 0036786 0007452 0015965 0229671 0521457 1140701 1546774 1550100
 0007634 3282337 0012854 0032136 1444656 0253711 0302828 1442085 3263700
 0052009 0439526 0036576 1273517
 1449705 0021069 0020985 0006353 0024348 1536403 0019215 1882074 0020283 0450407 0450408 0450409 0146951 0133689 0242759 0037500 0037473 0086123 0597484 0037494 1959973 0037508 1366571 1705592 0017861 0064858 0003641 0016327 0075172 0036681 0450376 0005899
 0427716 1304757 0086045 1524063 0005507 0243073 1510438 1442989 2828392
 1510844 0003241 1439852 1444656 1883043 0991566 1292426 2346972 0450376
 0003313 0439662 1704241 0007703 1516695 1516698 0040223 1632851 0041175 0077281 0814229 1882074 0020283 0450407 0450408 0450409 0013618 0013714 0037494 1959973 0017861 0068941 0068940 0439509 0006353 0370003 2347026
 0003313 0439662 1704241 0600209 1704732 0681850 1550501 1706203 2349001 2697811 0949466 0005863 0002778 0936012 1524024 1705493 1524063 0003241 0021027
 0175723 0234621 1524063
 0441513 0455052 1521827 0006556 0538283 1418642 1414052 1415944 0332255 0486805 0868946 0332256 2700400 1880389 1883221 3541951
 1418641 0332255 0486805 1883708 0011516 2945843 0205145 1515974 2825164
 0032520 0337112 0443286 1114821 1335439 1524075 1273517 1883351 0599566 0086022 0442335 1547699 2700640 0162768 0033684 0332466 1293131
 0007634 3282337 0599566 0027361 0086022 0185117 0237401 0442335 1510411 1547699 2700640 0162768 0033684 0332466 1293131 0007634 3282337 0162768 0033684 0332466 1293131 0025663 0025664 0449851 1442989 1998793 2828392 1524063 0036682 0450375
 0455052 1521827 1882598 0006104 1269537 0006353 0024348 1536403 1524063 0181200
 0007703 0450376 1550101 1273517 1883351 1292732 0165073 1880389 1883221 3541951 1523907
 0427716 1304757 0086045 1524063 0025663 0025664 0449851
 0681814 1706386 1881488 1882598 0006104 1269537 0033684 0332466 1293131 1439852 0162768 0017817 0036681 0006353 0024348 0205088 0449468 0991566 1536403 1546485 1690016 1705102 2346972 2700258 1979835 1442467 0450376
 1180347 1523872 0033684 1704241 0007703 1516695 1516698 0040223 1632851 0146951 0133689 0242759 0037494 1959973 0020283 0450407 0450408 0450409 0037508 1366571 1705592 0029366 0037473 0597484 0064858 0003641
 1180347 1523872 0033684 1704241 0600209 1514893 1704732 2699488 0025255 0348011 0596901 0600190 1706182
 0597879 0442726 1511790 1524063 0003241 0003241 1332684
 0242485 0007634 3282337 0005971 0020498 1139930 3537155 0007634 3282337 0020498
 0007634 3282337 1883708 1708632 1442460 0021547 0439526
 0007634 3282337 1548982 0019215 1882074 0020283 0450407 0450408 0450409 0036774 0036773 0728877 0001924 0007452 0229671 1140701 1546774 1550100
 1292856 1948023 0172341 1883712 1548602 1704686 0456963 0009264 0009443 0020746 0234192 1553404 1883712 2348570
 0150141 2828366 0179834 0790233 0043047 0599638 0681549 1550678 1720119 1948037 0242194 0003075 0058714 0185125 1185738 1621574 1706132
 1185738 1706132 1883708 0790233 0043047 0599638 0681549 1548982 1550678 0074727 0103071 0332283 3541316 0142851 0002611 0016572 0037473 0076219 0220832 0332256 0597484 2700400
 0021554 0021547 0031603 0103071 0002611 0016572 0037633 0220832 0332256 0470296 0525069 2700400 0016576 0885348 0001128 0202406
 0005507 0243073 1510438 0031670 1149851 1149838 0205177 0439167 0441655 1561536 0031670 0444706 0449770 1516048 1442460 0136784 1514468 1704444 0392148 0089147 0001977
 0205170 0205452 3146287 0200940 0699799 2347578 1166718 0005971 0007634 0205170 1139930 3146287 3282337 3537155
 0007634 3282337 0229671 1546774 1550100 2348531 0456696 1442770 0439659 0005507 0243073 1510438
 0038187 0007634 3282337 0066653 0439526 1708632 1442460 0027138 0001128 0202406
 0007634 3282337 1548982 0040223 1632851 0229671 0332152 0332296 0740175 1546774 1550100 1880497 1996904 2257086 1442450
 0089147 0332257 3538986
 0444930 2746065 0007634 3282337 0332293 0172341 1522326 0039654 0048451 2825188
 1553404 2348570 0849355 1883720 3244314 0009458 0439536 1705217 3244283 0456963 0991865 0006353 0009264 0009443 0020746 0031603 0031701 0036082 0234192 0441648 1601799
 0007634 3282337 0184933 0444082 1139930 1524063 0086825 0023779 0185115 3541890 0001963 0008238 0086972 0443299 0687118 2827734 2981698 2827734 2981698 0025663 0449851 0871511 0450355
 0205390 0441960 1512080 2827485 0001963 0008238 0740116 2827735 2981700 2827734 2981698 0008569 2936385 0008559 0005971 0008550 0017243 0037098 0205168 0934502 1139930 1382104 1522408 1561599 3537155 0329155 1427618 1705203
 1139930 0037638 0205390 0449913 1282910 1553451 1704459 0000983 0000985 0001128 0202406 0981805 0450382 2827828 0021966 0021968 0885449 2348268 2986582
 1442989 2828392 0023779 1273517 1883351 0175723 0184933 0439962 0444082 0678573
 0034553 0031676 0439175 0439810 0444706 3541902 1274040 1546471 2825142 0369610 0023779 0439165 0439175 0439810 0449450 1549488 1561533 0439157 0750480 1705566 0702093 0136784 1882115 1274040 1546471 2825142
 0183489 0487602 1704680 1883351 0165073 0016318 1273517
 0034715 2699239 0034693 0034721 1442461 0439231 0580836 0008161 0077034 0720930 1720436 0439269 1960952 2346927 0031001 0681205 0070066 0991865 0006353 0031603 0031701 1601799 2678549 1882074 0020283 0450407 0450408 0450409
 0205123 0205155 1293097 1522472 1552923 1705191 1280412 0000925 0025462 1883724 0016318 0019635 0079603 0205173 1522240 1705764 1705765
 0205155 1293097 1522472 1552923 1705191 0443223 0028778 0205307 0229671 0324145 0332206 0439166 1546774 1550100 2347086 2983591 0858153 0036820 0445115 0018019 0205307 0229671 0439166 1265549 1510458 1546774 1550100 2347086 1442450
 0359168 0003250 0003241 0021027 0025914 0025929 0026809 0746619 0884358 0165073 0003242 0003255 0003241 0021027
 0441648 0991865 0006353 0031603 0031701 0036082 1601799 0205155 1293097 1522472 1552923 1705191 0439962 1439852
 1720119 1948037 1412113 1516077 0051979 0034493
 1720119 1948037 1412113 1516077 1292425 2348236 0005903 0039476 1547703
 1883351 0022885 0039593 0392366 0037791 1511884 0205155 1293097 1522472 1552923 1705191 0205280 1522240 0205225 0233535 0439631 0003241 0750563
 0444330 0449911 1524063 1626420 0181839 1706379 1540289 2698590
 1704254 1704922 3542466 1301627 2348636 0441889 0456081 1524063
 0220781 0439634 1522492 0884358 0018964 0025664 0449851
 1298529 0991865 0006353 0016564 0031603 0031701 0036082 0231441 0443218 1601799 2827483 2348236 0005903 0039476 1547703 0790233 0043047 0599638 0681549 0720930 1550678
 0007634 3282337 0491949 0018964 0037633 0525069 2986582 1719918 0790233 0043047 0599638 0681549 1548982 1550678
 0007634 3282337 0001962 0227073 0002607 1095824 0227073
 0007634 3282337 0014448 0037633 0525069 0885297 2986582 0014448 0885297 3255993 0037633 0525069 0599956 1719918 0332283 0441648 0790233 0043047 0599638 0681549 1550678
 0007634 3282337 0011175 1882955 0205549 2348044 0001962 2348236 0005903 0039476 1547703 1883708 0017861 0449878
 0007634 3282337 0440042 0750480 1521738 1705566 2346620 2349184 3539073 0034656 0439605 1707391 1282913 1551714 0007585 0007634 0010453 0220814 0430400 1269647 1704653 1948049 2242979 0007634 3282337 0205451 0440042 0750480 1521738 1705566 1707391 2346620 2349184 3539073 0491970 0023693 0181839 1306462 1706379 1881376
 0042295 0007634 3282337 0439165 0332256 2700400 0033684 0205418 0009393 1550604 1705245 0080103 0205345 1547039
 1707156 3274014 3541345 0557651 2603343 1547282 1882932 2603362 1441547 1704970 3245521 0085862 1299583 0205173 0205341 1883725
 0871424 0002778 0936012 1524024 1511726 3245479
 0022885 0038492 0039593 0392366 1551041 1552573 1273517 1548787
 0033204 0750591 0237881
 0165073 0018790 0237477 0392351 0521111 0172341 1149851 0020115 1149838 0205177 0439167 0441655 1561536 1883351 1292732 0165073 0001721 1149851 0020115 1149838 0205177 0439167 0441655 1561536 3146294 0007600 0205132 1550648 1552960 1514559 0033382 2987124 0165073 0086022 0442335 1705099 0007600 0007634 0205132 0243148 1269647 1550141 1550648 1552960 1704653 1882979 1948049 2587213 3274648
 0172341 0439855 1704241 0020281 0020275 0031180 0523702 0885426 1514560 0597217 1999216 0043227 0007613 0682538 0007634 0031843 0205266 0542341 0700205 1554187 1705273 3282337 0031164
 0172341 0205309 1883351 1149851 1149838 0205177 0439167 0441655 1561536 0031670
 1149851 1149838 0205177 0439167 0441655 1561536 0007600 0007634 0205132 1269647 1704653 1948049 0007600 0007634 0205132 0243148 1269647 1550141 1550648 1552960 1704653 1882979 1948049 2587213 3274648 0450344 1553633
 0021467 0021469 1628982 3463820 0040223 0851827 1701901 1709305 3244310 3541383 0007634 0243148 1550141 1707455 1882979 2587213 3274648 3282337 0450345
 0332128 0165073 0039654 0048451 2825188
 1326120 1879547 0165073 0205172 0392756 0007634 0243148 1550141 1707455 1882979 2587213 3274648 3282337
 1883351 1880177 1149851 1149838 0205177 0439167 0441655 1561536 0031670 0427861 1947950 0553257 0007634 3282337 1292732 3244092 0185117 0441889 0456079 1547707 2946261
 0021069 0949466 0005863 0002778 0936012 1524024 1705493 1524063 0140430 0003242 0003241 0021027 0007634 3282337 1514559 0165073 1883559 0007600 0007634 0205132 1269647 1550648 1552960 1704653 1948049 0150312 1883351 0441889 0349966 1337208
 0538283 1418642 1414052 1415944 1518422 0007634 0442726 1511790 3282337 1511726 3245479 1518422 1547282
 1274040 1546471 2825142 0013935 0022646 0086418 0227665 1278978 1441672 1514845 0033382 2987124 1511726 3245479 1518422 1547282
 1517331 1883351 0165073 0165073 1418641 1739833 0538283 1418642 1414052 1415944
 0007634 3282337 1708632 1442460 0027138 0001128 0202406 1883708 0205091 1552822 0332155 0172341 1948023 0029366 0037473 0597484 0020281
 0007634 3282337 0165073 1418641 0538283 1418642 1414052 1415944 1547282 1326120 1879547 0031670 0031671 0086022 0442335 1705099 0349966 1337208
 1274040 1546471 2825142 0165073 0018790 0237477 0392351 0521111 1418641 1879547 0538283 1418642 0172341 0205263 1512977 0007634 3282337
 0449911 0333052 2607870 0557702 1272706 1704674 0557702 1272706 1704674 0349966 1337208
 2827734 2981698
 0165073 0018790 0237477 0392351 0521111 1326120 1879547
 1883559 0332307 0445392 1547052 1883559 0332307 0445392 1547052 0033382 2987124 0165073 0007634 3282337 0205170 0205452 3146287 0010453 0220814 0430400 2242979 0005971 1139930 3537155 1708632 1442460 0129533 0332293 0172341 1522326 0020281
 2347469 0086022 0442335 1705099 0332293 0172341 1522326 0040223 1632851
 0086022 0442335 1705099 0332293 0039654 0048451 1522326 2825188
 0034553 0136784 0444706 3541902 0025664 0184661 1517586 1552738 2700391
 1274040 1546471 2825142

 0449911 0333052 2607870 0557702 1272706 1704674 0557702 1272706 1704674 0349966 1337208
 0740116 2827735 2981700
 0185117
 0007634 3282337 0024348 0301871 1521827 1524063 0140430 0031670 0031671 0003241
 0600209 0013862 0071500 0596607 0332283 0025252 0025255 0033684 0040671 0596901 0600190 1705822 1706182 0005863 0165073 0003241
 1274040 1546471 2825142 1547282 1882932
 0165073 0041485 0172341 1158886 1519726 0031715 0033684 0041485 0032214 0600138 1705810 0035820
 0165073 0700364 1883351 0332256 2700400 1709915 1882936 0079160 0162326 0376298
 0332185 0684224 0700287 3496591 0165073 0041485 0282625 0033681 0033640 1335532 0031727 0015576 0033684 0041485 1704727 0079073 0080298 0138965 0812303 1442788
 1292732 0165073
 0301871 0165073 0332293 1522326 0165073 0600209 0086972 0443299 0687118 1704732 0205173 3539942
 0949466 0005863 0002778 0936012 1524024 1705493 1883708 0443640 0003241 0021027 0070948 0205369 0884358 1552740 0003241 0021027 0165073 0349966 1337208
 1881488 0003242 0003241 0021027 0070948 0301871 1883708 0020985 0936012 0003241 0021027
 0172341 0029366 0037473 0597484 0020281 0165073
 0449911 0333052 2607870 0557702 1272706 1704674 0557702 1272706 1704674 0349966 1337208
 0439086 2827736 2981702
 0165073
 0427861 1947950 0553257 0007634 3282337 1514559 0165073 1883559 0332293 0172341 1522326 0020281
 0007634 3282337 0301871 0165073 0041484 0041485 1421250 0369773 0003241 0021027
 0086972 0205173 0443299 0687118 0600209 1704732 0348011 0025255 1524063 0041484 0041485 1421250 0165073 0165073 0003241
 1274040 1546471 2825142 1547282 1882932
 1280500 2348382 1879547 1292732 1280500 2348382 1149851 1149838 0205177 0439167 0441655 1561536 1513776 0165073 1457900 0041485
 0026882 1705285 0031453 0026882 1705285 0392747 0165073
 1519726 0031715 0041485 0392756 1158886 0243148 1550141 1882979 2587213 3274648 1883559 1953353 0392747 0443172 1518422 0392747 0443172 1705241 1519726 0031715 1158886
 0205117 0332282 1883708 0332128 1280500 2348382 0165073 0018790 0237477 0392351 0521111 1149851 1149838 0205177 0439167 0441655 1561536 0031670
 0007634 3282337 1418641 0538283 1418642 1414052 1415944 0165073
 0040669 0007634 3282337 0172341 0020281
 0026882 1705285 0031453 0205217 0442805 0165073
 0450373 1553636
 3244092 0185117 0441889 0456079 1547707 2946261 2348205 0450375
 0165073 0700364 1883351 0443264 1149851 1149838 0205177 0439167 0441655 1561536 0031670
 0449911 0333052 2607870 0557702 1272706 1704674 0557702 1272706 1704674 0349966 1337208

 1280500 2348382 1879547
 0440102 2827421 1708632 1442460 0027138 0001128 0202406
 0007634 3282337 0332293 1522326 0172341 0020281 0392148 0001977 0089147
 0034553 0136784 0444706 3541902 0025664 0184661 1517586 1552738 2700391
 1274040 1546471 2825142
 0165073 1883559 0332307 0445392 1547052 1418641 0538283 1418642 1414052 1415944 0332293 0172341 1522326
 2347469 1881488 0681814 1273517 0005863 0025664 0184661 1517586 1552738 2700391
 0165073 0750490 1418641 1706221 3539645 1883351 0237881 0750502 0332128 0165073 0031670 0022173 0031671
 1514559 0165073 0332293 1522326 0172341
 1881488 0140430 0031670 0003242 0369095 0003241 0021027 0031671 0301871 1882443 0746619 0182400 1704681 2347609 3536729 0003241 0021027 1553637
 0165073 0750489
 0681814 1706386 0165073 0003241 0021027 0165073 0301871
 0020985 0443289 0185117 1553637
 0165073 0332281 1418641
 0165073 0033684 0332281 3539645 0007634 3282337 1514559 0165073 0349966 1337208 2347469 1553033
 0165073 0332281 0538283 1418642 0031671 1414052 1415944 0681814
 0172341 1518422 0392747 0165073 0031670 0031671
 1883351 0165073 0205369 1552740 1292732 0165073 1704675 0349966 1337208
 0172341 0205263 0442805 0165073 1518422 0001721 0205177 0439167 0441655 1561536 1553638 1518422 0750490 1706221 0007634 3282337 1514559 0165073 1705535 0165073 0205369 1552740
 0449911 0333052 2607870 0557702 1272706 1704674 0557702 1272706 1704674 0349966 1337208
 0439084 0728893
 0165073 3539645
 0165073 1948023 0172341 0172341 0020281
 0007634 3282337 1883708 0024348 0301871 0301871 1521827 1524063 0140430 0031670 0031671 0165073 0165073 0003242 0003241 0021027
 0301871 0600209 0013862 0071500 0596607 0332283 0025252 0025255 0033684 0040671 0600190 1705822 0005863 0140430 0031670 0031671 0165073 0165073 1624602
 0073187 0086022 0442335 1705099 1880497 1708639 1418641 0165073 1708639 0538283 1418642 1414052 1415944 0165073 1708639
 0021069 0140430 0031670 0031671 0003241 0021027 0301871 1883708 0020985 0165073 0140430 0003242 0003241 0021027
 0562577 1882932 0243148 1550141 1882979 2587213 3274648
 1547282 1882932
 0449911 0333052 2607870 0557702 1272706 1704674 0557702 1272706 1704674 0349966 1337208

 0165073 0001721 0205177 0439167 0441655 1561536 0014442
 0007634 3282337 0439526 1708632 1442460 1883708 0172341 1948023 0020281 0392148 0021554 0021547 0031603 0444706 3541902 0025664 0184661 1517586 1552738 2700391
 1274040 1546471 2825142
 2347469 0007634 3282337 1883708 0024348 0301871 0301871 1521827 1524063 1418640 3539716 0165073 0165073 0003241 0021027
 0301871 1883708 0005863 1418640 3539716 0165073 0165073
 1547282 1882932
 0017446 0205147 0165073 1314939 1704675 1418641 1883351 0024779 1706473 1514562 0017446 0205147 1273518 1418641 1521827 1142652 0033684 0444667 0002520 2917660 0001128 0202406 1709915 1882936 0002520 2917660 0001128 0165073 0202406 1709915 1882936 0449432 1705248 0002520 2917660 0001128 0202406 1709915 1882936 0002520 2917660 0001128 0165073 0202406 1709915 1882936 1273517 0021135 1533691 2827718 0243122 0681814 1145667 1167622
 0349966 1337208 1547282
 0449432 1705248 0332256 2700400 0017446 0205147 1880389 1883221 3541951 1418641
 1511726 3245479 1705535 0017446 0205147 1880389 1883221 3541951 1314939 1704675 1418641
 0449911 0333052 2607870 0557702 1272706 1704674 0557702 1272706 1704674 0349966 1337208

 0017446 0205147 0165073 1418641
 0165073 0027361 0237401 0392767 1708096 0002508 0025033 0332529 0442768 2827734 2981698 0449432 1705248
 0332255 0486805 0033684 0444667 0162768 0009013 0033684 0332466 1293131 0014834 1998793 1524063 0991566
 1265611 0162768 0033684 0332466 1293131 0332255 1708096 1882598 0006104 0034693 0034721 1269537 1439852 2828366 0025664 0184661 1517586 1552738 2700391
 0033684 0020985 0002778 0936012 1524024 0681850 1550501 1706203 2349001 2697811 1524063 0003241 0021027 0441833 1999270 3537156
 1265611 0005863 1524063 0003242 0003241 0021027 0441833 1999270 3537156
 1274040 1546471 2825142 1547282 1882932
 0165073 0017446 0205147 0750490 1706221 0002520 1418641 0205117 0332282 1883708 0936012 0205145 1515974 2825164 1418641 2603362 0165073
 1883351 0004793 0162326 0162327 1519249 0165073 0243122 1145667 1167622 1314939 2827421 0162768 0033684 0332466 1293131 0349966 1337208 1547282
 1553640
 1881488 0332255 0486805 1418641 1424736 0005863 0003241 0021027
 1418641 0002520 2917660 0001128 0202406 0150312 1883351 0017446 0205147 0205393 0332297 1145667 1167622 1689898 2349209 0165073
 0700364 0017446 0205147 1515860 0768581 1518792 0071246 1334043 1418644 2697616 1880389 1883221 3541951 0165073
 0449911 0333052 2607870 0557702 1272706 1704674 0557702 1272706 1704674 0349966 1337208

 0165073 0750490 0768581 1706221 1518792 0071246 1334043 1418644 2697616 1880389 1883221 3541951
 1514861 1882932 1704458 1547282
 0542341 1441414 1553874 1578820 1425988

 0179400 1638312 0017446 0205147 0031670 0031671
 0332132 1880389 1883221 3541951
 0020283 0450407 0450408 0450409 1334043 2697616 1880389 1883221 3541951
 0017446 0205147
 0419518 0445022 0017446 0205147 0419518 0445022 3540513
 2347469 1265611 0162768 0033684 0332466 1293131 0332255 0486805 0015502 1333523 1882598 0006104 0034693 0034721 1269537 1439852 2828366 0025664 0184661 1517586 1552738 2700391
 0033684 0020985 0002778 0936012 1524024 0681850 1550501 1706203 2349001 2697811 1524063 0003241 0021027 0441833 1999270 3537156
 1265611 0005863 1524063 0003242 0003241 0021027 0441833 1999270 3537156
 1274040 1546471 2825142 1547282 1882932
 1704675 0165073 1882598 0006104 1269537 0013935 0022646 0086418 0227665 1278978 1514845 1514559 0165073 0150312 0440746 1882598 1418641 0165073 1882443 1524063 0025663 0449851 0871511 1553641
 1517331 1883351 1283174 1418641 0165073 0392752
 0332185 0684224 0700287 3496591 0185117 1333134 0392760 1314939
 0165073 0027882 0684224 0700287 3496591
 1882598 0006104 1269537 0205155 1293097 1522472 1552923 1705191 0205173 1705764 1705765 1418641 0003241 0165073 0027882
 0026018 0443289 0027882 0392752 0597879 1418641
 1883727 1883357 1274040 1546471 2825142 1705535 0851285 1327622 0165073 1515655 1704675 1709305 2745955
 0449911 0333052 2607870 0557702 1272706 1704674 0557702 1272706 1704674 0349966 1337208

 1704675 0165073 1882598 0006104 1269537
 0165073 0031670 0031671 1882598 0006104 0034693 0034721 1269537 0301871 1881488 1524063 0369095 0003241 0021027
 0301871 0003241 0165073 0020985 0031670 0031671
 0562577 1882932 0243148 1550141 1882979 2587213 3274648
 2347469 0007634 3282337 0007634 3282337 0175412 0222661 0038590 1269578 0032405 1414437 3283876 0242842 0026018 0234621
 1704254 1704922 3542466 1705417 0475264 1744691 1708632 0027882
 1707156 3274014 3541345
 1274040 1546471 2825142 1547282 1882932
 1709793 0165073 1441672 1883351 1418641 0538283 1418642 1414052 1415944 1516048 0237881 0750502 1521970 0439509
 0486616 1555710 0014448 0018964 0885297 0014448 0018964 0885297 0487602 1704680 1883351 0220825 0220781 0439634 1522492 0007634 3282337 0031670 0031671 0033684 1553642
 0332290 1441672 1441375 0007584 0007634 3282337 2700430 0007637 2827421 1547699 2700640 0449432 1705248 1420277 3541909 1883676 0243148 0439178 1273517 1446409 1514241 1550141 1882979 2587213 2825490 3274648
 0439165 1549488 1561533 0007637 0242821 1512693 1995017 0007634 3282337 0449432 1705248 1420277 3541909 0013682 0040669 0439509 1527178 1705938 0444686 1441506 1443182 1524063 0032136 0120285
 1979874 0007634 3282337 2827421 1547699 2700640 0449432 1705248 1418641 0449432 1705248 0538283 1418642 1414052 1415944 0015272 0007637 0333468 0205171 0242821 0333930 1512693 1720467 1995017
 1883712 0007634 3282337 0165073 1418641 0538283 1418642 1414052 1415944 0443289 1280500 2348382 0243092 1178969 0007634 0449432 1441672 1518422 1705248 3282337 0044369 1511726 3245479 1518422 1547282
 2348205 0007634 1301820 3282337 0033684 0205171 0439044 0679994 0449432 1705248 0165073 1418641 0033684 0538283 1418642
 1274040 1546471 2825142 1705535 1704675 0165073 1518422 1521970 1706388 2346469 2348519 1512977 0007634 3282337
 0449911 0333052 2607870 0557702 1272706 1704674 0557702 1272706 1704674 0349966 1337208

 0220781 0439634 1522492
 2827421 1547699 2700640 0449432 1705248 0165073 1420277 3541909 0205708 3279277 1512693 0523207 0018964 0014448 0885297 2986582
 1512693 0007634 0442726 1511790 3282337 2827421 1547699 2700640 1418641 0538283 1418642 1414052 1415944
 2347469 1709793 0440102 2827421
 0007634 0332232 3282337 2827421 1547699 2700640 0449432 1705248 1420277 3541909 2986582 3279277 1512693 0040669 1547699 2700640 0449432 1705248 1418641 0538283 1418642 1414052 1415944 0220781 0439634 1522492 1274040 1546471 2825142 2827734 2981698 1512693
 0042295 0007634 3282337 0439165 0332256 2700400 0033684 0205418 0009393 1550604 1705245 0080103 0205345 1547039
 1274040 1546471 2825142
 1514811 1706462 0040223 0205435 1279901 3541383 0165073 1145667 1167622 1418641 0538283 1418642 1414052 1415944 0018790 0237477 0392351 0521111 2267219 0020115 0205177 0439167 0441655 1561536
 0165073 0002395 1521724 0012634
 0543488 0549177 1704243 0031843 0542341 0700205 1705273 0165073 0543483 0699748 0012634
 1517892 1704666 0031670 0031671 0700364 1883351 0165073 0018790 0237477 0392351 0521111 1149838 0205177 0439167 0441655 1561536 0538283 1418642 0021135 1533691 2827718 1149851 1149838 0205177 0439167 0441655 1561536 0031670 0205217 0442805 0440746 0040300 0243148 1550141 1707455 1882979 2587213 3274648
 0332185 0521093 0750484 0442805 0006104 1269537 1441672 0031670 0031671 0002716 0011560 0392752 0611285 1511726 3245479 1518422 1547282
 1883727 1883357 1274040 1546471 2825142 1705535 0443264 0165073 0032214 0600138 0035820 1705810
 1261322 0165073 1999230 0233820 0032214 0205307 0439166 0600138 2347086 0030664 1521733 0012634 0348080 1705253
 1883351 1292732 0033213 1706387 0332128 0851285 1327622 0165073 1514559 0165073
 0172341 1879547 0007634 0205216 0392756 0442797 3282337 1514559 0165073 0007634 0086022 0442335 1705099 1707455 3282337
 0007634 3282337 1514559 0040005 0165073 0332281 1832428 0015576 0241888 0348078 0376315 1547282 0021467 0021469 1628982 3463820 0007634 3282337
 0021069 0949466 0005863 0002778 0936012 1524024 1705493 1524063 0140430 0003242 0003241 0021027 0150312 1883351 0033684
 0033684 1518422 0007600 0007634 0205132 0442726 1269647 1511790 1704653 1948049 1149851 1149838 0205177 0439167 0441655 1561536 0031670 0007634 3282337 0678226 3146286 1418641
 1524063 0681828 0947630 0165073 0684224 0700287 3496591 1883351 0018790 0237477 0392351 0521111 0538283 1418642 1149838 0031671 0205177 0439167 0441655 1414052 1415944 1418641 1561536
 0150312 0040669 0681814 0165073 0311403 1149851 1149838 0205177 0439167 0441655 1561536
 1705535 0165073 0018790 0237477 0392351 0521111 0031670 0031671 0348078 0376315 1522492
 0165073 0018790 0237477 0392351 0521111 1418641 0558058 1705241 1705242 0014406 1515655
 0332185 0165073 0684224 0700287 3496591 1883351 0018790 0237477 0392351 0521111 1150572 0020115 0205177 0439167 0441655 1561536 1149851 0031670 1149838 0021467 0021469 0031671 0205177 0439167 0441655 1561536 1628982 1880177 3463820
 0021467 0021469 1628982 3463820 0165073 0392756 0547047 1880177 1879547 0007634 3282337 1514559 0165073
 0332149 1705910 2362652 0021467 0021469 1628982 3463820 0439851 1274040 1546471 1704675 1947931 2825142 0031670 0031671 0165073
 0165073 0332281 1418641 0007634 3282337 0165073 0348078 0376315 1522492 0439855 1704241 3539645
 0004083 0439849 0596306 0699792 3539645 0332290 1441672
 0165073 0538283 1418642 0031671 0750490 1414052 1415944 1706221 0007634 3282337
 0150312 0165073 0031670 0031671 0301871 0440746 0459385 1882598 0006104 0040300 1269537 1547928 0031670 0031671 0392752 0027882 0175412 0222661 0038590 1269578 0032405 1414437 3283876 1882598 0006104 1269537 0033684 1515655
 0165073 0002520 2917660 0001128 0202406 0332256 2700400 2982691 1709915 1882936 0079160 0004793 0162326 0162327 0205341 0376298 0444669 1167518 1519249 1547730 1705914 1706352 1882467 3274653
 0165073 1547282 1883351 0031676
 1704675 0002508 0025033 0205088 1705314 1705315 0392747 0443172 1705241 0678594 0023779
 0085732 0023779 0004083 0439849 0596306 0699792 1705535 0165073 0175996 0178719 0205378 1314939 0599896
 1720655 1947974 1515860 0001128 0017446 0205088 0205147 1705314 1705315 1709915 1882936 0165073
 0175566 0165073 0542341 1883351 0684000 0456387 1705943
 0165073 0017446 0205147 1145667 1167622 1418641
 0017446 0205147 0332256 2700400 1334043 2697616 1880389 1883221 3541951 0205309 1883351 0872079 0033684 1314939 1704675 1148642 0243122 1145667 1167622
 2945843 0205145 0165073 1547282 0449774 1418641 1511726 3245479 1518422 1547282
 0165073 1518422 0001721 0205177 0439167 0441655 1561536 0014442 0014445 1518422 0750490 1706221 0007634 3282337 1514559 0165073 1705535 0165073 0205369 1552740
 1158886 1519726 0031715 0033684 0041485 0039869 1883351 0031843 0542341 0700205 1705273 0678558
 0684224 0700287 3496591 0332185 0165073 0041485 0282625 0033681 0031727 0015576 0041485 1704727 0681814 1706386 0021135 1533691 2827718 1524063 0031727
 1519726 0031715 1158886 1709305 2745955 0041485
 0332218 1519726 0686907 0031715 0041485 0165073 0205245 0542341 1158886 2700217 0031843 0542341 0700205 1705273 1518422
 0165073 0205378 0599896 0037083 3537152 0700364 0543488
 0025914 0025929 0026809 0332268 0165073 1547282 0013030 0030685 0391871 0439180 0680255 1283071 1963578
 0165073 0010834 2987476 0027882 0039065 0332281 0333262
 0392747 1554963 0031715 1158886 0039062 0392747 1554963 0031843 0542341 0700205 1705273
 0686907 1883351 1519726 0031715 1158886 0165073 1145667 1167622 0039065 0333262 0872079 0033684 1704675
 1519726 0031715 1158886 1301808 1442792 3148680 0443264 1149851 1149838 0205177 0439167 0441655 1561536
 0393040 1176299 1158884 3160734 0442805 0165073 0018790 0237477 0392351 0521111 1879547
 0004457 0999597 1522496 0001721 0015283 0031670 0031671 0039869 1883351 0449432 1705248
 1880355 0524851 0012634 0237753 0449788 1552738
 1883351 1292732 1704675 0022173 0031670 0035820 1705810
 0332185 0684224 0700287 3496591 2827421 0165073 1420277 3541909 1512977 0007634 0024660 3282337 0007634 3282337 0205431 3279277 1512693 0085200 0242821 1995017
 0165073 0021135 1533691 2827718 0205418 0332621 0439168 1515655 0033684 0332281 1420277 3541909
 2827421 1547699 2700640 1420277 3541909 0165073 0002716 0011560 0611285 0449432 1705248 0165073 1441672 0007634 3282337 1512693
 1512693 0333930 0523207 0018964 0014448 0885297 2986582
 1979874 2827421 1547699 2700640 0022173 0031670 1418641 0538283 1418642 1414052 1415944 0165073 0449432 1705248 0007634 0205171 1720467 3282337 3279277 1512693 2348205 0150312 0449450
 1511726 3245479 1705535 0022173 0031670 1518422 0443264 0332621 0439168
 1552616 1706244 0557651 2603343 1705535 0165073 0443264 1149851 1149838 0205177 0439167 0441655 1561536 0872079 0033684 1704675 1704675 1518422 2700430 1157723 0007637 0205708 0333774 0010834 0220781 0242821 0439634 0521449 0851285 1314939 1327622 1512693 1522492 1995017 1512977 0007634 3282337
 0805874 0870077 1446409 0439787 0849355 0031670 0031671 0443264 0332621 0439168 0014406 0001779 0001792 0006104 0086418 1269537 1999167
 0031843 0542341 0700205 1705273 0031670 0031671 0020792 0205396 1704241 0007634 0348078 0376315 1269647 1522492 1704653 1948049 1999230 0336791 2827396 0031842 0031843
 2986676 0031831 1707664 2348314 3540849
 0599566 0086022 0442335 1705099 0031831 1707664 2348314 3540849
 0812281 0331968 2699100 0031831 1707664 2348314 3540849

 0031831 1707664 2348314 3540849
 0455052 1521827 0600659
 2825232 0043227 0018173 1521721 1548284 1709701 0037440 0022773 0022771 0260206 0018173 0035168 0242481 1515981 1548284 0013621 0013622 0013658 0039401
 0010186 0220812 0449719 1709471 0220808 0680264 0007961
 1706852 0522501 1706089 0949214
 0376649 1442065
 0254343 0796520 3272379

 0085205 1549619 1880669
 0013849 1705961 0024492 1538057 1547565 0022773
 0034037 1704324 0030351 0000723 0000723 1273517 0002395 1521724 0012634
 0030567 1521736 2681933 0012634
 0031670 0031671 0031670 0031671
 0031669 0031671
 0039654 0048451 2825188 0039654 0000975 0767601
 3539645 0033634 0033621 1168438 1418943 3540567 0033640 0031727 0033684 0009458 0325564 0392747 0439536 1551720 1705217 3244283
 0427861 1947950 0553257 0007634 3282337 0427861 1947950 0553257 0007634 3282337
 0449432 1705248 0449432 1705248
 0017837 0017817 0040676
 0991865 0006353 0031603 0031701 0036082 1601799 0991865 0006353 0031603 0031701 0036082 1601799
 0018964 0018964

 1514811 1706462 0557061 2584313 1514811 1706462 2827734 2981698





 0025141 0740116 2827735 2981700
 0369637 0441923

 2347961

 0740116 2827735 2981700 0025141 0439086 2827736 2981702
 1532464 2700314 0033727 0369286 0441932 0564385 2603360 0597277 1708601

 2603360


 0000857 0600678 1552863
 0369637 0441923
 0439267 0369637 0441923


 0205090 0684010 2603358 0369637 0441923
 0349590 1262865 0025141 0439084 0728893
 0369637 0441923
 0439267 0205090 0684010 2603358
 0205090 0684010 2603358 0369637 0441923
 1418943

 0268596 2700624
 3642273
 0041703

 1532464 2700314 0369773 2603361
 0033727 0369286 0441932 0564385
 2347469 2603360 2603360

 0369637 0441923


 0025141

 0369718 0441922 1553036 0205090 0684010 2603358 0522501 2603360 0439394 1706495 3642217 1122976 3265310 1553033 0205090 0684010 2603358 1555429 2603362
 0033727 0369286 0441932 0564385



 0369637 0441923
 0033727 0369286 0441932 0564385 1553033 0328104 1415875 2826366 2603362
 0014878 0522667 0730321 2347469 0040452 0242726 1318154 1705917 0033727 0369286 0441932 0564385 0205090 0684010 2603358
 2603360
 0439267
 0205090 0684010 2603358
 3538902 3541881 0439267 0439394 1706495 3642217
 0021966 0221138 0205090 0684010 2603358
 0439394 1706495 3642217
 0036397
 0205090 0684010 2603358 2603360 0033727 0369286 0441932 0564385
 2603360 0439394 1706495 3642217 0439114

 0325074
 0025141
 0369637 0441923
 2347469 0491941

 0349590 1262865
 0021966 0221138 0439394 1706495 3642217
 0036397

 1652689
 0016327 0439133 1553038
 0369637 0441923


 0201682

 0369773 2603361
 0033727 0369286 0441932 0564385
 0597277 1708601
 0369773 2603361

 0025141
 0369773 2603361
 0033727 0369286 0441932 0564385 0033727 0369286 0441932 0564385 0369773 2603361 0205090 0684010 2603358


 0201682

 0369718 0441922 1553036 0439394 1706495 3642217 0369718 0441922 1553036 0369773 2603361 2347469



 1444775 1539835
 0033727 0369286 0441932 0564385 0205090 0684010 2603358
 0597277 1708601
 0205090 0684010 2603358


 0369773 2603361
 0016327 0439133 1553038 1551910
 1551910 2603360
 0331968 2699100


 0325074
 0025141
 0021966 0221138 0369718 0441922 1553036



 0017517 0181716


 0025141

 0016327 0439133 1553038
 0369637 0441923


 2347379
 0025141

 0331799 2347469

 0005477 0025141
 2603362

 0597277 1708601 0335326 1306756 0439267
 0369637 0441923




 0201682


 0037173 0234857 0205090 0684010 2603358 0205090 0684010 2603358
 2603362

 0369637 0441923



 0025141 0450348
 0702093
 0562547 3160718 2603362
 0597277 1708601
 0033727 0369286 0441932 0564385


 0201682

 0037173 0234857 2603360

 0369637 0441923



 0201682


 0033727 0369286 0441932 0564385

 2347961

 0597277 1708601



 0702093
 0033727 0369286 0441932 0564385 0073187 0033727 0369286 0441932 0564385 2603362
 0439493 1513009 0369637 0441923 0022418 0033727 0369286 0441932 0564385
 0027896 0025141
 0022418 0033727 0369286 0441932 0564385 0033727 0369286 0441932 0564385 0439493 1513009 0369637 0441923 0702093
 2603362
 2347379
 0025141
 1553033 2603362
 0205090 0684010 2603358
 0597277 1708601 0369637 0441923
 0369637 0441923
 2603362
 0439267


 0201682

 0369637 0441923
 0369637 0441923
 0003461 2939124

 0025141 0450355

 0439267






 0439394 1706495 3642217

 0439267
 0439394 1706495 3642217
 0007634 3282337
 0475311 0027976 1879958
 0439267 0369773 2603361 2347469 0439267 0369637 0441923



 0201682

 0702093

 0033727 0369286 0441932 0564385


 0201682

 1423088 3273338
 0597277 1708601
 0033727 0369286 0441932 0564385


 0025141
 0033727 0369286 0441932 0564385 0439394 1706495 3642217 2603362


 1417055



 0369773 2603361
 2603360

 0205090 0684010 2603358
 0439394 1706495 3642217


 0201682

 0439394 1706495 3642217 0205090 0684010 2603358
 0033727 0369286 0441932 0564385
 2347379
 0027960 0324740 0439189 1456781 1824986
 2347379
 0025141
 0369718 0441922 1553036
 0439267 0016327 0439133 1553038 0597277 1708601
 0205090 0684010 2603358



 0025141 0439509
 0439394 1706495 3642217
 2603362


 1417055

 0450382 0025141
 0144237 0033727 0369286 0441932 0564385
 0205090 0684010 2603358 0369718 0441922 1553036
 0439394 1706495 3642217 0043217 0369718 0441922 1553036



 0325074

 0025141

 0021966 0221138


 0439267 0439267


 1710082
 0025141

 2347379

 0016327 0439133 1553038 2347469


 0025141



 0063789 3272375
 0450355
 0439114 2603360

 0205090 0684010 2603358 0018173 1548284 2603362
 0439267
 0349590 1262865 0025141
 0021966 0221138 1832110 0033727 0369286 0441932 0564385 0369773 2603361
 0369718 0441922 1553036
 0033727 0369286 0441932 0564385
 0027882 0025141
 2603360
 0005477 0025141
 0369718 0441922 1553036 3540681 0439267 1431628

 0369637 0441923
 0016327 0439133 1553038

 0009993 0037455 0596070 1552856 0005477 0026376 0005532 1521991