 1314939 0221103 0301625 0439181 0728721 0017262 1337112 0017337 0185117 0680397
 0205155 1293097 1522472 1552923 1705191 0079646 0029216 0040732 0040733 0010819 0005532 0205155 1293097 1522472 1552923 1705191 0205099 0006037 0036378 0036375 0022341 0034036 0034037 1514756 1704324 0348078 0376315 1515981 1522492 1527075 0520510 0557061 2584313 1514811 1706462 0242606 0038435 0311404 0007634 0030274 0150312 3282337 0241863 1301808 1442792 3148680 1260953 0040649 1337112 0036536 0036537 0037080 0037083 0086982 1704259 1705987 0007634 0031847 0277785 1269647 1314939 1704653 1948049 0242606 0038435 0205263 0311404 0439673
 0557651 2603343 0681850 1550501 1706203 2349001 2697811 1515877 1879547 1150587 1367731 1705632 1456380 0033634 0033621 1168438 1418943 3540567 0033640 0031727 0033684 0332152 0392756 0547047
 1514559 1518422 0297666 1456380 1513344 0119104 1514555 0072348 1418370 1449702 0033634 0017262 1337112 0017337 0185117 0036536 0036537
 1514559 1260953 0017262 1337112 0017337 0185117 0036536 0036537
 1274040 1546471 2825142 0392747 0443172 1707520 0243122 1145667 1167622 0209278 1420631 0040648 1826562 0040649 0332134 0879404 1521761 2827422 0086860
 1514559 0033085 2266866 0205177 0439167 0441655 1561536 1514559 0205216 0392756 0442797 2266866 0205177 0439167 0441655 1561536
 1883351 0221103 0301625 0439181 0728721 0007634 3282337 1512032 0884118 0001483 0001486 0205160 0332307 0439663 1150587 1367731 1513916 1527180 1547052 1552907 1705632 2825415 2825491 0001483 0001486 1552907 0025932 0022671 0006935 0022646 0025914 0025929 0026809 0038432 0040732 0205263 0241863 0332835 0700106 1425014 0227616 1281091
 0025914 0025929 0026809 1514756 0017262 1337112 0017337 0185117 0033085 0020456 0025914 0025929 0026809 0243148 1550141 1707455 1882979 2587213 3274648
 1707478 1879547 0017262 1337112 0017337 0021641 0185117 0301630 0392756 0441610 1314939 1533581 1579433 0242606 0038435 0311404 0221103 0301625 0439181 0728721 0007634 3282337
 0520510 0557061 2584313 1514811 1706462 0007634 0205392 0231174 0680095 1269647 1704653 1948049 3540770 0700364 1883351 0001688 0342300 0879626 0007634 0020456 0205191 1280500 2987476 3282337 1184743 1522240 0679006 1947967 0040539 0600688 0040649 1337112 0017337 0021641 0023175 0181586 0221103 0301625 0439181 0728721 1442948 1522538 1533581 1579433 2348269 3275067 1719133 1256369 0021641 0036536 0036537 1533581 1579433 3541329 2827734 2981698
 0301630 0392756 0441610 2266866 0205177 0439167 0441655 1561536 0013303 0242303 0598306 1521761 2827422 1826562 0332134 0879404 2827734 2981698 1826562 0171961 0205309 0599939 0332183 1441672 0040649 1337112 0017337 0021641 0221103 0301625 0439181 0521115 0728721 1533581 1579433 0439086 2827736 2981702
 1826562 0332134 0879404 0086282 1611821 0680022 2698041 0032214 0600138 0035820 1705810 0007589 1511938 2945687 0007613 0007634 1268443 0031843 0205307 0439166 0542341 0700205 1269647 1515981 1704653 1705273 1948049 2347086 0024501 0017262 0185117 0332257 0021641 1533581 1579433 1420172 0017713 1415014
 0242606 0038435 0311404 0150312 0241863 1301808 1442792 3148680 0007634 0242656 0449258 0868945 1269647 1314939 1704653 1948049 0342257 0009566 0205170 0241863 0243107 0678723 1171258 1527148 3146287
 0392148 0011847 0011849 0162772 0030054 0205332 1705920 0040300 0205170 0440102 3146287 1184743 1522240 1511131 0443286 1114821 0439509 2244392 0337112 1524075 1704259 1705987
 0684224 0700287 3496591 0456948 0441889 0005516 0005810 1383165 3274467 1550335 0005767 0005768 0030705 0205217 0229664 0332307 0442805 1547052
 0014440 1287349 3244092 0185117 0441889 0038838 0038836 0007367 1413138 0017822 1415275 0017817 0027021 0031179 1318719 0205251 1299352 1550472 0040300 1707455 0007634 3282337 1517001 1883351
 0947630 1547282 0242606 0038435 0311404 0015264 1280500 0241863 1301808 1442792 3148680 1260953 2003921 0040649 1337112 1719133 1256369 0021641 0036536 0036537 1533581 1579433 0162638
 0185117 2266866 0205177 0439167 0441655 1561536 0242606 0038435 0311404 1260953
 0600688 1280500 1407029 3161035 0003402 0039798 0087111 0392756 1522326 1533734 1705169 3538994
 0332148 0750492 0242606 0038435 0311404 0086597 0020456 0205392 0600688 1280500 1407029 3540770
 0086982 0037080 0037083 1160185 1704259 1705987 1710082 0332257 0248813 0380051 1367731 0872123 0872053 1334482 1367019 1707271 0162508 0031727 0205088 1553033 1705314 1705315 3536909 1150587 1367731 1705632 0872280 0033640 0018850 0031727 0033684 0038435 0205309 1879547 1456380 0033634 0033621 1168438 1418943 3540567 0033640 0031727 0033684 0205309 1883351 0242606 0038435 0311404 1879547 0860803 0017725 0449475
 1518422 0205309 0031727 0022131 0030274 1879547 0040649 0242606 1337112 0017337 0021641 0038435 0086597 0127400 0221103 0301625 0311404 0439181 0728721 1314939 1533581 1579433
 0557651 2603343 1547282 1879547 0017262 1337112 0017337 0021641 0185117 0301630 0392756 0441610 1314939 1533581 1579433 0242606 0038435 0311404 0221103 0301625 0439181 0728721 0007634 3282337
 0520510 0520510 0557061 2584313 1514811 1706462 0204727 0205409 0220862 0010453 0220814 0430400 2242979 0034715 2699239 0024554 0034693 0034721 0086582 0205409 0439267 1548221 1706180 1706428 1706429 1882810 0030274 0557759 0027976 1879958 0012238 2349986
 0009437 1550229 0005400 1280889 1711174 0005388 0205214 0687028 1267211 1522138 1550227 1705650 3245511 0456913 0009264 0009443 0009458 0234192 0439536 1705217 3244283 1720154 0332256 2700400 0162745 0205474
 0086972 0164836 0443299 0687118 1719918 0178587 0439182 0812409
 0018563 1281583 1552914 1707391 0181839 0205239 1706379 0218063 0455052 1521827 0010453 0220814 0430400 2242979 0017725 0015965 0229671 0230445 0521457 1305418 1546774 1550100 0242295 1947943 2348609 0030842 0220892 0038426 0038425 0038720 0475337 3536965 0004178 0678214 2347816
 0025664 0184661 2700391 0003045 0178478 0003062 0011847 0011849 0205099 0205540 1947933 2699414
 0455052 1521827 1883559 0332307 0445392 1547052 0332307 1547052 1512032 0332307 1547052 1512032 0001483 1514798 1883559 0332307 0445392 1547052 1512032 0205160 0332307 1150587 1367731 1513916 1527180 1547052 1705632 2825415 2825491 1521827 1524063 0449913 1553451 1704459 0031831 1707664 1999230 2348314 3540849 0205099
 1316572 1317574 1369612 1150587 1367731 1705632 0596988 0005456 0682969 1148923 0205145 0243122 1145667 1167622 1515974 2825164 1705285
 1150587 1367731 1705632 0162508 3536909
 1282927 1879313 0017446 0205147 0009013 0205145 1515974 2825164
 1883351 0599773 2984295 0034865 1334043 0332256 2700400 1883559 0332307 0445392 1547052 1150587 1367731 1705632 0014834 0007634 0014833 3282337 0206691 0740116 2827735 2981700
 1883708 0032136 0014834 0007634 0018026 1304897 1510411 3282337 1555265
 0032136 1165245 1883708 0007600 0001483 0001486 0007634 0013194 0030176 0205132 0253711 1269647 1550648 1552907 1552960 1704653 1948049 2828395
 1710369 0439228 1881488 1301820
 1881488 1524062 0007634 0205393 3282337 0001486 0001483 0009450 0162388 1552907 0687118 1561504 1881488 1301820 1184743 1522240 0205341 0040223 1632851
 1332172 0120285 0001483 0001486 0033684 0243148 0303920 0332583 1550141 1552907 1882979 2587213 3274648 0445247 1521827
 1883351 0475208 0439663 0079240 1948037 1150587 1367731 1705632 1150587 1367731 1705632
 1442448 0475208 0489829 1705501 0332283 1719822 0007584 0237753 0449788 0440042 1521738 2346620 2349184 3539073 0750591 0439185 0205163
 0237753 0449788 0750591 1883351 0205351 1881488
 1883559 0332307 0439663 0445392 1150587 1367731 1547052 1705632 1150587 1367731 1705632 1332172 0001483 0001486 1552907 0120285 1524063 0332157 0274281 2945590 0439526 1882406
 0439227 0564385 0010454 0009458 0439536 1705217 3244283 0010453 0220814 0430400 2242979 1322960 0020498
 0185115 0684295 0220781 1883254 0035668 0185115 3541890 1524063 0916178
 1709793 0037805 0018837 1883708 1555029 0006556 0035379 0040646 1555029 2257077 0012789
 0443286 1114821 1515187 0442504 1704765 1882509 3496241
 0443286 1114821 1514468 1883708 1720119 1948037 0086045 1446561 0035668 0439185
 0443286 1114821 0005526 0036397 0376558 0884358 1524063 0439185 0005526 0036397 0376558 0024472 1553631 0045191
 0206415 0332283 1719822 0021641 1533581 1579433 0439780 0021641 1533581 1579433 1555029
 0136073 0917877 1325303 0439780 0136073 0917877 1325303 1555029
 0041348 2937342 0439780 0077072 1167383 1861305 0079613 0041348 2937342 1555029 1883257 2962221 2986848
 0017687 0876232 0439780 0037293 0181496 1710492 0079613 0017687 0876232 1555029
 1150587 1367731 1705632 0439780 1150587 1367731 1705632 1555029
 0206415 0869011 0605411
 1979963 2003903 0557351 1261552 1704379 1705117 2825408 0332283 0237753 0449788 1517480 1521871 1705759 1511572 1261552 1704379 1705117 2825408
 0071500 0017243 0071499 0086972 0443299 0687118 1382104
 1553631 0045191 0444706 3541902 0037585 1709793
 1261552 1883727 1883351 0242485 3179032 0032520 0677874 0684224 0700287 3496591
 0596608 0949632 0005507 0017243 0243073 0333051 0425245 0449580 1382104 1510438 2347509 0007634 3282337 0332293 0006353 0241938 1522326 0019215 1882074 0020283 0450407 0450408 0450409 0037508 1366571 1705592 0013618 0013714 0663811 0012789
 0037494 1959973 0017861 0441436 0993610 1524062 1998480 0332283 1442450 0450376
 1550101 1518434 0521447 1273517
 0439211 0071406 0032400 0071360 0747726 1439852 3538902 3541881 0019215 1882074 0020283 0450407 0450408 0450409 0013618 0024472 0012789 0016071
 0443286 1114821 0028952 0441087 0028953 0182400 0205173 1553631 1705764 1705765 1708632 1979882
 0017446 0205147 0162326 1719918 0182400 0243122 1145667 1167622 1273517 1704681 2347609 3536729
 0162326 0332283 1719822 2603360 0020960 0439962 0443286 1114821 1442450 1524062 1883712 0012893 0182400
 0443286 1114821 0370003 2347026 0036679 0237868 0936012 1881713 0071500 0017243 0071499 1382104 0146923 0006353 0006020 1161318 0001128 0202406 0013618 0332283 0004400
 0005507 0243073 1510438 0007620 0332157 0020281 0369637 0441923 1439852 0046771 0060520 0369114 1719918 0033470 0021966 0033468 0991865 0006353 0031603 0031701 0036082 1601799
 0046771 0060520 0369114 1522196 0007634 3282337 0332583
 0033470 0021966 0033468 1522196 0011065 0007634 3282337 0028606 0001128 0007610 1145667 1167622 0332575 1260956
 1883708 0991865 0006353 0031603 0031701 0036082 1548982 1601799 1704254 1704922 3542466 0179533 0439661 1654607 1706254 3245488 0181839 1706379
 0005863 0007634 3282337 0332293 0006353 0024348 1522326 1536403 1882074 0020283 0450407 0450408 0450409 0037494 1959973 0068941 0068940 0439509
 1550101 1516695 1516698
 0439211 0600209 1704732 1979893 0071710 0025255 0348011 0596901 1706182 0025255 0596901 1706182 1524063 0006353 0332256 2700400 0001963 0041175 0002055 0178499 1880279 0017890 0522461 1292425
 0233660 0332206 0025255 1442450 0037494 1959973 0041415 0265246 1532188 2603360 0025255 0439583 0450376 1439852 0026131 0349374 0444318 2825079 0332256 2700400 0079240 1948037 1150587 1367731 1705632 1150587 1367731 1705632 1456380 1456380 0162508 3536909 0005574 0040223 1632851
 0025255 1883708 1439852 1442450 2348236 0005903 0039476 1547703 0026131 0349374 0444318 2825079 0332256 2700400 0079240 1948037 0019941 0027021 0031179 0330510 0939835 1110641 1318719 1948027 0332283 0441648
 0175723 1881534 0205379 0037083 3537152 0043303 0034571 0043299 0043309 0332157 1306645 1962945 0086296 0086894 0851346 1561571 1561572 2314876
 0201578 0919677 0005507 0243073 1510438 1150572 1150572 1150527 3642159 1537044 1524063 0449913 1553451 1704459 0072149 0043193 1524063 0012634 0348080 1705253 0034866 0947322 1705426
 1881488 1439852 1553631 0006353 1883708 0005575 0025255 0036002 0279268 0596901 1563296 1706182 2700256 0329155 1427618 1705203 0072149
 0441648 0037494 1959973 0037494 1959973 1150572 1150527 3642159 0036405 1710025 0332128 0677601 0678573 1705206
 0220825 1261322 1719133 1256369 0021641 0036536 0036537 1533581 1579433 0441463
 0005367 0006353 0973231 1875730 2722820 1883708 1439852 0006353 0036774 0036773 0444499 0728877 0017725 1322960 0020498
 0021641 1533581 1579433 0009458 0439536 1327616 1705217 3244283 0034580 0035168 0242481 0812225 1150635 1705212 1705213 3273202 3538743 1524063 0021641 1533581 1579433
 0079646 0029216 0040732 0040733 0025932 0162416 0025914 0025929 0026809 1425014 0557759 1881534 0241863 1719918 3256468 0006353 0008857 0376259 1549535 2678549 0020283 0450407 0450408 0450409 0449871 0181074 0332835 1273517 1961139
 0034715 2699239 0034693 0034721 0205409 1548221 1512032 0205160 0332307 0439663 1150587 1367731 1513916 1527180 1547052 1705632 2825415 2825491 1332172 0001483 0001486 1552907 0120285 2945590 0439526 1882406 1524063 0332157 0274281
 0439227 0564385 0010453 0220814 0430400 2242979 0009458 0439536 1705217 3244283 1322960 0020498 0227616 1281091 0022671 0025932 0162416 0677491 1261317
 1510844 0032487 0137914 0175730 0752345 1547937 1561954 1704730 1550099 0039142 0231441 0439526 1706072 0325045 0683607 0021485 1272883 1533685 1828121 0227616
 1883708 0993610 0227614 0227616 0677491 1261317 0002903 0002930 0020898 0021764 0022271
 0029216 0040732 0040733 0428554 0005802 0428548 0005910 1305866 0043100 0242821 0460148 1268086 0444706 3541902 0332174
 0005802 0005767 0005768 0017725 0229664 0017725 0444706 0475209 1706378 3541902 1547902 1706245 1835838
 0242485 1276042 0029216 0040732 0040733 0178913 0370003 2347026 0184108 0857690 0021641 0032105 1533581 1550098 1579433 0034580 0035168 0242481 0812225 1150635 1705212 1705213 3273202 1524063 0021641 1533581 1579433
 0332835 1527362 0002903 0002930 0025688 0024348 0035668 0037633 0204727 0205409 0220862 0525069 0916178 0002778 0936012 1524024 0017262 0017337 0185117 0599161 0032520 0677874
 0010992 0002778 0936012 1511726 1524024 3245479 1274040 1546471 2825142 0449450 1704970 0681814
 0871424 0002778 0936012 1524024 0884358 1524063 1710574 0022885 0038492 0039593 0392366 1551041 1552573
 0520510 0557061 2584313 1514811 1706462 0221103 0301625 0439181 0728721 0242606 0038435 0311404 0022131 0030274 0349966 1337208 1547282
 0450344 1553633 0022131 0030274 0034715 2699239 0034693 0034721 0205409 1548221 0332157 0020281 0369637 0441923 1442464 0202098 0428405 0035696 0441889 1512045 1707814 0178602 0392756 0851827 0869039 1114758 1701901 3244310 0441889 0041348 2937342 0017687 0876232 0035701 1518422 0392760 1314939 1705535 0017262 1337112 0017337 0185117
 2266866 0205177 0439167 0441655 1561536 0812327 0040648 0040649 1521761 2827422 0242606 0038435 0311404 0392756 0004083 0439849 0596306 0699792 0392756 0547047 0202098 0428405 0035696 0441889 0450345
 0037791 1511884 1826562 0332134 0879404 0521093 0547070 0750484 1261381 0003241 0021027 1826562 0229671 1518422 1546774 1550100 1708639 1883559 0332307 0445392 1515981 1547052 0332307 1518422 1547052 1705285 1708639
 0205309 0242606 0038435 0311404 0032930 1444748 0162638 0681850 1550501 1706203 2349001 2697811 1442464 0007620 0007634 0443348 1269647 1704653 1948049 0034760 0205448 1516048 1705242 0046771 0060520 0369114 0441833 1999270 3537156 0033470 0021966 0033468 0441833 1999270 3537156
 0046771 0060520 0369114 1522196 0007634 3282337 0332583
 0033470 0021966 0033468 1522196 0011065 0007634 3282337 0028606 0001128 0007610 1145667 1167622 0332575 1260956
 0349966 1337208 1547282
 0007620 0443348 0042444 0348005 0205171 0439044 0679994 0441833 1999270 3537156 0020281 0441833 1999270 3537156 0332196 2828389 0086045 1446561 1280500 2348382
 1979874 0332157 0020281 0086045 1446561 0205250 1299351 2700149 0007620 0007634 0443348 1269647 1704653 1948049 0522501 0205216 0392756 0442797 0441833 1999270 3537156
 1274040 1546471 2825142 1705535 1280500 0017262 1337112 0017337 0185117 2266866 0205177 0439167 0441655 1561536 0349966 1337208 2347469 1709305 2745955 1280500 0007620 0007634 0443348 1269647 1704653 1948049
 0449911 0333052 2607870 0557702 1272706 1704674 0557702 1272706 1704674 0349966 1337208
 2827734 2981698
 0221103 0301625 0439181 0728721 0242606 0038435 0311404 0022131 0030274
 0039798 0087111 1522326 1533734 1705169 3538994 0020281 1442464 0017725 0202098 0428405 0035696 0441889 0599161 0032520 0332128 0677874
 1264683 0456603 1610540 1704970 0681493 0036849 1442518 1705195 0369718 0441922 1553036
 2347469 0039798 0087111 1522326 1533734 1705169 3538994 1442464 1518434 0521447 2828366 1301820 0949632 0017243 0333051 1382104 2347509 0005507 0243073 1510438 0884358
 0028953 0332256 2700400 0017446 0205147 0182400 0243122 1145667 1167622 1273517 1704681 2347609 3536729
 1708639 0020960 0229671 1546774 1550100 0557351 1515981 1708639 1883559 0332307 0445392 1547052 0557351
 0336721 0175723 0439645 1521913
 1274040 1546471 2825142 0085862 0205449 0681814 1299583 1301820
 0332157 0020281 0369637 0441923 1442464 0046771 0060520 0369114 2986582 0441833 1999270 3537156 0033470 0021966 0033468 0441833 1999270 3537156
 0046771 0060520 0369114 1522196 0007634 3282337 0332583
 0033470 0021966 0033468 1522196 0011065 0007634 3282337 0028606 0001128 0007610 1145667 1167622 0332575 1260956
 0007620 0443348 0042444 0348005 0205171 0439044 0679994 0441833 1999270 3537156 0020281 0441833 1999270 3537156 0443348 0522501 0205216 0392756 0442797 0441833 1999270 3537156 0039798 0087111 1522326 1533734 1705169 3538994 0441833 1999270 3537156
 1879547 1456380 0033634 0022131 0030274 1621396 1704259 1705987 1456380 0033634 0033621 1168438 1418943 3540567 0033640 0031727 0033684 0205309 1883351 0242606 0038435 0311404 1879547 0860803 0017725 0449475 1518422 0205309 0031727 0022131 0030274 1879547
 0332128 0037080 0037083 0086982 1704259 1705987 0017262 1337112 0017337 0021641 0185117 0221103 0301625 0439181 0728721 1314939 1533581 1579433 0242606 0038435 0311404
 0349966 1337208 1547282
 0740116 2827735 2981700 2347469 0185117 0441889 3244092 1554102 1456380 0522501 0205217 0205409 0442805 1548221 0332293 0020281 1522326 3244092 0185117 0441889 1456380 1518422 0020281 0039798 0087111 0392760 1314939 1522326 1533734 1705169 3538994
 1150572 1150527 3642159 1537044 0039798 0087111 0205217 0442805 1522326 1533734 1705169 3538994 0020281 0442805 1456380
 0332128 0449247 0040223 0750729 3541383 0242606 0038435 0311404
 0349966 1337208 1547282
 1705052 2986796 0332157 0020281 0033727 0369286 0441932 0564385 0202098 0428405 0035696 0441889 0040223 0392756 0851827 1701901 3244310 3541383
 1879547 1150587 1367731 1705632 1456380 0033634 0033621 1168438 1418943 3540567 0033640 0031727 0033684 0242606 0038435 0311404 0349966 1337208 0221103 0301625 0439181 0728721 1705052 2986796
 0349966 1337208 1547282
 0740116 2827735 2981700 0016327 0439133 1553038 1158886 0031715 1456380 3546691 1819040 2248395 1819041 0014429 0599177 1879547 0020281 0205197 1456380 1513344 1442446 0119104 1514555 0072348 1418370 1449702 0033634 0034760 0243077 0079613
 0449911 0333052 2607870 0557702 1272706 1704674 0557702 1272706 1704674 0349966 1337208
 0740116 2827735 2981700
 1879547 1456380 0033634
 2347469 0039798 0087111 1522326 1533734 1705169 3538994 0020281 0702093 0007592 2828366 1301820 0949466 0005863 0002778 0936012 1524024 1705493 0884358
 1150587 1367731 1705632 0428479 1171362 0185117 0441889 3244092 0441889 0332128
 1264683 0456603 1610540 0348078 0376315 1522492 0428479 0441889 0205132 0681493 1550648 1552960 1704970 0036849 1442518 1705195 1412113 1516077 0369718 0441922 1553036
 0039798 0087111 1522326 1533734 1705169 3538994 0702093 1881488 1301820 1150572 1150527 3642159 1537044 0332128
 0442805 0681493 0036849 1442518 1705195 1412113 1516077 0369718 0441922 1553036
 0073187 0039798 0087111 1522326 1533734 1705169 3538994 0020281 0033727 0369286 0441932 0564385 0202098 0428405 0035696 0441889 0599161 0032520 0332128 0677874
 1264683 0456603 1610540 1704970 0681493 0036849 1442518 1705195 0369718 0441922 1553036
 0016327 0439133 1553038 0332157 0020281 0042444 0348005 1456380 1513344 1442446 0119104 1514555 0072348 1418370 1449702 0033634 0016327 0439133 1553038 0428479 0441889 1150572 1150527 3642159 1537044 0332128
 1264683 0456603 1610540 0428479 0441889 0442805 0681493 0036849 1442518 1705195 1412113 1516077 0369718 0441922 1553036
 1280500 1150587 1367731 1705632 1883351 0023185 1704259 1705987 0017262 0242606 1337112 0017337 0021641 0038435 0086597 0127400 0185117 0221103 0301625 0311404 0439181 0728721 1314939 1533581 1579433 0392366 1280500
 1883351 0220825 1521827 1150587 1367731 1705632 1883559 0001483 1150587 1367731 1705632 1150587 1367731 1705632 0001483 0001486 1552907 1332172 0120285 0001483 0001486 0033684 0303920 0332583 1552907
 0349966 1337208
 1292423 1150587 1367731 1705632
 0120285 0205397 0023693 1306462 1881376 0240341 0596928 0007634 3282337 0274281 0332157 0439663 1150587 1367731 1705632 0332256 2700400 0120285
 1883351 0521093 0750484 1456348 1883559 0332307 0445392 1547052 0001483 0031843 0542341 0700205 1705273 0007592 2828366 0009450 0205409 1548221 0001483 0005863
 0349966 1337208 1547282
 0450365 1706097 0457463 0009450 1150587 1367731 1705632 0205217 0442805 0439175 0439810 0185117 1707455 0120285 1332172 0001483 0001486 0033684 0303920 0332583 0439663 1552907
 3244092 0185117 0441889 1517331 0020281 0205217 0442805 1150587 1367731 1705632 1883559
 0349966 1337208 1547282
 0450366 0439175 0439810 3244092 0185117 0441889 1881878 0020281 0205217 0442805
 0031715 1158886 1155546 0031715 1158886 0162508 0020281 0205171 0205263 1720467 1512032 0205160 0332307 1150587 1367731 1513916 1518422 1527180 1547052 1705632 2825415 2825491 1514559
 0750591 1150587 1367731 1705632 0596988 0162508 3536909 1274040 1546471 2825142 1517001 1705535 1883559 0332307 0445392 1547052 0001483 0031843 0542341 0700205 1705273
 1280500 0040649 1337112 0332128 1524063 0001483
 0349966 1337208 1547282
 0450366 0392756 0547047 0020281 0009450 0309872 1150587 1367731 1705632 0202098 0428405 0035696 0441889 1883559 0205216 0332307 0392756 0442797 0445392 1150587 1367731 1547052 1705632 1707455 1332172 0120285 0001483 0001486 0033684 0150312 0303920 0332285 0332583 0439663 1552907
 0349966 1337208 1547282
 0439086 2827736 2981702 0073187 0392756 0547047 0020281 0003402 3538756 0309872 1280500 2348382 1456380 1513344 0119104 1514555 0072348 1418370 1449702 0033634
 1274040 1546471 2825142 1705535 1879547 0332148 0750492 0017262 1337112 0017337 0021641 0185117 0392756 0547047 1314939 1533581 1579433 0242606 0038435 0311404
 0449911 0333052 2607870 0557702 1272706 1704674 0557702 1272706 1704674 0349966 1337208
 0439086 2827736 2981702
 1280500 1150587 1367731 1705632
 0205409 1548221 0022131 0030274 0001483 0439663 1514798 1150587 1367731 1705632 1150587 1367731 1705632 1332172 0001483 0001486 1552907 0120285 2945590 0439526 1882406 1292423 0010453 0220814 0430400 2242979 0017725
 0441833 1999270 3537156 1547282 1292423 1150587 1367731 1705632
 0120285 0205397 0023693 1306462 1881376 0240341 0596928 0007634 3282337 0274281 0332157 0439663 1150587 1367731 1705632 0332256 2700400 0120285
 2347469 1292423 1150587 1367731 1705632 1332172 0001483 0001486 1552907 0120285 0332157 0020281 0042444 0348005
 0555903 1261360 0033684 0439175 0439810 1301820 0005863 0003241 0021027 0884358 0439175 0439810 0348078 0376315 2347469 0162508 3536909 1553033
 3244092 0185117 0441889 0348078 0376315 0162508 3536909 1704970 0036849 1442518 1705195 1412113 1516077 0369718 0441922 1553036
 0073187 1442464 1332172 0120285 0001483 0001486 0033684 0303920 0332583 1552907 1883351 1150587 1367731 1705632 1150587 1367731 1705632 0332157 0020281 0042444 0348005 1442464 0202098 0428405 0035696 0441889 0599161 0032520 0332128 0677874
 0332157 0274281 0042444 0348005 1442464 1456380 1513344 1442446 0119104 1514555 0072348 1418370 1449702 0033634 0202098 0428405 0035696 0441889 0332128
 1264683 0456603 1610540 1704970 0681493 0120285 1332172 0001483 0001486 0033684 0303920 0332583 0439663 1552907 0039798 0087111 1522326 1533734 1705169 3538994 0036849 1442518 1705195 0369718 0441922 1553036
 0369773 2603361
 1314939 0301630 0392756 0441610 0017262 1337112 0017337 0185117 0017718 0596620 0025519 0025520 0001688 0342300 0879626 0020456 0205191 1280500
 2348693 0002531 0007004 0079411 0242209 1274040 1546471 2825142 3146294 0061393 0031603 0031701 1601799 0060775 0016765 0016745 0031603 0031701 0205431 1601799 0017797 0060775 0016765 0023175 0181586 1442948 1522538 2348269 3275067 1883351 1621325 0376322 0065011 0017982 0033684 0442805 1517892 1704666 0450382
 0205309 0017718 0205263 0242606 0038435 0311404 2362652 1314939 0031847 0277785 0392366 1150587 1367731 1705632 1314939 0031847 0277785 0017718
 0349966 1337208 1547282
 0450373 1553636 3244092 0185117 0441889 0456079 1547707 2946261 1554102 0205217 0442805 0332293 0017718 1522326 3244092 0185117 0441889 0456079 1547707 2946261 1518422 0017718 0039798 0087111 0392760 1314939 1522326 1533734 1705169 3538994
 0349966 1337208 1547282
 0450375 0202098 0428405 0035696 0441889 0456079 1547707 2946261 0017718 0039798 0087111 0392756 1522326 1533734 1705169 3538994 1280500 2348382 0017262 1337112 0017337 0185117 0003402 0349966 0392756 0450375 1337208 3538756
 1274040 1546471 2825142 0017718 0392756 0547047 1319127 0202098 0428405 0035696 0441889 0456079 1547707 2946261 0332196 2828389 1280500 2348382 0017262 1337112 0017337 0021641 0185117 0221103 0301625 0439181 0728721 1533581 1579433 1880177
 0349966 1337208 1547282
 0450376 0392756 0547047 0017718 0009450 0309872 1150587 1367731 1705632
 1274040 1546471 2825142 1512571 1150587 1367731 1705632 0017262 1337112 0017337 0185117
 0449911 0333052 2607870 0557702 1272706 1704674 0557702 1272706 1704674 0349966 1337208

 1879547 0221103 0301625 0439181 0728721 0017718
 0039798 0087111 1522326 1533734 1705169 3538994 0017718 0702093 0007592 2828366 1301820 0949466 0005863 1705493 0002778 0936012 1524024 0884358
 0441889 0348078 0376315 1522492 0332128
 1264683 0456603 1610540 0205132 0681493 1550648 1552960 1704970 0036849 1442518 1705195 1412113 1516077 0369718 0441922 1553036
 2347469 0332157 0017718 0042444 0348005 1442464 3538756 0202098 0428405 0035696 0441889 0599161 0032520 0332128 0677874
 1442464 1332172 0120285 0001483 0001486 0033684 0303920 0332583 1552907 1883351 1150587 1367731 1705632 0332157 0017718 0042444 0348005 1442464 0202098 0428405 0035696 0441889 0599161 0032520 0332128 0677874
 1264683 0456603 1610540 1704970 0681493 0036849 1442518 1705195 0369718 0441922 1553036
 0369773 2603361
 1280500 1150587 1367731 1705632 1883351 0042789 1947903 1150587 1367731 1705632 1256369 0021641 0036536 0036537 0301630 0392756 0441610 1314939 1533581 1579433 0274281 0332157 0884358 1150587 1367731 1705632 1150587 1367731 1705632
 0349966 1337208 1547282
 0439084 0728893 0332157 0274281 1719133 1256369 0021641 0036536 0036537 1533581 1579433 0205216 0392756 0442797
 0392756 0547047 0009450 0309872 1150587 1367731 1705632 1256369 0021641 0036536 0036537 1533581 1579433 1883559 0205216 0332307 0392756 0442797 0445392 1150587 1367731 1547052 1705632 1707455 1332172 0120285 0001483 0001486 0033684 0150312 0303920 0332285 0332583 0439663 1552907
 1274040 1546471 2825142 0202098 0428405 0021641 0035696 0392747 0441889 0443172 1533581 1579433 1705241 1707520 0450366
 0033085 1514402 0242606 0038435 0311404 0439092 0547044 0449719 1709471 1545588 0202098 0428405 0035696 0441889 0456079 1547707 2946261 1150587 1367731 1705632
 1883727 1883357 1274040 1546471 2825142 1514559 0017262 1337112 0017337 0185117 0036536 0036537
 0449911 0333052 2607870 0557702 1272706 1704674 0557702 1272706 1704674 0349966 1337208
 0439084 0728893
 1280500 1150587 1367731 1705632
 0439227 1150587 1367731 1705632 1150587 1367731 1705632 1332172 0001483 0001486 1552907 0120285 0332157 0020281 0042444 0348005 1442464 1719133 1256369 0021641 0036536 0036537 1533581 1579433 0332128 1524063 1707455 0017725
 1265611 2827932 1704970 0681493 0369718 0441922 1553036
 0369773 2603361
 1280500 1149291 1150587 1367731 1705632 0017262 0017337 0185117 2266866 0205177 0439167 0441655 1561536 0242606 0038435 0311404 0392756 0241863 1301808 1442792 1444748 3148680 0004083 0439849 0596306 0699792 0221103 0301625 0439181 0728721 0017262 1337112 0017337 0185117 0332128 1280500 2266866 0205177 0439167 0441655 1561536 0949632 0005507 0017243 0243073 0333051 1382104 1510438 2347509
 0349966 1337208 1547282
 2347469 0221103 0301625 0439181 0728721 1512032 0205160 0332307 0392756 1150587 1367731 1513916 1514559 1527180 1547052 1705632 2825415 2825491 3538756 1456380 1513344 0119104 1514555 0072348 1418370 1449702 0033634
 1514559 0392756 2266866 0205177 0439167 0441655 1561536
 1274040 1546471 2825142 1149291 1150587 1367731 1705632 0017262 1337112 0017337 0021641 0185117 1515981 1533581 1579433
 0449911 0333052 2607870 0557702 1272706 1704674 0557702 1272706 1704674 0349966 1337208

 1280500 1149291 1150587 1367731 1705632
 1442464 1150587 1367731 1705632 1150587 1367731 1705632 1332172 0001483 0001486 1552907 0120285 0332157 0020281 0042444 0348005 1442464 1518434 0521447 2828366 1301820 0949632 0017243 0333051 1382104 2347509 0005507 0243073 1510438 0884358
 2347469 0039798 0087111 1522326 1533734 1705169 3538994 0042444 0348005 0297666 1442446 0119104 1442464 0949632 0017243 0333051 1382104 2347509 0005507 0243073 1510438 0884358
 0028953 0332256 2700400 0017446 0205147 0182400 0243122 1145667 1167622 1273517 1704681 2347609 3536729
 1274040 1546471 2825142 0085862 0205449 0681814 1299583 1301820
 1280500 0017262 1337112 0017337 0185117 0178665 0013220 0017725 0020963 0220929 0231197 1704410 0521116 0332149 1705910 2362652 0439531 1948053 0439787 0849355 1158774 1280500 0600688 0884358 0079646 0029216 0040732 0040733 1150587 1367731 1705632 0007634 3282337 1883351 0185125 1947919 2347934 3539080
 1512032 0205160 0332307 0439663 1150587 1367731 1513916 1527180 1547052 1705632 2825415 2825491 1332172 0001483 0001486 1552907 0120285 0010453 0220814 0430400 2242979
 0227616 1281091 0022671 0025932 0162416 0677491 1261317 0006935 0022646 0025914 0025929 0026809 0038432 0040732 0205263 0227665 0241315 0241863 0332835 0700106 1278978 1425014 1514845
 0010453 0220814 0430400 2242979 0439583 1882115 0428548 0042769 0009450 0521026 0040223 3541383 1515926 1881534 0237753 0449788
 0428554 0005802 0428548 1518422 0079646 0029216 0040732 0040733 0205216 0392756 0442797 0120285 1332172 0001483 0001486 0033684 0303920 0332583 0439663 1552907 0678226 0020456 0600688 0750492 1280500 1407029 3146286 0237753 0449788 0522501 1512032 0205160 0205216 0332307 0349966 0392756 0442797 1150587 1337208 1367731 1513916 1527180 1547052 1571602 1705632 2825415 2825491
 1705241 1705242 0441833 0687744 1257890 1552516 1552839 1705428 1705429
 1276042 0202098 0428405 0857690 0021641 0032105 0441889 1533581 1550098 1579433 0332128 1547282 0009450 0033085 1150587 1367731 1705632 0237881 1709380 0038215 0750502 1518422 2584321
 1883351 0205166 1706317 0444706 3541902 0035696 0441889
 0349966 1337208 1547282
 1171362 1332172 0428479 0120285 0001483 0001486 0033684 0150312 0185117 0303920 0332285 0332583 0439663 0441889 1150587 1367731 1552907 1705632 3244092 0205251 1299352 1550472 0332152 1705850 1708639
 0009450 1150587 1367731 1705632 0029216 0040732 0040733 0185117 0522501 0205217 0442805 1708639
 0332835 1527362 0205216 0392756 0442797 0442726 1511790 1708639
 0202098 0428405 0035696 0441889 0332835 1527362 0332128
 0349966 1337208 1547282
 1705241 1705242 1332172 0120285 0001483 0001486 0033684 0205103 0303920 0332583 1552907 0441833 0687744 1257890 1552516 1705428 1705429 0001483 0001486 1552907
 0439230 0120285 1332172 0001483 0001486 0033684 0303920 0332583 0439663 1552907 0202098 0428405 0035696 0441889 0205216 0392756 0442797 0029216 0040732 0040733 1707455 1512032 0033085 0205160 0332307 1150587 1367731 1513916 1514559 1527180 1547052 1705632 2825415 2825491
 1274040 1546471 2825142 1705535 1150587 1367731 1705632 0007634 3282337 0439531 1948053
 0449911 0333052 2607870 0557702 1272706 1704674 0557702 1272706 1704674 0349966 1337208

 1280500 0017262 1337112 0017337 0185117 0178665 0013220 0017725 0020963 0220929 0231197 1704410
 2347469 1512032 0205160 0332307 0439663 1150587 1367731 1513916 1527180 1547052 1705632 2825415 2825491 1332172 0001483 0001486 1552907 0120285 0010453 0220814 0430400 2242979
 0227616 1281091 0022671 0025932 0162416 0677491 1261317 0006935 0022646 0025914 0025929 0026809 0038432 0040732 0205263 0227665 0241315 0241863 0332835 0700106 1278978 1425014 1514845
 0029216 0040732 0040733 0428554 0005802 0428548 0005910 1305866 0043100 0242821 0460148 1268086 0444706 3541902 0332174
 1511726 3245479 0205132 0681493 1550648 1552960 1704970 0369718 0441922 1553036
 1276042 0202098 0428405 0857690 0021641 0032105 0441889 1533581 1550098 1579433
 1511726 3245479 1704970 0681493 0369718 0441922 1553036
 0073187 0332835 1527362 0035696 0441889 0021641 1533581 1579433 0599161 0032520 0332128 0677874
 1264683 0456603 1610540 0202098 0428405 0035696 0441889 1704970 0681493 0120285 1332172 0001483 0001486 0033684 0303920 0332583 0439663 1552907 0029216 0040732 0040733 0036849 1442518 1705195 0369718 0441922 1553036
 0369773 2603361
 0520510 0557061 2584313 1514811 1706462 0242606 0038435 0311404 0241863 1444748 0012634 0348080 1705253 1314939 0031847 0277785 0547047 1880022 0040649 1337112 1719133 1256369 0021641 0036536 0036537 1533581 1579433
 1707959 0162772 0030054 0205332 1705920 0007634 3282337 0039798 0087111 1522326 1533734 1705169 3538994 1999230 1545588 0178665 0013220 0017725 0020963 0220929 0231197 1704410
 0332148 0750492 0242606 0038435 0311404 0086597 0020456 0205392 0600688 1280500 1407029 3540770 0007634 3282337
 0557651 2603343 0332128 0441712 1706376
 1547282 0034693 0034721 0205409 1548221 1704259 1705987 1150587 1367731 1705632 1456380 0033634 0033621 1168438 1418943 3540567 0033640 0031727 0033684 0242606 0038435 0311404 1879547 0332152 0221103 0301625 0439181 0728721 0349966 0740116 2827735 2981700
 0221103 0301625 0439181 0728721 0036536 0036537 1514559 0309872 0457499 0441731 1512032 0205160 0332307 0349966 1150587 1367731 1513916 1527180 1547052 1705632 2825415 2825491 1705535 1150587 1367731 1705632 0017262 0242606 1337112 0017337 0021641 0038435 0086597 0127400 0185117 0221103 0301625 0311404 0439181 0728721 1314939 1533581 1579433 0036536 0036537 0011847 0011849 0150312
 0221103 0301625 0439181 0728721 1514559 1148673 1826562 2266866 0012854 0205177 0243122 0332134 0392756 0439167 0441655 0547047 0879404 1145667 1167622 1561536 0349966 1337208 0017262 1292711 1337112 0017337 0021641 0185117 0221103 0301625 0439181 0449719 0728721 1533581 1579433 1709471
 1826562 0332134 0879404 0032214 0600138 0035820 1705810 0007589 1511938 2945687 0030281 0007634 0021641 0185117 0205369 0851285 1269647 1327622 1515981 1533581 1552740 1579433 1704653 1948049 0440102 0017337 0205224
 0026882 0205309 1883351 0015127 1524003 0868928 1533148
 0332148 0750492 0221103 0301625 0439181 0728721 0040649 1337112 0017337 0021641 0221103 0301625 0439181 0728721 1533581 1551359 1579433 2741673 2981730 0007613 0007634 0031843 0542341 0700205 1269647 1704653 1705273 1948049 0036572 0424576 2349186 0684224 0700287 3273238 0185117 0004083 0205216 0392756 0439849 0442797 0596306 0699792 0301630 0392756 0441610 0040649 1337112 0205191 0274281 0332157 0427743 1287281 0086045 1446561 0439086 2827736 2981702
 1879547 1826562 0086439 0023175 0181586 0205177 0205216 0332134 0392756 0439167 0441655 0442797 0879404 1442948 1522538 1561536 2348269 3275067 0221103 0301625 0439181 0728721 0241863 1301808 1442792 3148680
 1518422 0332128 0557651 2603343 0441712 1621396 1704259 1705987
 0332149 1705910 2362652 1879547 0544910 1417696 2985464 1547282 0086282 1611821 0680022 2698041 0301974 0005525 0127400
 1879547 0392747 0443172 1705241 0031715 1158886 1301808 1442792 3148680 2266866 0205177 0439167 0441655 1561536
 1518422 0221103 0301625 0439181 0728721 0242606 0038435 0311404 1826562 0086597 0127400 0332134 0441994 0879404 2003888
 0162508 3536909 0086661 1553033 1521761 2827422 0332148 0750492 1881534 1880177
 1883351 0185125 1947919 2347934 3539080 0040732 0332835 0700106 0025932 0025914 0025929 0026809 1425014 0150312 1150587 1367731 1705632 0359589 1999230 0524828 1545588 0020456 0349966 1337208
 0242606 0038435 0311404 1444748 0007634 3282337 0449475 1184743 1522240 1511131 0443286 1114821 0439509 2244392 0337112 1524075 1704259 1705987
 1621396 1704259 1705987 0150312 1883351 0242606 0038435 0311404 1879547 0860803 0017725 0449475
 1273517 0025932 0025914 0025929 0026809 1425014 1150587 1367731 1705632 0242606 0038435 0181074 0311404 0332835 1527362 1961139 0342300 0020456 0205191 0205263
 0684224 0700287 3496591 0185117 0040648 0040649 1521761 2827422 0205309 1883351 1150587 1367731 1705632 0242606 0038435 0311404 0547043 0851285 1282911 0449475 1260953 0040649 1337112 0392760 1314939 3245505 0332149 1705910 2362652 0185117 0162508 0017262 1337112 0017337 0021641 0185117 0221103 0301625 0439181 0728721 1314939 1533581 1579433 0242606 0038435 0311404
 0349966 1337208 1547282
 0450365 1706097 3244092 0185117 0441889 1881878 0020281 0205217 0442805 0439092 0547044 0449719 1709471 1551359 2741673 2981730 0242606 0038435 0311404
 0349966 1337208 1547282
 0439086 2827736 2981702 0073187 1514559 1260953 0017262 1337112 0085299 0162508 3244092 0017337 0185117 1150587 1367731 1705632 0017262 1337112 0017337 0185117 0750541 0392760 1314939 3244092 0185117 0441889
 1879547 0439092 0547044 0449719 1709471 0017262 1337112 0017337 0021641 0185117 0221103 0301625 0439181 0728721 1314939 1533581 1579433 0242606 0038435 0311404 0185117 0162508
 0750491 1571873 0162508 3536909 0205251 0441889 1299352 1550472 1280500 1880177 2348382
 0086661 1553033 1515557 0282642 0040648 0079686 0018882 0023401 0040649 0229304 0419518 0445022 0453984 1521761 1527178 1704821 1705682 2827422 0242606 0038435 0311404 0547043 0851285 1282911 0860803 0017725 0450385 1260953 0017262 1337112 0017255 0017337 0185117 0040649
 0205367 0205392 1150587 1280500 1367731 1705632 3540770 0040649 1337112 0332291 0085862 1299583 1551058 3536909 0086661 1553033 1879547 0040649 0221103 0301625 0439181 0728721 2266866 0205177 0439167 0441655 1561536 0349966 1337208 0162508 3536909 0086661 1553033 1260953 0040649 1826562 0332134 0879404
 1879547 0332152 0221103 0301625 0439181 0728721 0349966 1337208 1705241 1705242 1879547 1150587 1367731 1705632 0221103 0301625 0439181 0728721
 0039869 0678226 0205360 2347098 3146286 0021641 0033727 0035696 0369286 0441932 0450387 0564385 1533581 1579433
 0040649 1337112 0205197 1260953 0202098 0428405 0035696 0441889 1518422 0085639 0238715 0442824
 1150587 1367731 1705632 1883559 1260953 0017262 1337112 0017337 0185117 1150587 1367731 1705632 0017262 1337112 0017337 0021641 0185117 0205392 0301630 0392756 0441610 1533581 1579433 3540770 0242606 0038435 0311404 0450363 2986797 0439792 0205197 1518422 0441889 1707520 3536909 1621396 0851285 1150587 1367731 1704259 1705632 1705987
 0017262 1337112 0017337 0185117 0020281 0039798 0087111 0205216 0392756 0442797 1522326 1533734 1705169 3538994 0205171 0439044 0679994 0185117 0441889 3244092 3536909 0205171 0750482 1720467 0087111 0205263 0349966 1337208
 0039869 0442811 0678226 0185117 0205251 0441889 0442824 1299352 1550472 2987476 3146286 3536909 3244092
 0185117 0205251 1299352 1550472 0039798 0087111 1522326 1533734 1705169 3538994 0205171 0439044 0679994 1514559 0205171 0439044 0679994 1518422 0205263 0175723
 0185117 0522501 0020281 0205263 0392148 1150587 1367731 1705632 1883559 0439792 0017262 1337112 0017337 0185117 2348205 0039798 0087111 1522326 1533734 1705169 3538994 0205171 0439044 0679994 1514559 0205171 0439044 0679994
 0018517 0678226 1257757 0021641 0035696 0205360 0376558 1533581 1579433 2347098 2825407 2987476 3146286 0033727 0369286 0441932 0450387 0564385
 0040649 1337112 1260953 0202098 0428405 0035696 0441889 1518422 0522501 0205216 0392756 0442797 1442464
 0039798 0087111 1522326 1533734 1705169 3538994 0205171 0439044 0679994 1150587 1367731 1705632 0205171 0439044 0679994 0015264 1280500 0205195 1947911 1514559 1518422 1517001 1883351 1547282 1280500 0450366
 0684224 0700287 3496591 1261381 1948029 0021755 1522428 0021764 1527200 0450388 1621396 0021467 0021469 1150587 1367731 1628982 1704259 1705632 1705987 3463820 0309872 1150587 1367731 1705632 0032214 0600138 0035820 1705810
 1316572 1317574 1369612 0557651 2603343 1273517 0025932 0025914 0025929 0026809 1425014 0332148 0750492 1518422 1150587 1367731 1705632 0242606 0038435 0181074 0311404 0332835 1527362 1961139 0205263 0439662 0443286 1114821 0332196 2828389 1150587 1367731 1705632 0015264 1280500 0029216 0040732 0040733 0205263 0543467 3241922
 0684224 0700287 3496591 0162772 0030054 0033268 0205332 1705920 0012634 0348080 1705253 0205217 0442805 0007634 3282337 0449475 0456948 0441889 0005516 0005810 1383165 3274467 1550335 0005767 0005768 0030705 0205217 0229664 0332307 0442805 1547052
 0557651 2603343 1547282 1150587 1367731 1705632 0242606 0038435 0311404 1879547 1879547 2266866 0205177 0439167 0441655 1561536 0040649 1337112
 1150587 1367731 1705632 0007613 0007634 0031843 0542341 0700205 0868945 1269647 1314939 1704653 1705273 1948049 2363430
 1707478 1274040 1546471 2825142 1999230 0233820 0242606 0038435 0311404 1260953 0040649 0037088 0243095 2825141 1274040 1512032 0205160 0332307 1150587 1367731 1513916 1514559 1527180 1547052 1705632 2825415 2825491 0309872 1705535 0007634 3282337 1521840 2986546
 2986676 0031831 1707664 2348314 3540849
 0205099 1999230 0449913 1553451 1704459 0031831 1707664 2348314 3540849
 0036375 0003241 0021027 1826562 0031831 1707664 2348314 3540849
 0315755 0205099 0041740 0022341 0038659
 2986676 0022877 3244292 0034580
 2825232 0043227 0449719 1521721 1709471 0027468 0011318 0018173 0018684 0021622 1548284 3245503 0011847 0011849 0683939 0260206 0011318 0011847 0011849 0014137 0018173 0035168 0205099 0242481 1548284 0683607 1524063 0042153 0457083 1947944 0444669 1167518 1706352 1882467 3274653 0444669 1167518 1706352 1882467 3274653 0035168 0242481 0016617 0013018 0441833 0679727 0687744 1257890 1515981 1527169 1552516 1553444 1705428 1705429
 0010186 0220812 0449719 1709471 0220808 0680264 0007961
 1706852 0522501 1706089 0949214

 1709854 0018173 1548284 0033414 0036397
 0282413 0376649 1442065
 0013849 1705961 0024492 1538057 1547565
 0282413 0376649 1442065 0205155 1293097 1522472 1552923 1705191 0010819 0005532 0205099 0006037 0254343 0796520 3272379

 0085205 1549619 1880669 0013849 1705961 0024492 1538057 1547565 0059804
 0034037 1704324 0030351 0000723 0000723 1273517 1826562 0332134 0879404 0030274 0013303 0242303 0598306 1521761 2827422
 0162772 0030054 0205332 1705920 0162772 0030054 0205332 1705920
 1150587 1367731 1705632 0248813 0380051 1367731 0872123 0872053 1334482 1367019 1707271 0162508 0031727 0205088 1553033 1705314 1705315 3536909
 0752312 1979930 0033640 0018284 0026249 0031727 0033684 1879547 0752312 1979930 0033640 0018284 0026249 0031727 0033684 1879547
 0033634 0033621 1168438 1418943 3540567 0033640 0031727 0033684 0033634 0033621 1168438 1418943 3540567 0033640 0031727 0033684

 0332307 1547052 1512032 0332307 1547052 1512032
 0120285 0120285 0033684 0303920 0332583
 1882406 0011389 0205431 0332461 0333463 0439148 1519795 1522492 1882406 0011389 0205431 0332461 0333463 0439148 1519795 1522492 1704753 1880519
 0038432 0038432
 3538756 0001047 0010654
 0001483 0001486 1552907
 1514811 1706462 0520510 0557061 2584313 1514811 1706462 2827734 2981698
 0439267

 0205090 0684010 2603358 0033727 0369286 0441932 0564385
 0011847 0011849 0740116 2827735 2981700

 0016327 0439133 1553038 0439267


 1315013

 0450389 0025141 0439086 2827736 2981702
 0439394 1706495 3642217
 0597277 1708601 0205090 0684010 2603358
 0369773 2603361 0205090 0684010 2603358
 0027960 0324740 0439189 1456781 1824986

 0000857 0600678 1552863
 0439394 1706495 3642217
 0597277 1708601 1261259
 0231963 0033727 0369286 0441932 0564385
 0205090 0684010 2603358
 0369773 2603361 0205090 0684010 2603358
 1418943

 0268596 2700624
 3642273
 0041703


 0038817 0376223 0597277 1708601
 1706917 0439267
 0021966 0221138
 0011847 0011849 0000857 0600678 1552863

 0033727 0369286 0441932 0564385
 0033727 0369286 0441932 0564385
 2347469 0402830
 0369773 2603361
 0016327 0439133 1553038 0439267

 0011847 0011849 0000857 0600678 1552863
 1652689 0033727 0369286 0441932 0564385 0445184 0439267 0205090 0684010 2603358 0439267



 0201682

 0033727 0369286 0441932 0564385 0597277 1708601 2603360

 0000857 0600678 1552863
 0679739 2347469 2603360 0597277 1708601 0369637 0441923
 0205090 0684010 2603358
 0027960 0324740 0439189 1456781 1824986

 0000857 0600678 1552863
 0402830
 0369773 2603361 0205090 0684010 2603358

 0016327 0439133 1553038

 0000857 0600678 1552863

 0369637 0441923
 0597277 1708601
 0016327 0439133 1553038
 0040833 1521798


 0439267

 0033727 0369286 0441932 0564385 2603362
 0701230
 0025141
 0439394 1706495 3642217 2603360 0033727 0369286 0441932 0564385
 0349590 1262865
 0033727 0369286 0441932 0564385
 0243107 0678723 1527148
 0369637 0441923
 0016327 0439133 1553038 2603360
 0369773 2603361 0086894 0851346 2314876 0205090 0684010 2603358 2347469
 0369637 0439394 0441923 1706495 3642217 1261259
 0231963
 0243107 0678723 1527148
 0033727 0369286 0441932 0564385 0450955 0597277 1708601 0033727 0369286 0441932 0564385 2603360 0369718 0441922 1553036


 0201682


 0033727 0369286 0441932 0564385 0369773 2603361 0369637 0441923
 0402830
 0369773 2603361 0439267

 0016327 0439133 1553038 2603362
 0011847 0011849 0450381 0000857 0600678 1552863
 0439267
 0597277 1708601 0872005 0033727 0369286 0441932 0564385 0439114

 1418943

 0268596 2700624
 3642273
 0041703
 0439073 0439082
 0033727 0369286 0441932 0564385 2603360 0597277 1708601 2603360 0450955 0597277 1708601 0205090 0684010 2603358
 0011847 0011849 0000857 0600678 1552863
 0369773 2603361 0016327 0439133 1553038
 0439267 0369637 0441923
 0369718 0441922 1553036
 0439114

 1418943

 0268596 2700624
 3642273
 0041703

 0439394 1706495 3642217 0597277 1708601 0033727 0369286 0441932 0564385


 0033727 0369286 0441932 0564385 0369773 2603361 0023089 0458142 1023865 1706315 2347469 0597277 1708601
 0033727 0369286 0441932 0564385
 2347469


 0201682
 0450348
 0439267 0369718 0441922 1553036 0369773 2603361
 0027960 0324740 0439189 1456781 1824986

 0000857 0600678 1552863
 0033727 0369286 0441932 0564385 2603360 0033727 0369286 0441932 0564385 2603360 0205090 0684010 2603358
 0011847 0011849 0000857 0600678 1552863
 2603360 0369718 0441922 1553036

 0349590 1262865 0025141
 0597277 1708601 0033727 0369286 0441932 0564385 2603360 3613423 0033727 0369286 0441932 0564385 0033727 0369286 0441932 0564385
 0011847 0011849 0000857 0600678 1552863
 2603360 3540681 2603360 0369637 0441923
 0369773 2603361
 0033727 0369286 0441932 0564385 0021966 0221138 0369637 0441923
 0349590 1262865 0025141

 0205090 0684010 2603358 0033727 0369286 0441932 0564385 0556636 1269776 1652689
 1553033 0439267

 0011847 0011849
 0033727 0369286 0441932 0564385 2603360 0369718 0441922 1553036 0022126 0597277 1708601
 0998924 0597277 1708601 0033727 0369286 0441932 0564385 0369718 0441922 1553036


 0025141
 2603360 0033727 0369286 0441932 0564385 0033727 0369286 0441932 0564385 2603360 0205090 0684010 2603358

 1315013

 0450355
 0369773 2603361 0439394 1706495 3642217
 2347469


 0201682

 0033727 0369286 0441932 0564385 2603360 2603360 0369637 0441923
 0011847 0011849 0000857 0600678 1552863

 0369773 2603361

 0205090 0684010 2603358
 0369773 2603361
 1418943

 0268596 2700624
 3642273
 0041703

 0597277 1708601 0683610 0369718 0441922 1553036 2603360 2603360 0033727 0369286 0441932 0564385

 0025141
 0033727 0369286 0441932 0564385 0439267 0872005 0033727 0369286 0441932 0564385 0597277 1708601 0439267



 0201682



 0011847 0011849 0439509 0000857 0600678 1552863

 2603362
 0205090 0684010 2603358
 0011847 0011849 2827734 2981698 0000857 0600678 1552863
 3540681 0439394 1706495 3642217 0021966 0221138
 0439267 0033727 0369286 0441932 0564385 0016327 0439133 1553038 1431628 0369637 0441923
 1418943

 0268596 2700624
 3642273
 0041703
 0439073 0439082
 2603360 2603362

 0025141 0439509
 2603360 0369718 0441922 1553036 0369718 0441922 1553036

 0201682

 0369773 2603361 0597277 1708601 0335326 1306756 2347469 2603360
 0777169 0025141
 2603360 0597277 1708601 2603360 0033727 0369286 0441932 0564385 0033727 0369286 0441932 0564385 0369773 2603361 0439114 0033727 0369286 0441932 0564385

 0025141
 2603362
 0011847 0011849 0000857 0600678 1552863
 0861352 2603360 0369637 0441923

 0000857 0600678 1552863
 2347469 1431628 0021966 0033727 0221138 0369286 0441932 0564385 2603360 1705534 2347469 1549988 2603360 0205090 0684010 2603358

 0007634 1269647 1704653 1948049 0025141
 0439267
 0439394 1706495 3642217
 0011847 0011849 0000857 0600678 1552863

 1708595 3280986




 2603360
 2347469
 0369773 2603361
 0205090 0684010 2603358


 2603360 0439394 1706495 3642217
 2603360 1006780 0597277 1708601
 2347469
 1418943

 0268596 2700624
 3642273
 0041703


 0443037 0439394 1706495 3642217 1431628 0439267

 0011847 0011849 0000857 0600678 1552863
 1551881 0205090 0684010 2603358
 0205090 0684010 2603358


 0201682

 1551881 0205090 0684010 2603358
 0205090 0684010 2603358

 0439084 0728893
 0439394 1706495 3642217
 0016327 0439133 1553038 0369637 0441923

 0205090 0684010 2603358
 2603362
 2603360
 0331778



 1315013


 0439267 0205090 0684010 2603358
 2603360 0369637 0441923
 0439394 1706495 3642217 0016327 0439133 1553038
 0205090 0684010 2603358
 1553033

 0011847 0011849 0000857 0600678 1552863 0450382
 0439267


 2347961

 0025141
 0021966 0221138 0439267



 0201682



 0439394 1706495 3642217
 0016327 0439133 1553038

 0325074
 0025141
 0324335 0205090 0684010 2603358

 0036397
 0439394 1706495 3642217
 0597277 1708601
 0011847 0011849
 0021966 0221138
 0597277 1708601 0369718 0441922 1553036
 2347469
 0016327 0439133 1553038


 3495095

 0027960 0324740 0439189 1456781 1824986
 0007634 1269647 1704653 1948049

 0450388 0025141
 0369718 0441922 1553036 2603360 2603360 0033727 0369286 0441932 0564385
 1418943

 0268596 2700624
 3642273
 0041703
 0000857 0600678 1552863
 0205090 0684010 2603358
 0027960 0324740 0439189 1456781 1824986
 0007634 1269647 1704653 1948049

 0000857 0600678 1552863
 0443050 0439267
 0439294 0439267 0369637 0441923
 1081327 1553033 0205090 0684010 2603358
 0027960 0324740 0439189 1456781 1824986
 0007634 1269647 1704653 1948049

 0000857 0600678 1552863 0450385
 1652689
 0205090 0684010 2603358 0439267
 0369718 0441922 1553036
 0439267 0369637 0441923
 0231965 0439267
 1553033


 0201682

 0033727 0369286 0441932 0564385 0597277 1708601 0439267
 0439394 1706495 3642217 0439267



 0201682

 0033727 0369286 0441932 0564385 0597277 1708601
 0205090 0684010 2603358 0439267 0439267



 0201682
 0450387
 0043114


 0016327 0439133 1553038


 0201682
 0450388


 0369637 0441923

 0205090 0684010 2603358 1708595 3280986 0369637 0441923
 0439394 1706495 3642217

 1315013

 0439083 0439087 0025141

 0043114 0369718 0441922 1553036

 0439267 0597277 1708601

 1315013

 0025141 0450389

 2347469 0369773 2603361
 1417055
 2347379
 0025141
 0033727 0369286 0441932 0564385 0033727 0369286 0441932 0564385
 0439267 0998924 0597277 1708601 2603360 0033727 0369286 0441932 0564385 2603360 0369718 0441922 1553036
 0011847 0011849 0000857 0600678 1552863


 0439267
 0439394 1706495 3642217
 0014137
 0597277 1708601
 0369773 2603361 0439114
 2603360
 0011847 0011849 0000857 0600678 1552863
 1553033
 0016327 0439133 1553038 0369773 2603361 0439267


 0201682

 2603360
 0011847 0011849
 1553033 1553033
 0016327 0439133 1553038
 0011847 0011849 0009993 0037455 0596070 1552856 0005477 0026376 0005532 1521991