 0684336 0016030 1422348 1832610 1704729 0005574 0041740 0587487 1704729 0041740 1704729 0031330 1524059 0041740 0022277 0221193 0013849 1705961 0024492 1538057 1547565 1272684 1548435 0520510 0557061 2584313 2985663 0557651 1514811 1706462 2603343 0220825 0312646 1286259 0871261 1704632 1706817 2911692 0002395 1521724 0012634 0030705 0033204 0205454 0332148 1301820 0277564 0002395 1521724 0012634 1518422 0205178 0311404 0681850 1550501 1706203 2349001 2697811 3263722 3263723 0449265 0020281
 0039798 0087111 1522326 1533734 1705169 3538994 0162772 0030054 0205332 1705920 1273518 0162638
 1883351 1707455 0036667 0312418 0427965 1511883 1522640 2346484 2349185 0002395 1521724 0012634 1829939 0030705 0220825 0449381 0332257 0007620 0007634 0443348 1269647 1704653 1948049 0231448 1880641 0085732 0237477 0392351 0334094 1514485 1883351 1515877 1879547 1159821 1709697 2728259 3484370
 0150312 0016030 0332325 2827757 0243148 1550141 1882979 2587213 3274648 0681850 1550501 1706203 2349001 2697811 0039798 0087111 1522326 1533734 1705169 3538994 0439792 3263722 3263723 2348205
 0441712 1706376 1155873 1516332 0007586 1155839 0007634 0020281 0205263 0237477 0392351 0439849 0445223 0684336 1269647 1511572 1704653 1948049 0521110 1705654 1880022 2986904 0007586 1155839 0007634 1269647 1511572 1704653 1948049 3266896 0205263 0857127
 0016030 0684336 0079419 0332268 1274040 1546471 1705526 1879547 2825142 0079419 0332257 1333655 0219474 0812198
 0557651 2603343 1515926 1314939 0036658 0012899 0012860 0599732 0010957 0012854 1883709 0030705 0002395 1521724
 1705313 0012860 0010957 0012854 1883709 0086418 0007586 1155839 0007634 1269647 1511572 1704653 1948049 0162772 0030054 0205332 1705920 1333655 0520510 0557061 2584313 1514811 1706462 0016693 0302912 0332296 1880497 1996904 1883351 0035648 1553898 0035647 1521761 2827422 0589507 1158830 1314939 1704686 0242656 0449258 0002395 1521724 0012634 0042789 1947903
 0016693 0302912 0332296 1880497 1996904 0439114 0018969 0205090 0684010 2603358 0020281 0443343 1883468 0567416 0282636 0035203 0205307 0439166 1160636 1510824 2347086 3146294 0521009 0042769 0009450 0521026 0282636 0025519 0025520 0205307 0311404 0439166 0439861 1515981 2347086
 0441889 0003402 1516240 0600688 1407029 0015127 1524003 3263722 3263723
 0026237 0025249 0023779 0025255 0596901 1706182 0033684 0017337 1861886 1521840 2986546
 1880177 0079411 3146294 0237753 0449788 1521721 0947630 1547282 0002367 2348254 0331936 0441889 0185117 0428460 0683317 0441889 0076442 0001128 0202406 0205332 0439861 0048297
 0235032 0332281 0086597 0127400 0238767 0596235 1706086 1879547 0052536 0061465 0017789 0220839 0597357 0333463 2936349 0011560 1705760 0002716 0333562 0611285 1515981 0079411 3146294 0016693 0582525
 0008972 0205210 0947630 1547282 0564438 0518041 1512806 0039798 0087111 1522326 1533734 1705169 3538994 0205421 0242656 1947900 0449258 0030705 0205081 1881878 3554639 0338656 0684336
 0220912 0220913 0311392
 0016030 1547282 0282636 0025519 0025520 0229613 1167770 0206243 0596611 0026882 1705285 0441889 1522703 0024264 0206243 0026882 1547282
 1883357 1511726 3245479 1705535 0006104 1269537 0007634 3282337 0162772 0332157 0030054 0205332 1705920
 0393420 0012634 0348080 1705253 0332281 0699040 1850496 0007634 0521390 1269647 1517945 1704653 1948049 0332120 0470187 0439092 0547044 1948052 0311392 1547188 0030664 0205469 0677042 0178784
 0557651 2603343 0220825 0312646 1286259 0871261 1704632 1706817 2911692 0030705 0033204 0332148 1301820 0681850 1550501 1706203 2349001 2697811 0449265 0020281
 0205170 3146287 0205447 0332282 0274281 0332157 0012854 0012860 0010957 0567416 1883709
 0007634 3282337 0441471 0237477 0392351 0007586 1155839 0007634 1269647 1511572 1704653 1948049 0683607 0012899 0043240 0374711
 0010957 1883709 0085732 0043240 0374711 0376649 1442065 1540661 1539479 0007586 1155839 0007634 1269647 1511572 1704653 1948049 0162638
 1883351 1707455 0036667 0312418 0427965 1511883 1522640 2346484 2349185 1829939 0030705 0449381 0518609 1705242 0332257 0007620 0007634 0443348 1269647 1704653 1948049 0231448 1880641 0085732 0237477 0392351 0334094 1514485 1883351 1515877 1879547 1159821 1709697 2728259 3484370
 0150312 0016030 0332325 2827757 1518422 0681850 1550501 1706203 2349001 2697811 0020281
 0441712 1706376 0684336 0007587 0007634 0011065 1269647 1306577 1704653 1948049
 0520510 0520510 0557061 2584313 1514811 1706462 0016030 0015780 0086287 0024554 0086582 1510829 0439234 0030705 0015780 0086287 0024554 0086582 1510829 0439234 0007600 0007634 0205132 1269647 1704653 1948049 0007634 0150312 0449450 0872261 1269647 1704653 1948049 0443211 1272684 1517331 0205229 0035168 0242481 0035168 0242481 0376691 3484370
 0332148 0011900 1704338 1704656 0237426 1705825 1881534 0243161 2350584 0009460 0027765 0038454 0009452 0012634 0021622 0205494 1272753 2707261 3245503 0002395 1521724 0012634 0004083 0439849 0596306 0699792
 0030705 0449450 0392760 1314939 0025260 0700327 1706377
 0449438 1524063 0451306 0850338 0278060 0229992 0445542 1301808 1442792 3148680
 0449820 0332283 1719822 0442757 0439086 2827736 2981702
 0617965 1518422
 0030705 1524063 0850338
 0017431 0332283 1719822 0243148 1550141 1882979 2587213 3274648 3539520
 0030705
 0520511 1704711 0332290 0023866 0034036 1444656
 1552616 1706244 0557651 2603343 0039224 0684224 0700287 1706073 1706074 3496591
 0449911 0039224 1706073 1706074 0557702 1272706 1704674 0557702 1272706 1704674 0039224 1706073 1706074
 0683970 0681884 1519021 1706465 1521970 1272578 0010453 0016030 0444099 0557651 1123023 1278993 2603343 0443211 1272684 1552738
 0007600 0007634 0205132 1269647 1704653 1948049 0016701 0205448 0205450 0439799 0677542 0010454 0009458 0018270 0220844 0439536 1621966 1705217 2911660 3244283 0332256 2700400 0015965 0229671 0230445 0521457 1305418 1546774 1550100 0012403
 0681814 0007600 0007634 0205132 1269647 1704653 1948049 0521115 1710378
 0007634 3282337 0009458 0205224 0325564 0439536 1524031 1551720 1552614 1705217 2826545 3244283 0043193 0015965 0229671 0230445 0521457 1305418 1546774 1550100 0242295 1947943 2348609 0030842 0220892 0439340 1880521 2945590 0439526 1300565 0439526 0308312 0037633 0525069 0311461 0002525 2348468 0560268 2349105 0006353 2678549 1882074 0020283 0450407 0450408 0450409 0001861 3536832
 0009458 0439536 1705217 3244283 0392747 0443172 1442459 0439228
 0001811 0001721 1155291 0149784 0871261 1704632 1706817 2911692 0036849 0681814 1442518 1705195 1524063 0007634 3282337 0150103 1708943 0010453
 0012634 0348080 1705253 0333118 1547014 1948059
 0872351 0332157 0020281
 0007585 0007634 3282337 0991865 0006353 0031603 0031701 0036082 1548982 1601799 0332293 1418486 0020281 1522326 1442447 0439232 0700321 0702093 1282918 2347166
 0441648 0007634 3282337 0332156 0009458 0439536 0443224 0443225 1705217 2827486 3244283 0040223 1632851 0681814
 0007600 0007634 0205132 1269647 1550648 1552960 1704653 1948049 0681814 0040223 0205341 0205449 1632851
 0220825 0439584 0456696 1442770 0439227 0009458 0162867 1254021 1151154 0205177 0439167 0441655 1561536 1524063 1514743 1706461 0027964 0028407 0067895
 0596402 0220825 0439165 0806909 1265611 1549488 1552615 1561533 2826546 1151154 0243102 0014442 0205177 0439167 0441655 1561536 0024348 1441340 0007634 3282337
 1155631 0233656 0598405 0376669 0332472 1881708 1524063 0878435 0008546 0013343 1325550
 0001758 0087111 0007634 3282337 0878435 1441607 0369637 0441923 2986582 0886384 1442468 0439232 0700321 0702093 1282918 2347166
 1701810 1882955 0007634 3282337 0070066 0231441 0443218 2827483 0456693 1442458 0439232 0700321 0702093 1282918 2347166 2348236 0005903 0039476 1547703
 0449878 0016315 0181839 1706379
 0007634 3282337 0006353 0024348 1536403 1512335 0332256 2700400 1882074 0020283 0041175 0077281 0450407 0450408 0450409 0814229 0037494 1959973 0013618 0031493 0060562 0075613 0016327 2945751 0064858 0003641 2348935 0070329
 0370003 2347026 0439267 0179834 0456693 1442458 0439232 0700321 0702093 1282918 2347166 0450376
 1550101 0205409 1548221 0033684 0423896 0456205 0025663 0439858 0449851 0871511 0812225 1150635 1705212 1705213 3273202 0020898 0021764 0022271
 0060916 0086376 0439267 0600209 1704732 0013855 0348011 0030351 1547566 0017480
 0180860 2348236 0005903 0039476 0439583 1439852 1547703 0079419 1705526 2827734 2981698 0005516 2827734 2981698 1414509 0005574 0219474 0812198 2827734 2981698 0005574 1333655 2827734 2981698 0005574 0041348 2937342 2827734 2981698 2827734 2981698 0005516 0003241 1719918
 0003241 0005574 0017480 1273517
 0681814 0060916 0086376 0439267 0006353 0034584 0037494 1959973 0020283 0450407 0450408 0450409 0042305 0812371 1883708 1300565 0369247 0005516 0450376
 0038164 0038172 1318973 0033684 0038170 0038960 1382107 1516695 1516698 1705537 0040223 1632851
 0079419 1705526 0521108 0993610 0033684 0005863 1979003 0003241 0036720 0079419 1705526 2827734 2981698 0029016 2827734 2981698 0029016
 0439267 0017480 1273517
 0220825 1261322 0884358 0020985 0002778 0936012 1524024 1524063 0180321 1706216
 0002778 0936012 1524024 0007634 3282337 0001962 0231441 0443218 2827483
 0007634 3282337 1883708 0332293 0014241 0035541 0035542 1522326 0439267 3642199 3642219 0128666 0439526 0332256 2700400 0013618 0037494 1959973 1442450 0439227 0564385 0332283 0059256 0030946 0597277 1622131 1708601 1947941 0439267 0439526 0439232 0700321 0702093 1282918 2347166
 1882955 0012854 0039798 0087111 1522326 1533734 1705169 3538994 0439232 0700321 0702093 1282918 2347166 2348236 0005903 0039476 1547703
 0020283 0450407 0450408 0450409 0002055 0178499 0456081 0733358 1880279 0886384 1442468 0439232 0700321 0702093 1282918 2347166 0332283 0441648 0036082 0991865
 0005456 0449604 0028778 0034493 0229671 0332206 1546774 1550100 2983591 1442450 0439227 0564385
 0007634 3282337 0003242 0003241 0011503 0021027 0205225 0439631 0700307 1439852 2827734 2981698 0450376
 0034760 0004434 0031180 0330510 0522529 0939835 1110641 1273517
 1883351 0392752 0027021 0031179 1318719 0007634 3282337 0332293 1522326 0456692 1442446 0439232 0700321 0702093 1282918 2347166
 1524063 0179533 1654607 1706254 0181839 1706379 2937289 0018017 1571702
 0178706 1704254 1704922 1709694 3542466 0002778 0392762 0936012 1524024 0884358 1524063 0037585 0010521 0037125 0241232 0947651 1305285 1318876 1705204
 1511726 3245479 0439178 0007584 0007634 0237753 0449788 1446409 1514241 1708632 2825490 3282337 0440042 1521738 2346620 2349184 3539073
 1979963 2003903 1301820 0680730 0205174 0007600 0007634 0205132 1269647 1550648 1552960 1704653 1948049
 0237881 1709380 0038215 0750502 0042295 1709320 0002780 0002778 0205447 0936012 1524024 1711260 2348152 1881534 0332283 0022885 0038492 0039593 0392366 1551041 1552573
 0242485 0180454 0010453 0205170 0220814 0430400 1139930 2242979 3146287 0178587 0007634 3282337 0205170 3146287
 0040077 1442460 0007634 0439227 1524062 3282337 0020281 0205548 0232117 0391850 1947910
 0007634 3282337 1883708 0040223 1439852 1524062 3541383
 0444930 2746065 0007634 3282337 0456963 0991865 0006353 0009264 0009443 0020746 0031603 0031701 0036082 0234192 1548982 1601799 1517331 0456692 1442446 0439232 0700321 0702093 1282918 1439852 2347166 0450376 0040900 0001128 0202406 0332283 2348236 0005903 0039476 1547703
 0037633 0525069 1516695 1516698 0034553 0423896 0456205
 0200904 0016263 0806140 0814048 1708071 0007634 0334154 3282337 1516695 1516698 1381542 0001962 0231441 0443218 2827483 0790233 0043047 0599638 0681549 1550678 1698986
 0441648 0036082 0991865 0007634 3282337 0332293 0071795 1419413 0035542 1522326 0886384 1442468 0439232 0700321 0702093 1282918 2347166 2348236 0005903 0039476 1547703 0033470 0021966 0033468 2986582 0439267 0439526 0016263 0806140 0814048 1524063 0549255
 1274040 1546471 2825142 0520510 0557061 2584313 1514811 1706462 0274281 0332157 0020281 1442447 0439232 0700321 0702093 1282918 2347166 1274040 1546471 2825142 1517945 0439584 0456696 1442770 0439227 0205087 0009458 0439536 1705217 3244283 0450344 1553633
 0040223 3541383 0456695 1292430 0439227 0007634 3282337 0015272 0220912 0220913 0311392 0333904 0007610 0878435 0234621 0487602 1704680 0007610 0007634 1269647 1704653 1948049 1547282 0332437 0543482 0700329 0700619 0450345
 0449911 0333052 2607870 0557702 1272706 1704674 0557702 1272706 1704674 0349966 1337208
 2827734 2981698
 0205474 0543482 0332120
 0007620 0007634 0443348 1269647 1704653 1948049 1151154 0022917 0022924 0030016 0205177 0376261 0439167 0441655 0444706 0449770 1561536 0162518 0009458 0162867 1254021
 0007634 3282337 0878435 1441607 0487602 1704680 2347469
 0007634 3282337 0332157 1418486 0020281 1442447 0439232 0700321 0702093 1282918 2347166 1548982 0040223 1632851 1705242 1442103 1547049 0221198 1546698 1444656 1511276 1552825 0813036 1515981 2347469
 1707156 3274014 3541345 1882932 0369637 0441923 0681814 0920433 0007634 0205449 0443299 1269647 1551058 1704653 1948049 0455052 1521827
 0336721 0007634 3282337
 0369773 2603361 0040223 3541383
 0681797 1552738 0016030 0185125 0030705
 0007585 0007634 0010453 1269647 1704653 1948049 0030705 0681850 1550501 1706203 2349001 2697811 0205455 0205458 1442447 1418486 0020281 0232117 0391850 0439232 0700321 0702093 1282918 1947910 2347166 0798503 0805586 3274764 0439584 0456696 1442770 0439227 1524062 0010453 0220814 0430400 1515981 0007620 0007634 0220825 0443348 1269647 1704653 1948049
 0349966 1337208
 0740116 2827735 2981700 0007587 0007634 0011065 1269647 1306577 1704653 1948049 0022917 0020281 0022924 0030016 0030685 0205263 0376261 0391871 0439165 0439180 0680255 1283071 1549488 1561533 1963578 0205112 0441994 1548802 2003888 1707455 1829939 0030705
 0449911 0333052 2607870 0557702 1272706 1704674 0557702 1272706 1704674 0349966 1337208
 0740116 2827735 2981700
 0476193 1517945 1518422 0030705
 0007620 0007634 0443348 1269647 1704653 1948049 1151154 0022917 0022924 0030016 0205177 0376261 0439167 0441655 0444706 0449770 1561536 0439584 0456696 1442770 0439227 0274281 0332157
 1552961 2347617 1882932 0370003 2347026
 0042295 0439165 0442805 1549488 1561533 0042295
 0441587 1743766 1883719 1547282 0369637 0441923 0681814 0370003 2347026 0920433 0007634 0205449 0443299 1269647 1524063 1704653 1948049
 0369773 2603361 1518422
 0205447 0020281 0205263 0079411 3146294 0205263 0857127
 1883708 0036667 0312418 0427965 1511883 1522640 2346484 2349185 3263722 3263723 0162772 0030054 0205216 0205332 1705920 2698977 0015127 1524003 0012860 0010957 0012854 1883709
 0030011 0007634 1269647 1704653 1948049 0441833 0687744 1257890 1552516 1552839 1705428 1705429 1524063 0443640 0368582 0003241 0021027
 0349966 1337208
 1547282 0002778 0936012 1524024 0206243 0699809 0003241 0011503 0021027 0439787 0700307 0849355 0016030 0020281
 0205171 1720467 0439742 0007610 0016030 0332155 1441672 1518422
 0039798 0087111 1522326 1533734 1705169 3538994 0015127 1524003 0442805 1292425 0439227
 0012860 0010957 0012854 1883709 0016030
 0200898 0002778 0392762 0936012 1524024 0020281 0274281 0332157 0015127 1524003 0205452 0220825 0007600 0007634 0205132 1269647 1704653 1948049 0750480 1705566 0439178 0007634 3282337 0440042 1521738 2346620 2349184 3539073 0370003 2347026
 0349966 1337208 1547282
 0450365 1706097 0020281 0205263 0079411 3146294 2348205 0016030
 0449911 0333052 2607870 0557702 1272706 1704674 0557702 1272706 1704674 0349966 1337208
 0439086 2827736 2981702
 0012860 0849640 0010957 1883709 1518422 0030705
 0012860 0010957 0012854 1883709 0220825 1524063 0443640 0368582 0003241 0021027
 1547282 1704254 1704922 3542466 2827734 2981698 0439086 2827736 2981702 0016030 2827734 2981698 0740116 2827735 2981700 1292425 0439227 0439086 2827736 2981702
 2347469 1547282 0002778 0392762 0936012 1524024 1518422 0370003 2347026
 1707156 3274014 3541345 1882932 0205112 0175566 1517586 0556636 1269776 0042295 0439178 0007634 0439165 1446409 1514241 1549488 1561533 2825490 3282337 0440042 1521738 2346620 2349184 3539073
 0042295 0369637 0441923 1274040 1546471 2825142 0440042 1521738 2346620 2349184 3539073 0370003 2347026
 0369773 2603361 0042295
 0007586 1155839 0007634 1269647 1511572 1704653 1948049 0334094 1514485 0012860 0010957 0012854 1883709 0007634 3282337 0237477 0392351 0007586 1155839 0007634 1269647 1511572 1704653 1948049
 0085732 0016030 0237477 0392351 0007586 1155839 0007634 1269647 1511572 1704653 1948049 0205216 0598312 1328870 1817262 0220781 1883254 1442103 1547049 0040223 0220825 1705242 3541383 0332282 0039798 0087111 1522326 1533734 1705169 3538994 0243144 0347980
 0040077 1442460 0010453 0439227 1524062 0205548 0232117 0391850 1947910
 0034553 0007634 3282337 0040223 0444706 1632851 1705242 3541902 1442103 1547049 0439584 0456696 1442770 0439227
 1705241 1705242 0332155 1441672 0016030 0450373 1553636 2347469
 0439227 0007634 3282337 0205216 0392756 0442797 0871208 1521828 0439584 0456696 1442770 0439227 0205197 0745777 0085732 0012854 0450373 1553636
 0016030 0205263 0333951 0237477 0392351 0205216 0234621 0392756 0442797 0439227
 1883708 0007634 3282337 0521108 2004454 0085732 0012854 0450375
 0871261 1704632 1706817 2911692 0016030 0332219 0234621 1707455 0243144 0347980 1292428 0439227 0439584 0456696 1442770 0439227 0450375
 0449911 0333052 2607870 0557702 1272706 1704674 0557702 1272706 1704674 0349966 1337208

 0243126 1518422 0030705
 0040077 1442460 0010454 0009458 0010453 0162867 0220814 0430400 1254021 1524062 2242979 0040223 1632851 0007457 0043157 0220938 0336721 1444656
 0007634 3282337 0332157 1282913 1551714 0020281 0205119 1442447 0439232 0700321 0702093 1282918 2347166 0040223 3541383 0005680 0027567 0085756 0336721 0439541 1444656 1883708 1548982 0439227 1524062 0010453 0220814 0430400 0439584 0456696 1442770 0439227
 1511726 3245479 0205452 1518422 1551058 0007600 0007634 0205132 1269647 1704653 1948049 0369637 0441923 1704970 0681814 0370003 2347026
 0085732 0016030 0237477 0392351 0007586 1155839 0007634 1269647 1511572 1704653 1948049 0220825 0444706 0449770 0520511 1704711 1516337 2963400 0585064 1067936 1524063 0200905 0681915 0200898 0002778 0423896 0456205 0936012 1524024
 0449774 1707455 0012634 0348080 1705253 0040223 1515981 1632851 1705242 1442103 1547049 0332282 0232117 0391850 1947910
 0349966 1337208
 0439084 0728893 2348974 0002778 0806140 0936012 1518422 1524024 3146294 0016263 0682524 0007600 0016030 0007634 0205132 1269647 1704653 1948049
 1705241 1705242 0520511 1704711 0016030 0039224 1706073 1706074
 0439227 0332282 0232117 0391850 1947910 0007634 3282337 0681850 1550501 1706203 2349001 2697811 0079395 0079394 0205390 0359583
 1517331 2348792 0040223 1552961 2347617 3541383 1264633 0805525 1554103 0079394 0205390 0542339 1264637 0162638
 0439227 0439165 1549488 1561533 0079394 0079395 0205390 0205217 0442805 1547282 1627358 2349975 0079394 0205390
 2348792 0040223 1552961 2347617 3541383 0016030 1547282 0449775 0449774 0150312 0205112 0012634
 1274040 1546471 2825142 0205452 1301820 0007600 0007634 0205132 1269647 1704653 1948049
 0039224 1706073 1706074 1264633 1554103 0040223 0205217 0442805 3541383 0439227 0039798 0087111 1522326 1533734 1705169 3538994 0450382 1292428 0439227 0564385 0439227 0439165 1549488 1561533 0369637 0441923 0040223 0205216 3541383 1292428 0439227 0439227
 1979874 1264633 0805525 1554103 1547282 0750482 0442805 1292428 0439227 0332283 0392756 0547047 0439227
 1264633 0805525 1554103 0205216 0392756 0439227 0442797 0332156 0439227
 0449911 0333052 2607870 0557702 1272706 1704674 0557702 1272706 1704674 0349966 1337208
 0439084 0728893
 0449775 0449774 0002778 0936012 1524024 0016030 1518422 2736123 0370003 2347026 0040223 1515981 1632851 1705242 1442103 1547049 0039798 0087111 1522326 1533734 1705169 3538994
 0007634 3282337 0332157 1418486 0020281 1442447 0439232 0700321 0702093 1282918 2347166 1548982 1524062 0010453 0220814 0430400 2242979 0439227 0237753 0449788 1444656 0813036
 0040223 3541383 0007634 3282337 0012634 0205112 0348080 1551058 1705253
 0449911 0039224 1706073 1706074 0557702 1272706 1704674 0557702 1272706 1704674 0039224 1706073 1706074
 0520511 1704711 0016030 2984374 1704259 1705987 0162638 0079419 1705526 0040648 0205447 0032214 0600138 0035820 1705810 0012860 0010957 0012854 1883709 0012899 0012854 0043240 0374711 1155873 1516332 0237477 0392351 0007586 1155839 0162638 0282443 1552617 0042789 1947903
 1280500 2348382 0080055 0428479 0033684 0441889 0205177 0439167 0441655 1561536 0016030 0949466 0005863 0002778 0332128 0936012 1524024 1705493
 0033684 0007592 0007634 2828366 3282337 1292425 0439227 0332282 0232117 0391850 1947910 0013855 0003241 0020985 0079419 1705526 0219474 0812198 1333655
 0349966 1337208
 1553638 1547282 1274040 1546471 2825142 1524063 0016030 1708639 0681850 1550501 1706203 2349001 2697811 1708639
 1292425 0439227 0441889 0219474 0812198 1333655 0205217 0442805 1518422 1277697 0370003 2347026
 1979874 0370003 2347026 1547282 1274040 1546471 2825142
 0370003 2347026 1547282 0442805 1518422 0392747 0443172 2348205 0219474 0812198 1333655 1553638 1708639
 0370003 2347026 0039798 0087111 1522326 1533734 1705169 3538994 0205263 0392756 0547047 0441889 0219474 0812198 0252265 0033684 0423896 0456205 1553638 1708639
 1511726 3245479 0016030 1301820 1518422 0030705 0002778 0220825 0936012 1524024 0185117 0205112 0439165 1549488 1561533 1882115
 1274040 1546471 2825142 0349966 1337208

 0370003 2347026 1547282 0442805 0219474 0812198 0252265 0428479 0033684 0441889
 0039798 0087111 1522326 1533734 1705169 3538994 1518422 0449265 0392747 0443172 0219474 0812198 1333655 0030705
 0449911 0333052 2607870 0557702 1272706 1704674 0557702 1272706 1704674 0349966 1337208

 0185117 0079419 1705526 0033684 1704222 0017337 1514468 1518422 0030705 0949466 0005863 0002778 0936012 1524024 1705493
 0038164 0033684 0205448 1518422 2828366 1708639 0442757 0439086 2827736 2981702 0283766 0050718 0205448 1708639 0010453 0016030 1708639 0439086 2827736 2981702 0439084 0728893 1292425 0439227 1708639 0443640 0003241 0205369 1522240 1552740 0079419 1705526 0219474 0812198 1333655 0041348 2937342 0025663 0205155 0449851 0871511 1293097 1444656 1522472 1552923 1705191
 1511726 3245479 0016030 1301820 1518422 0030705 0683521 1707156 3274014 3541345 0020281 0232117 0391850 1515981 1947910 1707156 3274014 3541345 0002778 0444686 0936012 1441506 1443182 1524024 0185117 0205112 0439165 1549488 1561533 1882115
 0042295 0369637 0441923 0681814 0370003 2347026
 0369773 2603361 0042295
 1883351 1517378 0233820 0016030 1292732 1314939 0449438 0020281 0039798 0087111 1515981 1522326 1533734 1705169 3538994
 1519063 0031715 1158886 0030685 0391871 0439180 0680255 1283071 1963578 1817303 0079419 1705526 1519063 0031715 1158886 0205263 2266866 0205177 0439167 0441655 1561536 1817303
 0150312 0031715 1158886 0205251 1299352 1550472 0205217 0232117 0311404 0391850 0442805 1947910 0370003 2347026 0349966 1337208 1547282 0205132
 0031715 1158886 0016030
 0868928 1706255 1706256 1708639 0349966 1337208 0031715 1158886 0205250 1299351 2700149 0020281 0205216 0392756 0442797
 0205448 0370003 2347026 0205132 0031715 1158886 0205251 1299352 1550472 0020281 0205217 0442805
 0031715 1158886 0205250 1299351 2700149 0020281 0205216 0392756 0442797
 0456148 0549184 0370003 2347026 1518422 0439092 0547044 0449774 0031715 1158886
 1274040 1546471 2825142 0019409 1705535 0684336 0182953
 0449911 0333052 2607870 0557702 1272706 1704674 0557702 1272706 1704674 0349966 1337208

 0449438 0016030 1518422 0030705 0557651 2603343
 0033684 0205447 2828366 1518422 1708639 0205449 1708639 0442749 0439084 0728893 0010453 0016030 1708639 0439086 2827736 2981702 0439084 0728893 1292425 0439227 1708639 0003241 0079419 1705526 0443640 0003241 0205369 1552740 0020985 0079419 1705526 1444656
 0520510 0557061 2584313 2985663 0557651 1514811 1706462 2603343 0871261 1704632 1706817 2911692 3263722 3263723
 0016030 0030705 0150312 1883351 0020281 0205263 1707455 0016030 0681850 1550501 1706203 2349001 2697811
 0441712 1706376 0684336
 0683954 1274040 1546471 2825142 0007587 0007634 0011065 1269647 1306577 1704653 1948049 1280519 1704419 0030705
 0205435 1279901 0036667 0312418 0427965 1511883 1522640 2346484 2349185 3263722 3263723 0162772 0678226 0030054 0043194 0205216 0205332 0258432 1421478 1705920 2698977 3146286 0012860 0010957 0012854 1883709
 1511726 3245479 1705535 0682524 0007600 0016030 0007634 0205132 1269647 1301820 1704653 1948049 2348205 1515926 0449432 1704259 1705987 1441672
 0444930 2746065 0220825 0439792 1157283 0011503 0220781 0439634 0444706 0700307 1522492 3541902
 0162772 0030054 0205332 0277793 1261512 1304680 1705920 0018321 1709915 1882936 1145667 1167622 0001407 0010843 0015127 1524003 1881865
 0683946 0947630 0441889 0012929 1819717 0006104 0012854 0026237 0205250 0521451 1269537 3163633 0080103 0205345 1547039
 0024264 0030705 0205409 1548221 0441889 0243148 1550141 1882979 2587213 3274648
 1274040 1546471 2825142 1518422 1547282 1705241 1705242 0011503 1829939 0030705 1705535 0162772 0030054 0205332 1705920 1265611 3146294 1515273 1705313 2826302
 1883708 0036667 0312418 0427965 1511883 1522640 2346484 2349185 0020281 0007634 0178539 0684336 0871261 1704632 1706817 2911692 0015127 1524003
 0871261 1704632 1706817 2911692 0012860 0010957 0012854 1883709 0007634 3282337 0237477 0392351 0007586 1155839 0007634 1269647 1511572 1704653 1948049 0683607 0012899 0043240 0374711
 0150312 0449450 0557651 2603343 0007586 1155839 0007634 1269647 1511572 1704653 1948049 0520511 1704711 0040077 0243126 0444706 1442460 3541902 0002778 0936012 1524024
 0025664 0449851 1947971 1274040 1546471 2825142 0016030 1547282 0015663 0456962 0221198 0311404 0521108 1546698 2004454
 0439227 0520511 1704711 2348205
 0439792 0012860 0010957 0012854 1883709 0016030 1547282 1705654 2986904 3266896 0205263 0857127
 0033684 0032214 0600138 0035820 1705810 0012860 0010957 0012854 1883709 0079419 0080055 1705526 0079427 1325410 1416746 1862225 1422348
 0079419 1705526 0040648 0040649 1521761 2827422 0243148 1550141 1882979 2587213 3274648 1155873 1516332 0237477 0392351 0007586 1155839 0012899 0012854 0043240 0374711 0162638 0282443 1552617 0042789 1947903
 0332282 0332157 0274281 0079419 1705526 0205145 0031727 0332257 0108554 0054846 0007332 0021966 0031727 0221138 0031727 0212694 0032545 1418707 0033640 0031727 0033684
 0392747 1554963 1515877 1879547 0079419 1705526 0683607 0033684 0007610 1883351 0162326 0012854 0205369 1145667 1167622 1552740 1883351 0017337 0332257 0312740 1333655 0007587 0007634 0011065 1269647 1306577 1704653 1948049 0219474 0812198
 0332268 0427385 1318444 0031437 0441636 1282927 1155873 1516332 0237477 0392351 0334094 0521110 1274040 1514485 1546471 2825142
 0016030 0079419 0085390 0019904 0332325 2827757 0015272 3159226 0162638 0079419 1705526 1883559
 0150312 0449450 0557651 2603343 0016030 0700364 1883351 0439808 0019409 0684336 0459424 1550399 0031715 0205161 0449438 1158886 1274040 1546471 2347472 2699333 2825142 0012634 0348080 1705253 0332268 0079419
 0543488 0370003 2347026 0205132 0349966 1337208 1550648 1552960 0205132 0349966 1337208 1550648 1552960 0441889 0012634 0348080 1705253 0015272 0220912 0220913 0311392
 1521970 1706388 2346469 2348519 1518422 0205246 0370003 2347026
 1707959 0007600 0007634 0205132 1269647 1550648 1552960 1704653 1948049 1547282 0185117 0031715 1158886
 1274040 1546471 2825142 0019409 0012634 0348080 1705253
 0079419 1705526 1336776 0040649 0745732 3272378 0687676 1704687 0030012 0443264 0851285 0038817 0376223
 1274040 1546471 2825142 0010654 0205455 0205458 1709915 1882936 0079419 1705526 1511662 1148673 0012854 0205099 0243122 0392752 1145667 1167622 1879652 1880389 1883221 3541951 0348078 0376315 1522492 1511997 0012771 0392747 0450363 0175168 1510464 0205449 0678594
 0026377 0079419 1705526 2698977 1332838 0017337
 0150312 0449450 1518422 0332268 1550399 1274040 1546471 2825142 0079419 1705526
 0007634 3282337 0332157 0445550 1708745 0020281 0178602 0205251 0205341 1299352 1550472 0332325 2827757 3151529 1705535 0007634 3282337 1515877 1879547 1709697 2728259 3484370
 1316572 1317574 1369612 2984374 1704259 1705987 0030705 0332268 0007587 0007634 0011065 1269647 1306577 1704653 1948049 0205216 0392756 0442797 0205171 0439509 1720467
 1290905 0162772 0030054 0205332 1705920 0205263 0007587 0007634 0011065 1269647 1306577 1704653 1948049 0332257 0027540 1334928 0162638 0162638 1880177 0007587 0007634 0011065 0205171 1269647 1306577 1704653 1720467 1948049 0162772 0030054 0205263 0205332 1705920
 1511726 3245479 0022877 1301820 3244292 1705535 1518422 0016030 0871261 1704632 1706817 2911692 0162638 1705535 0684336 0001721 1704259 1705987
 0006104 1269537 0489460 1514873 0030055 1305742 0009830 0030054 0871208 1521828 1947907
 0699759 0162429 2987487 0178784 1707455
 0040223 3541383 0332268 0006104 0030705 0150312 0449450 1269537
 0205238 1883351 1705535 0684336 0012860 0012899 0010957 0012854 1883709 1273518 0007634 3282337 0040649 0314627 0017337 0031843 0376558 0392747 0542341 0700205 1705273
 0947630 1272688 1280477
 1707478 0557651 2603343 1547282 1515926 1314939 0036658 0012899 0012860 0599732 0010957 0012854 1883709 0030705
 0311392 1547188 1261322 1552578
 0043227 0449719 1521721 1709471 0016820 0013621 0013622 0013658 0039401 0041740 0035168 0242481 0018684
 1514811 1706462 0520510 0557061 2584313 1514811 1706462 0369637 0441923
 0369637 0441923



 0205090 0684010 2603358

 1159301 0030011 0033684 0002395 1521724 0012634
 0027910 1552241 1555991 0025141 0369718 0441922 1553036

 1314939 0243107 0678723 1527148


 0025141 0331936 2603362


 0002367 2348254 0205263 0441471 3541888 0080103 0869014 0035820 1705810 0002395 1521724 0012634
 0027960 0324740 0439189 1456781 1824986


 1553033 2603360 0016327 0439133 1553038 0369637 0441923
 2603360 0439267

 0441889 0456079 1547707 2946261 0229613 0392747 1167770 0030705 0276496 0277558 0002395 1521724


 0025141 0439394 1706495 3642217 0205090 0684010 2603358


 0021467 0021469 1628982 3463820 1514468 0017789 0086597 0127400 0220839 0010453 0682702 0007765 0010837 0027882 0993609 1707522
 2347379
 2827734 2981698 0025141 0016327 0439133 1553038 0439394 1706495 3642217 0439394 1706495 3642217 2603362 2603362

 0282636 0025519 0025520 0002395 1521724 0012634 0205422 1441547 3245521 0030705


 0025141 1003001 0597277 1708601 2603360 0439267 1553033

 0086168 0162638 0007634 1709305 2745955 3282337 3495095 0019425
 0029016 0025141 0597277 1708601 1553033 0369718 0441922 1553036 0337799


 0002395 1521724 0012634 1515926 0007634 3282337 0025936 0003069 0025914 0025929 0026809

 0451119 1444662
 0025141
 2603360

 2347469 0205090 0684010 2603358
 0861352 0597277 1708601
 0597277 1708601
 2347469

 0249197 1705522 1363844
 0007634 1269647 1704653 1948049 0025141 0205090 0684010 2603358


 0003402 0242606 0038435 0311404 1285162 0027765 0012634
 1418943





 0439267
 2347469 0439394 1706495 3642217 1553033

 0205090 0684010 2603358 0369637 0441923 0439267

 3642141 0002085 0011269 0005847 0011265 0497327 1558950 1801960
 0011265 0497327 0025141
 0369637 0441923 0369773 2603361


 0185117 2753994 0524550 2984260 0015249 0015252 0017428 0028630 0043240 0205246 0374711 0442799 0728940 0887950 1514873 2348867 0395089 0016030


 0201682
 0439394 1706495 3642217 0439267 2603362
 2347469 0205090 0684010 2603358 0439267 0205090 0684010 2603358 2603362

 0005516 0002395 1521724 0012634

 0439267 0205090 0684010 2603358 2603362

 0030011 0037083 0449913 1553451 1704459 0030705
 3642273
 0025141
 0033727 0369286 0441932 0564385

 0007585 0007634 0010453 0220814 0430400 1269647 1704653 1948049 2242979 3161035 0038836 0020281 0020275 0031180 0523702 0885426 0242706

 2347379
 0025141 2603360
 0369637 0441923 0369637 0441923

 0243148 1550141 1882979 2587213 3274648 0027651


 0025141 0016327 0439133 1553038 0439267 0369637 0441923

 0013081 0030705 0002395 1521724
 0027855 0000857 0600678 1552863 0369637 0441923 1422348 0369637 0441923

 0035820 1705810 2984374 0079419 1705526
 0007587 0007634 0011065 1269647 1306577 1704653 1948049
 0025141 0369773 2603361

 0443264 1624609 1148673 0004793 0012854 0162326 0162327 0205369 0243122 1145667 1167622 1519249 1552740 0021135 1533691 2827718
 2347379
 0000857 0600678 1552863 0597277 1708601 0369718 0441922 1553036 0205090 0684010 2603358 0369773 2603361 2603362
 0369773 2603361 1431628
 0016327 0439133 1553038


 0282413 0005516


 0450385 0025141 0597277 1708601
 0369718 0441922 1553036 0369773 2603361 0205090 0684010 2603358 0522501 0205090 0684010 2603358 0369637 0441923
 0369773 2603361
 0205090 0684010 2603358 0369637 0441923
 0369637 0441923


 0162772 0030054 0205332 1705920 0235032 0002395 1521724 0012634 0332281 0078939 0611285 3484390 0002716 0011560 0030956 0330390 0439096 2004068

 0027976 1879958
 0268596 2700624
 3642273
 0025141 0597277 1708601 0369637 0441923
 1006780 1864650 0033727 0369286 0441932 0564385
 0205090 0684010 2603358 0205090 0684010 2603358


 0259857 1514534 0002778 0936012 1524024 0058505


 0331842
 0369637 0441923
 2347469 0369773 2603361

 2347469
 2603360

 0005532
 0007634 1269647 1704653 1948049 0871261
 0022877

 0450388 0025141 0205090 0684010 2603358 0439267

 1519063 0031715 1158886 1514873 1883351 1515877 1879547 0079419 1705526 0041625 0034519 0560559 0851346 1522449 1524020 1524021
 0029016 0025141 0369637 0441923
 2347469
 0007294 0560175 1706209 3273162 0016327 0439133 1553038 1708586 2603360
 2347469
 2347469


 0079419 1705526 1333655 0332452
 0007634 0450389 1269647 1704653 1948049 0025141 1416746 1862225 0439394 1706495 3642217


 0079419 1705526 0681797

 0025141 0369718 0441922 1553036
 2603362
 0369773 2603361

 0851285 1327622 0871261 1704632 1706817 2911692 0012860 0010957 0012854 1883709
 0029016 0025141 0369637 0441923

 0402644 2603362
 0369637 0441923
 0205090 0684010 2603358

 0162781 0001128 0076442 0202406 0205332 0439861 0243102 0443158 1148564 0014442 0205177 0439167 0441655 1561536 0002395 1521724 0012634
 0027855 0000857 0600678 1552863 0369637 0441923

 0369637 0441923
 0369773 2603361
 0205090 0684010 2603358

 0205250 3163633 0048297 0002395 1521724 0012634

 0001811 0025141
 1553033 1553033 0597277 1708601

 0369637 0441923
 0439394 1706495 3642217

 0178796 0243102 0086439 1148564 0014442 0205177 0439167 0441655 1561536
 1417055

 0439509 0025141 0522501 0205090 0684010 2603358

 0369637 0441923 0369637 0441923
 0369773 2603361

 0078939 0611285 3484390 0002716 0011560 0030956 0330390 0439096 2004068 0178237 3263722 3263723
 0027960 0324740 0439189 1456781 1824986

 0025141
 0205090 0684010 2603358 0369637 0441923


 0048297 1514468 1704444 0006104 0205217 0442805 1269537 0002395 1521724 0012634

 0001811 0025141 0369773 2603361 0369637 0441923
 0016327 0439133 1553038

 0012860 1096176 0010957 1883709 0002395 1521724 0277564 0012634 0205217 0442805


 0025141 0369773 2603361 0369637 0441923
 2603360 0016327 0439133 1553038 0205090 0684010 2603358

 0012860 0010957 1883709 0024264 0030705
 0027855 0000857 0600678 1552863 2603360 0033727 0369286 0441932 0564385
 0439267 0861352 0033727 0369286 0441932 0564385
 0597277 1708601
 2347469


 0079419 0080055 1705526 0079427 1325410 0182953 1704734 1704735 0017262 0812198 0017337 0185117 1515655 0021135 1533691 2827718
 0029016 0025141 0369637 0441923

 0439849 1705630 1706279 3540605 0243148 1550141 1882979 2587213 3274648 0162638 0007587 0007634 0011065 1269647 1306577 1704653 1948049


 0439084 0728893 0025141 0562547 0205090 0684010 2603358 0597277 1708601

 0030012 1301808 1442792 3148680 1624609 1148673 1817303 0243122 1145667 1167622 0205370 0205369 1518422 1552740 0012854
 2347379 0028606
 0597277 1708601


 0205090 0684010 2603358 0597277 1708601
 0369773 2603361 2347469
 0369773 2603361

 0003402 0039798 0087111 1522326 1533734 1705169 3538994 0002778 0936012 1524024



 0025141 1553033 0205090 0684010 2603358
 0439267 0369637 0441923
 0205090 0684010 2603358 0597277 1708601 0369773 2603361


 1336646 0969677 1142098 0087096 0439095 2003941 2350010 3255108 0039798 0087111 0238767 1522326 1533734 1705169 1706086 3538994 0002395 1521724 0012634
 0557651 2603343
 0369718 0441922 1553036
 1414400


 1135885 1412430
 0597277 1708601 0369773 2603361
 0205090 0684010 2603358 0369637 0441923
 0369637 0441923

 0392747 0443172 0456603 1547037 0242606 0038435 0311404 0302583 0376520 1166521 0162638 0332281 0002367 0027746 0205263 2348254 0012655 0220898 1264642 1547045
 0597059 0025141 0021966 0221138 0439267 0369718 0441922 1553036

 0392747 0443172 1705241 0016030 0012860 0010957 0012854 1883709 0015127 1524003 0184512 0079419 1705526
 0027960 0324740 0439189 1456781 1824986
 0007634 1269647 1704653 1948049

 0369637 0441923
 0597277 1708601 2347469
 0369718 0441922 1553036

 0005507 0243073 1510438 0050078 0005516
 0016693

 0025141 1416171 1422188 0033727 0369286 0441932 0564385 0597277 1708601

 0033727 0369286 0441932 0564385 1551910 2347469
 0439267 0562547 3160718 2603362


 0001811 0392747 1155291 0149784 0871261 1704632 1706817 2911692


 0442757 0439086 2827736 2981702 0025141 0038817 0376223 0439394 1706495 3642217


 1158770 0851285 1327622
 0016693

 0025141 0336852
 2603360 0033727 0369286 0441932 0564385
 0205090 0684010 2603358 2603360 2603362
 0033727 0369286 0441932 0564385

 0085151 3538722 1456454 0033665 0002716 0011560 0033684 0611285 1709634 0018790 0237477 0392351 0521111 1151460 1622683 0205177 0439167 0441655 1561536 0018969 0205217 0235032
 0027882 0025141 0554249 0369637 0441923
 2603362
 0439267 0439394 1706495 3642217
 0369637 0441923

 0002395 1521724 0012634 0018969 0018966 0030065 1622683 0205420 0003316 0205263 0392747 0700307 1554963


 0025141 0439267
 0369637 0441923
 0369773 2603361

 0851285 1327622 0022023 0003402 1515981 0423866 2626739 2266866 0205177 0439167 0441655 1561536 0474395 0373587 0428575 0441889 0456079 1547707 2946261
 0027960 0324740 0439189 1456781 1824986
 0007634 1269647 1704653 1948049

 0000857 0600678 1552863 0582525 0439267
 0016327 0439133 1553038

 1704259 1705987 1511986 0035820 1705810


 2347961
 0450348 0025141 1706852 2984374 1704259 1705987
 1527021 1554111 1705606 3541382