 0165073 0033414 0007620 0038952 0220921 0334227 0018790 0237477 0392351 0521111 0038435 0458082 0162638 2984580 0013227 0205263 1254351 0812987 0085999 0021966 0221138
 0042753 1256310
 0597277 1708601
 1517306 1513817 0205099 0031525 0205099 0036375 0031525 0030853 0034036 0034037 1514756 1704324 0348078 0376315 1515981 1522492 1527075 0557061 2584313 1514811 1706462 0165073 0015576 1704727 0033684 0027882
 0332185 1955473 0150312 0165073 1279941 0006141 0205087 0205390 0547043 0680220 0814230 0851285 1268990 1282911 1300072 1306673 0029925 1140680 0006826 0205065 0998265 1306459 0185117 2349975 1519697
 0557651 2603343 0150312 0165073 0332281 0018284 0026249 0031727 0205164 0205448 1879547 0600388 0752312 0087044 1333498 0033640 0031727 0033684 0082529 0380051 0248813 1367731 1418485 0872123 0872053 1334482 1367019 1707271 0162508 0031727 0205088 1553033 1705314 1705315 3536909 1367731 1705632 1547282 0165073 2346661 0023175 0082529 0181586 1442948 1522538 1879547 2348269 3275067 0013081 0851285 1327622 0423866 2626739 0871261 1704632 1706817 2911692 1167395 1710082 0871732 0332257 0041625 1961129 0104238 0282498 0018837 0036974
 0392366 0165073 1879547 0812987 0013227
 0150312 0007634 3282337 0332325 2827757 0042670 0007634 0030551 1707455 3282337
 0332325 0237834 1514892 0700134 0205177 0439167 0441655 1561536 0311403 1524063 1999216
 1879547 0291573 0010656 0042670 0851285 0423866 2626739 0007634 3282337 0144576 0162638 1704259 1705987 0028778 0165073 0332206 2983591
 0144576 0042670 0015133 1518422 1515877 1879547 1150587 1367731 1705632 0185117 0542119 0728866 0728867 1301751 1411996 1280500 2348382
 1883727 1883357 1511726 3245479 0165073 0518181 0006141 0243107 0678723 1268990 1527148 1880177 0029925 1140680 0334227 0919267 0006826 0205065 0998265 1306459 0012634 0348080 1705253 0237834 1514892 1515981 1999230 0013227
 0557061 2584313 1514811 1706462 0006142 0678222 0006141 0007097 1268990 3262232 3262233 0007465 0804771 1516195 0015127 1524003 0043210 0376556 2700280
 0041703 1301808 0166872 0205171 0439044 0679994 0868928 1533148 0011900 0332181 0205172 0439509 0012634 0011065 0231800 1704631 0439234 0439508 2827734 2981698
 0677886 0029925 1140680 0006826 0205065 0221908 0998265 1306459 0549178 1883351 0007465 0804771 0015127 1524003 0006826 0041703 1301808 0166872 2827734 2981698 0740116 2827735 2981700
 0043210 0041703 0029925 1140680 0006826 0205065 0998265 1306459 0043210 0012634 0011065 0231800 1704631
 0006141 1268990 1516195 0015127 1314792 1524003 0029925 1140680 1837655 1314939 1516998 0019932 0314657 0012655 0017296 0220898 0314603 1264642 1547045 1705285 0017296 0314603 0392747 0443172
 0006826 0998265 1306459 0441835 0441833 0687744 1257890 1552516 1705428 1705429 1515926 0205396 1550043 1551388
 0237753 0449788 0868928 1533148 0439084 0728893 0026882 0439660 0449234 1704772 0919453 0029016 0919437 0006142 0678222 0006141 0006826 0012655 0017337 0220898 0998265 1264642 1268990 1306459 1547045 0294028 0598034 0282443 1425988 1709940
 0680220 0043210 1709305 2745955 0023882 0700321 2700395 0241889 1705495 0015576 0019664 0019665 0262512 0262926 1704727 1705255 2004062 1853126 1527178 1874451 0205169 1704788 3539106
 0015264 0017337 0243107 0678723 1314939 1527148 0242656 0449258 0029925 1140680 0006826 0205065 0998265 1306459 1955473 1273517 0449445 1292724 1519516 0150312 0165073 1335851 1709991 0029016 0919437 0006142 0678222 0006141 0006826 0017337 0205369 0998265 1268990 1306459 1552740 1335851 1709991 2827734 2981698 1279941 0006141 0205087 0205390 0547043 0680220 0851285 1268990 1282911 1300072 1306673 0439084 0728893 0029925 1140680 0006826 0205065 0998265 1306459 0740116 1883712 2827735 2981700 1547282 1707520 0027646 0441904 0804824 0332305 1705535 0165073 0005516 0205390 1300072 1306673 0006141 1268990 0029925 1140680 0006826 0205065 0998265 1306459
 0947630 0443289 0185117 1458155 0431085 0861064 0006141 0007634 0023175 0027651 0181586 0205217 0442805 1268990 1301757 1442948 1522538 1578706 2348269 3273930 3275067 3282337 0596290 0007634 0334094 1269647 1514485 1704653 1948049
 0165073 1335532 0015576 1704727 0027882
 0542341 1518422 0162340
 0680022 0165073 0205543 1691010 1883351 0380919 0449432 1705248 0085151 3538722 1456454 0033665 0002716 0011560 0033684 0611285 1709634 0165073 0205543 1691010 1883351 0245467 0033684 0006104 1269537 0206181 0150312 0205088
 0165073 0205309 0753208 1335851 0206417 0017070 0040995
 0753208 1335851 0086282 1611821 0680022 2698041 0205250 0441889 1299351 2700149 0035298 1278894 0441889 0441994 1515981 1548802 2003888 0006104 1269537
 0033684 0332256 2700400 1880389 1883221 3541951 1705417 0042333 0205419
 0033684 0332256 2700400 0205451 1880389 1883221 3541951 0165073 0205452
 0162808 1514562 1880389 1883221 3541951 0205197 0332307 1547052 0150312 0449450
 0332307 1547052 1316572 1317574 1369612 0205341 1547730 1705914
 1514562 0040223 0205341 0205452 0205453 1632851 0449719 0033684 1705535 0871161 1292721
 0017337 0024779 0026045 1706473 0009219 0015295 0205451 0035696
 0165073 0001128 0205166 1706317 0205280 1335665 0033684
 1883712 1707455 0165073 0165073
 0282416 1561607 0165073 0237876 0002518 0002520 2917660 0001128 0004793 0162326 0162327 0202406 0424215 1519249 2003939 0165073 0753208 1335851
 0165073 0165073 1522427 0035820 0237881 0750502 1546944 1705810 1880022 0524851 0012634
 0596611 0026882 0205396 0521114 0522498 0598429 1514917 1550043 1551388 0030567 1521736 2681933 0012634 0205418 0225328 0599878 1521970 0085200 0242821 1995017 3148985 1844596 2674684 0085103 3548404 0085103 0205402 0205419 0752347
 0542341 0205170 1880022 3146287
 0165073 1709915 1882936 0237876 1334043 2697616 0015576 1704727
 0018896 1552861 0086982 0037080 0037083 1160185 1704259 1705987 1710082 0039869 1883351 0079613 1947931 1149290 0033640 0033618 0242210 1149289 0031727 0033684 0243122 0440102 1145667 1167622 0587267 1514583 1710236 0815047 0033684 0220905 1704735
 0036720 1145667 1167622 1709915 1882936 1511545 0031678 0007613 0007634 0542341 1269647 1314939 1704653 1880371 1948049
 0165073 0006104 1269537 1547282 1883351 0243041 0750490 1706221 3539645 0205169 0812215 1706586 2746015 1425569
 0165073 1145667 1167622 0205169 1446659 2700455 0026045 0085401 1421563 0026046 0033684 0332281 1720655 1947974
 0017446 0205147 1334043 2697616 0090388 1421563 0165073 0165073 0700364 1883351 0038164 0033684 0079613 0243041 0021135 1533691 2827718 0332621 0439168
 1883351 0018896 1552861 1517331 0165073 0443211 0035820 1705810 0029925 1140680 0006826 0205065 0998265 1306459 0033684 1706202 0165073 0205396 1550043 1551388 0018284 0026249 0031727 0082529 1879547 1367731 1705632
 0557651 2603343 1999230 0332120 0165073 0027651 0243107 0678723 1527148 1578706 1880177 3273930 0334227 0006826 0007634 0998265 1306459 3282337 0012634 0348080 1705253 0443264 1621396 1704259 1705987
 1883712 1441672 0144576 0007587 0007634 0011065 1269647 1306577 1704653 1948049 0165073 0013227 1515187 1280500 2348382 1621396 0162638 1704259 1705987 1518422 1280519 1704419 0185117
 0557061 2584313 1514811 1706462 0034760 0003241 0144576 0042670 0015133 0869011 1719918 3538743
 0755562 0072149 0869011 0043193
 0082529 0170168 1150579 1624602 0005574 1301820
 0082529 1624602 1371607 0037083 0007634 1269647 1301820 1704653 1948049 3537152
 0086418 0165073 0442818 1514798 0165073
 0740116 2827735 2981700 1979003 0312586 0003241 0021027 0086418 0165073 0442818 1514798 0165073
 0359168 0086418 0442818 0165073
 0007585 0007634 0010453 0220814 0430400 1269647 1704653 1948049 2242979 0040669 0009458 0325564 0392747 0439536 1314677 1551720 1705217 3244283
 0427861 1947950 0553257 0007634 3282337 0009458 0325564 0392747 0439536 1314677 1551720 1705217 3244283 1576824 3661596 0034354 0037473 0244104 0597484 0242295 1947943 2348609 0311461 0002525
 1883351 1706214 3244320 0032136 0205136 0086418 0165073 0006556 0032520 0677874 1883178
 0034760 1826357 0040669 1273517 0598091 0007600 0007634 0205132 1269647 1704653 1948049 0052009 1707391
 0185117 0165073 0521093 0020985 0750484 0003241 0021027
 0039798 0087111 1522326 1533734 1705169 3538994 1710082 0013227 0039798 0087111 1522326 1533734 1705169 3538994 0007634 3282337 1548982 1720092 1720830 1823521 1948045 1282930 1522449 0457242
 0009458 0439536 1705217 3244283 1139930 1524062 0039798 0087111 1522326 1533734 1705169 3538994
 0596836 0522510 0086894 0444706 0475209 0851346 1706378 2314876 3541902
 0282498 0018837 0036974 0206243 0699809 1419782 3538774
 0074719 0037473 0052418 0597484 1273517 1883351 1292734 1522326 0007634 3282337
 0144576 0042670 0015133 0755562 1549535 0007634 3282337 0332293 0678756 0013227 0086045 0440102 1522326 0681814 1444656 1706386
 1449705 0021069 0007634 3282337 1548982 0456963 0009264 0009443 0020746 0234192 1720725 1948050 1720830 1823521 0020746 0006353 1882074 0020283 0450407 0450408 0450409 0037494 1959973 0074764 0034320 3252566 0377349 0017881 0037508 1366571 1705592 0031493 0016327 0146951 0133689 0242759 0205474 0150312 0332285
 0440266 0007703 0849355 0450376 0060916
 0427716 1304757 0086045 0249069 0005507 0033684 0034760 0243073 1510438
 1720830 1823521 0036681 0450376 1548982 1720725 1720830 1823521 1948050 1881488 1292426 0450376
 0991566 1548982 0040223 1632851 0006353 0370003 2347026 0242301 1546559
 0600209 0013855 0086972 0443299 0687118 1704732 0017243
 0020985 1709793 0033684 0600209 0017243 0086972 0443299 0687118 1704732 0071710 0123400 0025255 0063412 0348011 0596901 1706182
 0003241 1720119 1948037 2827734 2981698 0003241 1720119 1948037 2827734 2981698 1551491 0027971
 0034760 0006037 1273517 1511790
 1524063 0025255 0042153 0445247 0457083 0596901 1706182 1947944 2986904 0003241 0021027 0006353 0020898 0021764 0022271 1273517 1883351 1321564 0025255 0596901 1706182
 1274040 1546471 2825142 1524063 1704254 1704922 3542466 0027468 0018684 0021622 3245503 0178587 0175723 0439645 1521913
 0291988 1150423 0005507 0031727 0205177 0243073 0439167 0441655 1510438 1561536 1150423 0205177 0439167 0441655 1561536 0444706 3541902 1524063 0039421
 0033684 0162768 0033621 1168438 1418943 3536909 3540567 0033684 0332466 0991566 1293131 1439852 0439583 0450376
 0441648 0033684 0006353 0031727 0443286 1114821 1439852 0242295 1947943 2348609
 1883351 0079809 0242485 0205177 0439167 0441655 1561536 3536909 0600209 0442726 1511790 1704732 0020985 0039421 0037083
 0005507 0243073 1510438 0007620 0007620 0007634 0443348 1269647 1704653 1948049 0041213 0005507 0243073 0680251 1260957 1510438 1565627 2828389 0005507 0243073 1510438
 0005507 0243073 1510438 0041213 0007634 3282337 0041213 1260957 1565627 2986582 0702093 0450346
 0007584 0237753 0449788 2986582 0007634 3282337 2986582 0181839 1706379 0750480 1705566 1524063 0181168
 0005507 0243073 1510438 0007585 0007634 3282337 1439852 0205474 1292426
 0010813 0596311 1330957 0030695 0150369 0181904 0596972 1521743 1704646 1524063 0182258 1514743 1706461
 1150130 0005507 0010656 0205177 0243073 0439167 0441655 1510438 1561536 0005507 0243073 1510438 0072149 1273517 1883351 0442726 1150132 1150130 0205177 0439167 0441655 1561536 0291573
 0600500 0967499 1259541 0391871 0600500 1283071 1412573 1710236 2350443 3539770 0291573 0010656 1881488 0030695 0150369 0181904 0596972 1521743 1704646 1524063 0182258 1514743 1706461
 0871424 0002778 0936012 1524024 1444656 0022885 0038492 0039593 0392366 1551041 1552573 1273517 1883351 0022885 0039593 0237881 0392366 0750502
 0557061 2584313 1514811 1706462 0185117 0085983 0007600 0205132 0684224 0700287 3496591 0165073 0205250 1279941 0006141 0205087 0205390 0680220 0814230 1268990 1300072 1306673 0919267 0027651 1705535 0035820 1705810 0243107 0678723 1527148 0012634
 1883351 0018896 1552861 0165073 0443211 1272684 1515654 3161035
 0085983 0165073 2936239 0553257 0007634 3282337 1518422 0165073 0165073 0086022 0442335 1705099 0205171 0439044 0679994 0052009 1707391
 0439158 0005863 1171362 0033684 0439158 1709595 2349200 0007600 0007634 0205132 1269647 1704653 1948049 0349966 1337208
 0007600 0007634 0205132 1269647 1704653 1948049 0165073 0165073 0007634 1441547 3245521 3282337 0165073 0205132 1552738 0349966 1337208
 0007634 3282337 2986483 0040223 0205173 1705764 3541383 0007600 0007634 0205132 1269647 1704653 1948049 1511726 3245479 1518422 1547282
 0449911 0333052 2607870 0557702 1272706 1704674 0557702 1272706 1704674 0349966 1337208
 2827734 2981698
 0205136 0165073
 1881488 0007634 0444667 1269647 1704653 1948049 0007634 3282337 0600209 0936012 1704732 0020985
 0165073 0005863 0740116 2827735 2981700 0312586 0003241 0021027 0205369 1552740
 0428479 0441889 0020985 0220825 0369998 0003242 1718641 0001271 0003241 0021027
 0237753 0449788 1882932 0439148 1519795 1516050 1552601
 0428479 0033684 0441889 0001271 0033684 0441889 1882115 0428479
 0681493 2698021 1882932 0681814 1547282
 0038137 0175675 1532717 0205091 1444656 1552822
 0165073 0291988 0031727 0165073 0332185 0684224 0700287 3496591 1883351 1145667 1167622 0031727 0170168 1150579 1947931
 0220825 0165073 0031727 0031727
 0449445 1292724 1449705 0085732 1299581 0165073 0380051 0031727 0031727 1518422 0349966 1337208
 0521093 0750484 0165073 0332281 0082529 0205170 3146287 1367731 1705632 0349966 1337208 0332290 1524063 0007600 0007634 0205132 0521390 1269647 1550648 1552960 1704653 1948049
 1511726 3245479 0165073 0082529 1367731 1705632 0205136 0033684
 0449911 0333052 2607870 0557702 1272706 1704674 0557702 1272706 1704674 0349966 1337208
 0740116 2827735 2981700
 1704675 0165073 1150587 1367731 1705632
 1881488 0061057 0439095 2003941 2350010 0301871 0003241 1518422 1547282 0025664 0184661 1517586 1552738 2700391
 0033684 0020985 0205396 1550043 1551388 0003241 0082529 1367731 1705632 0740116 2827735 2981700 0312586 0003241 0021027 0205369 1552740
 0038137 0175675 1532717 0205091 1444656 1552822
 0175723 0439539 0023693 0337112 1306462 1524075 1881376 1444656 2945706
 0205177 0439167 0441655 1561536 0007634 3282337 0205136 0165073 0205117 0332282 1883708 0220825 0872079 1704675 0001721 0205177 0439167 0441655 1561536 1367731 1705632 0042789 1947903
 0334227 0006826 0007634 0998265 1306459 3282337 0205136 0165073 0082529 1879547 0205217 0442805 0740116 2827735 2981700 0332462 1880834 0020985 0332120 0003242 0443640 0003241 0021027 0349966 1337208
 1979874 0165073 0700364 1883351 0023882 0700321 2700395 1301751 1280500 2348382 0165073 0150312 1883351 0332281 1552738 0349966 1337208 1547282 0007634 3282337
 2936239 0007634 3282337 0441889 0456079 1547707 2946261 0185117 1518422 0442805 0441889 0456079 1547707 2946261 0450365 1706097
 0204514 0002778 0936012 1524024 1444656 0165073 1518422 0332256 2700400 1880389 1883221 3541951 1705535 1879547 0031727 0086597 0127400
 1150604 1334474 1708799 0082529 1514873 1879547 0871261 1704632 1706817 2911692 0026249 1150604 1334474 1708799 0082529 0086597 0127400 0165073 1514873 1879547
 0007634 3282337 0205136 0165073 0332293 0755562 1150604 1334474 1522326 1708799 1999216 1879547 1260953 0450373 1553636
 1517331 0557651 2603343 1704675 0449438
 0007634 3282337 0332293 0755562 1522326 0229671 1546774 1550100 2348531 0165073 0082529 0150312 0449450 0450375
 1511726 3245479 0165073 0332281 0082529 1879547 1150604 1334474 1708799 2346661 0023175 0082529 1442948 1522538 1879547 2348269 3275067 0007634 3282337 0205136 0165073
 0449911 0333052 2607870 0557702 1272706 1704674 0557702 1272706 1704674 0349966 1337208
 0439086 2827736 2981702
 1879547 0007634 3282337 0205136 0165073
 1879547 2349975 0165073 0205136 0007634 3282337
 1881488 0007634 0444667 1269647 1704653 1948049 1708639 0007634 3282337 0030551 2699423 0007634 3282337 0165073 0600209 0086972 0443299 0687118 1704732 0003241 1548787
 0441889 0082529 0439175 0439810 1524063 0003242 0443640 0003241 0021027 0003241
 0237753 0449788 1882932 0439183 0439148 1519795 0237753 0449788 0439183 0439148 1264693 1516050 1519795 1552601 1704753 1880519 0034754 1882115
 0165073 0220825 0443640 0003241 0683454 0021966 0221138
 0165073 0740116 2827735 2981700
 2347469 1879547 0165073 0007634 3282337 2936239 0007634 3282337
 1881488 0007634 0444667 1269647 1704653 1948049 1708639 0165073 0205136 0007634 3282337 0086972 0443299 0687118 2347469 1882932 0681814 1274040 1546471 2825142
 1553033 0442805
 1511726 3245479 1547282 0681814
 0428479 0439177 0555903 1261360 0033684 0439175 0439810 0441889 0456079 1547707 1882115 2946261
 0441889 0007634 3282337 0036849 1442518 1705195 1705241 1705242 0007634 0030551 1707455 3282337 0369773 2603361
 0449911 0333052 2607870 0557702 1272706 1704674 0557702 1272706 1704674 0349966 1337208

 1514873 1879547
 0007634 3282337 0332155 0332293 1150604 1334474 1522326 1708799 1999216 0755562 1442446 0024348 1708639 1708715
 0349966 1337208
 0439086 2827736 2981702 0003242 0443640 0003241 0021027 1273517 1883351 0442726 0082529 1879547
 0003241 0021027 1273517 1883351 0442726 0428479 0439177 0456948 0555903 1261360 0033684 0441889 0456079 1547707 2946261
 2347469 1704675 0165073 0332291 0082529 0085862 0449438 1299583 1879547
 0007634 1268443 3282337 0009458 0439536 1705217 3244283 1442446 0009458 0229671 0332296 0439536 1546774 1550100 1705217 1880497 1996904 3244283 0024348 0301871
 0033684 0003241 0442726 1511790 0082529 0086418 0165073 0740116 2827735 2981700
 1547282 1882932 1274040 1546471 2825142
 0013081 0851285 1327622 0423866 2626739 0165073 0871261 1704632 1706817 2911692 1710082 1150587 1367731 1705632 0038435 1879547 0332257 0041625 1961129 0023175 0026237 0086597 0127400 0162638 0181586 1442948 1522538 2348269 3275067
 0683317 0441889 0456079 1547707 2946261 0334227 0007634 3282337 0442811 0205251 1299352 1550472 0165073 0205136 0349966 1337208 1518422
 1150587 1367731 1705632 0205250 0007634 0030551 1879547 3282337 0332293 0041625 0349966 1337208 1522326 1961129
 0007634 3282337 0205136 0165073 1879547 0205197 0007634 0028778 0061057 0332206 2983591 3282337 0369773 2603361 0851285 0423866 2626739 0007634 3282337 0332293 0041625 0349966 1337208 1522326 1961129 0282498 0018837 0036974 1511726 3245479 1518422 1547282
 1706968 1879887 0041625 1961129 0700364 1883351 0205369 1552740 0165073 0700364 1883351 0023882 0700321 2700395 1301751 1280500 2348382 0041625 0349966 1337208 1961129 1511726 3245479 1518422 1547282
 0021467 0021469 1628982 3463820 0007634 3282337 0007634 3282337
 0015127 1524003 0007634 0449475 0205369 0332307 1269647 1547052 1552740 1704653 1948049 0185117
 1879547 0074718 0037473 0104238 0597484 0028778 0332206 0439792 1705242 2983591 0165073 0061057 0061057 0007634 3282337 0349966 1337208
 1511726 3245479 1879547 0028778 0165073 0185117 0332206 2983591 1883525 2346866 0007600 0007634 0205132 1269647 1704653 1948049
 0449911 0333052 2607870 0557702 1272706 1704674 0557702 1272706 1704674 0349966 1337208
 0439084 0728893
 0021467 0021469 1628982 3463820 0165073 0871261 1704632 1706817 2911692 0039798 0087111 1522326 1533734 1705169 3538994
 0061057 0330390 0439096 2004068 0007634 3282337 0041701 0332293 1522326 1704620 0332293 0041625 0457242 1522326 1961129 0007634 3282337 0024348
 0441655 0005507 0031727 0243073 0936012 1510438 1524063 3536909
 3536909 0020985 0220825 0051967 0003242 0443640 0003241 0021027 0025664 0184661 2700391 1522508
 0428479 0033684 0441889 0165073 0020985 1150587 1367731 1705632 0003241 0021027
 0237753 0449788 1882932 0439183 0439148 1519795
 1547282 1882932 1274040 1546471 2825142
 0441655 0441889 0444706 3536909 3541902 0439177 0555903 1261360 0033684 0439175 0439810 0441889 1150587 1367731 1705632 1882115 0428479
 0681493 2698021 0681814
 0021467 0021469 1628982 3463820 1707455 0007634 3282337 0369773 2603361
 0449911 0333052 2607870 0557702 1272706 1704674 0557702 1272706 1704674 0349966 1337208

 1879547 0165073 0185117 0851285 0871261 1704632 1706817 2911692 0074718 0037473 0104238 0597484
 0007634 3282337 0165073 0205136 0074719 0332293 0037473 0052418 0597484 1522326 1292428
 0007634 3282337 0024348 2828366 0205177 0439167 0441655 1150587 1367731 1561536 1705632 0005507 0243073 1510438 1552738 2729544 0349966 1337208
 0439084 0728893
 0237753 0449788 1882932 0439183 0439148 1519795
 1547282 1882932 1274040 1546471 2825142
 0144576 0678133 0007587 0007634 0011065 1269647 1306577 1704653 1948049 1150587 1367731 1705632 0441655 0242356 0993637 1511726 1527178 1705938 3245479 0449450 1282910 1552828 0165073 0007620 0334227 0006826 0007634 0038952 0220921 0998265 1269647 1306459 1704653 1880177 1948049 0547043 1282911 3179234 1704259 1705987 1260953 1515981 2003921 0162638 1621396 1704259 1705987
 0332293 1522326 0165073 0205136 0007634 3282337 0007620 0038952 0220921 0007634 3282337 1518422 1441672 1511726 3245479 1518422 1547282
 0392360 0750489
 0007620 0007634 0038952 0220921 1269647 1704653 1948049 0007587 0007634 0011065 1269647 1306577 1704653 1948049 0851285 1707527 0038952 0220921 1521761 2827422 3269135 0037080 0037083 0086982 0162638 1704259 1705987
 0039798 0087111 1522326 1533734 1705169 3538994 1515877 1879547 0007620 0007634 0038952 0220921 0450355 1269647 1425988 1704259 1704653 1705987 1948049 1511726 3245479 1518422 1547282 0164786 0812228 0589507 1158830 1704686 0028778 0332206 1879547 2983591 0164786 0812228
 0183683 1521721 2607943 2926606 3539655 1518422 0010813 0596311 1330957 0007634 3282337 0332293 0041625 1511726 1522326 1961129 3245479 1518422 1547282
 0205117 0332282 1883708 0220825 0165073 0205136 0007634 3282337 0678133 1273517 0013227 1254351
 0035820 1705810 1706853 1879748 0678133 0205309 1883351 0023175 0162638 1442948 1522538 2348269 3275067 0026237 1879547 1621396 0037083 0086982 0162638 0021467 0021469 0752313 1628982 2349975 3463820
 0007634 3282337 0678133 1518422 0001721 0683317 0205177 0439167 0441655 1561536 1879547 0165073 1571602
 1883351 0022885 0039593 0392366 0165073 0007634 3282337 0332293 0678133 1522326 1444754 0040223 3541383
 1442464 0039798 0087111 1522326 1533734 1705169 3538994 0007634 3282337 0011065 1546956 0007634 0061057 0205171 1720467 3282337 0011065 0007587 0007634 0011065 1269647 1306577 1704653 1948049 0165073 0185117
 1879547 0311403 1524063 0755562 0007587 0007634 0011065 1269647 1306577 1704653 1948049 0392756 0007634 3282337 0007634 0061057 0205173 3282337
 1511726 3245479 1705535 0165073 0205136 0007634 3282337 0086597 0127400 1879547
 0449911 0333052 2607870 0557702 1272706 1704674 0557702 1272706 1704674 0349966 1337208

 0165073 0007634 3282337 0678133 0007587 0007634 0011065 1269647 1306577 1704653 1948049 0086597 0127400 1879547
 0678133 1518422 0001721 1879547
 0007634 3282337 0332293 0332152 0740175 1522326 2257086 0755562 1442446 0332293 0678133 1522326 1442458 1552109 0332197 1689985 0392148
 1881488 0007634 0444667 1269647 1704653 1948049 0600209 0086972 0443299 0687118 1704732 0441889 0456079 1547707 2946261 0003241 0082529 0441889 0456079 1547707 2946261 0082529 0439175 0439810
 0237753 0449788 1882932 0439183 0439148 1519795
 1547282 1882932 1274040 1546471 2825142
 2347469 0007587 0007634 0011065 1269647 1306577 1704653 1948049 0205263 0678133 0007634 0392756 3282337 0205136 0165073
 0007634 3282337 0332293 0678133 1522326 1442464 0392148 0332197 1689985 0755562
 0007587 0007634 0011065 1269647 1306577 1704653 1948049 0041213 0487602 1260957 1565627 1704680 1547282 0005507 0243073 1510438 1518422 1547282
 0681493 2698021 1882932 0681814
 0007587 0011065 1306577 0007634 3282337 0369773 2603361
 1883351 0165073 0086597 0127400 0423866 2626739 1621396 0162638 1704259 1705987 1150132 1150130 0205177 0439167 0441655 1561536 0291573 2348792 1442103 1547049 0040223 1705242 3541383 0030695 0150369 0181904 0596972 1521743 1552961 1704646 2347617 0039798 0087111 1522326 1533734 1705169 3538994
 0332290 0205065 1512505 0006142 0007600 0334227 0678222 0230087 0006141 0006826 0007634 0205132 0998265 1268990 1269647 1306459 1704653 1948049 1150587 1367731 1705632 0007634 1879547 3282337 0332293 0678133 1442458 1522326 1552109
 0032405 1538577 1709384 0150312 0333853 0007634 0205242 3282337 0332293 0678133 1522326 1511726 3245479 1518422 1547282
 0007634 3282337 0205177 0439167 0441655 1561536 0311403 0332282 0039798 0087111 1522326 1533734 1705169 3538994 0369773 2603361 1553640
 0007634 3282337 0291573 0010656 0205250 1879547 0332282 0013227 0039798 0087111 1254351 1522326 1533734 1705169 3538994
 1979874 1159825 1879547 0039798 0087111 1522326 1533734 1705169 3538994 0392756 0165073 0205136 0334227 0007634 3282337 0369773 2603361 1424736
 1511726 3245479 1621396 1704259 1705987 0162638 0007634 0332161 0599946 3282337 0205136 0165073
 1883727 1883357 1274040 1546471 2825142 0007587 0007634 0011065 1269647 1306577 1704653 1948049 0334227 0205263 0678133 0165073 0086597 0127400 1150587 1367731 1705632 3179234 0037080 0037083 0086982 1704259 1705987
 0449911 0333052 2607870 0557702 1272706 1704674 0557702 1272706 1704674 0349966 1337208

 1150587 1367731 1705632 0162638 1704259 1705987 0028778 0165073 0332206 2983591
 0013081 0851285 1327622 0423866 2626739 0678133 0007634 3282337 0205136 0165073
 1881488 0007634 3282337 0332293 1522326 0678133 1442458 1552109 0205177 0439167 0441655 1150587 1367731 1561536 1705632 0005507 0243073 1510438 0042789 1947903 2729544 1522508
 0237753 0449788 1882932 0439183 0439148 1519795
 1547282 1882932 1274040 1546471 2825142
 0441655 0441889 0444706 3536909 3541902 0439177 0555903 1261360 0033684 0439175 0439810 0441889 1150587 1367731 1705632 1882115 0428479
 0681493 2698021 0681814
 2347469 3272110 1752742 0013081 0851285 1327622 0678133 1879547 0007634 3282337
 0007634 3282337 0332293 0678133 1522326 1442458 1552109 1444754 0024348 0060916 0086376 0439267 0967499 0291573 1259541 0010656 0600500 1412573 1439852 1710236 2350443 3539770 1292426
 0010813 0596311 1330957 0030685 0391871 0439180 0680255 1283071 1963578 0600500 0030695 0150369 0181904 0596972 1521743 1704646 1524063 0182258 1514743 1706461
 0681493 2698021 1882932 0681814
 2347469 2945706 1882932 1705241 1705242 1707455 0007634 3282337 0369773 2603361
 1514559 0023175 0181586 1442948 1522538 1545588 2348269 3275067 0042670 0007587 0007634 0011065 1269647 1306577 1704653 1948049 1883351 0165073 0205369 1552740 0920474 1522618 0441712 1706376 0220825 0003392 0729502 0450442 1254351 1521826 0042670 0683454 0015133
 0678133 0042670 0450442 1254351 1521826
 0678133 0026046 0032521 1145667 1167622 0042670 0596973 1145667 1167622 0596448
 0332293 0042670 1522326 2827734 2981698 1442446 0007587 0007634 0011065 1269647 1306577 1704653 1948049 0441994 1548802 2003888 0086045 0392366 0007634 0030551 1707455 3282337 1553641
 0332290 1524063 1883525 2346866 1150587 1367731 1705632
 1879547 0042670 0165073 0185117 0311403
 0039798 0087111 1522326 1533734 1705169 3538994 0332462 0442805 1274040 1546471 1880834 2825142 0082529 0007634 3282337
 1627358 2349975 1518422 0007634 0061057 1441672 3282337
 1274040 1546471 2825142 0678133 1519062 0021467 0021469 1628982 3463820 0755562 1518422 0001721 0007587 0007634 0524342 0011065 1269647 1306577 1704653 1948049 0007634 3282337 0349966 1337208 1553033
 1511726 3245479 0221103 0301625 0439181 0728721 0165073 0021467 0021469 0086597 0127400 1150587 1367731 1628982 1705632 1879547 3463820
 0449911 0333052 2607870 0557702 1272706 1704674 0557702 1272706 1704674 0349966 1337208

 0007587 0007634 0011065 1269647 1306577 1704653 1948049 1155551 1879547 0205136 0007634 3282337
 0007587 0007634 0011065 1269647 1306577 1704653 1948049 0042670 0205263 0007634 0392756 3282337 0205136 0165073
 0007634 3282337 0332293 0042670 1522326 2827734 2981698 1442446 0392148 0332197 1689985 0755562
 0007587 0007634 0011065 1269647 1306577 1704653 1948049 0041213 0487602 1260957 1565627 1704680
 0681493 2698021 1882932 0681814
 0007587 0011065 1306577 0007634 3282337 0369773 2603361
 2347469 0021467 0021469 1628982 3463820 0165073 0871261 1704632 1706817 2911692 0039798 0087111 1522326 1533734 1705169 3538994
 0007634 3282337 0041701 0332293 1522326 1704620 0332293 0042670 1522326 1442446 0024348 1536403 0005507 0205177 0243073 0439167 0441655 1510438 1561536
 0441655 0936012 1552738 2729544 0349966 1337208
 0439084 0728893
 0237753 0449788 1882932 0439183 0439148 1519795
 1547282 1882932 1274040 1546471 2825142
 1280500 2348382 0031715 1158886
 0007634 3282337 0332293 0332152 0740175 1522326 2257086 0755562 0332293 0042670 1522326 1442446 0332197 1689985 0392148 1442446
 1881488 0007634 0444667 1269647 1704653 1948049 0600209 0086972 0443299 0687118 1704732 0441889 0456079 1547707 2946261 0003241 0082529 0441889 0456079 1547707 2946261 0082529 0439175 0439810
 0237753 0449788 1882932 0439183 0439148 1519795
 1547282 1882932 1274040 1546471 2825142
 0015133 0450442 1254351 1521826 1547282 1883351 0205263 1326120 1879547 0439509
 0332293 1522326 0015133 0007620 0038952 0220921 0007634 3282337 1553642
 0681842 1882327 1150587 1367731 1705632 1518422 0871261 1704632 1706817 1879547 2911692 0039798 0087111 1522326 1533734 1705169 3538994
 0039798 0087111 1522326 1533734 1705169 3538994 1518422 1274040 1546471 1879547 2825142 0007634 3282337
 0441889 0007634 0061057 1441672 3282337 0039798 0087111 0851285 1522326 1533734 1705169 3538994 0015133 1422424
 0392148 0755562 2347168 0007587 0007634 0011065 1269647 1306577 1704653 1948049 0015133 0205263 0392756 0030551 0007634 3282337 0871424 0002778 0936012 1524024 1444656 1705241 1705242 1273937 0237881
 0449911 0333052 2607870 0557702 1272706 1704674 0557702 1272706 1704674 0349966 1337208

 0185117 1155551 1879547
 0007587 0007634 0011065 1269647 1306577 1704653 1948049 0015133 0205263 1518422 0007634 0392747 3282337 0205136 0165073
 0007634 3282337 0332293 0015133 1522326 2827734 2981698 0392148 0332197 1689985 0755562
 0007587 0007634 0011065 1269647 1306577 1704653 1948049 0041213 0487602 1260957 1565627 1704680
 0681493 2698021 1882932 0681814
 2347469 0039798 0087111 1522326 1533734 1705169 3538994 1518422 0205263 1879547
 0007634 3282337 0332293 1522326 0015133 1442446 0005507 0205177 0243073 0439167 0441655 1510438 1561536
 0441655 0936012 0349966 1337208 1552738
 0439084 0728893
 0237753 0449788 1882932 0439183 0439148 1519795
 1547282 1882932 1274040 1546471 2825142
 1280500 2348382 0031715 1158886
 0007634 3282337 0332293 0332152 0740175 1522326 2257086 0755562 0332293 0015133 1522326 0332197 1689985 0392148 1442446
 1881488 0007634 0444667 1269647 1704653 1948049 0600209 0086972 0443299 0687118 1704732 0441889 0456079 1547707 2946261 0003241 0082529 0441889 0456079 1547707 2946261 0082529 0439175 0439810
 0237753 0449788 1882932 0439183 0439148 1519795
 1547282 1882932 1274040 1546471 2825142
 1514811 1706462 0165073 0033684 0005532 0205460 0205474 0542341 1518422 0162340
 0947630 1705535 1657987 0027882 0243107 0678723 1314939 1527148 0031843 0542341 0700205 1705273
 0165073 0023693 1306462 1881376 0165073 0751608 1458155 0006141 0006556 0023621 0027651 0086418 0205409 0872147 1268990 1548221 1578706 3273930 1547282 1883351 1134719 0439084 0728893 0029925 1140680 0006826 0205065 0998265 1306459
 0947630 1705535 0165073 0007608 0007634 0678835 1269647 1314939 1510470 1704653 1948049 2349975 0027627 2939420 0006141 0150312 0332285 1268990 0334227 0006826 0007634 0998265 1306459 3282337 0936012 0021135 1533691 2827718 0025932 0025914 0025929 0026809 1425014 1515981 3161035 1515655
 0150312 0165073 0332291 0596611 0314622 0017337 0026882 0085862 1299583 0017256 1705759 0017337 1517480 1521871
 0332185 0684224 0700287 3496591 2613368 0033414 0185117 0006141 0150312 0332285 1268990 0029925 0007097 0150312 0205065 0449450 0947630 1547282 0185117 1515877 1879547 0038952 0082529 0220921 1521761 2827422 0028778 0332206 1533157 1706084 2828370 1879547
 1879547 1548602 1704686 0162638 1704259 1705987
 0165073 0348078 0376315 1522492 0205136 0027651 0243107 0678723 1527148 1578706 1880177 3273930 0334227 0006826 0007634 0998265 1306459 3282337 0012634 0348080 1705253 0443264 1621396 1704259 1705987 0349966 1337208
 1883712 1441672 0678133 0007587 0007634 0011065 1269647 1306577 1704653 1948049 0165073 0003392 0006826 0013227 0998265 1306459 1515187 1280500 2348382 1621396 0162638 1704259 1705987 1518422 1280519 1704419 0428479 0033684 0441889
 0449911 0333052 2607870 0557702 1272706 1704674 0557702 1272706 1704674 0349966 1337208

 3161035 0165073 0033414 0007620 0007634 0038952 0220921 1269647 1704653 1948049 1621396 1704259 1705987
 0165073 0037083 3537152 0700364 1883351 0205369 1552740 0185117 0205136 0165073 0023882 0700321 2700395 1301751 1280500 2348382 0349966 0439084 0728893
 0165073 0919267 1264633 0027651 0205065 0237881 0750502 1546944 1554103 1518422 0031437 1285572 0332281 0185117 0007600 0007635 3282338
 0392360 0750489
 0332185 1441672 0165073 0392747
 0947630 1547282 0165073 1178979 1621884 0682700 0010834 0027882 0205100 1704711 0006104 1269537
 0431085 0205136 0165073 1883559 0033684 1883351 0007610 0018896 1552861 0205171 1720467 0449719 1150587 1367731 1705632 0165073 0301871 0349966 1337208 0441889 0205251 1299352 1550472
 0002518 0165073 0205172 0439849 0445223 0165073 0033684 0439092 0547044 0033684 0165073
 0332149 1705910 2362652 0009802 0162326 0165073 1314939 1704675 0082529 0017446 0205147 1879547 1880177
 1280500 0007634 0449475 0332307 1269647 1547052 1704653 1948049 0205369 1552740
 0947630 0027552 0686904 0332272 1883351 2699488 1705241 1705242
 1881534 0552617 0302523 0700325 3244290 0165073 0439673
 0439064 0449445 0747726 1292724 0165073 0557651 2603343
 0165073 0165073 0449432 1705248 0752347 0872379 0449560 0002395 1521724 0012634 0205309 0205419
 0596611 0026882 0030567 1521736 2681933 0277558
 1334043 1527178 1705938 2697616 1515653 0021135 1533691 2827718 0005507 0243073 1510438 0165073 1883351 0033684
 0165073 1547282 1883351 0332281 0033684 0332257 3539645 0205169
 0165073 1547282 1883351 0170168 0750490 1150579 1706221 0031715 1158886 0027882 0753208 1335851 1515877 1879547 1704259 1705987 2936239 0007634 3282337
 0029925 0334227 1140680 0006826 0007634 0205065 0998265 1306459 3282337 0165073 0082529 0750490 1706221 0349966 1337208
 0165073 0165073 0023175 1442948 1522538 1879547 2348269 3275067 0165073 1705242 0007634 3282337
 0947630 1879547 0851827 1701901 3244310 0165073
 0302523 0700325 1964257 0557651 2603343 1881534 0165073 0237834 1514892 2349975 1274040 1546471 2825142 0678133 0042670 0349966
 1979874 0007634 3282337 0332293 0015133 1522326 0450442 1254351 1521826 0185117 0007620 0007634 0038952 0220921 1269647 1704653 1948049 0349966 1337208
 0162638 1704259 1705987 0699040 0007603 3161472 0007634 0025255 0205148 0596901 1269647 1704653 1706182 1948049 1548602 1704686 0205447 1548602 1704686 1720947 0011065 0597357 1306577 0038435 1548602 1704686 1710082
 1879547 0449432 1705248
 1883712 0812987 0013227 1515187 1280500 2348382 0037083 3537152
 1511726 3245479 0165073 0205447 0441712 1706376 0006141 0150312 0332285 1268990 0029925 1140680 0006826 0205065 0998265 1306459 0023636 0329040 0431085 2983310 1622858 0037083 3537152
 0678133 0205177 0439167 0441655 1561536 0039798 0087111 1522326 1533734 1705169 3538994 0205263 0205177 0439167 0441655 1561536 0023882 0700321 2700395 0349966
 0165073 0205136 0007634 3282337 0205263 0857127 0042670 1260953 0740116 2827735 2981700 0332462 1880834 0007620 0007634 0038952 0220921 1269647 1704653 1948049 2349975
 1883727 1883357 1274040 1546471 2825142 0007587 0007634 0011065 1269647 1306577 1704653 1948049 0334227 0205263 0678133 0042670 0013227 0205263 1150587 1367731 1705632 0165073
 0543488 1883351 1316572 1317574 1369612 1458155 0341823 0919267 1368683 0027651 0205065 0221908 0850310 3154893 0596611 0026882
 1879547 0007634 3282337 0012860 0332291 0010957 0012854 0085862 1299583 1883709 0450355 0450382 0543488 1883351 0165073 0033414 0007620 0038952 0220921
 0165073 1518422 0567498 0006141 0205307 0439166 1268990 2347086 0014597 1273342 0007634 0221908 3282337 1279941 0006141 0205087 0205390 0680220 1268990 1300072 1306673 0029925 1140680 0006826 0205065 0998265 1306459 0439084 0728893 0442824 1555307 1521840 2986546 1883351 0013216 0013227
 0165073 1705242 0007634 3282337
 1883351 1705241 1705242 0007634 0178539 0449255 0542559 1705242 0015127 1524003 0006826 0998265 1306459 0007634 3282337 0475264 1744691 0033684 0205307 0439166 2347086 0449475 1705241 1705242 0033684 0031843 0542341 0700205 1705273 0165073
 0185117 0007634 3282337 1518422 0205263 0162638 0027882 0740116 2827735 2981700 0165073 0521110 0162638 0165073 1883559 0205263 0162638 3266896 0162638 0205263 0857127 0919386 1705483 0725813
 0030567 1521736 2681933 0012634 0031847 0277785 0242606 0038435 0311404 1883351 0007465 0015127 1314792
 0035820 1705810 1660771 0162638 0027627 0175668 0205436 0242606 0038435 0311404
 0332120 0035820 0524851 0012634 0700364 1883351 1705242
 0165073 0027746 0011164 1880269 0165073 1518422 0015127 1524003 1660771 0162638 0450385
 0165073 1518422 0085200 0242821 0442726 1511790 1995017 3548404 0085103 0348078 0376315 1522492 0225328
 0543488 2987476 0165073 0027882 0745777 0524851 0012634
 0282416 1561607 0947630 1999230 0233820 0035820 1705810 0029939 0227898 1278992 1521840 2986546
 2986676
 0183683 1515981 1521721 1511521 1547538 1517306
 2825232 0043227 0449719 1521721 1709471 0016820 0681805 0016820 0018173 1548284 0018173 1548284 0680799 1515981 0030853
 0010186 0220812 0449719 1709471 0220808 0680264 0007961
 1706852 0522501 1706089 0949214

 0015770 1521721 1511775 3496101 1704729 1880266 0040607 0220931 2673163 1709697 2728259 3484370 0018173 1548284
 0376649 1442065 0018747 0850397 0587538 0021425 2359826 0557854 1533716 2825316 3245478 0556656 3541314
 0015770 1521721 0027468 0018684 0021622 3245503
 0015770 1521721 0016617
 0282413 0376649 1442065 0025098 1555767 0278627 1517306 1513817 0205099 0108844 2951520
 0031525 0254343 0796520 3272379

 0085205 1549619 1880669
 0013849 1705961 0024492 1538057 1547565 0059804
 0034037 1704324 0030351
 0085999 1511726 3245479

 1511726 3245479

 0439394 1706495 3642217
 0024171 0024176 2697939 0034036 0034037 1515023 1704324
 0000723 0000723 1273517 1335851 1709991 1335851 1709991 0029016 0919437 0006142 0678222 0006141 0006826 0017337 0205369 0998265 1268990 1306459 1552740
 0752312 1979930 0033640 0018284 0026249 0031727 0033684 1879547
 0600388 0752312 1333498 0033640 0031727 0033684
 1150587 1367731 1705632 0248813 0380051 1367731 0872123 0872053 1334482 1367019 1707271 0162508 0031727 0205088 1553033 1705314 1705315 3536909
 0752313 0169101 0031727
 0085200 0242821 1995017 0085200 0242821 1995017
 0002395 1521724 0012634
 0600500 0303838 0068820 0369773 2603361
 0030567 1521736 2681933 0012634
 3539645 0033634 0033621 1168438 1418943 3540567 0033640 0031727 0033684
 0032405 1538577 1709384 0032405 1538577 0032403 0001461 0032400 0035549 0071360 0523452 0747726 1335439
 0010825
 0007452 0015965 0229671 0521457 1140701 1546774 1550100
 1720830 1823521 0991865 0006353 0031603 0031701 0036082 1601799
 0872265 1150586 1334482 0872280 0018850 0033640 0031727 0033684 0038435 1879547
 0017837 0017817 0040676
 1514811 1706462 0557061 2584313 1514811 1706462 2827734 2981698
 2603362
 0033727 0369286 0441932 0564385 2603360 0369773 2603361

 0006826 1315013
 0450355 0740116 2827735 2981700
 0205090 0684010 2603358
 2603360 2603360 0369773 2603361

 0006826 0998265 1306459 1315013 0439086 2827736 2981702
 2347469 0205090 0684010 2603358
 0597277 1708601
 0006142 0678222 0033325 0039798 0087111 1522326 1533734 1705169 3538994 0199176 1706420 2700409 3538926 0027976 0205314
 2347469
 0021966 0221138



 0597277 1708601
 0006826 0998265 1306459 0025141 0439084 0728893
 0033727 0369286 0441932 0564385
 2603360 0439267 2347469
 0597277 1708601 1553033

 2347379
 0000857 0600678 1552863
 2603360


 2347379

 0369637 0441923




 2347379 0006142 0678222
 1292734 1522326
 0025141

 2347379

 0021966 0221138
 0027960 0324740 0439189 1456781 1824986

 0025141
 0439394 1706495 3642217
 2603360 0205090 0684010 2603358
 0033727 0369286 0441932 0564385


 0000857 0600678 1552863

 0016327 0439133 1553038
 0369637 0441923
 0040833 1521798
 0025141

 2347469 0205090 0684010 2603358
 0439267
 0369637 0441923


 1417055

 0025141
 1563875 0597277 1708601 0369718 0441922 1553036 0597277 1708601 0597277 1708601 3613423 0597277 1708601 0369637 0441923
 2347379
 0025141
 1532464 2700314 0033727 0369286 0441932 0564385 2603360 0597277 1708601

 2603360


 0000857 0600678 1552863
 1532464 2700314 0369773 2603361
 0033727 0369286 0441932 0564385
 2347469
 0021966 0221138 2603360 2603360




 0025141
 0033727 0369286 0441932 0564385
 0027855 0000857 0600678 1552863
 1563875 0597277 1708601 0597277 1708601 0369718 0441922 1553036 0033727 0369286 0441932 0564385 0369637 0441923
 2347379
 0025141
 0369637 0441923
 2603360 0597277 1708601

 0016327 0439133 1553038 2347469
 2603360


 1417055

 0025141
 0369637 0441923
 0439267 0205090 0684010 2603358
 0205090 0684010 2603358 0439267 0369637 0441923
 1418943

 0268596 2700624
 3642273
 0041703

 0369718 0441922 1553036 0439394 1706495 3642217 0369718 0441922 1553036 0369773 2603361 2347469



 0016360 1424823 0033727 0369286 0441932 0564385 0205090 0684010 2603358
 0205090 0684010 2603358 0444649 2603362


 2347961


 0439509 0025141

 0335730
 0369773 2603361

 2603362
 0007634 1269647 1704653 1948049 0025141 0450348
 0369637 0441923
 2347469 3623712




 0025141
 0369637 0441923
 2347469 0597277 1708601 0369773 2603361
 0205090 0684010 2603358 0033727 0369286 0441932 0564385 2603362
 2603362
 0439394 1706495 3642217

 0007634 1269647 1704653 1948049 0025141
 0439267 0337841
 0349590 1262865 0025141

 2347469
 0021966 0221138
 0033727 0369286 0441932 0564385

 0025141
 2347469
 0021966 0221138
 0369637 0441923



 1417055

 0025141
 0021966 0221138 0369718 0441922 1553036


 0025141
 0021966 0221138 0369718 0441922 1553036


 0201682

 0205090 0684010 2603358

 0007634 1269647 1704653 1948049 0025141 0450355
 0035863 1553033 0369637 0441923
 0036397
 2603362

 0027960 0324740 0439189 1456781 1824986

 0450388 0025141
 0439267 0439267
 2603360 0597277 1708601
 0021966 0221138


 0201682

 0439394 1706495 3642217
 0016327 0439133 1553038 3495095 0439267
 0723760
 0369773 2603361


 0201682

 1006780 0205090 0684010 2603358 0302595 1537110 3275241 2603360
 0033727 0369286 0441932 0564385
 0369718 0441922 1553036
 2347379

 2603360
 0033727 0369286 0441932 0564385
 0033727 0369286 0441932 0564385
 0441995
 0439267
 0033727 0369286 0441932 0564385


 0201682

 0369637 0441923
 2603360 0179874 2603360



 0201682

 0006736
 0179874 2603360

 1417055
 2347379
 0025141
 0441039 1705854 3540815 0042321 2603360 1553033
 0179874 2603360



 0201682
 0439509
 2603362
 0369637 0441923
 0239971 0439394 1706495 3642217
 0597277 1708601

 0439114
 0007587 0007634 0011065 1269647 1306577 1704653 1948049 0025141
 1553033 0439267
 0439394 1706495 3642217


 0201682



 0205090 0684010 2603358 0016327 0439133 1553038
 0562547 3160718
 1880278 0369773 2603361 0018173 1548284 2603362


 1417055






 0230467 0741204



 0043217 2603362
 0016327 0439133 1553038
 0369637 0441923
 1431628 0439267
 0016327 0439133 1553038 0439394 1706495 3642217
 0439114 0759909 1135895 0369637 0441923


 0201682

 0024171 0024176 2697939 3495095 1553033 2603360


 0029016 0025141

 0239971 0033727 0369286 0441932 0564385
 0439394 1706495 3642217
 0439267
 0369718 0441922 1553036
 0369718 0441922 1553036
 0369637 0441923



 0205090 0684010 2603358 0205090 0684010 2603358
 0554249 0369637 0441923
 0369637 0441923
 0439267


 2826298
 0025141


 0369637 0441923
 0230467 0741204

 0450382
 0369637 0441923
 0033727 0369286 0441932 0564385 1553033 0328104 1415875 2826366 2603362
 0014878 0522667 0730321 2347469 0040452 0242726 1318154 1705917 0033727 0369286 0441932 0564385 0205090 0684010 2603358
 2603360
 0439267
 0205090 0684010 2603358
 3538902 3541881 0439267 0439394 1706495 3642217
 0021966 0221138 0205090 0684010 2603358
 0439394 1706495 3642217
 0036397
 0205090 0684010 2603358 2603360 0033727 0369286 0441932 0564385
 2603360 0439394 1706495 3642217 0439114

 0325074
 0025141
 0439267
 0021966 0221138
 0027855
 1553033 0369773 2603361 2945617
 2603360
 0597277 1708601 0443013 2603362
 0205090 0684010 2603358
 0205090 0684010 2603358

 0036397
 0369637 0441923
 1551730
 0033727 0369286 0441932 0564385
 0597277 1708601 0205090 0684010 2603358

 0006826 0998265 1306459 0025141
 2347469 0439394 1706495 3642217
 0033727 0369286 0441932 0564385




 1553671 0450382
 0035863 1553033
 0369637 0441923
 0036397 0025141
 0205090 0684010 2603358
 2603360 0369637 0441923
 0007634 0450389 1269647 1704653 1948049 0025141
 2603360
 0033727 0369286 0441932 0564385 0033727 0369286 0441932 0564385

 0597277 1708601
 0006826 0998265 1306459 0025141
 2347469 0369773 2603361


 0025141
 1412430 0205090 0684010 2603358
 0597277 1708601 2603360 0205090 0684010 2603358

 1551910 1551910 2603360
 0331968 2699100


 0027960 0324740 0439189 1456781 1824986
 0325074

 0369637 0441923
 0597277 1708601
 0369718 0441922 1553036 0332296 1880497 1996904
 0205090 0684010 2603358
 2347379
 0025141
 2603362


 2603360
 2603360 0335912

 0033727 0369286 0441932 0564385

 0027960 0324740 0439189 1456781 1824986
 0325074

 0035561
 0597277 1708601 0016327 0439133 1553038


 0201682

 0033727 0369286 0441932 0564385 0369718 0441922 1553036 2603360 0033727 0369286 0441932 0564385 2603360


 0025141
 0439394 1706495 3642217
 2603360


 0450385
 0672708
 0205090 0684010 2603358 0369718 0441922 1553036

 0369773 2603361 2347469
 0033727 0369286 0441932 0564385

 0439394 1706495 3642217



 0025141 0009993 0037455 0596070 1552856 0005477 0026376 0005532 1521991