 1412278 0597357 0162574 0037083 3537152 0205263 1171362 0185117
 0021622 1272753 1704729 0041740 0230113 0016132 0034036 0034037 1514756 1704324 0348078 0376315 1515981 1522492 1527075 0520510 0557061 2584313 1514811 1706462 1412278 0597357 0162574 1412278 0597357 0162574 0086597 3158384 0085103 1622501 0600210 1533574 1881827 0023688 0019796 1333908
 1547282 1412278 1514760 0597357 0332281 0237477 0334094 0392351 1514485 0017262 0017337 0185117 0392747 0443172 1705241 0815000 0007634 3282337
 0055635 1332755 0008586 0036538 0449432 1705248 0229525 0007634 0014136 0521425 3282337 0027882 0150312 1883351 1412278 0162574 3242459 0007589 0815000 0037083 0007634 0027819 0700095 1511938 2945687 3282337 3537152 3540583 0205448 0086282 0055633 1332754 0008586 0055637 1335805
 0023690 1412278 0019796 1333908 0023175 0031715 0439831 1158886 1442948 1522538 2348269 3275067 0597704 1159772 0475264 1744691 0056695 0182953 1704734 1704735
 0021467 0021469 1628982 3463820 1157225 1158886 0031715 1333498 0311403 0017263 0041904 0162493 0547043 0851285 1282911 1327622 1412278 1514758 0162574 0205179 0444930 0597357 0598528 1514468 1720176 1879547 2746065
 1517331 1883351 0557651 2603343 1412278 0162574 0205179 0444930 0597357 0598528 1280500 1514468 2746065 0019796 1333908 1948023 0596508 0038250 1947950 0007634 0013935 0242767 1186763 3282337 1412278 0597357 0162574 1412278 0162574 1514762 0011155 0037083 0205179 0444930 0596988 0597357 0598528 1514468 1636779 2746065 3537152 0019796 1333908
 0019796 1333908 0150312 1883351 0033414 1412278 2325760 0597357 1514760 0068590 0085418 0670902 0023693 0027834 0033684 0521390 0851285 1306462 1327622 1880022 1881376 0005516 0041348 2937342 2245434 2259194 0599177 1879547 0056695 3158668 0185117 2347469
 1511726 3245479 1705535 1412278 0597357 0037083 3537152 1314939 0599177 1879547 0056695 3158668 1511573 1148918 0205263 0857127
 0520510 0557061 2584313 1514811 1706462 1412278 0597357 0162574 1412278 0597357 0162574 2827734 2981698 0680022 2698041 2827734 2981698 0023688 1514721 2348147 3542016 0007634 0178539 0332152 0871261 1522538 1880371 1327414 0036536 0036537 0079189 0231298 1516373 0038435 1622501 0600210 1533574 1881827 0282443 0042789 1947903 1425988
 0439064 0747726 0871261 0851827 1701901 3244310 0017262 0017337 0185117
 0023690 1412278 1547282 1883351 1515877 1879547 0037080 0037083 0086982 1704259 1705987 0332257 0082529 1366765 0170168 1366882 0600388 0752312 0031727 0034678 0521119 0851285 1710082 0439084 0728893 1259877 3179232 1704259 1705987 0257535 1120843 1148673 2266866 0474395 0012854 0205177 0205217 0205260 0243122 0439167 0441655 0442805 1145667 1167622 1561536 1420645 3537279 0040648 0033453 1824728 0040649 1521761 2827422
 0017337 1521840 2986546 1412278 0162574 1514758 3242459 0205179 0444930 0547043 0597357 0598528 0851285 1282911 1514468 1879547 2746065 0596035 0037083 3537152 1704259 1705987 0205396 1550043 1551388
 0332257 1552866 2700399 0021760 1527132 0021764 1527200 0078056 1421435 1416373 0007578 0007577 0001511 0005847 0007634 0175633 0567416 1269647 1558950 1704653 1801960 1948049 2328697 0079784 1524095 0009392 0079460 0024432 0439158 1521761 1947989 1948023 2827422 0040048 1333522 0040300 1521761 1547928 2827422 0376515 0439064 0747726 1412278 0162574 0035820 0205179 0439849 0444930 0445223 0597357 0598528 1514468 1705810 2746065 0021368 1849618 0004153
 0017263 0596611 1515926 1412278 0162574 0205179 0205263 0444930 0597357 0598528 1514468 2746065 1657987 0037083 0243107 0521390 0678723 1527148 3537152
 1412278 0597357 0162574 0684224 0700287 3496591 1883351 0027763 0422837 1269560 0027769 0449913 0599851 1553451 1704459 0597357 0019796 1333908 0086282
 0019796 1333908 0033684 0205250 0013935 0007634 3282337
 0019796 1333908 1412278 0597357 0162574 0085103 0205154 0332152 0392752 1522538 2697523 0027763 0422837 1269560 0034805 0003241 1412278 0028778 0332206 1533157 1706084 2828370 3158384 0085103 1710236
 0027758 0033684 1441165 3273837 3274824 0348078 0376315 1522492 0015576 1704727 0033684 0542341 0282443 1425988 1709940
 0027758 0033684 1441165 3273837 3274824 0027763 0422837 1269560 0027769 0449913 0599851 1419790 1553451 1704459 1707959
 0332185 1547282 0019796 1333908 0027758 0033684 1441165 3273837 3274824 0085732 1299581 3158384 0085103 0007620 0007634 0038952 0220921 1269647 1704653 1948049 1412278 0162574 0205179 0444930 0597357 0598528 1514468 1883351 2746065
 1518422 2963144 1412278 0597357 0871261 1704632 1706817 2911692 0311392 1547188
 0150312 0449450 0557651 2603343 1412278 0597357 0017262 0017337 0185117 1518294 1524063 3161035 0007600 0815000 0007634 0027819 0205132 0700095 1269647 1550648 1552960 1704653 1948049 3540583 1512140 0007600 0205132 1550648 1552960 0596508 1947950
 0150312 1412278 0162574 1514758 0596035 0205179 0444930 0597357 0598528 1514468 1879547 2746065 0205263 0185117 1335532 0015576 1704727 0678723 0870861 1254042 1314939 0031843 0542341 0700205 1705273 0229525 0007634 0014136 0521425 3282337 0032659 1257890 0282443 0450348 1425988 1709940
 0150312 0056695 3158668 1511573 1148918 1148922 0001455 0242210 0600508 0013879 0033684 0243122 0439596 0871261 1145667 1167622 1511572 1704632 1705248 1706817 2911692 0056695 3158668 1511573 1148918 1148922 0001455 0242210 0600508 0013879 0033684 0243122 0439596 0871261 1145667 1167622 1511572 1704632 1705248 1706817 2911692 0206256 0017337 0205253 0205548 1279919 0182953 1704734 1704735 1412278 0162574 1514758 0596035 0205179 0444930 0597357 0598528 1514468 1879547 2746065
 1412278 0597357 0597704 1159772 0475264 1744691 0056695 0150312 1883351 0851827 1701901 3244310 0021467 0021469 1628982 3463820 0031727 1157225 1158886 0031715 0056695 3158668 1511573 1148918 0185117
 1412278 1514758 0162574 0205179 0444930 0597357 0598528 1514468 1879547 2746065 0205410 0015127 1524003 2349954 2825032 3158384 0085103 0007589 1511938 2945687 0815000 0007634 3282337 0392366 1514758 0596035 1879547 1412278 0037083 3537152 1280500
 0596508 0038250 1947950 0007634 0013935 0242767 1186763 3282337 1412278 0162574 0205179 0444930 0597357 0598528 1514468 2746065 0019796 1333908 1948023 0439659 1518294 1280444 3158384 0085103 0205319 1171362 0185117 0041348 2937342
 1157225 1158886 0031715 0056695 3158668 1511573 1148918 0185117 2347469 0150312 1883351 1412278 0162574 0596508 0038250 1518294 0007589 2325760 1514964 0007634 0013935 0205179 0242767 0444930 0521390 0597357 0598528 1186763 1511938 1514468 2746065 2945687 3282337 1514760 1656978 1947950 1706452 2752630 0007634 3282337 0037083 0596988 1550518 3537152 1412278 0162574 0205179 0332285 0444930 0597357 0598528 1514468 2746065
 1274040 1546471 2825142 1412278 0597357 0037083 3537152 0205263 1511938 0007589 2945687 1947931 0017337 0031437 0205245 0542341 1285572 1327616 1514873 2700217
 1883712 1274040 1546471 2825142 0213709 0056695 3158668 1511573 1148918 1149367 0001455 0242210 0600508 0162574 0205179 0444930 0521125 0597357 0598528 1514468 2746065 0037083 3537152
 0520510 0520510 0557061 2584313 1514811 1706462 0034861 0033684 1514798 0003241 0033268 0243114 1998793 1552738
 1419790
 0041740 0022277 0022984 0869011 1719918
 1257988 0443640 0003241 0205369 1552740 0040005 0041484 0041485 1421250 0056695 3158668 1511573 1148918 1148922 0001455 0242210 0600508 0013879 0033684 0243122 0439596 0871261 1145667 1167622 1511572 1704632 1705248 1706817 2911692 0027965 0037083 0683887 1371607 0007634 0014282 0039421 0205314 1269647 1301820 1704653 1948049 3537152
 0055633 1332754 0008586 0055635 1332755 0008586 0055637 1335805 0082529 1366765 0170168 1366882 0600388 0752312 0031727 0521119 0851285 1710082 0005574 0869011 0633763 0085255 1420554 1415287 0061465 0017789 0220839 0597357 1711351 1415287 0005574 0068590 0670902 0085418 0033684 1417668 1455438 1518285 2981619 0041348 2937342 0017626 0033684 1412278 0597357
 0003241 0003241
 0007585 0007634 0010453 0220814 0430400 1269647 1704653 1948049 2242979 0040669 0009013 1301820 1552738
 0007634 3282337 0010453 0220814 0430400 2242979 0038425 0439526 0242295 1947943 2348609 1637390 0030827 0030842 0220892 0439267 0015965 0229671 0230445 0521457 1305418 1546774 1550100 0052009 0004178 0678214
 0007589 1511938 2945687 0557651 0947630 2603343 0007634 3282337 0180454 0010453 0220814 0430400 0687118 1139930 1561504 2242979 0013618 0229671 0332296 1546774 1548982 1550100 1880497 1996904 0036774 0036773 0728877 1719918 0229671 1546774 1550100 0005971 1139930 3537155 1139930 0019796 0439526 1333908 1514798 1522408 0022984 1522508 0042789 1947903 1425988
 0007634 0243148 1550141 1882979 2587213 3274648 3282337 0017237 1145617 1522408 1719918 0005971 1139930 3537155 0040845 0001128 0202406 2826298 0470296 1719918
 0007589 1511938 2945687 0332283 3158384 0007634 0085103 0871261 1704632 1706817 2911692 3282337
 1709707 1184743 1522240 0552406 0205166 1706317 0007634 3282337 0034656 0205451 0439605 0440042 0750480 1521738 1705566 2346620 2349184 3539073
 0596508 1514965 0038250 1947950 0007634 0013935 0242767 1186763 3282337 1335648 1824685 2697937 0560617 1522225 0010453 0220814 0430400 2242979 0242295 1947943 2348609 0015965 0229671 0230445 0521457 1305418 1546774 1550100 0038425 0017797 1576824 0034354 0244104 0025402 0311461 0002520 0001128 0125606 1366463 1453955 1761537 0023418 1521761 2827422 3463820 1516828 1522260 0016030 3179112 0934502
 0596508 0038250 1947950 0007634 0013935 0242767 1186763 3282337 0012854 0086022 0442335 1705099 0206691 0019215 0242295 1947943 2348609
 0009013 0491970 0023693 0181839 1306462 1706379 1707391 1881376 0036576 0052009
 0007585 0010453 0009013 1707391 0005863 0949466 0242356 0993637 0185117 1511726 1527178 1705493 1705938 3245479
 1883351 0309872 0007589 1511938 2945687 0596508 0038250 1947950 0007634 0013935 0242767 1186763 3282337 3179110 0392148 0125606 1366463 1453955 1761537 0023418 1521761 2827422 3463820 1261552
 1261552 1412278 0597357 0007634 3282337 0052009 0392148 0439526
 1514964 1518294 0007589 0007634 3282337 0009013 1412278 0597357 2936498 0242821 1995017 0439526 0009458 0439536 1705217 3244283 0392148 0040845 0001128 0202406 0019796 1333908 0243148 1550141 1882979 2587213 3274648 0332256 2700400 1883712
 0125606 1366463 1453955 1761537 0023418 1521761 2827422 3463820 0150312 0449450
 2936498 0242821 1995017 0007634 3282337 0017237 1139930 1145617 1522408 0005971 1139930 0007634 3282337 0040845 0001128 0202406 0019796 1333908 1883712
 0010453 0220814 0430400 2242979 0009458 0439536 1705217 3244283 0009458 0392747 0439536 0443172 1705217 3244283 0332256 2700400 0242295 1947943 2348609 0019796 1333908 0040845 0001128 0202406 1883712
 0200940 0699799 0009458 0439536 1705217 3244283 0392747 0443172
 0002778 0936012 1524024 0007634 3282337 0017237 1145617 1522408 0005971 1522408 0439526 0005971 1139930 3537155 0015421 0007589 1511938 2945687 0010453 0220814 0430400 2242979 0012634 0348080 1705253
 0007589 1511938 2945687 0332283 3158384 0007634 0085103 0871261 1704632 1706817 2911692 3282337 2936498 0242821 1995017 0332283 0007589 1511938 2945687 0007634 3282337 0012634 0348080 1705253
 0444701 0240341 0596928 0015491 0181839 1706379 1883727 0029144 0179533 1654607 1706254
 0242349 0596290 0005507 0007634 0243073 0334094 1269647 1510438 1514485 1704653 1948049 0007634 3282337 0070066 0231441 0443218 2827483 0006353 1720830 1823521 2348236 0005903 0039476 1547703 0332283 0146951 0133689 0242759 0233660 0332206 1720830 1823521
 0007634 3282337 1883708 0003241 0205225 0439631 1439852 1442450 2348236 0005903 0039476 1547703 0450376 0332283 1442450 0076308 0003241 0022877 1619828 1705920 0003241 1881534
 0007634 3282337 0026381 0057142 0182400 0521447 0677601 1521991 1705206 2986582
 0007634 3282337 0016315 0181839 0332128 0336669 1706379 0031753 0179533 1706254 0025080 0699733 1301820 1654607 1948027
 1709707 0439178 1446409 1514241 2825490 0017626 0033684 1415287 0057142 0205451 0440042 0750480 1521738 1705566 1707391 2346620 2349184 3539073 1441375 0439175 0439810
 0596290 0007634 0334094 1269647 1514485 1704653 1948049 1167624 1947902 2827499 0005507 0243073 1510438 0007634 3282337 1719918 1442448 0012854 1524063 0003250 0003242 0003241 0021027
 1709707 0007634 3282337 0205451 0444686 1441506 1443182 0440042 1521738 1707391 2346620 2349184 3539073 0491970 0023693 0181839 1306462 1706379 1881376
 0025663 0025664 0449851 0599161 0032520 0677874 0025663 0449851 0680240 0871511 0884358 1552738 0392747 1554963
 0035668 0205409 1548221 1524063 0812225 1150635 1705212 1705213 3273202 0009013 1412278 0597357 1412278 0206587 0597357
 0007634 3282337 0019796 1333908 1522408 0005971 0439526 0450376 0005971 1139930 3537155 0456696 1442770
 0035668 1555029 0443286 1114821 0332256 2700400 0205430 1421951 1720722 3171718 0439267 0072149 0072149 0006353 0947322 1705426 1999230
 0370003 2347026 1883708 0032520 0337112 0443286 1114821 1273517 1335439 1524075
 0443286 1114821 0032520 0205430 0677874 0884358 1421951 1720722 0020283 0450407 0450408 0450409 0024472 0146951 0133689 0242759 0332256 2700400 0205447 0206415 0206415 1553631 0045191 0439190
 1514468 0071500 0017243 0071499 0086972 0443299 0687118 1382104 0030351 1547566 1512080 2827485 0332157 0086296 1561571 1561572 0439583
 0175723 0017243 1382104 1512080 2827485 0006353 0032520 0677874 1439852
 0206243 0699809 0301870 0439787 0849355 1272724 0206415 1524063 0012634 0348080 1705253 0205435 0332490 1279901 1517480 1521871 1705759 0332300 0045191 1273517
 0332255 0486805 0009013 0049896 0086022 0442335 1705099 0072149 0449851 1553778 1561491 0004793 0162326 0162327 1519249
 0599161 0032520 0677874 0884358 0599161 0887824 0032520 0443199 0677874 1705242 1705417 0332300 1709450 1273517 0028630 0032520 0443286 0677874 1114821 1554077 2828389
 0028953 0869011 1719918
 0005863 1883351 1171362 0185117 0007634 3282337 1548982 0456963 0009264 0009443 0020746 0234192 1720092 1720830 1823521 1948045 0006353 0024348 0034584 1720830 1823521 0332256 2700400 0068941 0068940 0439509 0037500 0037473 0086123 0597484 0031493 0016327 0003641 0029366 0037473 0597484 0020746
 1265611 0600209 0017243 0086972 0443299 0687118 1704732 0180860 0600190 1552738
 0180860 1440965 0011682 0026131 0028778 0032861 0205222 0332206 0349374 0444318 1382110 1512080 2825079 2983591 0003241 0021027 0205225 0439631 1439852 0332283 0003241 0021027 0175723 0162524 0234621 1450278 2349975
 0180860 1321564 0003241 0021027 0521093 0750484 1456348 1708715
 1883351 1707455 0002778 0936012 1524024 1550369 0034606 0441633 0884358 0444706 0449770 0522510
 1882115 1412278 0162574 0599283 0178587 0205179 0444930 0597357 0598528 1514468 2746065 0439164 1268822 0370003 2347026 0086715 1514811 1522609 1706462 1707455 2827734 2981698 0370003 2347026
 1883351 0031715 1158886 0056695 3158668 1511573 1148918 1148922 0001455 0242210 0600508 0013879 0033684 0243122 0439596 0871261 1145667 1167622 1511572 1704632 1705248 1706817 2911692 1412278 0162574 0023690 0205179 0444930 0597357 0598528 1514468 1720176 2746065 0007634 3282337 0229671 1546774 1550100 2348531 0439583
 0444868 1261552 3539085 0332283 0229671 0392148 0884358 1546774 1550100
 0007634 3282337 0180454 0010453 0220814 0430400 0687118 1139930 1561504 2242979 0013618
 0007634 3282337 0038425 0439526 0242295 1947943 2348609 1637390 0030827 0030842 0220892 0439267 1719918 0441800 0919553 3244287 0007585 1152564 1548982 0017237 1145617 0005971 1139930 3537155 0022984 1139930
 2348792 0040223 3541383 1552961 2347617 0007634 3282337 1548982 0456963 0009264 0009443 0020746 0234192 1720092 1720830 1823521 1948045 0006353 0024348 0034584 0020746
 1517331 1883351 0037080 1704259 1705987 0056695 3158668 1511573 1657589 1148918 0001455 0242210 0600508 1158886 0185117 0007634 3282337 0243459 0007634 0010531 1449702 2757016 0033640 0332293 0038164 1137947 1152564 3537035 0332257 0007634 3282337 0109289 0008203 0596019 0256431 1822658 0243459 1449702 0010531 0038164 1171350 3537023 3537035 0033640 0082782 0031727 0033684 0033727 0369286 0441932 0564385 1999216
 0755562 2347168 1999216 1273517 1883351 0018790 0237477 0392351 0521111 1879547 0082529 1366765 0170168 1366882
 0520510 0557061 2584313 1514811 1706462 1412278 1514758 0597357 0205263 0237477 0392351 0007589 1511938 2945687 1412278 0597357 0162574 0684224 0700287 3496591 1883351 0086597 3158384 0085103 1704639
 0815000 0007634 3282337 1412278 0597357 0231448 0439792 1513822 1705739 1882071 0019796 0205148 1333908 1522408 1412278 0597357 0349966 1337208 0073187 0597277 1708601 0007634 3282337 0596988 1412278 0162574 0205179 0332285 0444930 0597357 0598528 1514468 2746065 1518422 1705417 0332437 0543482 0700329 0700619 0349966 1337208 0021966 0221138 0597277 1708601
 0019796 1333908 0033414 0871261 1704632 1706817 2911692 3158384 0700364 1883351 1412278 0162574 0205179 0444930 0597357 0598528 0851827 1514468 1701901 2746065 3244310 0037083 0007634 0442791 3282337 3537152 1412278 0162574 0085862 0205179 0234402 0444930 0597357 0598528 1299583 1514468 1720176 2746065 0040845 0001128 0202406 0022984 0349966 1337208 0597277 1708601
 0449911 0333052 2607870 0557702 1272706 1704674 0557702 1272706 1704674 0349966 1337208
 2827734 2981698
 0007589 1511938 2945687 1412278 0162574 0205179 0237477 0334094 0392351 0444930 0597357 0598528 1514468 1514485 2746065 0815000 0007634 3282337
 0815000 0007634 3282337 1412278 0162574 0205179 0443225 0444930 0597357 0598528 1444754 1514468 1706316 2746065 1412278 0597357 1412278 0162574 1511625 0206587 0010834 0205179 0444930 0521449 0596988 0597357 0598528 1442161 1511760 1514468 1880274 1880389 1883221 2746065 3541951 0229671 1546774 1550100 0205148 0016327 0439133 1553038 0205148 2347469 0439267 0205148 0439526 0007634 3282337 0033727 0369286 0441932 0564385 0205148 0439526 0073187 0021966 0221138 0205148
 0597277 1708601 1709793 0332293 1522326 1552738
 1709707 1184743 1522240 0552406 0205166 1706317 0007634 3282337 0440042 1521738 2346620 2349184 3539073 0871420 0012727 0205419 1442989 1705236 2828392 1547282
 0439394 1706495 3642217 0596290 0007634 0334094 1269647 1514485 1704653 1948049 0007634 1167624 1947902 2827499 3282337 0005507 0750480 1705566 0007584 0237753 0449788
 0007634 3282337 0005971 1139930 3537155 0017237 1145617 1522408 1522408 0439526 1522408 0439526 0205148 0229671 1546774 1550100 0040845 0001128 0202406
 1524062 0007634 3282337 1439852 1442448 1517331 1511790 0025663 0025664 0449851
 1709707 0007634 3282337 0871420 0012727 0205419 1442989 1705236 2828392 1547282

 1412278 0101725 0597357 0871261 1704632 1706817 2911692 0311392 1547188 1709697 2728259 3484370 0007634 3282337 1171947
 0349966 1337208 1547282
 1412278 0162574 1514758 0007589 0205179 0444930 0543482 0597357 0598528 1511938 1514468 1879547 2746065 2945687 0596035 2752630 1707156 3274014 3541345 0596290 0007634 0205216 0334094 0392756 0442797 0871208 1269647 1514485 1521828 1704653 1948049 0229671 0392148 1546774 1550100 1705535 0007634 3282337 0007586 1155839 0007634 0424092 1269647 1511572 1704653 1948049 2349954 2825032 0007589 1511938 1515023 1709697 2728259 2945687 3484370
 0007589 1511938 2945687 0237477 0392351 0007634 0205263 0442791 3282337 1707156 3274014 3541345 1547282 1412278 0597357 0037083 3537152 0007634 1514873 3282337 0337094 1550550 0007586 1155839 0007634 1269647 1511572 1704653 1948049 0439659 0007589 1511938 2945687 1292856 1948023
 1412278 0597357 0007634 3282337 0040845 0001128 0202406 0039798 0087111 1522326 1533734 1705169 3538994 0521093 0750484 0237477 0392351 0019796 0205263 1333908 1412278 0162574 0205179 0444930 0597357 0598528 0725813 1514468 2746065 0037083 3537152
 0008586 1412278 0162574 3242459 0007589 0205179 0205263 0444930 0547043 0597357 0598528 0851285 1282911 1511938 1514468 2746065 2945687 1883351 0557651 2603343 0392747 0443172 1412278 0162574 2752630 0007589 0205179 0205263 0347984 0444930 0597357 0598528 1511938 1514468 1706551 2746065 2945687 1273517 0025663 0449851 0871511
 0007634 3282337 0019796 0205148 1333908 1522408 0456696 1442770 0035668 0205409 1548221 0599161 0032520 0677874 0034656 0036849 0439605 0884358 1442518 1705195 0206415 1553631 0045191 0442726 1412278 0162574 0007634 0205179 0442791 0444930 0597357 0598528 0870432 1514468 2746065 3282337 1514760 1656978 0035696 0007634 0442791 1707455 3282337
 1514468 0071500 0017243 0071499 0086972 0443299 0687118 1382104 1412278 0597357 1708639 1707455 1883351 0175723
 0175723 1412278 1514760 0162574 0007634 0150312 0205179 0332285 0442791 0444930 0597357 0598528 1514468 2746065 3282337 0017243 1382104 0009013 0004793 0162326 0162327 1519249
 0009013 0205449 1514468 1947971 0150103 1708943 1552603 1706202 1511726 3245479 1518422 1547282
 0449911 0333052 2607870 0557702 1272706 1704674 0557702 1272706 1704674 0349966 1337208
 0740116 2827735 2981700
 0020792 0205396 0017337 1412278 0162574 3242459 0037083 3537152
 0815000 0007634 3282337 1412278 0162574 0205179 0443225 0444930 0597357 0598528 1444754 1514468 1706316 2746065 1412278 0597357 1412278 0162574 1511625 0206587 0010834 0205179 0444930 0521449 0596988 0597357 0598528 1442161 1511760 1514468 1880274 1880389 1883221 2746065 3541951 0019796 1333908 1522408 0205148
 0599161 0032520 0677874 0443289 0175723 0017243 1382104 0009013 0205447 0007457 0043157 0220938 0336721 1444656
 0009013 1569748 0055635 1332755 0008586 0025914 0025929 0026809 0205396 1550043 1551388 1552603 1706202
 2347469 1412278 0597357 0007634 3282337 0229671 1546774 1550100 0205148 0205148 0205148 0439526 0205148 0439526 0205148 0456696 1442770
 0007634 3282337 0024348 1531661 1531662 3244092 0185117 0441889 0055633 1332754 0008586 0055637 1335805 0005863
 0002778 0936012 1524024 1412278 0162574 1514760 0007634 0150312 0205179 0332285 0444930 0597357 0598528 1514468 2746065 3282337 0007634 1707455 3282337 2827734 2981698 1444656
 0456947 0456948 0441889 0456079 1547707 2946261 0243148 1550141 1882979 2587213 3274648 0030695 0150369 0181904 0596972 1521743 1704646
 1883351 0521093 0750484 1456348 0442805 0428479 0033684 0441889 0456079 1547707 2946261 0007634 3282337 0019796 1333908 0005971 1139930 3537155 0243148 1550141 1882979 2587213 3274648 0022984 0040845 0001128 0202406 0470296 1948023
 0456696 1442770 0007634 3282337 0024348 1881488 0005863 0949466 1705493 0182400 1704681 2347609 3536729 0185117 0055635 1332755
 0205397 0349966 1337208
 0450354 1706096 0033684 0205250 1412278 0162574 3242459 0007634 0205179 0442791 0444930 0547043 0597357 0598528 0851285 1282911 1514468 2746065 3282337 1514760 0205263 0857127 0055635 1332755 0377800 0007634 0008586 0033684 0442791 3282337
 1412278 1514760 0162574 0007634 0150312 0205179 0332285 0442791 0444930 0597357 0598528 1514468 2746065 3282337 0017237 1145617 1948023 0040845 0001128 0202406 0442739 1548568 0392747 0443172 1705241
 1412278 1514760 0162574 0007634 0150312 0205179 0332285 0442791 0444930 0597357 0598528 1514468 2746065 3282337 0055635 1332755 0008586 0022984 1948023 1883351 0547043 0851285 1282911 0205263 0857127
 0678226 0019796 0036536 0036537 0205227 1333908 2987476 3146286 0205309 1883351 0018270 0022984 0205263 0220844 1184743 1522240 1621966 1709305 2745955 2911660
 1412278 1514760 0162574 0007634 0150312 0205179 0332285 0442791 0444930 0597357 0598528 1514468 2746065 3282337 1419790 1948023 1412278 0162574 1621296 0023688 0205179 0444930 0597357 0598528 1514468 2746065 0851285 1327622 0205263 0857127 0007634 3282337 0450354 1706096
 0521093 0750484 1456348 1706599 0055635 1332755 0055633 1332754 1333031 0008586 1521840 2986546 1412278 0162574 3242459 0007589 0205179 0205263 0444930 0547043 0597357 0598528 0851285 1282911 1511938 1514468 2746065 2945687
 0008586 1335532 0015576 1704727 0229525 0886515 0230682 0007634 0010837 0014136 0150312 0332464 0521425 0993609 1327616 1883525 2346866 3282337 1519221 0027882 0282443 0450348 1425988 1709940
 0086282 0521116 0205309 0205393 0557651 2603343 0055633 1332754 0008586 0055635 1332755 0008586 0055637 1335805 0007634 0008586 0205309 3282337
 1883351 0557651 2603343 0205448 0086282 1412278 0162574 3242459 0037083 3537152 0185117 0005863 0949466 0936012 1705493
 0349966 1337208
 0450354 1706096 1547282 0055635 1332755 0008586 0205263 0857127 0055633 1332754 0008586 0205263 0857127 0055637 1335805 0205263 0857127 0547043 0851285 1282911 1412278 0162574 0006539 0019796 0086597 0127400 0205179 0234402 0444930 0597357 0598528 1333908 1514468 2746065
 1419790 1412278 1621296 0597357 0079613 0037633 0150312 0332285 0525069 0075415 0231441 0520510 1515981 1710236 1883351 1280500 2348382 0055635 1332755 0008586 0022984 0205263 0857127 0055637 1335805 0205402 0450354 1706096
 1883351 0332196 2828389 0887824 1705417 1511726 3245479 1412278 0162574 0332291 0009013 0085862 0205179 0205448 0442791 0444930 0597357 0598528 1299583 1514468 1711411 2746065 1511726 3245479 1518422 1547282
 0008586 0205309 1883351 0036538 0449432 0887944 0333262 0150312 0333262 1709634 2752547 0596632 1749784 0018270 0206428 0220844 1621966 2911660
 1517331 1883351 0035820 1705810 1412278 0162574 2752630 0007589 0150312 0205179 0205263 0332285 0444930 0597357 0598528 1511938 1514468 2746065 2945687 0475264 1744691 0242349 0557651 2603343
 1412278 0597357 0007634 3282337 0017237 1145617 0205148 0007634 3282337 0205173 1705764 1705765 0055635 1332755 0008586 2986582 0349966 1337208 2347469 0073187 0016327 0439133 1553038 0332583 0003241 0349966 1337208 2347469 0073187 0016327 0439133 1553038 0332575 1260956
 0205397 1881786 0349966 1337208 2347469 0073187 0016327 0439133 1553038 0221205 1710082 0055635 1332755 0085255 1420554 1710082 1883357 0596632 0018270 0206428 0220844 1621966 2911660 1412278 1514760 0162574 0007589 0007634 0205179 0205615 0332285 0442791 0444930 0597357 0598528 1514468 2746065 3282337 0450363 2986797 1705535 0007634 3282337
 0008586 0487602 1704680 1947971 0037083 1710082 0019796 0205148 1333908 1522408 1412278 0162574 1514760 1656978 0007634 0205179 0442791 0444930 0597357 0598528 1514468 2746065 3282337 0017237 0205148 1145617 1522408 0450365 1706097
 0449911 0333052 2607870 0557702 1272706 1704674 0557702 1272706 1704674 0349966 1337208
 0439086 2827736 2981702
 0085255 1420554 0815000 0007634 3282337
 0815000 0007634 3282337 1412278 0162574 0205179 0444930 0597357 0598528 1514468 2746065 0718133 0016327 0439133 1553038 0017237 0205148 1145617 1522408 2347469 0205148 0016327 0439133 1553038 0205173 1705764 1705765 0055635 1332755 0008586 2986582 2347469 0073187 0016327 0439133 1553038 0332583 0085255 1420554 2347469 0073187 0016327 0439133 1553038 0003241 0026022 0016315 0026018 0234621
 1080898 1552961 2347617 1710082 0221205 2347469 0073187 0016327 0439133 1553038

 1412278 1514758 0597357 0205263 0031715 1158886 1518440 0599893 0040715 2987521 0056695 1511573 0001455 0600508 0013879 0439596 0871261 1511572 1704632 1705248 1706817 2911692 1547282 1883351 0185117
 1326120 0599177 1879547 1333498 1547282 1883351 0205410 0450355
 0018563 1281583 1552914 1412278 0597357 0162574 0205309 1883351 0085732 1299581 1515877 1879547 1704259 1705987 0332257 0082529 1366765 0170168 1366882 0600388 0752312 0031727 0521119 0851285 1710082 1259877 0257535 1120843 0752312 0024779 0031727 1706473 0439084 0728893
 1883351 0243095 0439787 0849355 1412278 1514758 0597357 0085732 1299581 0205263 1157225 1158886 0031715 0056695 3158668 1511573 1148918 1881488 0056695 3158668 1511573 1148918 0001455 0242210 0600508 0003241
 0349966 1337208 1547282
 0450373 1553636 0082529 1366765 0170168 1366882 0600388 0752312 0031727 0521119 0851285 1710082 1157225 1158886 0031715 0056695 3158668 1511573 1148918 1412278 0162574 1514760 1656978 0007634 0205179 0205263 0442791 0444930 0597357 0598528 1514468 2746065 3282337 0019796 1333908 1948023 0007634 0442791 3282337 0082529 1366765 0170168 1366882 0600388 0752312 0031727 0521119 0851285 1710082 1157225 1158886 0031715 0056695 3158668 1511573 1148918 0442726 1511790
 0017237 1145617 0040845 0001128 0202406 1518422 0205263 0082529 1366765 0170168 1366882 0600388 0752312 0031727 0521119 0851285 1710082 1157225 1158886 0031715 0056695 3158668 1511573 1148918 1412278 0162574 0150312 0205179 0332285 0442791 0444930 0597357 0598528 1514468 2746065 0007634 3282337 0450373 1553636
 0022984 0205263 0031715 1158886 0082529 1366765 0170168 1366882 1412278 0162574 0150312 0205179 0332285 0442791 0444930 0597357 0598528 1514468 2746065 0007634 3282337 0205263 0857127 0031715 1158886 0082529 1366765 0170168 1366882 1412278 1514760 0162574 0007634 0150312 0205179 0332285 0442791 0444930 0597357 0598528 1514468 2746065 3282337 0007634 3282337 1157225 1158886 0031715 0056695 3158668 1412278 1514760 0162574 0007634 0150312 0205179 0332285 0442791 0444930 0597357 0598528 1514468 2746065 3282337 0205263 0857127 1157225 1158886 0031715 0056695 3158668 1511573 1148918 1412278 1514760 0162574 0007634 0150312 0205179 0332285 0442791 0444930 0597357 0598528 1514468 2746065 3282337 0332293 0007634 0442791 1522326 1707455 3282337
 0332149 1705910 2362652 0019796 0022984 0036536 0036537 0205227 0205263 0868928 1333908 1706255 1706256 1515877 1879547 1412278 0597357 0162574 0525010 0037083 0596138 3537152 1155451 1512812 0037080 2247060 1412278 1514760 0162574 0007634 0150312 0205179 0332285 0442791 0444930 0597357 0598528 1514468 2746065 3282337
 0002778 0936012 1524024 1547282 0082529 1366765 0170168 1366882 0600388 0752312 0031727 0521119 0851285 1710082 1157225 1158886 0031715 0056695 3158668 1511573 1148918 1412278 1514760 0162574 0007634 0150312 0205179 0332285 0442791 0444930 0597357 0598528 1514468 2746065 3282337 0456693 1442458 0444505 0702093 1292856 1948023 0450375
 1883712 0056695 3158668 1511573 1148918 1148922 0001455 0242210 0600508 0013879 0033684 0243122 0439596 0871261 1145667 1167622 1511572 1704632 1705248 1706817 2911692 0007610 1412278 1514760 0162574 0007634 0150312 0205179 0332285 0442791 0444930 0597357 0598528 1514468 2746065 3282337 0019796 1333908 1948023 0450376 0007634 0442791 3282337 0450377 2986754 1412278 1514760 0597357 0017237 1145617 1948023 0450378 0017237 1145617 0040845 0001128 0202406 0450379 0022984 1518440 0599893 0040715 2987521 1518422 1441672
 0449911 0333052 2607870 0557702 1272706 1704674 0557702 1272706 1704674 0349966 1337208

 1514758 0596035 1879547 1412278 0205263 0031715 1158886 1518440 0599893 0040715 2987521 0056695
 0815000 0007634 3282337 1412278 0162574 0205179 0444930 0597357 0598528 1514468 2746065 0229671 1546774 1550100 2348531 0439583 0017237 0205148 1145617 1522408 0005971 0040845 0001128 0202406 0470296 0205148 0439526 0019796 1333908 1522408 0205148
 0007634 3282337 0024348 0005863 0949466 1705493 0182400 1704681 2347609 3536729 0003241 0205369 1552740 0056695 0082529 1366765 0170168 1366882 0600388 0752312 0031727 0521119 0851285 1710082 0082529 0170168 1366765 1366882 0600388 0752312 0031727 0521119 0851285 1518422 1710082
 0002778 0936012 1524024 1412278 1514760 0597357 0007634 3282337 0086715 1514811 1522609 1706462 1444656
 2347469 0007634 3282337 0019796 1333908 1522408 0005971 0205148 0024348 1552738 0182400 1704681 2347609 3536729
 0347983 0332575 1260956 0082529 1366765 0170168 1366882 0600388 0752312 0031727 0521119 0851285 1710082 0332583 1412278 1514760 0162574 0007634 0150312 0205179 0332285 0442791 0444930 0597357 0598528 1514468 2746065 3282337 0007634 3282337 0019796 0073187 0205148 1333908 1522408 1412278 1514760 0597357 0205148 0040845 0001128 0202406 0470296 0016327 0439133 1553038 1412278 1514760 0597357 0205148 0439267
 0057142 0487602 0677601 1704680 1705206 1260957 0007634 3282337 2346686 0033727 0369286 0441932 0564385 1547282
 1442446
 1412278 0597360 0597357 1157225 1158886 0031715 1333498 1704259 1705987 1547282 1883351 0205410 0085262 0007634 3282337 0450355
 0256431 1449702 2757016 0215863 0150312 1883351 1152564 3537035 0243077 1419744 1136240 0073337 0031727 0678226 0750492 1334043 2697616 3146286 0014442 0014445 1152874 0033634 1149290
 0392366 0755562 1999216 0256431 0215863 0007634 3282337 0109289 0008203 0596019 1514555 1449702 2757016 0072348 1418370 1152564 1518422 0392760 1314939 1419744 0082782 0033727 0369286 0441932 0564385 0243459 1449702 0010531 0038164 1171350 3537023 3537035 0033640 0031727 0033684 1999216 0085732 0018790 0237477 0392351 0521111 1412278 0597357 1157225 1158886 0031715 0056695 3158668 1511573 1148918
 0205397 0349966 1337208
 1553637 0755562 0018790 0237477 0392351 0521111 1412278 0597357 1158886 1157225 0031715
 0256431 0215863 1301751 1280500 2348382 0311403 0597357 0597358 1412278
 0007634 3282337 0109289 0008203 0596019 0082782 0033727 0369286 0441932 0564385 1301751 1280500 2348382 1157225 1158886 0031715 0056695 3158668 1511573 1148918
 1274040 1546471 2825142 1705535 0597357 0597358 0056695 1412278 3158668 1157225 1148918 0162574 1511573 0870868 1148922 0001455 0242210 0600508 1158886 0013879 0031715 0033684 0086597 0127400 0205179 0243122 0439596 0444930 0598528 0871261 1145667 1167622 1511572 1514468 1704632 1705248 1706817 2746065 2911692 1879547 0170168 1366882 0082529 1366765 1518422 0010531 0001455 0033640 0001497 0038164 1335962 0021467 0021469 0031727 0033684 0037083 0392760 0439596 1314939 1511572 1628982 3463820 3537152 1514528 3156336 1704259 1705987 0056695 3158668
 0755562 0256431 0215863 0028778 0332206 2983591 1412278 0597357 0162574 0086597 0127400 0041904 0162493 0547043 0851285 1282911 1327622 0185117 1547282 1704259 1705987 1412278 0162574 0006539 0205179 0444930 0597357 0598528 1514468 2746065
 0021467 0021469 1628982 3463820 1514758 1412278 0170168 1366882 0082529 1366765 0162574 0600388 0752312 0031727 0205179 0205263 0332285 0444930 0521119 0597357 0598528 0851285 1514468 1710082 1879547 2746065 1412278 0162574 1301751 3158384 0085103 0086597 0127400 0205179 0444930 0597357 0598528 1280500 1298908 1514468 1549444 2348382 2746065 0205148 1412278 1514762 0597357 1273518 0037080 0185117
 0449911 0333052 2607870 1413114 0557702 1272706 1704674 0557702 1272706 1704674 0349966 1337208
 0439084 0728893
 1514873 0599177 1879547 1333498 0597360 0162574 0008586 0185117 0205179 0205263 0444930 0521125 0597357 0598528 1514468 2746065
 0815000 0007634 3282337 1412278 0162574 0205179 0443225 0444930 0597357 0598528 1444754 1514468 1706316 2746065 0038187 0229671 0439583 1546774 1550100 1512335
 0407295 1522408 0205148 0007634 3282337 1449702 2757016 1152564 0755562 1442446 0007634 3282337 0109289 0008203 0596019 0256431 0215863 0082782 0033727 0369286 0441932 0564385
 0456696 1442770 1292856 1948023 0007634 3282337 0024348 0005863 0949466 0936012 1705493
 1157225 1158886 0031715 0056695 3158668 0082529 1366765 0170168 1366882 0600388 0752312 0031727 0521119 0851285 1292856 1710082 1948023
 2347469 0185117 0055635 1332755 0008586
 0082529 1366765 0170168 1366882 0600388 0752312 0003241 0021027 0031727 0521119 0851285 1710082 1711411 1708715
 1412278 0597357 0162574 0037083 3537152 0205263 1518294 0596508 0038250 1947950 0007634 0013935 0242767 1186763 3282337 0007600 0815000 0007634 0027819 0205132 0700095 1269647 1550648 1552960 1704653 1948049 3540583 0027912 0449738 0521390 1171947 1444647 1883351 0042789 1947903 1412278 0597357 0162574 0205263 1518294 1706907
 1706214 1512140 1513528 0007600 0205132 1412278 0597357 1412278 0597357 1412278 0162574 1511625 0206587 0010834 0205179 0444930 0521449 0596988 0597357 0598528 1442161 1511760 1514468 1880274 1880389 1883221 2746065 3541951
 0007589 1511938 2945687 1412278 0597357 0007634 3282337 0557651 1707455 2603343 1280500 0040845 0001128 0202406
 1883351 0439659 0007589 1511938 2945687 0007634 3282337 2936498 0242821 1995017 0392148 0019796 1333908 0040845 0001128 0202406 1524062 1521761
 0599444 1947950 0180454 0017237 1139930 1145617 1522408 0392148 0019796 1333908 0040845 0001128 0202406 1883712
 0010454 0009458 0010453 0220814 0430400 0439536 1705217 2242979 3244283 0009458 0392747 0439536 0443172 1705217 3244283 0242295 1947943 2348609
 0009458 0439536 1705217 3244283 1518422 0205263 1518294 0023636 0329040 0007595 0814002 0018270 0220844 1621966 2911660 1260953 0079411 3146294
 0010453 0220814 0430400 2242979 0332197 1689985 0018284 0018270 0220844 1621966 2911660 1521761 2827422 1547282 1883351 0309049 1512140 0007600 0205132 0947630 0162339 0007634 0178587 0205250 0884358 1269647 1299351 1704653 1948049 2700149 0439479 0555206
 0007589 1511938 2945687 0009013 0040845 0001128 0202406 0392148 0349966 1337208 2347469 1272689 1184743 1522240
 0007634 3282337 0332293 0019796 1333908 1522326 0007634 3282337 1412278 0597357 0162574 0870432 0332437 0543482 0700329 0700619 0007634 3282337 0019796 1333908 1948023 1299582 0085103 0349966 1337208 2347469
 0007589 0815000 0007634 0027819 0700095 0947630 1269647 1511938 1704653 1948049 2945687 3540583 0596508 1514964 0007589 0038250 1947950 0007634 0013935 0242767 1186763 1269647 1511938 1554077 1704653 1948049 2828389 2945687 0009013 1412278 0162574 0205179 0332285 0444930 0597357 0598528 1335648 1514468 1824685 2697937 2746065 0007634 3282337 0681814
 0449911 0333052 2607870 0557702 1272706 1704674 0557702 1272706 1704674 0349966 1337208

 1514964 1518294 0007589 1511938 2945687 0019796 1333908 1948023 0040845 0001128 0202406
 0007634 3282337 1412278 0597357 0007634 3282337 0205435 1279901 2936498 0242821 1995017 0392148 0040845 0001128 0202406 0019796 1333908 1883712
 0007634 3282337 0017237 1145617 1522408 0005971 0005971 1139930 3537155 0040845 0001128 0202406 0470296 0019796 1333908 1522408 1139930
 0009458 0439536 1705217 3244283 0009458 0392747 0439536 0443172 1705217 3244283 0332256 2700400 0242295 1947943 2348609
 1512140 0007600 0205132 0010453 0012634 0220814 0348080 0430400 1705253 2242979 0427850 0392148 0031437 0205615 0521390 1285572 2348792 0040223 0205369 0936012 1552740 3541383 1552961 2347617
 0243091 1521816 2700385 0332437 0543482 0700329 0700619 0007589 1511938 2945687
 2347469 1709793 0007589 1511938 2945687
 1171362 0185117 0017626 0378781 0920499 0033684 0007589 1511938 2945687
 0073187 1709793 1326073 0439178 0007589 0027836 0007634 3282337
 0041348 2937342 1415287 0061465 0017789 0220839 0597357 1711351 1415287 1512140 0007600 0205132 0007589 1511938 2945687
 0016327 0439133 1553038 1709793 1415287
 1080898 1552961 2347617 0439178 1446409 1514241 2825490 0339897
 1442446
 0007589 1511938 2945687 0007634 3282337 0023693 1306462 1417668 1455438 1518285 1881376 2981619 2986582 1445860 0003241 0521390 1512195 0007589 1511938 2945687
 0205397 0349966 1337208
 0073187 0680220 0040845 0001128 0202406 1948023 2986582 0439178 1446409 1514241 2825490 0205171 1720467 0027836 0439178 0007634 3282337 0007634 3282337 2986582 0439178 1446409 1514241 2825490 0017626 0033684
 1412278 1514760 0597357 0332293 0019796 1333908 1522326 0439178 1446409 1514241 2825490 0007634 0185117 1335648 1417668 1455438 1518285 1824685 2697937 2981619 3282337 1518422 0442726 1511790
 0007634 0030551 0205392 1335648 1824685 2697937 3282337 3540770 0332293 0019796 1333908 1522326 2986582 0439178 1446409 1514241 2825490 0349966 1337208
 0007589 1511938 2945687 0007634 3282337 0005516 0521390 2986582 0041348 2937342 1415287 0061465 0017789 0220839 0597357 1711351 1415287 0003241 0016327 0439133 1553038
 0007634 3282337 0040845 0332293 0001128 0202406 1522326 0870432 0439178 0007634 3282337 0233426 0700364 0599444 2752549 0702216 0007610 0085103 1184743 1522240
 0007634 3282337 0332293 0019796 1333908 1522326 0870432 0597879 1709707 1412278 1514760 0597357 0332293 0019796 1333908 1522326 2986582 0439178 1446409 1514241 2825490 1415287 0349966 1337208 0016327 0439133 1553038
 0041348 2937342 0185117 0243126 0442805 0027882 0007589 0205615 0085103 0011305
 1274040 1546471 2825142 1705535 1412278 0597357 0162574 0037083 3537152 0031437 1285572 1280444 3158384 0085103 0205319 0185117 1518422 0205410 0007589 0205615 0027882 0439178 1280444 0007634 0205251 0205319 0441889 1299352 1415287 1446409 1514241 1550472 2825490 3282337
 1412278 0597360 0597357 0007634 0030551 0205618 0442726 1335648 1511790 1524083 1704620 1824685 2697937 3282337 0597360 0185117 1412278 0007634 0030551 0547043 0851285 1282911 1335648 1824685 2697937 3282337 0019796 0392148 1333908 1571602 0007634 0030551 0205392 1335648 1824685 2697937 3282337 3540770 0007589 0205615 0871261 1704632 1706817 2911692 1292856 1948023
 0449911 0333052 2607870 0557702 1272706 1704674 0557702 1272706 1704674 0349966 1337208

 0597360 0185117 1412278 0008586
 0597360 0185117 1412278 0007634 3282337 1412278 0597357 0007634 3282337 0019796 1333908
 2347469 0185117 0055635 1332755 0008586 0055637 1335805 0007589 0205615 0040845 0001128 0202406 0019796 1333908 0243148 1550141 1882979 2587213 3274648
 0002778 0936012 1524024 1412278 1514760 0162574 0007634 0150312 0205179 0332285 0444930 0597357 0598528 1514468 2746065 3282337 0332293 0007634 0243148 1522326 1550141 1707455 1882979 2587213 3274648 3282337 0086715 1514811 1522609 1706462 1444656
 0456947 0456948 0441889 0456079 1547707 2946261 0243148 1550141 1882979 2587213 3274648 0030695 0150369 0181904 0596972 1521743 1704646
 0008586 1412278 0162574 1518294 2325760 3242459 0007589 0205179 0205263 0444930 0521390 0547043 0597357 0598528 0851285 1282911 1511938 1514468 2746065 2945687 0007634 0442791 3282337 0449774 0005863 0596508 0038250 1947950 0007634 0013935 0242767 1186763 3282337 0007589 1511938 2945687
 0205397 0349966 1337208
 1512140 0007600 0205132 1518422 1705417 0185117
 0007634 3282337 1412278 0597357 0851285 1327622 0055635 1332755 0008586 0055637 1335805 0040845 0001128 0202406 0019796 1333908
 0185117 2347469 0007634 0547043 0851285 1282911 1335648 1824685 2697937 3282337 0871261 1704632 1706817 2911692 0040845 0001128 0202406 0442805 0007634 0442726 1335648 1511790 1824685 2697937 3282337 0871261 1704632 1706817 2911692 1292856 1948023 1705535 0019796 1333908 0205263 0041904 0162493 0547043 0851285 1282911 1327622 0596508 0038250 1947950 0007634 0013935 0242767 1186763 3282337 1412278 0597357 0037083 3537152
 1517331 1883351 0557651 2603343 1412278 0162574 0035820 0205179 0444930 0597357 0598528 1514468 1705810 2746065 0596508 0007589 1516359 1514964 0038250 3537152 0007613 0037083 0230625 1947950 0007634 0013935 0242767 1184743 1186763 1511938 1522240 2945687 3282337 0936012 1317658 1523331 0449774 0082529 1366765 0170168 1366882 0600388 0752312 0031727 0521119 0851285 1710082
 0007634 3282337 0007589 0205615 0017237 1145617 1139930 0040845 0001128 0202406 1881488 1257988 0443640 0003241 0205369 1552740 0056695 3158668 1511573 1148918 1148922 0001455 0242210 0600508 0013879 0033684 0243122 0439596 0871261 1145667 1167622 1511572 1704632 1705248 1706817 2911692 0082529 1366765 0170168 1366882 0600388 0752312 0031727 0521119 0851285 1710082
 0349966 1337208
 1553640 1547282 0442805 0082529 1366765 0170168 1366882 0600388 0752312 0031727 0521119 0851285 1710082 0007634 0442726 1511790 3282337 0040845 0001128 0202406 1948023 0019796 1333908 0007634 1518422 3282337 0017237 1145617 0005971 1139930 3537155
 1517001 1412278 0597357 0162574 0037083 3537152 1883351 0019796 0205263 1280500 1333908 1514873 0040845 0001128 0031715 0202406 0205263 1158886 1518422 0056695 3158668 1511573 1148918 1148922 0001455 0242210 0600508 0013879 0033684 0243122 0439596 0871261 1145667 1167622 1511572 1704632 1705248 1706817 2911692 0082529 1366765 0170168 1366882 0600388 0752312 0031727 0521119 0851285 1710082
 0007634 3282337 0007589 0205615 0056695 3158668 1511573 1148918 0001455 0242210 0600508 0031715 1158886 0082529 1366765 0170168 1366882 0443318 1157225 1158886 0031715 0056695 3158668 1511573 1148918 0031715 1158886 0082529 0170168 1366765 1366882 0007634 0442726 1511790 3282337 0040845 0332293 0001128 0202406 1522326 0007634 0030551 1335648 1515981 1824685 2697937 3282337 1412278 1514760 0597357 0007634 1335648 1518422 1824685 2697937 3282337 0332293 0019796 1333908 1522326 1424736
 0443318 1157225 1158886 0031715 0056695 3158668 1511573 1148918 1883351 0596508 1514964 0038250 1518294 0007589 1947950 0007634 0013935 0242767 0521390 1186763 1511938 2945687 3282337 0871261 1704632 1706817 2911692 0040845 0001128 0202406 0019796 1333908
 0449911 0333052 2607870 0557702 1272706 1704674 0557702 1272706 1704674 0349966 1337208

 1157225 1158886 0031715 0056695 3158668 0082529 1366765 0170168 1366882 0600388 0752312 0596508 1333409 0038250 0007634 0013935 0031727 0205615 0242767 0521119 0851285 1186763 1710082 3282337 0037083 1947950
 1512140 0007600 0205132 0007589 0205615 0017237 1145617 1522408 0005971 1139930 3537155 0040845 0001128 0202406 0470296 0019796 1333908 1522408 0439526 0005971 1139930 3537155 0031715 1158886 0056695 3158668 1511573 1148918 1148922 0001455 0242210 0600508 0013879 0033684 0243122 0439596 0871261 1145667 1167622 1511572 1704632 1705248 1706817 2911692 0082529 1366765 0170168 1366882 0600388 0752312 0031727 0521119 0851285 1710082 1257988 0443640 0003241 0205369 0936012 1552740
 2347469 1157225 1158886 0031715 0056695 3158668 0082529 1366765 0170168 1366882 0600388 0752312 0031727 0521119 0851285 1710082 1512140 0596508 0007600 0038250 1947950 1881488 0007634 0013935 0205132 0242767 0936012 1186763 1269647 1704653 1948049 0007589 0205615
 0002778 0936012 1524024 1412278 1514760 0162574 0007634 0150312 0205179 0332285 0444930 0597357 0598528 1514468 2746065 3282337 0332293 0007634 0243148 1522326 1550141 1707455 1882979 2587213 3274648 3282337 0086715 1514811 1522609 1706462 1444656
 0456947 0456948 0441889 0456079 1547707 2946261 0243148 1550141 1882979 2587213 3274648 0030695 0150369 0181904 0596972 1521743 1704646
 0520510 0557061 2584313 0439234 1444637 1514811 1706462 0332120 1412278 0597357 0232370 1314939 2347946 0012634 0348080 1705253 0342257 0009566 0011847 0011849 1171258 1514721 2348147 0002726 0006826 0998265 1306459 0282443 1425988 1709940
 1412278 0162574 0035820 0205179 0444930 0597357 0598528 1514468 2746065 0027763 0422837 1269560 0439792 0547044 0557651 2603343
 0205309 1412278 0597357 0086597 3158384 0085103 0033414 0007620 0007634 0038952 0220921 1269647 1704653 1948049 0019796 1333908 0086282
 1883712 1412278 0597357 0162574 1547282 1883351 0019796 1333908 1882791 0027763 0422837 1269560 0027769 0449913 0599851 1553451 1704459
 0014257 1412278 0162574 1326169 1326120 1514758 0206116 0596035 1514760 1656978 0007634 0205179 0444930 0521398 0597357 0598528 1514468 1879547 2746065 3282337 0684224 0700287 3496591 1883351 0205263 0017262 0185117 0021760 1527132 0021764 1527200 0078056 1421435 1416373 0007578 0007577 0001511 0005847 0007634 0175633 0567416 1269647 1558950 1704653 1801960 1948049 2328697 0079784 1524095 0009392 0079460 0024432 0439158 1521761 1947989 1948023 2827422 0040048 1333522 0040300 1521761 1547928 2827422
 0750558 1710571 0017263 0851285 1327622 0027882
 1272689 1412278 0597360 1335671 0597357 1706907
 0683954 1274040 1546471 2825142 1412278 1514758 0597357 1518294
 0086282 0017337 1521840 2986546 1412278 0162574 3242459 0037083 0007634 0521390 3282337 3537152
 1412278 1514758 0597357 0205263 0031715 1158886 1518440 0599893 0040715 2987521 0056695
 1412278 1514758 0597357 0031437 0205615 0521390 1285572
 0008586 1335532 0015576 1704727 0729650 0032659 1257890 0301817 0019932 0033382 0332307 1547052 2987124 1709634 0030956 0282443 1425988 1709940
 0185117 1547282 1883351 0205177 0439167 0441655 0521390 0851285 1561536 0006104 0205146 1269537 0027754 0007600 0007634 0205132 0521390 1269647 1704653 1948049 0439509
 0947630 1547282 0055633 1332754 0008586 1707719 0205171 0439044 0679994 0205410 0013126 3155640 0005495 0220781 0887944 1166757 0443301
 1705535 0008586 1261552 1704379 1705117 2825408 0870312
 2607943 2926606 3539655 1412278 1514758 0597357 0055633 0086282 1332754 0008586 0015576 0205449 0680022 1704727 1705535 1412278 0597357 0544458 0027912 0031437 0031843 0182953 0521390 0542341 0700205 1285572 1327616 1704734 1704735 1705273 0205246 1553889
 1412278 0597357 0019796 1333908 0007589 0182953 1511938 2945687 0449475
 0947630 1547282 0019796 1333908 0205263 0007589 1511938 2945687
 0018563 1281583 1552914 1412278 1514758 0597357 0162574 0205179 0444930 0598528 1514468 2746065 0332185 0684224 0700287 3496591 1883351 0033414 2610414
 0040691 1527194 0684224 0700287 3496591 1883351 0033414 1621980 0034963 0332282 0270611 3263722 3263723 1412278 0162574 0205179 0444930 0522506 0597357 0598528 1514468 1521840 2746065 2986546 1657987 0243107 0678723 1527148 0034963
 0441712 0007589 0027819 0332152 0700095 1511938 1522538 2945687 3540583 0039796 0302350 0543488 0040223 3541383
 1514761 0021467 0021469 1628982 3463820 1547282 1883351 1260953 0598934 0018270 0027651 0220844 1578706 1621966 2911660 3273930 0027627 2939420 1705535 1412278 0597357 1273517 1521840 2986546 0281375 0007589 0039798 0087111 1363945 1511938 2945687 0027819 0700095 3540583
 0018563 1281583 1552914 0055633 1332754 0008586 0041365 0005516 1274040 1546471 2825142 1412278 0597357 0162574 0182953 1704734 1704735 0185117 0055633 1332754 0558058 1412278 1325419 0162574 1152633 0205177 0205179 0439167 0441655 0444930 0597357 0598528 1514468 1561536 2746065 0027651
 0543488 1883351 0042789 1947903 1412278 0597357 0185117 0055633 1332754 0027651 0332307 0440102 1578706 3273930
 0041365 0005516 0185117 0150312 2674684 0085103 0006104 1269537 0002395 1521724 3546648 0242821 1707391 1826583 1995017 1848921 0027882 0085200 0242821 1995017 0006114 1527311 0544925 0013604 0038999
 1314939 1412278 0597357 0002716 0011560 0030956 0611285 0002395 1521724 0012634 0332120 1265611 1521721
 0055633 1332754 0008586 1705535 1883351 0002395 1521724 0012634
 0023690 1412278 1449651 0225328 0547043 1282911 0185117 0055633 1332754 0036536 0036537 0541749 1709743 1515877 1879547 0206116 0007634 3282337 0027934 0014038 0021368
 1274040 1546471 2825142 0030351 0449450 1547566 1412278 0162574 0681520 1523873 0205179 0205314 0439855 0444930 0597357 0598528 1514468 1704241 2746065 0037083 3537152 1519193
 1412278 0597357 0162574 0205309 1710082 1704259 1705987 0332257 0082529 1366765 0170168 1366882 0600388 0752312 0031727 0521119 0851285 1710082 1259877 0257535 1120843 0752312 0024779 0031727 1706473 0439084 0728893 0751984 0018296 1420645 3537279 0040648 0033453 0162493 1824728 0040649 0332152 1521761 1522538 1879547 2827422
 1879547 1412278 0597357 0086597 0127400 0041904 0162493 0017263 0547043 0851285 1282911 1327622
 1274040 1546471 2825142 1547282 1412278 0597357 0205263 0031715 1158886 0597704 1159772 0475264 1744691 0056695 0206256 0017337 0205253 0205548 1279919 1363844 0871261
 0056695 3158668 1511573 1148918 1148922 0001455 0242210 0600508 0013879 0033684 0243122 0439596 0871261 1145667 1167622 1511572 1704632 1705248 1706817 2911692 0205309 1883351 0441712 0851285 1554184 1706376 0001455 0086597 0127400 0439596 0441712 0596235 1511572 1706376 0140968 1419744 0035553 1419024 1419741 1861424 2348600 1419744
 0056695 3158668 1511573 1148918 1149290 0001455 0033640 0242210 0600508 0001497 0450382
 1274040 1546471 2825142 1547282 0021467 0021469 1628982 3463820 1280500 2348382 0597357 0597358 0056695 1412278 3158668 1157225 1148918 0162574 1511573 1148922 0001455 0242210 0600508 1158886 0013879 0031715 0033684 0205179 0205263 0243122 0439596 0444930 0598528 0871261 1145667 1167622 1511572 1514468 1704632 1705248 1706817 1720176 1720294 2746065 2911692 0021467 0021469 1628982 3463820 1419349 2247123 1419744 1521840 2986546 0001497 0033640 0031727 0056695 3158668 0597357 0597358 0056695 1412278 3158668 1157225 1148918 0162574 1511573 1148922 0001455 0242210 0600508 1158886 0013879 0028778 0031715 0033684 0205179 0205263 0243122 0332206 0439596 0444930 0598528 0871261 1145667 1167622 1511572 1514468 1704632 1705248 1706817 2746065 2911692 2983591
 2963144 1704259 1705987 0037083 3537152
 0056695 3158668 1511573 1148918 1148922 0001455 0242210 0600508 0013879 0033684 0243122 0439596 0871261 1145667 1167622 1511572 1704632 1705248 1706817 2911692 1547282 1883351 1363844 0056695 3158668 1511573 1657589 1148918 0001455 0242210 0600508 0678226 0185117 0376515
 0947630 1547282 1412278 1514758 0597357 0033414 0007620 0007634 0038952 0220921 1269647 1704653 1948049
 0020792 0205396 0056695 3158668 1521840 2986546 1412278 0162574 0150312 0205179 0332285 0444930 0597357 0598528 1514468 2746065 0037083 3537152 0359589 1999230 1412278 0162574 1514758 0596035 0205179 0444930 0597357 0598528 1514468 1517892 1704666 1879547 2746065 0185117
 1883712 1514559 0056695 3158668 0205171 0439044 0679994 1547282 1883351 0205410 0205263 1818262 0007589 1511938 2945687
 0332148 0750492 0056695 3158668 1511573 1657589 1148918 0001455 0242210 0599177 0600508 1510941 1412278 0162574 1518294 2325760 0007589 0205179 0205263 0444930 0521390 0597357 0598528 1511938 1514468 1880177 2746065 2945687 2752630
 0200931 0599161 0002778 0032520 0677874 0936012 1524024 0040648 0040649 1521761 1979963 2003903 2827422 1547282 0041491 1420718 0020364 0041485 0020364 0040648 1412278 0162574 3242459 0007634 0205179 0205615 0442791 0444930 0547043 0597357 0598528 0851285 1282911 1514468 2746065 3282337 1514760 1511726 3245479 1518422 1547282 1705535 0007634 3282337 0031437 0205615 0599861 1285572
 0332149 1705910 2362652 0007600 0815000 0007634 0027819 0205132 0700095 1269647 1550648 1552960 1704653 1948049 3540583 0007589 1171947 1511938 2945687 1412278 1514758 0597357 0234402 1709697 2728259 3484370
 1444647 1883351 0022885 0039593 0392366 1412278 0597357 0162574 0037083 3537152 0205410 0013126 1511938 0007589 2945687
 1274040 1546471 2825142 1547282 1292856 1948023 1412278 0596508 0038250 1947950 0007634 0013935 0242767 1186763 3282337 0205263 1518294 1280444 0185117 0205319 0521390 1417668 1455438 1518285 2981619 0005516
 0185117 0006030 0377800 1336694 1455498 2347469 0596508 0038250 1947950 0007634 0013935 0242767 0442726 1186763 1511790 3282337 1412278 0597357 0162574 1705535 1522756 1655411 1158897 1523122 0851285 1327622 1412278 0162574 0597360 0008586 0185117 0205179 0444930 0597357 0598528 1514468 2746065 1518422 0815000 0007634 0027819 0439801 0700095 3282337 3540583 3542948
 1274040 1546471 2825142 1705535 1412278 0162574 0205179 0444930 0597357 0598528 1514468 1548787 2746065 0012634 0348080 0037083 3537152
 1412278 0597360 0597357 0150312 1883351 0596508 0038250 1947950 0007634 0013935 0030551 0242767 0547043 0851285 1186763 1282911 1335648 1824685 2697937 3282337 0019796 1333908 1948023
 1412278 0597357 0162574 0205263 0205309 0185117

 0392148 0442822 1265611 1412278 0162574 0205179 0332285 0444930 0597357 0598528 1514468 2746065 0007634 3282337 0205410 0205263 1412278 0597360 0597357
 1316572 1317574 1369612 0242767 1186763 0007634 3282337 0038250 0007634 0039421 0242767 0750591 1186763 1269647 1704653 1948049 0043240 0374711 0521390 1947946 2948600 3540471 3540472
 1285529 0162340 3542413 0037080 0037083 0086982 1704259 1705987 0243148 1550141 1882979 2587213 3274648 0334094 1514485 1514964 0007589 1511938 2945687
 0282411 0031437 1285572 0543488 0087111 1947946 2948600 3540471 3540472 1524063 0027882 0007634 3282337 1327616 0439861
 1412278 0162574 0035820 0205179 0444930 0597357 0598528 1514468 2746065 0334213 0027763 0422837 1269560 0205170 3146287 0162340
 0681829 0947630 1948052 0162340 0332272 0458003 0678723 1514873 1412278 0162574 0920644 0205179 0444930 0542341 0597357 0598528 1514468 2746065
 0332185 0684224 0700287 3496591 0025936 0003069 0025914 0025929 0026809 1412278 0162574 1511625 0206587 0010834 0205179 0444930 0521449 0596988 0597357 0598528 1442161 1511760 1514468 1880274 1880389 1883221 2746065 3541951 0682700 0027882 1705417 0027756 0161479 0027740 0027757 0034963 1280541 0036394
 0018563 1281583 1552914 0150312 1412278 0597360 0597357 0205250 0010453 0019564 0547043 0851285 1282911 0017789 0205263 0220839 3161035 1412278 0597360 0597357 0010957 0521390 0547043 0851285 1282911 1705242 1883709 0332307 1412278 0597357 0037083 3537152 0056695 3158668 1511573 1148918 1148922 0001455 0242210 0600508 0013879 0033684 0243122 0439596 0871261 1145667 1167622 1511572 1704632 1705248 1706817 2911692 0008586 0376515 1705535 1412278 0597357 0037083 3537152 0449265 1280500
 0543488 1883351 0042789 1947903 0243107 0678723 1527148 1516240 1412278 0162574 0206745 0025914 0025929 0026809 0205179 0392760 0444930 0560617 0597357 0598528 1314939 1514468 1522225 2746065
 0206745 0025914 0025929 0026809 0684224 0700287 3496591 1883351 0011065 0231800 1704631 1883351 1705417 0333641
 0684224 0700287 3273238 0004268 0871051 1883351 0205397 0332307 1521840 0026882 1705285
 0870444 0449445 1292724 0027552 0686904 1883351 0035820 1412278 0597357 0162574 0027763 0422837 1269560
 2986676 0031831 1707664 2348314 3540849
 1999230 0034861 0033684 1419790 1514798 1998793
 0018896 0449851
 2825232 0557651 2603343 0018173 1521721 0000876 0016132 0205099 0037455 0016617
 0010186 0220812 0449719 1709471 0220808 0680264 0007961
 1706852 0522501 1706089 0949214 0007634 3282337

 0282413 0376649 1442065 0369773 2603361
 0179400 1533124 0041740 0230113 0016132
 0254343 0796520 3272379

 0085205 1549619 1880669
 0013849 1705961 0024492 1538057 1547565

 0034037 1704324 0030351 0033727 0369286 0441932 0564385

 0033727 0369286 0441932 0564385
 1274040 1546471 2825142
 0000723 0000723 1273517 1412278 0597357 0162574 1412278 0597357 0162574
 0056695 3158668 1511573 1148918 1148922 0001455 0242210 0600508 0013879 0033684 0243122 0439596 0871261 1145667 1167622 1511572 1704632 1705248 1706817 2911692 0056695 3158668 1511573 1148918 1148922 0001455 0242210 0600508 0013879 0033684 0243122 0439596 0871261 1145667 1167622 1511572 1704632 1705248 1706817 2911692
 1259877 1259877
 0242767 1186763 0242767 1186763
 1417668 1455438 1518285 2981619 0023693 1306462 1881376
 0017626 0033684 0017626 1325793 1415042 0001128 0027836 0033684
 0076308 0076308 0076306 0124209 0206359
 0009458 0325564 0392747 0439536 1551720 1705217 3244283
 1720830 1823521 0991865 0006353 0031603 0031701 0036082 1601799
 0036774 0036773 0728877 0001924 0007452 0229671 1140701 1546774 1550100
 0057142
 0599161 0032520 0677874 0032520 0677874 0035380
 0599161 0032520 0677874 0599161 0032520 0677874
 0256431 0256431
 0024779 1706473 1979930 0033684
 0600388 0752312 0031727 0521119 0851285 1710082
 0752313 0752313 0169101 0031727
 0033634 0033621 1168438 1418943 3540567 0033640 0031727 0033684 0007634 3282337
 1514811 1706462 0520510 0557061 2584313 1514811 1706462 2827734 2981698

 0007634 3282337 0033727 0369286 0441932 0564385 0369637 0441923


 0201682
 0740116 2827735 2981700
 0033727 0369286 0441932 0564385 0033727 0369286 0441932 0564385
 0007634 3282337 2603360 0021966 0221138

 0025141 0439086 2827736 2981702

 2603362
 2603362
 0016327 0439133 1553038
 0369637 0441923


 0025141

 2603362
 2603362
 0016327 0439133 1553038
 0369637 0441923

 1315013

 0439084 0728893
 0033727 0369286 0441932 0564385


 0439114 0282635 0205090 0684010 2603358

 0369637 0441923


 0201682

 0033727 0369286 0441932 0564385
 0007634 3282337 0033727 0369286 0441932 0564385


 0201682

 0005767 0005768 0229664
 0007634 3282337 0439267
 0007634 3282337 0369718 0441922 1553036 0024171 0024176 2697939 0016360 1424823 0007634 3282337 0369637 0441923
 2603360 0024171 0024176 2697939 0033727 0369286 0441932 0564385 0439114 0443037

 0369637 0441923
 0349590 1262865 0025141
 2603362

 0439267




 0201682

 3495095
 0016327 0439133 1553038
 0369637 0441923


 0201682



 0033727 0369286 0441932 0564385 0999213 2603362
 0205090 0684010 2603358 0597277 1708601 0439267
 1418943

 0268596 2700624
 3642273
 0041703
 0000857 0600678 1552863

 0439114 0999213
 3495095 0016327 0439133 1553038 0205090 0684010 2603358

 1315013

 0025141
 2603362
 0033727 0369286 0441932 0564385 0016360 1424823 2603362
 0016327 0439133 1553038
 0999213 0439267
 0007634 3282337
 0369637 0441923
 1418943

 0268596 2700624
 3642273
 0041703

 2603360 2603360 0369773 2603361 0033727 0369286 0441932 0564385 0369773 2603361 0205090 0684010 2603358 0369773 2603361
 0369773 2603361
 0005775 1516559
 0033727 0369286 0441932 0564385
 0439267
 0205090 0684010 2603358 0033727 0369286 0441932 0564385


 0201682

 0439114 2603360 0205090 0684010 2603358 0999213

 0205090 0684010 2603358
 0369637 0441923


 0201682

 0369637 0441923
 0016360 1424823 0007634 3282337 0024171 0024176 2697939 0007634 3282337 0369718 0441922 1553036 0369773 2603361 0369637 0441923
 0016327 0439133 1553038 2603360 0331781
 0369637 0441923
 0007634 0439073 0439082 1269647 1704653 1948049 0025141
 0033727 0369286 0441932 0564385 0205090 0684010 2603358


 0201682

 0033727 0369286 0441932 0564385 0205090 0684010 2603358 0369637 0441923
 0439394 1706495 3642217 0369773 2603361


 0000857 0600678 1552863
 0205090 0684010 2603358 0033727 0369286 0441932 0564385


 0201682

 0205090 0684010 2603358


 0025141

 2347469 0033727 0369286 0441932 0564385
 0033727 0369286 0441932 0564385 0035853 0369773 2603361
 0040833 1521798
 3642273
 0025141
 0033727 0369286 0441932 0564385 0205090 0684010 2603358
 0027910 1552241 1555991 0025141 0450348
 0033727 0369286 0441932 0564385 0597277 1708601


 0025141
 0205090 0684010 2603358
 0439114 0033727 0369286 0441932 0564385


 0201682

 0033727 0369286 0441932 0564385 0033727 0369286 0441932 0564385 0369773 2603361 0369637 0441923
 2347379 0028606
 0000857 0600678 1552863
 0007634 3282337 0205090 0684010 2603358 0033727 0369286 0441932 0564385
 0033727 0369286 0441932 0564385

 3642273

 0205090 0684010 2603358
 0439267 0033727 0369286 0441932 0564385 0007634 3282337 2347469
 0369718 0441922 1553036


 0027882 0025141
 0439267 0033727 0369286 0441932 0564385
 0033727 0369286 0441932 0564385 0439267



 0000857 0600678 1552863
 1431628 0033727 0369286 0441932 0564385 2603362
 0597277 1708601 0369718 0441922 1553036
 0205090 0684010 2603358
 0439114
 2603360

 1315013

 0025141

 0439267
 2603360
 2603362
 0369718 0441922 1553036 0331968 2699100 0205090 0684010 2603358

 2347379
 0027960 0324740 0439189 1456781 1824986
 2347379
 0025141 0450355
 0597277 1708601 1431628 0033727 0369286 0441932 0564385 2603362
 0597277 1708601 0439114
 2603360
 0027960 0324740 0439189 1456781 1824986

 0450388
 2603362
 0597277 1708601 1431628 0033727 0369286 0441932 0564385 0205090 0684010 2603358
 0439114
 2603360
 0027910 1552241 1555991 0025141
 0597277 1708601
 0439394 1706495 3642217
 0597277 1708601 0439394 1706495 3642217
 0439394 1706495 3642217 0439267



 0201682


 0369637 0441923


 2347961

 0450387 0025141
 0007634 3282337 1416988 1538267 2603360
 0557775 1511780
 0027882 0450385 0025141



 2347379
 0025141
 0439267 0033727 0369286 0441932 0564385 0033727 0369286 0441932 0564385 0439267


 0201682

 0205090 0684010 2603358 0205090 0684010 2603358


 0025141
 0369773 2603361

 0439394 1706495 3642217



 0025141 0439509

 0016327 0439133 1553038



 0025141
 0007634 3282337 0033727 0369286 0441932 0564385

 0063789 3272375
 0025141

 0033727 0369286 0441932 0564385
 1431628 0369773 2603361
 0861352 0597277 1708601
 0439267 0439394 1706495 3642217
 0999213 2603362
 2603360
 2347379
 0027960 0324740 0439189 1456781 1824986
 2347379
 0025141
 2603360
 0033727 0369286 0441932 0564385 0439394 1706495 3642217
 0524869
 0369773 2603361
 0007634 1269647 1704653 1948049 0025141
 2347469 2603362


 0025141
 2347469


 0025141
 0369637 0441923
 1825831 0439394 1706495 3642217

 0205090 0684010 2603358
 0007634 3282337 2603360 0439267 0335912 0369637 0441923


 1315013

 0450336
 0155685 0597277 1708601 0369773 2603361
 0033727 0369286 0441932 0564385
 2347379
 0025141
 1551092 2603362
 0439394 1706495 3642217
 0016327 0439133 1553038
 0205090 0684010 2603358
 0205094

 0025141
 0439114 2603360
 0439267 0369773 2603361
 0439394 1706495 3642217


 0025141
 2347469

 0021966 0221138 0033727 0369286 0441932 0564385
 0033727 0369286 0441932 0564385
 0033727 0369286 0441932 0564385 0080045
 0439267 2603362
 2603362


 0000857 0600678 1552863
 2603362
 0999213 0016360 1424823 0999213 0033727 0369286 0441932 0564385 2603360 0439394 1706495 3642217 0369773 2603361
 0369637 0441923
 0349590 1262865 0025141
 0439394 1706495 3642217
 0016327 0439133 1553038 0043016
 0439267 0439394 1706495 3642217 0331781 2603360
 0439267 3463939

 2603362

 1417055

 0025141
 0439267 0369637 0441923
 0439114 0369637 0441923
 0016327 0439133 1553038


 0201682

 2603362
 0016327 0439133 1553038 0597277 1708601
 0597277 1708601
 0369637 0441923

 0027882 0025141 0450382

 0369637 0441923

 0036397 0000857 0600678 1552863
 1705493
 2603362
 0205090 0684010 2603358 0369637 0441923
 0369637 0441923

 0036397
 0369637 0441923
 0205090 0684010 2603358 0021966 0221138
 0040833 1521798
 0450348 0025141




 0036397
 0032639 1280999
 0026530
 0205090 0684010 2603358
 0243107 0678723 1527148
 0439394 1706495 3642217 0066801
 0016327 0439133 1553038

 0027882 0025141
 3539687 0016327 0439133 1553038 2603362 0033727 0369286 0441932 0564385 0369637 0441923 0872005 0016327 0439133 1553038 1440666 2346751 0369637 0441923



 0016327 0439133 1553038 2603360 0369637 0441923


 1704351 2239486
 0025141 0009993 0037455 0596070 1552856 0005477 0026376 0005532 1521991