 0001811 0006104 1269537 0011265 0497327 1881534 1705241 1705242

 0041740 2347782 0008972 0683939 0035168 0205099 0205210 0242481 0019994 1510665
 0282413 0254343 0796520 3272379
 0013849 1705961 0024492 1538057 1547565 1553387 1948035 0004446
 0497327
 0442726 0027361 0237401 1521970 1706388 2346469 2348519 3538928 0494463 0150312 0449450 0455499 0019664 0019665 0262512 0262926 1705255 2004062 0332197 2699517
 0521114 0205238 0027361 0237401 0018576 1880351 0150312 0332285 0376558 0002395 1521724 0011065 0012634 0030664 0205171 1306577 1521733 1547282 1720467 2945599 1521970 1706388 2346469 2348519
 0302523 0700325 3244290 0332183 0334903 1881534 1518422 1521991 3152857 0002395 1521724 0012634 1551338 0439599 1444662 0596962 1979599 0030664 0205469 0677042 1515981 1521991 2699782
 0684328 3244293 0205341 0231448 0439792 0162340 0543483 0699748 1999230 0037709 0175663 1527178 1874451 0087111
 0683954 0564672 2607943 2926606 3539655 0205094
 0205435 1279901 0035173 2986904 1527178 1874451 0205307 0439166 2347086 0001811 0497327
 0205436 0457385 0565930 1561503 1705190 1705535 0035820 1705810 0011560 1705760 0002716 0333562 0611285 1516050 1552601 0282443 1552617
 0016441 0023981 0589120 1522577 1704685 3274571 0332283 0947630 1719822 0681814 1556037 0079816 0392335 1556038 0001811 0031843 0035168 0205476 0242481 0542341 0557651 0700205 1516691 1551807 1705273 2603343 0033213 1706387
 0282412 0750591 1880177 0021399 0338656 0376558
 0541749 1709743 0449445 0162340 0006104 0441712 0470187 1269537 1184743 1522240 0001811 0392760 1314939
 1552738 0557651 2603343 0011265 0497327 0001811 0006104 1269537
 1272684 1548601 2699472 2349101 0011265 0497327 1550452 1704788 3539107 0497327 0001811
 0557651 2603343 1547282 0027361 0580836 0005910 0043100 1305866 1883351 0332256 2700400 0027361 1550543 0243161 0011065 1306577 0680220 1547282 0030664
 0004398 0580205 0848632 0006104 0681850 1550501 1706203 2349001 2697811 0185027 0178587 0243161 0441833 0687744 1257890 1552516 1552839 1705428 1705429
 1402315 0221198 1518422 1999230 0681841 0449911 1704675 0030664 1521761 0011265 0497327
 0681873 0681814 1556037 0079816 0392335 1556038 0001811 0031843 0035168 0205476 0242481 0542341 0557651 0700205 1511726 1516691 1551807 1705273 2603343 3245479 1999230 0332120 0439849 1705630 1706279 3540605 0497327 1522427
 0733755 0011560 1705760 0002716 0333562 0611285 0543483 0699748 0002395 1521724 0012634
 1512693 1521761 2827422 1521761 2827422 1512571
 0683935 0681814 1556037 0079816 0392335 1556038 0001811 0031843 0035168 0205476 0242481 0542341 0557651 0700205 1516691 1551807 1705273 1709697 2603343 2728259 3484370 1521761 2827422
 0242618 0370003 0456389 1518422 2347026 0205172 0205173 0184511 0332272 1561611 0678257 1709793 0332149 1705910 2362652 0439659 1883351 0030660 2708283 0011265 0205210 0449450 0497327 1880177 1883351 0443211 0439849
 0871208 1521828 0023981 0947630 1518422 2924612 1552961 2347617 0001811 0011265 0497327
 1880389 1883221 3541951 1273517 1883351 1848565 0332162 0338656 0205375 1518422 1608508 1554961 1705847 0233794 1963167 0684336 1512693 0243161 0011265 0497327
 2706922 2706923 0449774 1518422 0544712 0205307 0205419 0439166 2347086 0392335 0031843 0542341 0700205 1516691 1705273 0376558 2825407 0596130
 0033908 0033872 0205309 2364319 0231448 0439792 0458003 0678723 1279919 1948053 2347803 2946699
 1517892 1704666 0441994 1548802 2003888 0013658 0700132 1705535 0004083 0439849 0596306 0699792 1709908 0684224 0700287 3496591
 0681841 0439855 1704241 1548966
 1518422 0598500 0456391 1705654
 3538928 0178566 0006104 1269537 0850310 3154893 2347957 1313915 1883351 0030664 1552738 2347957 0023672 0596475 0376558 0596545 1279919
 0004951 0013658 0700132 0085732 0449864 0001811 0006104 1269537 0030664 0205469 0677042 0205410 1883351 0015127 1524003 0011265 0497327 1511726 1521721 3245479 1709908 0684224 0700287 3496591
 0004083 0439849 0596306 0699792 0011265 0497327 0868928 1533148 0205393 0449450 0522501 1706089 1510829 0439234
 0683935 0681814 1556037 0079816 0392335 1556038 0001811 0031843 0035168 0205476 0242481 0542341 0557651 0700205 1516691 1551807 1705273 1709697 2603343 2728259 3484370 1882932 0185125 1947919 2347934 3539080 0025663 0025664 0449851 0868928 1533148 0868928 1518422 1533148 0206132 0001779 1518422 1709305 2745955
 0449445 0012634 0011265 0497327 0150312 0449450 1704788 3539106 0332197 2699517
 0205436 0457385 0565930 1561503 1705190 1979874 0086912 0025663 0035168 0242481 0449851 0871511 1292732 0871208 1521828 1521970 1272706 1552654 1552713 0021622 1272753 0001811 0872180 0014507 0014508 0017296 0314603 0699910
 0035648 1553898 0035647 1521761 2827422 0332128 1518422 1880177 0449238 2926735 0038952 0220921 0868928 1706255 1706256 0233535 0332149 0871208 1521828 1705910 2362652 1521761 0449243 1704250 0449381 1883351 0011265 0497327 0543483 0699748 1517892 1704666
 0000768 0000769 0580546 0205447
 0011849 0011847 0035648 0050325 0960756 1277291 0035647 1521761 2827422 0850664 0035648 0050325 0679238 0960756 1281905 0035647 1521761 2827422 0011269 0005847 0011265 0497327 1558950 1801960
 0011860 1320657 0441730 0011847 0011849 0332307 1547052 0850624 0035648 0332281 1553898 0007226 0035647 0332257 1552866 2700399 0020538 1963138 0020473 0015127 1524003 0521110 0677932 1335499 3539781 0007820 0012634 1880018
 0005532 0205448 0205460 0441712 1551058 1517892 1704666 0000768 0000769 0580546 2754100 0011065 1306577 0220781 0439634 1522492
 0020459
 1704972 1704973 1517892 1704666 0743925 0018270 0220844 1621966 2911660 0020538 1963138 0271650 0178665 0013220 0017725 0020963 0220929 0221099 0231197 0684336 1704410
 1883727 1883357 0302523 0700325 3244290 1510823 0023981 0205127 0947630 0596620 0025519 0025520 0205419
 0035171 2985227 0947630 0870809 0231448 0376558 0439792 1711300 2700613 0376558 0750729 1519530 1704446 1705823 1705824 0449445 1292724 1848565 0011265 0497327 0599883 1427926
 1998882 1705535 0332272 0449444 1517586 2348042 2826345 0338656 0001779 0162340 0439849 0441712 0445223 0684336 1516691
 0681841 0015965 0521457 0018270 0220844 1621966 2911660 0012634 0205087 0332162 0332257 1552866 2700399 0231174 0680095 1706701 0680582 0243148 1550141 1882979 2587213 3274648
 1160340 0243107 0678723 1527148 1521739 2707262 0014406 0185117 0017337
 1705241 1705242 0014406 0205263 1705241 1705242 1999230 0085672 0678695 1553035 0001721 0392335 0542341 1516691
 0021399 1880371 0042845 2936883 0042890 1417635 1420797 3538796 0338656 0684336 0012155 2699635 1517892 1704666 0683150 0086045 0402830
 1880371 0349590 1262865 1882932 1515187 0449445
 0013153 0449444 1879941 0441712 0001721 0599855 0597198 1882330
 1707959 1518527 0947630 1705535 0598608 3495426 0019878 0019879 0040682 0392756 1510411 1705163 0449234 1704772 1882133 0025646 0178638 0042845 2936883 0042890 1417635 1420797 3538796 0035648 0035647 1521761 2827422 0007820 0012634 1880018 0402830 0011265 0497327
 0678951 0032529 0066357 0268615 0919427 0014442 0205224 0001783 1521761 2827422
 0850310 3154893 3245505 0596215 0006104 0025519 0025520 1269537
 0010341 0947630 0017337 0028707 0392209 1442959
 0205369 1552740 0920563 0021641 0036667 0312418 0427965 1511883 1522640 1533581 1579433 2346484 2349185 0243107 0678723 1527148 1521761 2827422 0597545
 0001811 0006104 1269537 1516691 0001811 0236848 0338656 0087130
 0001811 0947630 0439659 0001811 0006104 1269537 1517892 1704666 0338656 0205309 1516691 1527178 1874451
 0678908 0006104 0542341 1269537 2700400 1145677 0085732 0013621 0023185 0025260 0700327 1706377 0032074 1301732 0684328 3244293 3146223 0004448 0036588 1551994 3244295
 0205393 0236848 0338656 0001779 0221099 0439849 0445223 0684336 1272688 1280477 1516691 0011265 0497327
 0016617 0029237 0029246 0220885 0439855 0449379 1300196 1521721 1522486 1704241
 0681797 0231441 1314972 0035820 1705810 0205392 3540770 0680220 0006104 0205146 1269537 1519269 0542341 0014406 0441516 0699784
 0006104 0205146 1269537 1999230 0542341 0700364 0231204 2827758 0002395 1521724 0012634
 0683033 0684309 3161035 0242656 0449258 0236848 0011265 0497327 1522427
 1883351 3161035 0332272 1510835 0001811 0162340 1184743 1522240 0470187
 0449432 0017296 0314603 0205101 0595947 0014406 1521761 2827422
 1272688 1280477 0237428 0237753 0449788 0001721 0870809 0376558 1711300 2700613 0025519
 0449911 0011164 0205156 0733755 1552607 1880269 1979874 0085759 0001811 1518422 0557651 2603343
 0079411 3146294 1515273 1705313 2826302 0162772 0030054 0205332 1705920 0015127 1524003 0162772 0030054 0205332 1705920 1511151 0001811 0005532 1314939 0085759
 0001811 2348042 2826345 0311400 1301808 1524026 2707259 1518032 0029235 0205263 0441994 1548802 2003888 2348205 0027581 1704319 1947962 0013138 0012578 0016767 1509510 3255628 0024660
 0023636 0329040 0012634 0348080 1705253 0017262 0185117 0162772 0010957 0030054 0205332 1705920 1883709 0017337 0021641 1314939 1533581 1579433 3537152
 0017262 0185117 0034818 1334133 0021641 0597357 1314939 1533581 1579433 3537152 0231448 0439792 0870809 0376558 1711300 2700613 0871161 1882134 2347695
 1880177 0205169 0162340 1416797
 0010957 1883709 0003402 0012155 1441547 2699635 3245521 0033268 0162772
 0162772 2828008 0006104 1269537 1516240 0442504 1704765 1882509 3496241 0024501 0205266 0872403 1947912 0205393 0332183 0023775 0851043 0025249 0023779 0025255 0178796 0205217 0442805 0521390 0012860 0010957 1883709 0567416
 0007589 0007634 0205615 3282337 1159970 0012860 0010957 0012854 1707797 1883709 0007590 0007634 1269647 1293097 1704653 1948049 2919030 2919031 1258083
 0332307 1547052 0205171 1518422 1720467 2945640 0597198 1882330 1999230 0563143 1516240 1881534 0205170 0205432 0597198 1882330
 0332120 0470187 0183683 1521721 1512571 0236848 0338656 0002395 1521724 0012634 1522427 0162340
 0449911 0332120 1272684 1548601 0205435 1279901 0002395 1521724 0012634 1709305 2745955 0205436 0457385 0565930 1561503 1705190 0567416 0599855 1314939 0596962 1292711 1979599 0030664 0205469 0449719 0677042 1521991 1709471 2986904
 1705535 1707959 0815043 1527118 0542341 0872078 0003595 0003591 0002395 1521724 0012634 0035820 0220781 0439634 1522492 0031227 0243127 0443331 1293130
 0001675 0006104 1269537 1706450 0205146 0333118 1516240 0392747 0031843 0542341 0700205 1705273
 0026559 2347946 0599855 0007620 0038952 0220921
 1948052 0231448 0439792 0237881 0750502
 0205435 1279901 1184743 1522240 1273517 0006104 0205252 1269537 0036588 1300196 1551994 3244295 1706701 0023008
 0205436 0457385 0565930 1561503 1705190 0011265 0497327 1521970 1706388 2346469 2348519 0036588 1300196 1551994 3244295 0337076
 0449911 0032930 1444748 1707310 1274040 1546471 2825142 0598940 1833299 0001613 0007776 0022655 0027882 1517945
 3161035 1883712 0678908 0006104 0031843 0542341 0700205 1269537 1705273 0449416 1880371 0162429 0027934 0007820 0012634 1880018
 0010957 1883709 1517331 0038435 0441712
 0439833 1274040 1546471 2825142 1883351 0021953 0027882 1881534 0333118 1516240 0205197 1554962 0678723 0870861 1254042
 1551393 1705492 3272743 0441712 0027361 0237401 1551359 2741673 2981730 0036866 1705241 1705242 0599883 1427926 0332281 0011265 0497327
 0205309 0086345 0017398 0017399 1521991 0009240 1551776
 0458083 1880177 2347946
 1707959 0332120 0014939 0205263 0597545 0220781 0439634 1522492 0205263 0857127 0851827 1701901 3244310
 1880371 0205419 1880177 0085732
 1705241 1705242 0205087 0231448 0376558 0439792 0012144 0001811 0006104 0332152 0443204 1269537 1522538 0011265 0497327
 1707478 0162340 0021228 0699810 1705241 1705242 1299586
 0332120 0001811 0011265 0497327 0332268
 0332120 1705535
 1511790 0871208 1521828 0338656 0021953
 0681814 1556037 0564672 0079816 0392335 0683954 1556038 0001811 0031843 0035168 0205476 0242481 0542341 0557651 0700205 1516691 1551807 1705273 2603343 2607943 2926606 3539655 0574125 0543472 1274040 0549178 1883351 2986490
 0557651 2603343 0011265 0205234 0497327 1285542 1274040 1272706 1552654 1552713 0035647 0205250 1299351 2700149
 0231339 0033213
 0441516 0699784 0004268 0035171 0016884 0035168 0242481 1515981 1707689 2983265
 2986669 0205423 1704787 0034866 0001811 0872180 0014507 0014508 0017296 0314603 0699910 1883351 0018017 0237607 3245512
 0336791 2827396 0026376 0005532 1521991 0001811 0185125 1882365 0205234 0332302 1285542
 0205108 1518422 1516606 1511726 3245479 1705535
 0018017 1571704 0309872 0011265 0497327 0035168 0242481 0205423 1704787 0537670 0700287 1552002 0449243 1704250
 1514811 1706462 2603360
 0002395 1521724 0012634 0026559 0597432 0029237 0029246 0036588 0220885 1300196 1522486 1551994 3244295
 0027910 1552241 1555991 0025141 0439267
 0439394 1706495 3642217
 0851285 1327622 0018889 0018893 0040820
 0441712 0243107 0678723 1527148 0025141 0999213 0369773 2603361 0439267 2603362
 0033727 0369286 0441932 0564385 2706922 2706923 0449774 2936329 0002395 1521724 0012634
 0003738 0033872 0033873 0205246 1553889 1554162 0369637 0441923
 0007457 0043157 0220938 0369773 2603361 0597277 1708601
 1373074 1372999 0596610 1704675 0012634
 0025141 0021966 0221138

 0233426 0021704 0033920 0006104 1269537

 0033909 0205549 1524060 2348044
 0041740
 2603362
 0439394 1706495 3642217

 0205090 0684010 2603358 0019878 0019879 0449438 1704763 0392335 0031843 0542341 0700205 1516691 1705273
 0162443 0369637 0441923
 0016327 0439133 1553038 1553033 0032659 1257890 0043015 1551837
 0777169 0025141 0326915

 0439267
 0017398 0017399
 0282443 1552617 0020124 0017398 0017399 0086418 0740116 2827735 2981700 0025141 2603360
 0369718 0441922 1553036

 0085403 0242606 0038435 0311404 1511151 0085759 0005532
 0349590 1262865 0025141 0439394 1706495 3642217

 1704259 1705987 0001811 0029235 3161035
 0349590 1262865 0025141


 0369773 2603361 0369773 2603361
 0369637 0441923
 0015965 0521457 0018270 0220844 1621966 2911660 0271650 0178665 0013220 0017725 0020963 0220929 0221099 0231197 0684336 1704410
 0450318 0025141
 0369637 0441923
 0011849 0011847 1281905 0035647 0011265 0497327 0599755
 0162443 0402830

 0019878 0019879 0002395 1521724 0012634 0392335 0031843 0542341 0700205 1516691 1705273
 0028707 0392209 1442959 0025141 0021622 1272753 0001811 0872180 0014507 0014508 0017296 0314603 0699910 0002783 2827447 0014507 0014508 0947630 0872180
 0162443 0205090 0684010 2603358
 1551776 0021966 0221138
 0017398 0017399 0014406 0392334 0085732 0282443 1552617 0043227 1272688 1280477 0004083 1524063 2349200
 0162443 0439509

 0010819 0005532 0002395 1521724 0012634
 0349590 1262865 0025141 0011265 0497327 0002395 1521724 0012634
 0162443 0006736
 0021966 0221138 0582521 2603360
 0205217 0442805 0014939 2936882 0441712 1706376
 0162443 0369637 0441923

 0021966 0221138

 0016327 0439133 1553038
 0369637 0441923

 0369637 0441923
 0011860 1320657 0441730 0011847 0011849 0332307 1547052 0332281 0338656 0031847 0035647 0205217 0277785 0442805 1516691
 0282443 1552617
 1947933 0000857 0600678 1552863 0439394 1706495 3642217

 0006104 1269537
 0023973
 0439394 1706495 3642217

 0205090 0684010 2603358 0085732 0011265 0497327
 0027855 0450382 0034036 0034037 1514756 1704324
 0439617 0558347 1527075 1514756
 0034036 0034037 1272684 1548435 1704324