 0205214 1522138 3245511 1521970 1706388 2346469 2348519 0678594 1514893 1527178 1705938 1706463 2699488
 1704729 0026376 0005532 1521991 0008044 0041740 0008044 0020898 3273171 0686900 1272683 1522634 1883351
 1704729 0026376 0005532 1521991 0008044 0041740 0442658 1301826 0008044 0020898 0021764 0022271 0041703
 0013849 1705961 0024492 1538057 1547565 0520510 0025663 0025664 0449851 1514811 1706462 0369718 0441922 1553036 0439267 0205090 0684010 2603358 0439267 0028778 0332206 1533157 0332183 0033684 0013879
 0162340 0042333 0205419 1261552 1704379 1705117 2825408 1853126 1527178 1874451 0033684 0035668
 1522508 1321013 1719039 0205250 0678594 1299351 1514893 1515021 1527178 1705938 1706463 2699488 2700149
 0439092 0547044 0205309 1515021
 0684224 0700287 3273238 0678594 0332272 1514893 1706463 2699488 1522508 1521970 1706388 2346469 2348519
 1292711 0449719 1709471 0678594 0393040 1176299 0035569 0419518 0445022 1150029 1550539 1553396 1554078
 0001443 0348078 0376315 1522492 0332158 0337611 1705415 1704675 0679006 1947967 1514562
 0205435 1279901 0678594 1883351 0443289 0549177 1522508 1561567 1704243 0449829 1321013 1514562
 1707455 1547282 0449829 1705535 1321013
 0178499 1626935 1706081
 0205419 0598132 0205245 0441833 0542341 0687744 1257890 1552516 1552839 1705428 1705429 2700217 0033684 1148846 0035668 0243122 1145667 1167622 1999230 1521970 1706388 2346469 2348519
 1708608 1514562
 0301641 0392747 0443172 1705241
 1321013
 3178797 1514562
 0524637
 0035668 0678594
 0332158 0337611 1705415
 0520510 0025663 0025664 0449851 1514811 1706462 0013879 0332183 0179586 1657858 1706092 0079160 0004793 0162326 0162327 0376298 1519249 0369718 0441922 1553036 0439267 0205090 0684010 2603358 0439267
 0017446 0205147 1514562 0587267 0600436 0002055 0178499 1709450 1880279
 0018896 1552861 0035668 0683607 3272452 1979975 0035668 0037179 0087136 0205171 1555029 0449738 0017446 0205147 0205145 0332158 0337611 1705415
 0205145 0033618 0033684 0243122 1145667 1167622 1706853 1879748
 1704675 0524637 0033684 0043220 1561494 0035668 1515981
 1527178 1874451
 0004793 0162326 0162327 1519249 0039869 1883351 0237876 0332462 1880834 0205454 0332149 0678594 1515021 1527178 1705910 1705938 2362652 0004793 0162326 0162327 1519249 0877853 0024485 0028580 0037812 0205435 1279901 2713504 2984732 0205087 1413812
 0332462 1880834 0150312 0449450 0598132 0205245 0441833 0542341 0687744 1257890 1552516 1552839 1705428 1705429 2700217 0332257 0178499 0205154 0205449 1626935 2697523
 0332158 0337611 1705415 0033684 0035668 0039869 1883351 0562342 1171285 0524637
 0524637 0332479 0348078 0522512 1709305 2745955 0037949 1267072 1707455 1705241 1705242
 1707455 0237753 0439801 0449788 0700321 3542948 0678594 0470187 0205251 1299352 1514893 1515981 1550472 1706463 2699488 0439086 2827736 2981702 0678594 1273517 0966504 0080125 1004594
 0449295 0185125 0678594 1632850 1879355 1707455 1444656 0237876 0332462 1880834
 0678594 0332272 1514893 1706463 2699488 1704788 3539106 1522508 1321013
 0439092 0547044 0205309 0445604
 0439673 0042333 0205419 1999230
 1883351 0018896 1552861 0376649 1442065 1522634 0557651 2603343 1292711 0449719 1709471 0393040 1176299 0242767 0419518 0445022 0678594 1186763
 0596988
 0035569 1150029 0014442 0014445 0449604 1521840 2986546 0037949 1267072 0449788 1273517 0035569 1150029
 0242767 0419518 0445022 0678594 1186763 0205543 1691010 1883351 0035569 0419518 0445022 1150029
 0441472 3266814 0332454 0086206 0243122 1145667 1167622 1521761 2827422 0030933 1532464 2700314 0059038 0439267 0035553 2984240 3463820 0597295 0033684 0220781 1883254
 0007587 0007634 0011065 1269647 1306577 1704653 1948049 0010656 0439070 1274040 1516044 1546471 1704259 1705160 1705987 2825142 0162638 1444748 0439673 0441712 1706376 0032930
 0035668 0597295 0449657 0449432 1705248 0242793 1424622 0018296 0033684 2362652 1521761 2827422 1429001 0030943 0023031
 0028953 0004793 0028630 0162326 0162327 1519249 0348078 0376315 1522492 0031843 0542341 0700205 1705273 0035553 2984240 0683610
 0547040 1524031 1710236 2945599 0243122 1145667 1167622 0059038 0043220 1561494 0205177 0439167 0441655 1561536 0043220 1561494 0678594 0947630 1515981 0443030 0443030
 0684224 0700287 3273238 0444626 0427896 0678594 1533132 1704641 0035668 1514893 1706463 2699488
 1707455 1547282 0162326 0237876 0449829 0205419
 0178499 1626935 0035668 0205372 0332158 0337611 1705415 0033618 0033684 0243122 1145667 1167622
 0184512 0332158 0337611 1705415 1514562
 1514562 0205214 1522138 3245511 0332158 0337611 1705415 0035696 0035668 0169911 0335218 0870395 0040712 0597295 1519614
 0204514 0002778 0936012 1524024 1705535 1527178 1874451
 0520510 0025663 0025664 0449851 1514811 1706462 1148554 0814812 1292732 0205171 1720467 0427896 0444626 1378554 1533132 2699477
 1514893 1706463 2699488 1999230 0449911
 0684224 0700287 3273238 0678594 0035139 0559956 1521991 1555302 0042789 1947903 0520510 0025663 0025664 0449851 0039224 1706073 1706074
 1511726 3245479 0231448 0231449 0439792 1514893 1706463 2699488 0205088 1546485 0205090 0684010 2603358
 1517001 0678594 0332529 1514562 0017446 0205147 0349966 1337208
 0242767 1186763 1514562 2986575 0600436 0002055 0178499 1709450 1880279
 1521970 1706388 2346469 2348519 0205435 1279901 0178499 1626935 0348078 0376315 1522492 1709450 0037949 1267072 1555029 0449738 0028630 0178499 1626935 0205447 3272897
 0449911 0039224 1706073 1706074 0557702 1272706 1704674 0557702 1272706 1704674 0039224 1706073 1706074
 1511726 3245479 0038215 0600673 0449911 0333052 2607870 0557702 1272706 1704674 0557702 1272706 1704674
 0814812 0332158 0337611 1705415
 0444626 0427896 0678594 1533132 1704641 1547282 0332583 1514562 0221205 0017446 0205147 1260957 0017446 0205147 0332575 1260956
 0336721 0001443 0600436 0002055 0178499 1709450 1880279 1314939 0332158 0337611 1705415 0026193 0205165 0349966 1337208
 2945843 0205145
 0013113
 0205214 1522138 3245511 1521970 1706388 2346469 2348519 1547282 0449829 0029266 1704322 1704972 3539923 0349966 1337208
 0237876 0449829
 0567415 2347976 1828170 0012727 0040452 0205120 0205419 0242726 0444504 1318154 1552595 1705236 1705917 2347634 2348143 0332272 0042333 0205419 1707455 0678594 0206755 0034571 0043299 0043309 1306645 1962945 0010424 0086894 0851346 2314876 1514893 1706463 2699488 0042789 1947903 0520510 0025663 0025664 0449851
 1442160 2945640 1511726 3245479 0449829 0205447 0332257 0162326 0205454 0678594 1705242
 0237876 0449829
 0567415 2347976 1828170 0012727 0040452 0205120 0205419 0242726 0444504 1318154 1552595 1705236 1705917 2347634 2348143 1548673 0449911 0333052 2607870 0557702 1272706 1704674 0557702 1272706 1704674
 1707455 0205132 0678594
 1514893 1706463 1883351 2699488 0042789 1947903 0520510 0025663 0025664 0449851
 0029266 1704322 1704972 3539923 0439542 0029266 0392747 0449900 1704322 1704972 3539923 0332583
 0205403 0205435 1279901 0028630
 0684224 0700287 3496591 0332583 0678594 1514893 1706463 1883351 2699488 0042789 1947903 0520510 0025663 0025664 0449851
 0678594 0029266 1704322 1704972 3539923 0678594 0029266 1704322 1704972 3539923
 0030054 1282913 1551714 0002055 0018321 0178499 0205435 1279901 1880279
 0020275 0523702 0885426 0020276 0000901 0033727 1552961 2347617
 2945843 0037638 0205145 0205393 0000901 2945706
 2348205 0037949 0205397 1267072 0178499 1626935 1706081
 1274040 1546471 2825142 0567415 0012727 0178499 1626935 0205447 3272897 0029266 1704322 1704972 3539923 3641650
 0178499 1626935 0600436 0178499 0587267 1626935 1709450 2348042 2826345 0205543 0029266 1442989 1704322 1704972 2828392 2987476 3539923
 1555599 1691010 0205543 0029266 0392747 1704322 1704972 2987476 3539923
 0678594 0029266 1704322 1704972 3539923 0029266 1704322 1704972 3539923
 1413357 3272498 0024485 0028580 1441672 0002778 0936012 1524024 0681948 0679083 1518422 0444626 0427896 0678594 1441672 1533132 1704641
 0205449 0205453 0678594 0425382 0029266 1704322 1704972 3539923 1955473 0425382 0029266 1704322 1704972 3539923
 1979874 0205171 0439787 0678594 0849355 1720467 0425382 0029266 1704322 1704972 3539923
 2362652 0205172 0332148 0750492 0029266 1442989 1704322 1704972 2828392 3539923
 0678594 0027552 0686904 1883351 1521798
 0205435 1279901 0028630 0348078 0376315 1522492 0600436 0002055 0178499 1709450 1880279 0205419 0450354 1706096
 0678594 0877853 0024485 0028580 0037812 2713504 2984732 0684224 0700287 3496591 0205435 1279901 0028630 0348078 0376315 1522492 0600436 0002055 0178499 1709450 1880279 0441961 0332158 0337611 1705415 0442786 0441960 0332158 0337611 1705415
 0680240 0002778 0936012 1524024 0024485 0028580 1511726 3245479 0002508 1879694 0441960 0439267 0348078 0376315 1522492 0020276 0020275 0523702 0885426 0037949 1267072 0444626 0427896 0678594 1533132 1704641
 1704675 1883351 0027960 0324740 0439189 0439259 1293130 1456781 1556156 1824986 1880177 0242356 0993637 0301642 1511726 1527178 1705938 1707455 3245479 0205447 0332158 0337611 1705415 0332197 2699517
 1979874 0441961 0205108 0442786 0348078 0376315 1522492 0020276 0020275 0523702 0885426 0038951
 0678594 0012751 0443228 0549177 1704243 1706214 3244320 0011334 0333343 1510420
 0439064 0443302 0678594 0567416 1441672 1708059 0011334 0333343 1510420 0450354 1706096
 1704675 0684285 0018896 1552861 0184512 0678594
 1555721 1706204 0027960 0324740 0439189 1456781 1824986 1707455
 0392747 1554963 1518422 0392747 0443172 1705241 0205360 2347098
 0449829 1321013 1706214 3244320 0205148 0035668 1521970 1706388 2346469 2348519 0524637 0205447 0037949 0040480 0205143 0205172 0205452 1265748 1267072 0028630 0012727 0042295 1442989 2828392
 0040480 0205143 1265748 0043301 0034571 0043299 0043309 1306645 1962945 0086894 0851346 2314876 0231448 0439792 0205171 1514893 1706463 1720467 2699488 0877853 0024485 0028580 0037812 2713504 2984732 0443288 2986806
 1550452 1704788 3539107 1511545 0035668 0678594 0443131 1515981 1547706 1999269 3161035
 1883351 0449829 1321013 1707455 0205452 0678594 0332272 1514893 1706463 2699488
 0332257 1552866 2700399 0042789 1947903 0520510 0025663 0025664 0449851
 1442160 0040480 0205143 1265748 1321013
 0040480 0205143 1265748 0425382 0042295 0039224 1706073 1706074
 0037949 1267072 0040480 0205143 1265748 1709450 0205171 1720467 0012727 0439093 0443228 1704243 0449829
 0007004 0242209 0425382
 0443290 1274040 1546471 2825142 0037949 1267072 0028630
 0012727 0205419 1705236 0449829 0600436 0178499 0205154 0587267 1626935 1709450 2697523 0220781 0439634 1522492 0600436
 0012727 0205419 1705236 0442805 0040480 0002055 0178499 1880279 0002055 0178499 1880279 0450345
 0686907 0600436 0178499 1626935 0332302 1883357 0683607 0220781 0439634 1522492 0600436
 0449911 0039224 1706073 1706074 0557702 1272706 1704674 0557702 1272706 1704674 0039224 1706073 1706074
 0040480 0205143 1265748 0449911 0333052 2607870 0557702 1272706 1704674 0557702 1272706 1704674
 1704675 0393040 1176299 1514562
 0332583 1513315 0026193 0205165 0332516 0442632 1184482 1522290 2825575 2946465 0439849 0445223 0017446 0205147 0332575 1260956
 2945706 0522501 0205145 1515974 2825164 0678594
 3161035 2347469 0441730 0332158 0337611 1705415 0596488 1424473 3540819 0005910 0013852 0024779 0043100 0178587 1305866 1706473 3463986
 0020275 0523702 0885426 0020276 0282443 1709940 0441961 0439086 2827736 2981702 1515981 0030054 0439086 2827736 2981702 0026193 0205165 0205360 1704675 1880177 2347098
 1707455 1705535 2945843 0205145
 0567416 0453946 1522408 2987482 0205148 1998882 2324358 0035668 0079613 0231448 0567416 0032214 0600138 0035820 1705810
 0567416 0750591 1883351 0678594 0450429 1515974 0080103 0205345 1547039 0332291 0006353 0085862 1299583 1515981 0012634 0348080 1705253 0014406
 0243161 0567416 0678594 0205132 1550648 1552960 0037949 0541749 0599124 1267072 1709743 0441987 1518157 0205448 0332158 0337611 1705415 0441987 0042789 1947903 0520510 0025663 0025664 0449851
 1518157 0037638 0205164 0205450 0567416 1184482 0000901 0425382 0449829 0230003 2697524 0205142
 1521970 1706388 2346469 2348519 1999230
 1513315 2945843 0026193 0037638 0205145 0205165 0238767 1184482 1706086 0348078 0376315 1522492 0456378 0000901 0178499 0441833 0687744 1257890 1552516 1552839 1626935 1705428 1705429
 0205145 0231175 1883351 1999230 1321013 0600436 0002055 0178499 1441672 1709450 1880279
 0524637 1514562 0332158 0337611 1705415 0359589 1999230 0449911 2827734 2981698 0679823 1883351 0332307 1547052 1514562
 0332307 1547052 0205435 1279901 0332158 0337611 1441672 1705415 0567416 0444626 0427896 0678594 1533132 1704641 0966504 0080125 1004594
 0018266 0678594 0205435 1279901 1514562 1413812
 0332158 0337611 1705415 0001443 1513315 0018882 0026193 0035668 0205165 0229304 0442632 1184482 1522290 1704821 1705682
 0453984 1704675 0597357 0332307
 0678594 0684224 0700287 3496591 0001443 0348078 0376315 1522492 1514562 1513315 1184482 0017446 0205147 0205436 0457385 0565930 1561503 1705190 2324358 0567416 0349966 0439086 2827736 2981702
 0332158 0337611 1705415 0332307 1547052 0441729 0021966 0221138 0002055 0178499 1880279 0205174 0348078 0376315 1522492 1704675 0600436 0002055 0178499 1709450 1880279
 0028630 0441987 1881534 0439851 1947931 2326983 0332158 0337611 1705415 1999230 1293130
 1704675 0441729 0001443 1881534 0020276 0030209 0020275 0523702 0885426 1513315 0026193 0205165 1184482 1711300 2700613
 0332158 0337611 1705415 0237881 0750502 1546944 0181090 0302614 1706050 0442632 1522290 1513315 1184482
 1704675 0441730 0001443 1881534 0439851 1947931 2326983 0332158 0337611 1705415 1292711 0449719 1709471 1513315 1184482
 1704675 0681842 1882327 0678226 0205412 0231180 1514893 1706463 2699488 3146286
 0678594 1514893 1706463 2699488 1999230 0449911
 1704675 0441729 0002055 0178499 1880279 0600436 0002055 0178499 1709450 1880279 0012727
 1704675 0441730 0012727 0205419 1705236
 0012727 0205419 1705236 0439092 0012727 0205419 0443228 0547044 1705236 0441729 0021966 0221138 0332307 1441672 1547052 0002055 0178499 1880279 0205174
 0947630 1519068 0002778 0936012 1524024 1704675 0441729 0309049 0600436 0002055 0178499 1709450 1880279 0600436 0002055 0178499 1709450 1880279
 0002778 0936012 1524024 0150312 0596988 0678594 1705535 1853126 1527178 1874451 0020276 0020275 0205447 0457406 0523702 0885426 1706053
 1705241 1705242 1513315 0026193 0205165 0449450 1184482 0600436 0002055 0178499 1709450 1880279 0392148 0441960 0018321 3537453 0600436 0002055 0178499 1709450 1880279 0332197 1689985 0402659 0600436 0002055 0178499 1709450 1880279
 1704675 0441729 0020276 0020275 0523702 0885426 0441960 0600436 0002055 0178499 1709450 1880279 0450365 1706097
 1517945 1314939 0441960 0597357 0402659 0600436 0002055 0178499 1709450 1880279 0205214 1522138 3245511 0600436 0002055 0178499 1709450 1880279
 0004793 0162326 0162327 0205369 1519249 1527178 1552740 1705938 0440257 0032521 1513315 1184482 0012632 2987623 0600436 0002055 0178499 1709450 1880279 1883351 0524637 1705241 1705242 0029266 1704322 1704972 3539923 0600436 0002055 0150312 0178499 1709450 1880279 0042789 1947903
 1514893 1706463 2699488 0205412 0231180 0733755
 0332149 1705910 2362652 1441506 0733755 1524063
 1704675 0441729 1547282 0205143 0205143 1555721 1706204 0600436 0002055 0178499 1709450 1880279
 0038951 0020276 0020275 0523702 0885426 0205143 0205143 0439092 0547044 1518422 1441672 0680240 0558295 1549513 0449829
 0558295 1549513 0002508 1879694 0441960 0600436 0002055 0178499 1709450 1880279 0205235
 1704675 0558295 1549513 0600436 0002055 0178499 1709450 1880279
 1704675 0441729 0700364 1883351 0392360 2699007 0558295 1549513
 0520510 0025663 0025664 0449851 1514811 1706462 1261552 1704379 1705117 2825408 1853126 1527178 1874451 0597357 1883351 1521970 1706388 2346469 2348519
 0376554 0205435 1279901 0557651 2603343 1883351 0678594 1711411 1707455 0004793 0162326 0162327 1519249 0332462 1880834
 1707455 1273517 1883351 0449829 1321013
 1521970 1706388 2346469 2348519 0332257 1552866 2700399 0449829 0567416 0205448 0178499 1626935 0441987 0441987 0450345 0740116 2827735 2981700 0039224 1706073 1706074
 0033684 0035668 0205214 0332158 0337611 1522138 1705415 3245511 1521970 1706388 2346469 2348519 0205235 1883351 0181090 0302614 1706050 0442632 1522290
 0220781 0439634 1522492 1521970 1706388 2346469 2348519 1513315 1184482 0359589 1999230 0589518 0524637
 1704675 1707959
 1513315 1184482 0150312 0449450 0598132 0205245 0441833 0542341 0687744 1257890 1552516 1552839 1705428 1705429 2700217 0205154 0205436 0457385 0565930 1561503 1705190 2697523 0205437 0205438 1706303 0002055 0178499 1626935 1880279 0023636 0329040 0524637 0035668
 0205419 1518601 1550456 0012727 0598132 0205245 0441833 0542341 0687744 1257890 1552516 1552839 1705428 1705429 2700217 1513315 0026193 0205165 0449450 1184482
 1705241 1705242 0597357 0205419 0002055 0178499 1626935 1880279 0035668 0443228 0549177 0597357 0683607 1704243
 0524637 0597357 1704675 0000934 0392673 0547040 1524031 2945599
 1513315 1184482 2326983 0332158 0337611 0597357 1705415 0598132 0205245 0441833 0542341 0687744 1257890 1552516 1552839 1705428 1705429 2700217 0039869 1883351 0086597 0524637
 0332158 0337611 1705415 0181090 0302614 0332158 0337611 1705415 1706050 0037949 1267072 0018882 0229304 1704821 1705682
 0524637 0798503 0805586 3274764 0598132 0205245 0441833 0542341 0687744 1257890 1552516 1552839 1705428 1705429 2700217 0150312 0449450 1521970 1706388 2346469 2348519 1883351 0600436 0002055 0178499 0205235 0205450 0332149 1705910 1709450 1880279 2362652
 0524637 1883351 0439852 0679199 1709305 2745955
 0868928 1706255 1706256 1513315 1184482 0012854 0440257 0032521
 1704675 0441729 0600436 0002055 0178499 1709450 1880279 0039869 1883351 0600436 0002055 0054868 0178499 1709450 1880279 3540479 0558295 1549513 0020276 0020275 0523702 0885426 0002508 1879694 0441960 0002055 0178499 1880279
 0032521 0001443 0026837 0231517 1882952
 2362652 0085732 0332272 1299581 1550031 1710238 1513315 0026193 0205165 0870432 1184482
 1704675 0000934 0392673 0035668
 0035569 1150029 0043220 1561494 0014442 0014445 0524637
 0014442 0014445 0040549 1521840 2986546
 0678594 0947630 0243071 1710236 0040549 0002055 0178499 0348078 0376315 0449719 1145667 1167622 1522492 1880279 1413357 3272498 0035668
 0348078 0376315 1522492 0733755 1883351 0679209 2945617
 0678594 0947630 1705535 1705175 1705176 1705177 1705178 1882348 0205681 0205145 0205177 1515974 2825164 0035569 1150029 1517378 0444454 1554204 2945617
 0678594 0439673
 0059038 0439267 0030933 1532464 2700314 0348078 0376315 1145667 1167622 1522492 0348078 0376315 1522492
 0947630 0033684 1710236
 0376298 0567416 0332462 1880834 0024485 0028580 1552738 0002778 0936012 1524024 0034571 0043299 0043309 1306645 1962945 0349966 1337208 0039224 1706073 1706074
 0425382 0205447 0026377
 0681948 0679083 1705535 0178499 1626935 1413357 3272498 0080103 0205345 1547039
 0439673 0348078 0376315 1145667 1167622 1522492 2347662
 0024485 0028580 1511726 3245479 0032659 1257890 0205448 0205449 0733755 0205450 0443030 0443030
 0007004 0242209 0425382 0026377 0700364 1883351 0425382
 0947630 0178499 1626935 1705242 3272897 0678594 0678640
 0204514 0002778 0936012 1524024 0684224 0700287 3496591 1321013 0524637
 1707455 1273517 1883351 0449829 1321013 1521970 1706388 2346469 2348519
 1547282 0178499 1626935 0029266 1704322 1704972 3539923
 0205419 0598132 0012725 0012727 0205245 0237881 0441833 0456080 0542341 0687744 0750502 1257890 1274040 1546471 1546944 1552516 1552839 1705428 1705429 2347509 2700217 2825142 0205148
 0205419 1999230 0033684 0035668
 0332158 0337611 1705415 0348078 0376315 1522492 3640906 0332307 1547052 0441729 0021966 0075804 0221138 0332307 1547052 0332529 0002055 0178499 1880279 0205174
 0678594 0359589 1999230 1522508 1321013
 1547282 0558295 1549513 0332148 0750492 0020276 0759863 0020275 0029266 0037179 0087136 0205171 0523702 0725813 0885426 1704322 1704972 3539923
 0520510 0520510 0025663 0025664 0449851 1514811 1706462 1328948 1623415 0220781 1883254 0010423 0010995 1511726 1516698 1704814 3245479 1547538 1883254
 0077096 0596607
 0028630 0026882
 0008976 0086045 1446561 2984062 0439294 2346927 0439269 0439526 0456081 1960952 0041175 0077281 0814229 0020283 0450407 0450408 0450409 0018851 0456692 0702093 0439834 1883708 0678568
 0427896 0444626 1378554 1533132 2699477 0439228 0012222 1696141 0991568 1321095 2347093 1883559 0185060 0332307 0427896 0444626 0445392 1378554 1441547 1533132 1547052 2699477 3245521
 0037633 0525069 0332256 2700400 0439086 2827736 2981702 0006353 1882074 0020283 0450407 0450408 0450409 0024472 0065642
 0427896 0444626 1378554 1533132 2699477 0205119 1139930
 1883351 0443299 1555715 1704332 0439526 0369637 0441923 1321095 1524062 1705648 2347093 2348338
 0702093 1555715 1704332 0086972 0443299 0687118 0427896 0444626 1378554 1533132 2699477 1300554 3484373 0456389 0037633 0525069 0920880 1550603 1705532 1698986 0442758 0439086 2827736 2981702 0369637 0441923
 0185060 1521827 0427896 0444626 1533132 1704641
 1511726 3245479 0597531 0005532 0205099 0600091 0678594 0872107 1516695 1516698 1655209 0449416 1705919 1524063 0180392 1705235 0695434
 1516698 1704814 1511726 3245479 0009264 0005903 0039476 0205251 1299352 1550472 0427896 0444626 1378554 1533132 2699477 0204774 0702093 0037633 0525069 0560267 0043369 1883708 0016701 0033434 0677542
 1511726 3245479 0175659 0349674 1947916 3536777 0026193 0205165
 1148554 0678594 0035139 0559956 1521991 1555302 1947930 1998793 0205265 1524063 0035668 0678594 0026349
 1552603 1706202 0444505 1630409
 1552603 1706202 0444505
 0489786 0444505 0205171 1720467 0205117 0332282 0444505 1522410 1883708 0037633 0525069 1708698 0678594 1947931
 0439073 0439082 0549178 1883351 0036572 0424576 2349186 0449381 0311403 3463820 1883351 1511726 3245479
 0026349 3161035 0443013 1709697 2728259 3484370 1707059 3146294 1709956 3541837 1551667
 1704675 0332183 0184512 2700116 0035668 3272897 0004457 0999597 1522496 2828386 0600436 0002055 0178499 1709450 1880279 0441962
 0567416 1880177 0128167 0332126 1449832 0028630 0348078 0376315 1522492 1709450 0012634
 2827063 0444499
 0678594 0678594 0724000 1273517 1707455 1273517 1707455 0678594
 0678594 0205447 0332256 2700400 0439175 0439810 1707959
 0678594



 1948062 0043220 1561494
 0205447 0678594 0035701 1552119
 0035701 1551058 1552137
 0332256 2700400 0028630 0028630 1518422 0332257 3538986
 1705654 1705318 1273517
 0002778 0936012 1524024 1321013 1273517 0205451 0205452 0678594 1719039 1514893 1706463 2699488
 0205448 0439148 1519795 1704753 1880519 0678594 1273517 1948062 0012727 0678594 1547282
 0567415 0205145 0750591 0678594 1555715 1704332 0567416 2987476 0567415 0205108
 1510755 1706078 0009219 0805701 0919279 0427184 0700114 1707511 0678594 1521761 2827422 1705318 0242356 0033684 0333562 0442598 0872261 1511726 3245479
 0018896 1547706 1552861 1999269 3161035 0851286 1947908 0010995 0018896 1511726 1516698 1552861 1704814 3245479
 1524063 0042153 0457083 1947944 0449416 1705919 0041703 1521721
 1511776 0424589 0542479 1442080 1704729 0442603 0035168 0242481 0332522 1705564
 0450355
 0043227 0018173 1521721 1548284 0027468 0018684 0021622 3245503

 0034036 0034037 1704324 0010186 0220812 1706852 0449719 1709471 0220808 0680264 0007961
 1706852 0522501 1706089 0949214 0205155 1293097 1522472 1552923 1705191
 2825232 1706852 0034036 0034037 1704324 1551058 1555015 1426796 0035668 0282111 1522486 2348291 3639708
 0450348 1514756
 1272684 1548435
 1514811 1706462 0520510 0025663 0025664 0449851 1514811 1706462 0205090 0684010 2603358 0265294 2346751 0369637 0441923

 3662540 0035820 1705810 0205681 0205145 0205177 1515974 2825164
 0036397 0000857 0600678 1552863 0683610 0369718 0441922 1553036 0369773 2603361 0443030 1539794 0193959 2603360

 0678594 0567415 1706222 1514893 1706463 2699488
 0036397 0232024 0205090 0684010 2603358 0439394 1706495 3642217 1413966 1415495 1849452 2347469

 0444626 0427896 0678594 1533132 1704641
 0036397 0232024 0205090 0684010 2603358 0369637 0441923

 0678594 0872262 0002778 0936012 1524024 0033684 0074512 1527268 0524637 0597177 1710082

 0027960 0324740 0439189 1456781 1824986

 0025141 0193959

 0333052 2607870 0449913 1553451 1704459 0024485 0028580
 0205314 3540513
 0193959 0331762 0369773 2603361 0439267 1332652 1705593 0369773 2603361 0369718 0441922 1553036

 0449913 1553451 1704459 1553446



 0025141

 1429001 0030943 0039947 0066512 0309872 0243122 1145667 1167622 0035553 2984240 0014834

 0027960 0324740 0439189 1456781 1824986

 0025141 1551667 0369637 0441923

 1709956 3541837


 1413812 0033727 0369286 0441932 0564385 0205090 0684010 2603358 0597277 1708601 1553033 0205090 0684010 2603358

 0444626 0018266 0427896 0678594 1533132 1704641
 0036397 1553033 0022646 1419338 1427479 0043220 1561494 0439267 0193959 2603360

 0444626 0427896 0678594 1533132 1704641 0205224
 1418943

 0268596 2700624
 3642273
 1553033 0043220 1561494 0439267

 0015450 0678594 1514893 1706463 2699488

 0027960 0324740 0439189 1456781 1824986

 0025141 1539794

 0524637


 0201682

 0439086 2827736 2981702 0025141 0205090 0684010 2603358

 0020275 0020276 0523702 0885426 1707689 2983265
 0175754 0282160 3541413
 0201682
 2347379
 0232024 0205090 0684010 2603358 2347469

 1513371 1705738 2347637 2348146 0035668



 0025141 0054469 2347469 0439394 1706495 3642217 0597277 1708601 2348952 0369637 0441923

 0449381 0007004 0242209 0443288 2986806


 0201682

 2603360

 0678594
 0349590 1262865 0025141 0033727 0369286 0441932 0564385

 1521970 1706388 2346469 2348519 1947971 0332256 2700400 0181687
 0036397 0025141 2603360

 1825598 0205360 2347098 1293130
 0005477 0025141 0443013 0193959 2603360 2603362 0369637 0441923

 0025663 0025664 0449851 0596488 0013852 0024779 0026045 0178587 1706473 3161035 3463986 1547357 0450429 1515974 3161035

 0025141 0016327 0439133 1553038 0033727 0369286 0441932 0564385 0016327 0369773 0439133 1553038 2603361 1555202 0033727 0369286 0441932 0564385

 1513822 1705739 1882071

 0027960 0324740 0439189 1456781 1824986

 0025141 0597277 1708601 0073187 0205090 0684010 2603358

 1527178 1874451 0449911
 0678594
 0025141 1553033 1539794 1555622 0012358 0012764 1444662 1512015 0073187

 1527178 1874451 1513315 1184482



 0439084 0728893 0025141 0073187 0369637 0441923 2603360 0443030 1539794 0193959 2603360

 0541749 1709743 3178797 1514562

 0025141

 0083982 0419518 0445022 1145667 1167622 0035704 0014834 0035701 1622954 0014833 0018882 0035553 0035668 0229304 1552137 1704821 1705682
 0035668

 0033727 0369286 0369718 0441922 0441932 0564385 1553036
 1704675

 0027960 0324740 0439189 1456781 1824986

 0016327 0439133 1553038


 0005477 0025141 0043220 1561494 0439267

 2982836 0059038 0086206 0243122 0439267 1145667 1167622 1521761 2827422 0028956 0035569 1150029 1880389 1883221 3541951
 1418943

 0268596 2700624
 3642273
 0369773 2603361 0683610 0369718 0441922 1553036 0443030 1539794 0193959 2603360

 1514943 1704675 1514562
 1418943

 0268596 2700624
 3642273
 1708595 3280986

 0524637 1749876 1956015 1711351
 0036397 0369718 0441922 1553036 1319635 0037093 0439267 0369637 0441923

 1708951 0441712 1706376 0162638





 0868941 1709694 0695434 1513371 1516695 1516698 1705738 2347637 2348146


 0369637 0441923 0597277 1708601 2347469

 3161035 0678594 0439855 1704241 0018882 0229304 1704821 1705682
 0349590 1262865 0025141
 0450363 0205449 0678594
 0349590 1262865 0025141 2603362 1553033 0193959 2603360 0443030 1539794

 1707455 0037633 0525069 0028953 0035668 0205448 0678594


 1708595 3280986 0205090 0684010 2603358 0033727 0369286 0441932 0564385

 0011546 0439857 2698668 0443289 1555721 1706204
 0036397 0025141 0439267 0326915

 0444626 0427896 0678594 1533132 1704641 0966504 0080125 1004594 0441712 1706376
 0007634 1269647 1704653 1948049 0025141 0597277 1708601 0443030 1539794

 0678594 0205360 2347098 0024485 0028580 0947630 0596988
 0035668 0456715 0369637 0441923 0205090 0684010 2603358

 1719039

 0597277 1708601 0205090 0684010 2603358

 1514664 0185026 0016315 0034243 0072667 0231441 0030695 0150369 0181904 0596972 1521743 1704646
 0005477 0025141 0369637 0441923 3642225

 0679083 0419358

 0027960 0324740 0439189 1456781 1824986

 0025141 0443030 1539794

 0035569 0419518 0445022 1150029 0035668

 0027960 0324740 0439189 1456781 1824986

 0025141 0443030 1539794 0043220 1561494 0439267

 0026377 0035705 0035701 1622954 0035553 0035668
 1418943

 0268596 2700624
 3642273
 0439083 0439087 2603362 0718133 0073187 0205090 0684010 2603358 0454848 0073187 0205090 0684010 2603358

 0034571 0043299 0043309 1306645 1962945 0086894 0678594 0851346 2314876 1514893 1706463 2699488

 0027960 0324740 0439189 1456781 1824986

 0025141 0205090 0684010 2603358

 0036572 0424576 2349186



 0025141 0043220 1561494 0439267

 0678594 0031327 1524059 0441712 1706376
 0678594 0542341

 1826357
 0043220 1561494 0439267

 0524637 1555306 1948033
 0040833 1521798

 3642273
 0025141 2945617 2603360 0439394 1706495 3642217 1553033

 0444626 0427896 0678594 1533132 1704641 0524637 1413357 3272498



 0025141