 0002085 0332307 1547052 0015127 1314792 1524003 0392756 0547047 0021622 1272753 0041740 0004950 0021622 1272753 0022877 3244292 0041740 0004950 0021622 1272753 1704729 0023973 1514756
 1272684 1548435 0520510 0025663 0025664 0449851 1514811 1706462 1955473 1547282 0019904 0032529 1882417 0332281 0035647 0205217 0442805 0002395 1521724 0012634
 0006104 0557651 0947630 2603343 1705535 0019904 0205217 0442805 0035647 0442808 1550025 1704782 1708715
 1880022 0086860 1280500 2348382 0002085 0449913 1553451 1704459
 1547282 0392756 0547047 0002085 0019904 0027361 0237401 0023175 0392756 0547047 1442948 1511545 1522538 2348269 3275067 0185117 0299212 1418985
 1283195 1705535 0017446 0205147 1711300 2700613 0475311 0005456 0682969 0205145 0243122 1145667 1167622 1515974 2825164
 1521761 2827422 1510827 0851827 1701901 3244310 1705241 1705242
 1883357 0947630 1999230 0332120 0035647 0205217 0442805 0299212 0332281 1418985 0872078 0042333 0017296 0205419 0314603 1274040 1546471 2825142 0034987 0017446 0205147 0220905 1704735 0299212 1418985 0428255 0456947 0185117 0332152 0392747 0441889 0872078 1522538 3244092 0027882
 0520510 0025663 0025664 0449851 1514811 1706462 0002395 1521724 0012634 0348078 0376315 1522492 3277687 0927232 1269563 0027763 0422837 1269560 1265852 3275607 0011164 0027769 0205099 0205329 0449913 0599851 1553451 1704459 1879652 1880269
 0332120 0017296 0314603 1521761 2827422 0032214 0600138 0035820 1705810
 1880177 0442821 0348078 0376315 1522492 1833334 0012634 0332162 0439234
 0241889 1705495 0015576 0019664 0019665 0262512 0262926 1704727 1705255 2004062 0868928 1441672 1533148 0015576 0241888 0868928 1515981 1533148 0178491 0443147 0439660 0596142 0599883 1527180 2827734 2981698
 0017337 0205396 1550043 1551388 1883357 0443147 0015576 0596142 1527180 1704727
 1883712 3642141 0002085 0052201 2984964 1547282 1883351 0683971 0032659 1257890 0442805 0002085 0030705
 0017342 0017337 0299212 1418985 0872078 0299212 1418985 0872078 0680220 0026882 0599155 0026882 1555015 1412573 2350443 3539770 0740116 2827735 2981700
 0599155 0026882 1547282 1883351 0443147 0023175 0596142 1442948 1522538 1527180 2348269 3275067 1704259 1705987 0851827 1701901 3244310
 0021467 0021469 1628982 3463820 0441889 0456079 1547707 2946261 0185117 0299212 1418985 0007600 0007635 3282338 0449445 0080124 0033268 0205217 0442805 1274040 1546471 2825142
 0018563 1281583 1552914 0007585 0007634 0010453 1269647 1704653 1948049 3657569 0299212 1418985 0011155 0025914 0025929 0026809 0872078 1441547 1636779 3245521 1709694 0309872
 1883357 0302523 0700325 3244290 1705535 1868500 0456947 0185117 0441889 3244092 0443264 0033268
 0684224 0700287 3496591 0035820 1705810 0035647 0205217 0442805 1709599 0681876 0557651 2603343
 0004083 0439849 0596306 0699792 0032529 0086860 0150312 1882417 0332307 1547052 0449788 0080103 0205345 1547039 1709908 0684224 0700287 3496591 0051767 0057671 1415386 0032529 1882417 0684224 0700287 3496591 0332307 1547052 0740116 2827735 2981700 0449788 0080103 0205345 1547039 1709908 0684224 0700287 3496591
 0332281 0035647 0205217 0442805 0017431 0030705 0017431
 0220908 1305399 1705053 0034987 0017446 0205147 0220905 1704735 0205396 1550043 1551388 0032529 0332281 0035647 0205217 0442805
 0032529 1547282 0441889 0449286 0542560 1561545 2348088 0683607 0150323 0020792 0205396
 0019904 0205250 1299351 2700149 0243148 1550141 1882979 2587213 3274648 0369773 2603361
 1883712 1441672 0026882 0439267 0439267 0019904
 0032529 1882417 0026882 1705285 1314939 0079160 0314642 0162326 0376298 0443264 0040649 0299212 1418985
 1511726 3245479 0206414 1524063 0024075 0026882 1705285 0205216 0392756 0442797 0205177 0439167 0441655 1561536 0815000 0007634 3282337
 0332185 0004083 0439849 0596306 0699792 0032659 0205173 1257890 0030705 0369773 2603361
 0557651 2603343 1547282 1707520 0439175 0439810 1550025 1704782 1708715 1705535 0002085 0032529 1882417 0205217 0442805 0035647 0185117 1550025 1704782 1708715
 0884358 0947630 0000936 0205419 2981153
 0520510 0025663 0025664 0449851 1514811 1706462 1158830 0589507 1704686 1519595 0299212 1418985 0872078 0684224 0700287 3496591
 1519595 0015295 0439659 0450344 1553633 0150312 0449450
 0439659 0442726 1511790 0205171 1720467 0007600 0338106 1510779 0001418 0007634 0009368 0205132 1269647 1281569 1550648 1552960 1704653 1720092 1948045 1948049 1518422 0557651 2603343 1711239
 0332128 1522508 1561567 1519595 0449475
 0002778 0599161 0936012 1524024 0035668 1547282 1519595 0150312 0205250 0441889 0449450 1299351 2700149 0006104 1269537 0023884 0736268 1278929 2346688 0039597 1278981 0009368 1281569 0229613 1167770 0450344 1553633
 0442808 1265611 0562342 1883351 1547282 1519595 0150312 0449450 0040300 0441889 0441994 1548802 2003888 0185117 0006104 1269537 0185117 0450345
 0872262 0002778 0599161 0936012 1524024 0553257 0007634 3282337 1547282 0185117 1519595 1511726 3245479 1518422 1547282
 0920648 1517480 1521871 1705759 0034510 1706779 0040300 0449475 1524063 0206415 0521093 0750484 1274040 1546471 2825142
 0162801 0002778 0004793 0162326 0162327 0936012 1519249 1524024 0034510 1706779 1519595 0449475 0009013 0443289 0392148 0299212 1418985 0684224 0700287 3496591
 0040300 0449475 0949639 1158830 2945843 0040649 0205145 0589507 1515974 1704686 2825164 1519595 1412113 1516077 0445159 0039224 0522506 1706073 1706074
 0442750 1519595 1272689 1705535 0949639 1158830 2945843 0040649 0205145 0589507 1515974 1704686 2825164
 0543488 1519595 0332268
 0034510 0456148 0549184 1706779 0009013 1522642 0450345 0681814 1524063 0206415 0205396 1550043 1551388 1519595 0449475 1511726 3245479 1518422 1547282
 0205266 0872403 1947912 0449475 1711411 1524063 0206415
 0009013 0205454 0439509 0439787 0849355 0332256 2700400 0444930 2746065 0009013 0332268 0439086 2827736 2981702
 0917903 0205419 1280500 2348382 0678226 1257756 2984321 0035668 0205246 0243125 0699900 1518422 1553889 3146286
 0449911 0333052 2607870 0557702 1272706 1704674 0557702 1272706 1704674
 0002778 0599161 0936012 1524024 1519595
 0040300 0449450 2347469 0006104 1269537
 0033727 0369286 0441932 0564385 0023884 0736268 1278929 2346688
 0332307 1547052 0021358 0039597
 0009368 1281569 0439394 1706495 3642217 0229613
 0150312 0449450
 0443286 1114821
 0336762
 1265611 0017243 1704458
 0035379 0040646 1555029 2257077
 0006556 0162326 0449450 0681493 1511276 1552825
 0205128 0205132 0522501 1706089 0206415 0336721 0449450
 1517480 1521871 1705759
 1517480 1521871 1705759
 0449911 0039224 1706073 1706074 0557702 1272706 1704674 0557702 1272706 1704674 0039224 1706073 1706074
 0949639 1158830 0040649 0205145 0589507 1704686 0949639 1158830 0040649 0205145 0589507 1515974 1704686 2825164 1519595 0034510 1706779 0024779 1706473 0040300 0449475
 0449788 0080103 0205345 1547039 0445159 1709908 0684224 0700287 3496591 0051767 0057671 1283195 2827421 0441833 1999270 3537156 0299212 1418985 1883644 0017446 0028630 0205147 0522505 0872078 0449788 0080103 0205345 1547039 0349966 1337208
 0205177 0439167 0441655 1561536 0007634 3282337
 0449911 0333052 2607870 0557702 1272706 1704674 0557702 1272706 1704674
 1283195
 0205132 1550648 1552960 1882932 0024779 1706473
 0450344 1553633 0450344 1553633 2827734 2981698 0450345 0450345 0299212 1418985 0872078 0005680 0027567 0085756 0179400 0439541 1638312
 0733755 0032529 1882417 0336721 1444656
 1882940 0205145 0524637 1273517 0086022 0442335 1705099 1882932
 1442161 1511760 1880274 0086022 0442335 1527178 1705099 1854336 2827421 3273620 0205126 0205132
 0733755 0444930 2746065 1442162 1550718 3244317 0949639 1158830 0040649 0205145 1515974 1527178 1705938 2825164 1709908 0684224 0700287 3496591 0051767 0057671
 1707156 3274014 3541345 1882932 0205177 0439167 0441655 1561536 0005680 0027567 0085756 0439541 0023516 0007457 0007634 0043157 0220938 3282337
 0441655 0038975 0086860 0205177 0439165 0439167 0441655 1279919 1549488 1561533 1561536
 0042295 0242485 0681814 0455052 1521827
 0025320 0392747 0443172 2827421 0205246 1553889 2348205 0007600 0007634 0205132 1269647 1704653 1948049 0349966 1337208
 0086860 2827421 0444930 0522506 2746065 1547282 0683317 0205177 0439167 0441655 1561536
 0162773 1442161 1511760 1880274 0474395 0205177 0439167 0441655 1561536 0332462 1880834 0007634 3282337
 0442805 0021920 0450345 1442161 1511760 1527428 1880274 1274040 1546471 2825142 0004793 0162326 0162327 1519249
 2827421 0015295 0444930 0450345 2746065 0332255 1708096 1547282 0205177 0439167 0441655 1561536
 1442161 1511760 1880274 0205216 0392756 0442797 0332462 1880834 1705535 0392148 0017446 0205147
 0162773 1442161 1511760 1880274 0332462 1880834 0007634 0750519 3282337 1442161 1511760 1880274 0332462 0442805 1880834 1274040 1546471 2825142 0040649 0205177 0332152 0439167 0441655 1522538 1561536
 1511726 3245479 1705535 0392148 0017446 0205147 1825598 0185117 0007634 3282337 2936239 0007634 3282337
 1442161 1511760 1880274 0444930 2746065 0332255 1708096 1547282 0205177 0439167 0441655 1561536 0007600 0007634 0205132 0442726 1269647 1511790 1704653 1948049 0557651 2603343 0205177 0439167 0441655 1561536 1518422 0441889 1706907
 0027882 0332255 1708096 0205177 0332462 0439167 0441655 0443228 1561536 1704243 1880834 0015272 0332255 1708096 0349966 1337208
 0700364 0475311 0034987 0013879 0220905 1704735 1705248 0851827 1701901 3244310 0205342
 0449911 0333052 2607870 0557702 1272706 1704674 0557702 1272706 1704674
 0459205 0205177 0439167 0441655 1561536 0681814
 1707156 3274014 3541345 1882932 0456603 1610540 1151115 0205177 0439167 0441655 1561536 1151115 0205177 0439167 0441655 1561536
 0205177 0439165 0439167 0441655 0449450 1549488 1561533 1561536 2827421
 2347469 0441655 0459205 1883559 0205177 0332307 0439165 0439167 0441655 0445392 0449450 1547052 1549488 1561533 1561536 2827421 1707156 3274014 3541345
 0042295 0242485 0681814 0455052 1521827
 1442161 1511760 1880274 0205197 1518422 0205177 0439167 0441655 1561536 0205177 0205437 0205447 0439167 0441655 1561536 1609982 1274040 1546471 2825142 0332255 0486805 0449475
 1442161 1511760 1880274 0015127 1524003 0205177 0439167 0441655 1561536 1321095 1705648 2347093 2348338 0441889 1706907
 1280500 2348382 0032529 1882417 1292748 0332307 1547052
 2936239 0007634 3282337 1705241 1705242 0442726 1511790 2827421 0007634 3282337 0392756 0547047 1441672 0349966 1337208
 1292748 0002085
 0332268 0733755 2267000 0301630 0392756 0441610 0002085 0442726 1511790 2936239 0007634 3282337 0349966 1337208
 0457423 0507237 1421140 1444656 0392148 0086282 1611821 0680022 2698041 1158770 0027882 0040649 0205369 0851285 1314939 1327622 1552740
 0949632 0333051 0425245 0449580 2347509 0005507 0243073 1510438 0013855 0332128 0332307 1547052 0392760 1314939 0524637 0521447 1521761 2827422 1524063 0949632 0333051 0425245 0449580 2347509 0005507 0243073 1510438 0013855
 0028952 0441087 0028953 0182400 0205173 1272689 1705764 1705765 1979882 0332256 2700400 1553033 0002085
 0027819 0700095 3540583 1518434 0521447 2828366 0332256 2700400 0028589 0243122 1145667 1167622 0299212 1418985 0033413 0017446 0086860 0205147 0872078 0332294 0205164 0205447 0220781 0439634 0439855 0678226 1522492 1704241
 0679932 0182400 0021467 0021469 0205197 0220781 0439634 0439855 0725685 1522492 1628982 1704241 3463820 1274040 1546471 2825142 0349966 1337208
 1705241 1705242 1510827 0442726 1511790
 0449438 1518434 0521447 2828366 0349966 1337208
 0679932 0182400 1704681 2347609 3536729 0311403 0243122 0521447 1145667 1167622 1521761 2827422 0182400 1704681 2347609 3536729 1705535 0032529 1882417 1280500 2348382 0242210 0684224 0700287 3496591 0005456 0682969 0205145 0243122 1145667 1167622 1515974 2825164
 0332152 0740175 2257086 1518422 0333051 1274040 1546471 1704241 2347509 2825142 1511726 3245479 1518422 1547282
 0231448 0231449 0439792 0017446 0205147 0449738 1524063 0182400 1704681 2347609 3536729 1711300 2700613 0017446 0205147 1518422 0442726 1705241 1705242
 0449911 0333052 2607870 0557702 1272706 1704674 0557702 1272706 1704674
 0002778 0936012 1524024 0205419 0185115 3541890 0007634 3282337 0017446 0205147
 0441087 0182400 1518434 0521447 1439852 2828366 0007634 3282337
 0429863 3537219 3539772 0392148 0740116 2827735 2981700 1719918
 1708639 0332257 1552866 2700399 0002085
 1708639 0332257 1552866 2700399 0002085
 0681814 1979886 0332152 0182400 1524062 1704681 1883712 2347609 2826257 3536729 0181496 2827499
 0520510 0025663 0025664 0449851 1514811 1706462 2827666 1280500 2348382 0017262 0017337 0185117 0332281 0001779 0027746 0439849 0445223
 0557651 2603343 0036849 1442518 1705195 0439787 0849355 0033413 0017446 0086860 0205147 0332281 0205419
 0205435 1279901 1547282 0450344 1553633 1519595 0150312 0449450 0007600 0007634 0205132 1269647 1704653 1948049 1519595 0814896 0237881 0441889 0441994 0750502 1546944 1548802 1551058 2003888
 0456148 0549184 1519595 0332256 2700400 0450344 1553633 0450345
 0002778 0936012 1524024 0443289 0392148 0332120 2945843 0205145 0439659 1515974 2825164
 1883357 1511726 3245479 1444656 1158830 0589507 1704686 0035687 2610186 0439855 1704241 1280500 2348382
 0205117 0332282 1883708 2827421 0441833 1999270 3537156 0004793 0020792 0162326 0162327 0205396 0683607 1519249 1521761 0299212 1418985 0040649 0205177 0439167 0441655 0872078 1514873 1561536
 0302523 0700325 1964257 0040649 0205197 1518422 1880274 0040300 0475413 0556987
 0205177 0439167 0441655 1561536 0678226 0040649 2987476 3146286 0040300 0475413 0556987
 0205172 0332148 0750492 0683579 1548602 1704686 0013879 0086860 0013126 0015295 0040300 0450344 0475413 0522506 0556987 1553633
 1512571 0205177 0439167 0441655 1561536 0015295 0040300 0442805 0450344 0475413 0556987 0684224 0700287 1442161 1511760 1553633 1880274 3496591
 0457423 0507237 1421140 0015295 0442726 0450345 0587267 1511790 1514583 0205195 1947911 1711300 2700613 0949639 1158830 0040649 0205145 0589507 1515974 1704686 2825164 0237753 0449788 0332257 0005456 0682969 0205145 0243122 1145667 1167622 1515974 2825164 0015295 0450344 1553633 1547282
 0849355 1883720 3244314 0439659 0205177 0439167 0441655 1561536 0441889 1705648 1706907
 0557651 2603343 0205435 1279901 1883633 0017446 0205147 0332256 2700400 0013879 0205393 0750492 0004379 0040649 0238767 0521390 1706086 0027836 0007634 3282337
 1883351 0557651 2603343 1280500 2348382 0457083 0015295 0205177 0439167 0441655 1561536 0392148 0086860 1883351 0243132 1554210 2745955 1519595 0299212 1418985 0086860 0872078 1442161 1511760 1880274 2827421
 1517331 1280500 2348382 0002085 0299212 1418985 0086860 0444669 0872078 1167518 1706352 1882467 3274653 0205177 0439167 0441655 1561536 0017262 0206414 0017337 0185117 0027882
 0205419 1280500 2348382 0439267
 0332120 0332307 1547052 0392747 0205177 0439167 0441655 1561536
 0427861 0815000 0007634 3282337 0013935 0022646 0086418 0227665 1278978 1514845 0007634 3282337 1547282 0392756 0547047 0035647 0002085 1883559 0002085 0205171 0332307 0445392 1547052 1707455 1720467 0332255 1708096
 1705535 0392148 0004793 0162326 0162327 1519249 0205104 0442540 0150112 0449475 1515655
 1999216 1136185 0013879 0027882 1705248
 1518422 0442726 0079160 0004793 0162326 0162327 0376298 1519249 1883644 0017446 0205147 0522505 0805874 0870077 1446409 0439787 0849355 0392148 0031843 0542341 0700205 1705273
 0002778 0936012 1524024 1547282 2827421 0444930 0733755 2746065 1442161 1511760 1880274 0086860 0205177 0332462 0439167 0441655 0442805 1561536 1880834 1274040 1546471 2825142 1705535 0392148 1158770 0040649 0205160 0851285 1274040 1327622 1513916 1546471 2825142 2825415 2825491
 1442161 1511760 1880274 1547282 1280500 2348382 0205197 0013879 0332197 0522506 1689985 0007634 0521390 3282337
 1511726 3245479 1705535 0182953 0205160 1513916 1704734 1704735 2825415 2825491 0004793 0162326 0162327 0733755 1145667 1167622 1282914 1519249 1510827 0002085 0243122 1145667 1167622 0851827 1701901 3244310
 1999216
 0449911 0543488 0332307 1547052 0086860 0444669 1167518 1706352 1882467 3274653 1547282 1883351 0332256 2700400 0812201 0013879 0205245 0542341 1705248 2700217 0733755
 0457423 0507237 1421140 0681842 1882327 0392148 0205392 3540770 1552738 1883351 1158770 0027882 0040649 0205369 0851285 1314939 1327622 1552740 0205108 0013879 0299212 1418985 0033413 1424473 0017446 0086860 0205147 0872078 0024779 1706473
 0002778 0936012 1524024 0443289 0392148 1704972 1704973
 0242210
 1979874 2717940 0007634 3282337 0439509 1441672 1705535 0392148
 0949632 0333051 0425245 0449580 2347509 0005507 0243073 1510438 0013855 1547282 0028589 0185115 3541890 0427861 0815000 0007634 3282337 0033413 0017446 0086860 0205147 0180153 0439844 0733755 1705241 1705242 1510827 0035647 0442726 1511790 1553033 0002085
 0679932 0311403 0243122 0521447 1145667 1167622 1521761 2827422 0182400 1704681 2347609 3536729 1705535 0392148
 0332152 0740175 2257086 1518422 0333051 1274040 1546471 1704241 2347509 2825142 1705535 0033684 1518422 0150312 0243122 0439855 0449450 1145667 1167622 1704241 0017446 0205147 0012634 0348080 1705253
 0013879 0332149 1705910 2362652 0243122 1145667 1167622 0205171 1720467 0442726 1511790 0013879 0182400 0332257 3538986
 0162326 0441472 0679729 1314939 3266814 0205396 1550043 1551388 0002778 0936012 1524024 0392148 1258023 1518434 0521447 2828366 1299586
 1707478 0442726 1511790 0205177 0439167 0441655 1561536 1711300 2700613 0040300 0475413 0556987 2936239 0007634 3282337 0033413 0086860
 1999230 0332120 0450345 0086860 0013126 0392148 0040300
 0684224 0700287 3496591 0032529 1882417 0332281 0299212 1418985 0086860 0444669 0872078 1167518 1706352 1882467 3274653 0332255 1708096 0332256 2700400 0034987 0013879 0220905 1704735 1705248 1314939 0021467 0021469 1628982 3463820
 0392756 0547047 0332281 1524063 0002778 0936012 1524024 0206414
 1547282 0301630 0392756 0441610
 0030705 0019904 0392756 0547047 1280500 2348382 2362652 0861064 0033268 0205217 0332152 0442805 1522538
 0205195 1947911 0205419 0026882 1705285 0023175 0040649 1280500 1442948 1522538 2348269 2349975 3275067
 0392756 0547047 0026882 1705285
 1883357 0947630 1705535 0035820 1705810 0034987 0013879 0220905 1704735 0314657 0012655 0017296 0220898 0314603
 1880022 1314939 0031327 1524059 0441712 1706376 0870444 0030664 0205469 0677042 1880177
 0520510 0520510 0025663 0025664 0449851 1514811 1706462 0204727 0205409 0220862 0599161 0439084 0728893 0034510 1706779 0035668 2936239 0007634 3282337 0205409 1548221 1524063 0449913 1553451 1704459 1335439 0043193 0041703
 0032400 0071360 0747726 0035668 0205409 1548221 1524063 0032400 0071360 0747726 0605411 0041703
 0006104 1269537 0039597 1284096 0023884 0736268 1278929 2346688 0032400 0071360 0747726 0035668 0869011
 0006556 0032400 0071360 0747726 3146294 0035668 0035668 1524063 0206415 0069417 2825228 0205435 1279901 1704972 1704973 0449913 1553451 1704459 0039421 0442711 1507394 1522729 2348563
 1519595 0032520 0677874 1524063 0206415 0450344 1553633 0439084 0728893 0015295 0450345 1524063 0206415 0450345 0439084 0728893 0015295 1524063 0012634 0348080 1705253 1265611 0004950
 0034510 1706779 0035696 0884358 1524063 0039421 0332282 0442711 1507394 1522729 2348563
 0444930 1524063 0206415 0206415 0299212 1418985 0015295 0872078
 1514468 0009013 1524063 0009015 0004793 0162326 0162327 1519249 1524063 1328319 0008848 0242298 0344349 3262831 0041703
 0335038 1522485 1705915 1709908 2827421 3272453 0012854 0017428 0887950 0332255 0486805 1708096 1292711 0449719 1709471
 0332255 0486805 0332256 2700400 0450344 1553633 0450345 1335439 0028630 0332255 1708096 1711300 2700613 0332255 1708096 1711300 2700613 0332255 1708096 1711300 2700613 0332255 1708096 1711300 2700613 0332255 1519179 1708096 1854580 1711300 2700613 0332255 1708096 1711300 2700613 0449788 1709908 0684224 0700287 3496591 0051767 0057671
 0441833 1999270 3537156 0009013 0032520 0677874 1442161 1511760 1527178 1705938 1880274 0206123
 0332255 0486805 0032520 0677874 1301820 1517480 1521871 1705759 1524063 0136227 1335439 0206415 1311407 0299212 1418985 1883644 0004793 0017446 0034037 0086418 0162326 0162327 0205147 0522505 0872078 1519249 1704324 1707689 2983265
 0206415 1707689 2983265 1883351 1882940 0205145 2945843 1527178
 1555265 0041703 1273517 1883351 1292748 0002085 0332255 1708096 1524063 0206415 0009498
 0206415 1707689 2983265 1883351 0332255 0733755 1708096 1711300 2700613 0002085 0332255 1708096 1292748 1524063 0206415 0002085 0332307 1547052
 0009013 0012238 2349986 1707391
 0205266 0872403 1947912 0162801 0521093 0002778 0004793 0162326 0162327 0750484 0936012 1519249 1524024 1524063 1524063 0086022 0442335 1705099 0206415 0299212 1418985 1883644 0017446 0205147 0220908 0220909 0522505 0872078 1698960 1710031 1710477 1707689 2983265
 0162326 1706853 1524063 0037585 0043193 0041703
 0007585 0010453 0220814 0430400 2242979 0015161 1524043 0027819 0700095 3540583 0427861 0815000 0007634 3282337 0009458 0205224 0439536 0547040 1524031 1705217 2945599 3244283 0036140 0037494 0206136 0039421 0229671 1546774 1550100 0039421 0017797 0039421 0439526 0439526 0039421 0311461 0002520 0039421
 0427861 1947950 0553257 0007634 3282337 0039421 0007452 0015965 0229671 0521457 1140701 1546774 1550100 0439526 0439526
 2936239 0007634 3282337 0492792 0040284 0010453 0040300 0205170 0205452 0220814 0430400 1547928 2242979 3146287 0020498 0036563 1705192 1882540 2346495 2347578 0007634 0205170 3146287 3282337 0683607 1883351 0456696 0521108 1442770 2004454
 0007634 3282337 0032136 0220928 0332256 2700400 0314621 0086860 1335439 0205447 1524063 0184661 1948041 2700391 3274430 3538935 3539779 0039421
 0086022 0442335 1705099 1639518 1947986 0205160 0243148 1273517 1513916 1550141 1882979 2587213 2825415 2825491 3274648 0032136 0332256 2700400 0314621 0086860 1335439 1883676 0243148 0439178 1446409 1514241 1550141 1882979 2587213 2825490 3274648
 0010453 0220814 0430400 2242979 2239937 0597277 1708601 1136140 2983594 0012691 0027530 0205064 0681205
 0015965 2708510 1516695 1516698 0332296 0596235 1417500 1880497 1996904 2346927 0442504 1704765 1882509 3496241
 0006104 0849355 1281814 0040300 1547928 0205239
 0228174 1707523 0012737 0205409 1548221 0175730 0348011 1547937 1561954 1704730 0040223 1632851
 0439242 1883708 0040300 1524062 1547928 1439852
 0040300 1547928 1883708 1537935 1548982 0242295 1947943 2348609 0332256 2700400 0011519 0011522 1883708 0016141 0182301 0220896 0700614 0702194 1706407 1880775
 0007634 3282337 0439526 1720119 1948037 1537935 0032400 0071360 0747726 0005971 1139930 3537155 0024337 1522408 1139930 0005507 0243073 1510438 0206414
 0027882 0439228 0010453 0220814 0242295 1947943 2348609 0299212 1418985 0335038 0872078 1522485 1705915 1709908 2827421 0024075 0086860 1335439 1312445 0253711 0302828 1442085 3263700
 0007634 3282337 1442464 0010453 0220814 0430400 2242979 0991865 0006353 0031603 0031701 0036082 1548982 1601799 1720830 1823521 0039421 0006353 0024348 1536403 1335439
 1324397 1151115 0441655 0021755 1151115 0441655 1419115 0444706 3541902 1524063 0449913 1553451 1704459 1335439 1707689 2983265
 2349182 0013682 0040669 0243144 0347980 1151115 0205177 0439167 0441655 1561536 1151115 0024075 0080103 0205177 0205345 0439167 0441655 0444686 1441506 1443182 1547039 1561536 1419115
 1883351 1707455 1151115 0205177 0439167 0441655 1561536 1151115 0024075 0080103 0205177 0205345 0439165 0439167 0441655 0444686 1441506 1443182 1547039 1549488 1561533 1561536 1151115 0205177 0439167 0441655 1561536 1151115 0205177 0439167 0441655 1561536
 0455052 1521827 0007634 3282337 0018270 0578019 0205307 0220844 0439166 1621966 2347086 2911660 0012634 0178587 0348080 0439526 1705253
 0007634 3282337 0039421 0376558 1720830 1823521 1512335 1548982 1720725 1720830 1823521 1948050 0007634 0037179 0038960 0087136 0205171 1269647 1382107 1704653 1705537 1948049 0007703 0441436 0993610 1998480 0450376
 1518434 0521447 2828366 0217843 0392747 0680240 1521827
 0184661 1948041 2700391 3274430 3538935 3539779
 0007634 3282337 0018935 1318015 0596292 2700192 0007634 0184967 0205451 0449468 1269647 1704653 1948049 0067456 0044222 1882074 0006353 0019215 0020283 0033727 0241938 0332256 0369286 0441932 0450407 0450408 0450409 0564385 2700400 0024472 0012789 1999216 0205197 0725685 0331965 0331779 0039021 0678420 0041703
 0013604 0038999 0020746 0007634 3282337 0439648 0724378 1552124
 0007610 0007703 1516695 1516698 0441436 0993610 1998480 1882074 0492253 1512022 0006353 0019215 0020283 0332256 0450407 0450408 0450409 2700400 0024472 0013618 0017861 0012789 1999216 0205197 0725685 0331965 0597217 0243077 1719918
 0038960 1382107 1705537 0020746 1439852 0440266 0007703 0441436 0993610 1998480 0450376
 1518434 0521447 2828366 0332849 1510844 1698986
 0427716 1304757 0086045 1446561 1720005 1524063 0005507 0243073 1510438 0017480
 0028953 1707689 2983265 1711300 2700613 0205419 0439084 0728893
 0439084 0728893
 0439084 0728893 0439084 0728893 0008562 1998793
 0441087 0182400 0028953 1301820 0009498 0071500 0017243 0071499 1283174 1382104 1518422
 0441087 0182400 1704681 2347609 3536729 1518434 0449468 0332256 0439175 0439810 0443286 0521447 1114821 1524062 1690016 1705102 2700258 2700400 2828366 0243122 1145667 1167622 0006353 0017861 0019215 0041175 0077281 0814229 0013618 0012789 0017480
 0441087 0182400 0439962 0443286 1114821 1524062 1883712 0182400 1704681 2347609 3536729
 0681814 2828366 0020746 0332152 0740175 1439852 2257086 0812201 0034493 0041703
 0443286 1114821 2348236 0005903 0039476 1439852 1547703
 1704241 0013855 0071500 0017243 0071499 0234621 1511790 1524063 0331965
 2986676 0022877 1619828 0184661 1948041 2700391 3274430 3538935 3539779 0455052 1521827 1518434 0521447 2828366
 0243163 0699914 1314650 1561604 1875802 1999230 0027882
 0043227 0016820 1521721 1875156 0683933 0004950 0337815 1709697 2728259 3484370 1538611 1539371 0010453 0036397 0332285 0442603 0449851 2986512 0016617 0004950
 0237935 3245466
 0369637 0441923 0332307 1547052 0586917
 2825232 0282413 0376649 1442065 0587466 1704729 0041740 0041740 0004950
 0254343 0796520 3272379
 0085205 1549619 1880669
 0013849 1705961 1412573 2350443 3539770 1514811 1706462 0520510 0025663 0025664 0449851 1514811 1706462 1510707 0369637 0441923
 0872180 0019247 0014507 0014508 0017296 0314603 0699910

 2347961 0025141 0033727 0369286 0441932 0564385 0178587 0557775 0205090 0684010 2603358 1553316
 0680844 0681916 0750572 0026882

 0027960 0324740 0439189 1456781 1824986
 0325074 2347469 1553033 0016327 0439133 1553038 0439114 2603362
 0596611 0026882 0015576 1704727 0750901 0679245 0002395 1521724 1833334 0012634 0332162 1279919
 0027960 0324740 0439189 1456781 1824986
 0325074 0000857 0600678 1552863 0369637 0441923 0678579 0016327 0439133 1553038 0439394 1706495 3642217 0439394 1706495 3642217 0369718 0441922 1553036
 0080141 0751455 0017337 0085151 3538722 1456454 0276496 0277558 0002395 1521724
 0349590 1262865 0025141 0016327 0439133 1553038 0205090 0684010 2603358 0016327 0439133 1553038 0439267 1553033 0033727 0369286 0441932 0564385 1261259
 0205197 0002778 0936012 1524024 0015576 1704727 0750901 0679245 0002395 1521724 1833334 0012634 0332162 1279919
 0025141 0369773 2603361 0033727 0369286 0441932 0564385 1006780 1553033 0369773 2603361 2603362
 1332838 1708726 0017337 1416989 1517488
 0036397 0025141 1510707 0369637 0441923
 1519101 0035647 0750572 0017431 0003595 1709599 0681876 0021150 0021149 0220856 0557651 2603343 0557651 2603343
 0230467 0741204
 0450382 0369773 2603361 0369637 0439394 0441923 1706495 3642217
 3642141 0002085 0750901 0679245 0002395 1521724 1833334 0012634 0332162 1279919

 0325074 0025141 0369637 0441923
 0026882

 0025141
 1158770 1710463 0017263 0851285 1327622

 0027960 0324740 0439189 1456781 1824986
 0325074 0369637 0439394 0441923 1706495 3642217 1553033 0597277 1708601 0369718 0441922 1553036 0439267 2603362
 0301630 0392756 0441610 0442805 0033268 0007634 3282337

 0025141 2347469 0369773 2603361 0597277 1708601 0033727 0369286 0441932 0564385 0439267 0597277 1708601 0016327 0439133 1553038
 0011155 0162429 1623416 0018790 0237477 0392351 0521111 0597304 0010813 0596311 1330957
 0349590 1262865 0025141 0439267 0033727 0369286 0441932 0564385 0178587 0557775
 1328885 0004083 0439849 0596306 0699792 0750901 0679245 0002395 1521724 1833334 0012634 0332162 1279919 0370003 2347026



 0325074 0025141 0369637 0441923 0051767 0057671 0597277 1708601
 0013879 1705248 0332256 2700400 0005456 0682969 0205145 0243122 1145667 1167622 1515974 2825164


 0201682 0021966 0221138 0205090 0684010 2603358 1431628 1553033 0439267 3613423 0597277 1708601 0861352 1553033
 0162801 0002778 0936012 1524024 0678594 0002345 0017365 0017387 0035687 2610186 0299212 1418985 0872078 0750901 0814120 0002395 0332281 1521724 1833334 0243083 0277793 0679245 0012634 0332162 1279919
 0887950 0439509 0025141 2347469 0033727 0369286 0441932 0564385 0178587 0557775 0369637 0441923
 2827666 0332281 0035647 0002395 1521724 0012634 1868500 0185117

 0027960 0324740 0439189 1456781 1824986
 0325074
 0442805 0002395 1521724 1281905 0012634 0035647

 0001811
 1551092 0369637 0441923 0033727 0369286 0441932 0564385 0332307 1547052
 0032529 1882417 0002395 0332281 1521724 0243083 1281905 0012634 0035647 0205217 0442805 0277564 1550025 1704782 1708715


 0325074 0597277 1708601 0597277 1708601 0033727 0369286 0441932 0564385 0332307 1547052
 0015663 0456962 0336791 2827396 1511726 3245479 0004793

 2347379 0450348 0000857 0600678 1552863 2603362 0016327 0439133 1553038
 0678594 1880022
 0027960 0324740 0439189 1456781 1824986
 0369773 2603361 0481462 1313913 0439267 1705493 0144237 0205090 0684010 2603358
 0018591 1420276 2983377 1537647 2985256 0030567 0332281 1521736 2681933 0243083 0012634

 0027960 0324740 0439189 1456781 1824986
 0325074 0021966 0221138 0442999 1621797 0369637 0441923 0016327 0439133 1553038
 0678951 0032529
 0025141 0439114 0205090 0684010 2603358
 1280500 2348382 1413394 1420276 2983377 0285890 1537647 2985256 0017337 0165073 0205341 0439095 0522505 1547730 1705914 2003941 2350010 0285890 1420276 0040649 1516329 0449913 1553451 1704459

 0027960 0324740 0439189 1456781 1824986
 0325074 0369718 0441922 1553036 0439267 0439267 0439394 1706495 3642217 0439267
 0598666 2827666 1880177 0035647
 0027960 0324740 0439189 1456781 1824986
 0073187
 0295893 1419346 0027882 1521761 2827422 1336789
 0036397 0025141 2986502 0369637 0441923 0369637 0441923 2603362 0439267
 0035253 1622890 0033684 0443288 0017262 0017337 0185117
 0007634 1269647 1704653 1948049 0025141 0033727 0369286 0441932 0564385 0332307 1547052
 1148554 0002778 0936012 1524024 1517169 0035269 1328871 1749889 0443288 1283195

 0017428 2338314 0025141 0439267 2347469 0205090 0684010 2603358 2347469 2603362
 1327340 0597299 0025519 0025520 0007634 3282337
 0332120 0010813 0596311 1330957 0018042 0243111 1709305 1947951 2745955


 0201682 0694746 0369637 0441923 0205090 0439267 0684010 2603358
 1158830 0589507 1704686 2828366 0007610

 2347379 0000857 0600678 1552863