 0165073 0004391 1881707 0208355 1325620 1752727


 0035172 0021622 1272753 1547706 1999269 0019994 1510665 0442650 0041700 1708611 0166872 1704729 0041740 0205104 0442658 1301826 0041700 1708611 0166872 0034036 0034037 1514756 1704324 0348078 0376315 1515981 1522492 1527075
 0557061 2584313 1514811 1706462 0030567 1521736 2681933 0012634 3550005 0598940 1512035 0027882 0282151 1517945 1880022 0038590 1269578 0220781 0439634 1522492 0085200 0242821 1995017 0027882
 0165073 1325683 0033684 0165073 0015127 1524003 1833334
 0165073 0543483 0699748
 1292732 0165073 1524063 3161035 0185117 0165073 1707719
 1273517 0441833 1999270 3537156 0031843 0542341 0700205 1705273 0332283 0243125 0699900
 0150312 0165073 0208355 1325620 1752727 1881707 0004391 1881707
 0035820 1705810 1517331 0165073 0392148 1521721 0029219 1268455 1521970 1706388 2346469 2348519 0333262
 0072980 0175727 0165073 0518609 0030567 1521736 2681933 0012634 0042153 0205191 0457083 1947944 1707689 2983265 0086418
 0557061 2584313 1514811 1706462 0030567 1521736 2681933 0012634 1512035 0027746 0011164 0027882 0282151 1880269 0015127 1524003 0038590 1269578
 0165073
 0205708 1512693 0544950 1521970 0679006 1947967 0085200 0242821 1995017 0165073 2827734 2981698
 0030664 0205469 0677042 0011265 0150312 0497327 0085200 0242821 1995017 0205419 0027746 0332307 1547052 0205263 0037019 0393571 3548440 0205708 0010834 0027836 0333641 0439064 0449913 0521449 1515981 1553451 1704459 1512693
 0012634 0205309 0740116 2827735 2981700 0439086 2827736 2981702
 0165073 0332148 0750492 0032214 0600138 0035820 1705810 0165073 0015127 1524003 0443147 1833334 0332162 0596142 1279919 1527180 0439084 0728893 0165073 0031437 1285572 0030664 0205469 0677042 0684336
 0206745 0025914 0025929 0026809 1547282 0332453 1518422 0205319 0012634 0870809 0376558 1711300 2700613 0004927 2707008
 0205448 0348078 0376315 0026882 0015127 1524003 1418270 2983549 0077678 1418270 0023689 0164005 0020289 0041538 0205088 0441918 0596260 1179698 1416177 1705314 1705315
 0033684 0238767 1706086 1157991 0597297 0597304 1623036 0033684 0041538 0175996 0178719 0243125 0699900 0851827 1314939 1701901 3244310
 0332120 0020792 0205396 0085200 0242821 1995017 1708698 0684336 0242656 0449258 1880177
 0237753 0449788 1292732 1280500 2348382 1274040 1546471 2825142
 0441833 0687744 1257890 1552516 1552839 1705428 1705429 0684224 0700287 3496591 1514526 0021467 0021469 1628982 3463820 0015127 1524003 0165073 0220781 0439634 1522492 0007587 0007634 0011065 1269647 1306577 1704653 1948049 0947630 1705535 0165073 1518422 1710236
 1704259 1705987 0449297 1382187 2825073 0004391 1184743 1522240 0086597 0597297 0597304 1623036 0243125 0699900 0029219
 0004391 2611772 0220781 0439634 1522492 0230814 0024369 0205225 0439631 0699952 1414861 1708111 0230822 0423896 0456205 1881707 1883708 1707797 0282114 0004600 0205095 0460009 1995000
 0332185 1547282 0033684 0004391 1881707
 0165073 0033684 0392366 1704259 1705987 1881707
 1511726 3245479 1705535 0033684 0205172 0332148 0750492 0521097 0004391 1705920 1518422 0384782 0071505
 0165073 3161035 0026882 1705285 0348078 0376315 0205418 0205393 0851827 1701901 3244310 0033684 1883559 0026882 1705285 0348078 0376315 1522492 1518422 0205418
 0557651 2603343 0085262 0007634 3282337 0443211 0205132 0282151 0007589 0027882 0031437 0205615 1285572 0027752 0027754 1522443 0018284 0814002 0018270 0027740 0027757 0220844 1280541 1521761 1621966 2827422 2911660 0450348
 1273517 1515333 0851285 1327622 1515335 0039644 0039651 0040627 1744619 2587213
 0683607 0541749 1709743 0165073 0185117 1515981 1883712 1883708 0849355 1883720 3244314 0013090 0562342 1171285 1883351 0332283 1719822 0449297 1382187 2825073
 0007600 0007634 0205132 1269647 1704653 1948049 0150312 0165073 0208355 1325620 1752727 1881707 1704259 1705987
 0557061 2584313 1514811 1706462 0037293 0181496 1710492 1505208 0037293 0181496 1710492 0165073 2827421 0086022 0441587 0442335 1705099 1524063 0205145
 2827421 0521093 0750484 1553778 1561491 0042153 0457083 1947944
 2827421 0085262 0662453 1515333 0007634 3282337 1524063 0253711 0034760 0332287 1515981
 0439158 0205409 1548221 1524063 0946010 1719918 0007634 3282337 0165073 0185117 0392366 0205263 0857127
 0007600 0007634 0205132 1269647 1704653 1948049 0243114 0332490 1517331 1998793 0439158 0218063 0205132 2247561
 0007634 3282337 0009458 0325564 0392747 0439536 1551720 1705217 3244283 1719918 1518416 0019944 0229671 0242616 1265527 1546774 1550100 0242295 1947943 2348609 1719918 0007452 0015965 0229671 0521457 1140701 1546774 1550100 1719918 0038425 0017797 0052009 0020406 0063201 2347816
 1883351 0205263 0007589 1511938 2945687 0007634 3282337 0009458 0162867 1254021 0332256 2700400 1518416 0019944 0229671 0242616 1265527 1546774 1550100 0027752 0027754 1522443 0018284 0018270 0027740 0027757 0220844 0814002 1280541 1521761 1621966 2827422 2911660 0450346 0005574 0439228 1439852
 0007634 3282337 0205263 1883351 0165073 1719918
 0205170 0205452 3146287 0442504 1704765 1882509 3496241 0020498 0024337 0032400 0071360 0747726 1522408 1719918
 0007634 3282337 0036563 1705192 1882540 2346495 1300565 1439852
 0007634 3282337 0070066 0231441 0443218 2827483 1719918 0456693 1442458 0702093 1883708 1548982 1720830 1823521 0146951 0133689 0242759 1719918 0702093
 0007634 3282337 0015965 0028778 0229671 0230445 0332206 0521457 1305418 1546774 1550100 2983591 0456693 1442458 0702093
 0003250 0003241 0021027 0746619 1273517 1412113 1516077 0033727 0369286 0441932 0564385 0007634 3282337 1548982 2827734 2981698 0003242 0003241 0021027 0022877 1619828 0700308 0945818 0033727 0369286 0441932 0564385 1524062
 0003241 0021027 0442726 0086418 0165073
 0243148 1550141 1882979 2587213 3274648 0884358 0150312 0332285 2348042 2826345 1707455 0441889
 0487602 1704680 0039070
 0205173 0487602 1704680 1705764 1705765 0332575 1260956 1531412 0026381 0182400 0007634 3282337 0543134 0036140 0037633 0205415 0525069 1439852 1719918 1531412 0011744 0033727 0369286 0441932 0564385
 0007634 3282337 0231441 0443218 2827483 2986582 0003241 0021027 2827734 2981698 0003242 0003241 0021027 0022877 1619828 0003241 0021027 0027627 0175668 0205436 1273517
 0444330 0449878 1136140 0057142 1719918
 0007634 3282337 0234621 1524063 1626420 0181839 1706379
 0039798 0087111 1522326 1533734 1705169 3538994 0033727 0205263 0369286 0441932 0564385 1883708 1548982 0009458 0439536 1705217 1720725 1948050 3244283 0849355 1883720 3244314 0013090
 0007634 3282337 0009458 0162867 1254021 1439852 0332256 2700400 1719918 0052919 1719918 0072980 1719918 0125179 1719918 0656383 1136140 0243148 1550141 1882979 2587213 3274648 0043047 0599638 1550678 1719918
 0125179 1881534 0072980 0656383 1549535
 0033727 0369286 0441932 0564385 0009458 0439536 1705217 3244283 0009458 0013227 0332287 0439536 0443224 0559956 1254351 1299987 1705217 2827486 3244283 0007634 0033727 0369286 0441932 0564385 0993610 1269647 1515981 1517331 1704653 1948049 1516695 1516698 1698986 1514873
 0993610 1516695 1516698 1698986 0027552 0686904
 0007634 3282337 0020746 0024348 0006353 0146951 0133689 0242759 0041175 0077281 0814229 1882074 0020283 0450407 0450408 0450409 0037494 1959973 0013714 0017861 0024472 0439962 0033607 3536890 0681834 0036397 0185125
 0370003 2347026 1883708 0006353 0205430 1708715 3160715 0041175 0077281 0814229 0020283 0450407 0450408 0450409 0017861 0006247 1260957 0012789 0025402 1708715 0242301 1546559 0071500 0017243 0071499
 1708639 0033684 1708715 0237753 0449788 0007634 3282337 0007584 0007634 1269647 1527178 1704653 1705938 1948049 0040223 3541383 1705192
 0033684 0025255 0348011 0596901 0600190 1332684 1706182
 0165073 0003250 0003242 0003241 0021027 0442726 0746619 1511790 1412113 1516077 0079240 1948037
 0003242 0003241 0021027 1412113 1516077 0079240 1948037 1883708 1524062 0003241 0021027 0442726 1511790 1524063 0034760
 1321564 1883708 0041348 2937342 1719918 1412113 1516077 0079240 1948037
 1167624 1947902 2827499 1300565 0033727 0369286 0441932 0564385
 0007634 3282337 0231441 0443218 2827483 0444498 0017814 0184933
 0007634 3282337 0006353 0071109 0369637 0441923 1439852 0332256 2700400 0036774 0036773 0728877 0001924 0007452 0229671 1140701 1546774 1550100 0071666 0017945 0017951 0032582 0007703 1880165 0582523 0179834 1550101 0849355
 2348935 0347983 0002367 0449878 1551385 1705857 2348254 0016701 0677542 1882408 0033434 0599882 0260055 1550121 0028158 0302908 1304698 1546699 1550581 1561501 1548792
 0016701 0007634 3282337 0162551 0016701 0348011 0439148 1519795 1555721 1704753 1706204 1880519 0184301 1533199 0001963 0332256 2700400 0077854 0000975
 0439083 0439087 1314677 0033727 0369286 0441932 0564385 0332283 0033727 0369286 0441932 0564385 0033727 0369286 0441932 0564385
 0332448 1442459 0439228 0314672 1282930 1522449 0041625 0023693 1306462 1881376 1961129 0033727 0369286 0441932 0564385
 0026040 0205168 0205155 1293097 1522472 1552923 1705191 0000925 1883724 1524063 0028013 0449878 0950318 1522408 2348274
 0205155 1293097 1522472 1552923 1705191 1439852 1624602 1720119 1948037 2827734 2981698 0041175 0006353 0036082 0077281 0439084 0728893 0814229 2678549 1882074 0020283 0450407 0450408 0450409 0332256 2700400 0041415 0146951 0133689 0242759 0015965 0229671 0230445 0521457 1305418 1546774 1550100 0018019 0205307 0229671 0439166 1265549 1510458 1546774 1550100 2347086
 0205155 1293097 1522472 1552923 1705191 1548982 0040223 1632851 0018019 0021027 0025914 0025929 0026809 0202081 1265549 1439852 1510458 0018026 0312860 0522529 0597177 1304897 1720119 1948037 2827734 2981698 1875022 0003241 0021027 0020283 0450407 0450408 0450409 0229671 1546774 1550100 0247683 0700308 0033727 0369286 0441932 0564385 2827734 2981698
 1701810 1882955 0040223 1632851 0043047 0599638 1550678 1720725 1948050 2984971 0077854 0000975 2986582 0008857 0376259 0262880 0181845 0013852 0040722 0181839 0242781 1521797 1706379 3463986
 0557061 2584313 1514811 1706462 0443211 1272684 0205132 0165073 0031511 2697417 0007634 3282337 1524063 1515333 1883712 0185117 0282641
 1707391 0205132 0185117 0282641 0205263 0669372 0392366 0205132 0681814
 0205265 0233426 1660153 0475264 1744691
 0150312 0165073 0007634 1704711 3282337 0449778 0205378 0332183 0449774 0487602 1704680 0450344 1553633
 0010834 0521449 0165073 2348205 0033684 0085262 0007634 3282337
 1704254 1704922 3542466 1547282 0475264 1744691 0007600 0007634 0205132 1269647 1704653 1948049 1883559 0007589 0007634 0205615 3282337 0205263 1547061 0439228
 0441889 0456079 1547707 2946261 0491970 0678594 0205418
 1518422 0042789 1947903 0205418 0450093 1521970 1425988 0165073
 0487602 1704680 0007634 3282337 0043194 0258432 0441889 0456079 1421478 1511790 1547707 2946261 0242842 0026018 0936012 1524063 0542559 1318139 1947971 0037083 1710082 0450345
 0597879 1441672 1517378 0205217 0442805
 0487602 1704680 0332148 0750492 0558058 0165073 0007634 3282337 0349966 1337208
 0007587 1140606 0007634 0011065 1269647 1306577 1704653 1948049 0199219 0487602 1704680
 1518422 0243095 0392747 0443172 1705241 0185117 0205132 1883559 1511726 3245479 1518422 1547282
 1511572 0007589 0007634 0205615 3282337 0007587 0007634 0011065 1269647 1306577 1704653 1948049 0040223 1632851 1547061 0205263 0439228 0857127 2826182 1261322 1516048 1883559
 0449911 0333052 2607870 0557702 1272706 1704674 0557702 1272706 1704674 0349966 1337208
 2827734 2981698
 0165073 0007634 1704711 3282337 0449778 0205378 0332183 0449774 0487602 1704680
 1704254 1704922 3542466 0165073 1883559
 0007634 3282337 0439275 0007589 0205615 0439526 1417719 0009458 0439536 1705217 3244283 1442466 0439228 1883708 0205263 1883351 0165073
 0007634 3282337 0332293 0013090 1522326 1547061 0439228 0231441 0487602 1704680
 2347469 0036576 0681814 1706386 0016318 0079603 1707455 0205263 1710082 0007634 3282337
 0007634 3282337 0242842 0026018 1704254 1704922 3542466 1524063 0542559 1318139 0007634 0205263 1273517 3282337 1710082 0442726 1511790
 0487602 1704680 0442726 1511790 0542559 1318139 0205217 0442805
 0449911 0333052 2607870 0557702 1272706 1704674 0557702 1272706 1704674 0349966 1337208
 0740116 2827735 2981700
 0165073 1707719 0007600 0007634 0205132 1269647 1704653 1948049
 0949466 0005863 0002778 0936012 1524024 1705493 0007600 0085262 0007634 0205132 1269647 1704653 1948049
 0007634 3282337 0205091 1552822 1300565 0205263 0033727 0205263 0369286 0441932 0564385 1883708 1548982 1883351 0849355 1883720 3244314 0013090 0033727 0205091 0369286 0441932 0564385 1517331 1552822 0009458 0150312 0332285 0439536 1705217 3244283
 0441833 1999270 3537156 1547282 0175723 0439645 1521913 0003242 0003241 0021027 0442726 1511790 0441833 1999270 3537156 1547282 0041348 2937342
 1316572 1317574 1369612 1708639 0017243 0443299 0700364 1321564 1382104 0205117 1441547 1518422 3245521 1708639 0274281 0332157 1881488 0007634 3282337 1708715
 1708639 1883351 0449450

 0557651 2603343 0005507 0243073 1510438 0441889 1524063 0003242 0003241 0021027 0562342 1171285 1511790
 1882932 0884358 1720725 1948050 0007600 0009013 0007634 0205132 1269647 1550648 1552960 1704653 1948049
 1273517 3161035 0165073 0185117 1707719 0013090 1883708 0185117 1707719 0013090 0009458 0439536 1705217 3244283 1883351 0332283 1719822 0243125 0699900
 0165073 1441672 0033727 0369286 0441932 0564385 1707719 2348792 0040223 1552961 1707455 2347617 3541383 0013090 0849355 0349966 1337208
 0165073 0208355 1325620 1752727 1881707 1707719 0185117 0013090 1524062 0656383 1443643 2266856 0125179
 0183089 0441889 0656383 1443643 2266856 0125179 1511572 0007600 0007589 0007634 0205615 3282337 0349966 1337208
 1273517 0243077 1547282 0125179 0018790 0237477 0392351 0521111 0205177 0439167 0441655 1561536 1518422 0205369 1552740
 1883712 1518422 0015127 1524003 0007587 0007634 0011065 1269647 1306577 1704653 1948049 0220781 0439634 1522492
 0449911 0333052 2607870 0557702 1272706 1704674 0557702 1272706 1704674 0349966 1337208
 0439086 2827736 2981702
 0656383 1443643 2266856 0125179 0332454 0243125 0699900
 0007634 3282337 1300565 0033727 0369286 0441932 0564385 1883708 1548982 1720725 1948050 0849355 1883720 3244314 0013090 1707719
 0007634 3282337 1883708 0332293 0369637 0441923 0656383 1522326 0125179 0043047 0599638 1550678 0010454 0040284 0009458 0010453 0040300 0220814 0430400 0439536 1547928 1705217 2242979 3244283 0033727 0369286 0441932 0564385
 0993610 1516695 1516698 0007634 3282337 0024348 0555903 1261360 0033684 0439175 0439810 0017243
 0165073 0442726 1511790 1524063 0003241 0021027 1708715 0419358 1283174 0041348 2937342 0441833 1999270 3537156
 0230518 0007634 3282337
 2347469 0007634 3282337 0205263 1883351 0439275 0205615 0439526 1417719 1442466 0439228 0205263 0185117
 1316572 1317574 1369612 0243148 1550141 1882979 2587213 3274648 1708639 0017243 0443299 0700364 1321564 1382104 0205117 1441547 1518422 3245521 1708639 0274281 0332157 1881488 0243148 1550141 1882979 2587213 3274648 0007634 3282337 1708715
 1708639 1883351 0449450

 0165073 1881707 1883708 0392366 0165073 0004391 1881707 1524063 0441833 1999270 3537156 0679199 1273517 0071505 0384782 0449255 0542559
 1999216 3463820 0004391 0348078 0376315
 0052919 1999216 0379099 0521102 0024369 0332466 0544966 1261552 1293131 1704379 1705117 2825408 2984253 0072980 0003235 0003240 0003232 0282563 3537143 0004391
 1883351 0022885 0039593 0392366 0035820 1705810 0007600 0007634 0205132 1269647 1704653 1948049 0033727 0205263 0369286 0441932 0564385 0013090 0849355 0013227 0033727 0369286 0441932 0564385 1524062
 0040833 1521798 1441672 2348205 0332293 0013227 1522326 1511726 3245479 1518422 1547282
 3463820 0004391 0052919 0428255 0165073 0441889 0442805 1708698 0205132 0349966 1337208
 0243077 0205263 0392747 0443172 0441889 1883559 0332307 0445392 1547052 0205132
 0072980 0004391 0449297 1382187 2825073 0165073 0450373 1553636
 0449911 0333052 2607870 0557702 1272706 1704674 0557702 1272706 1704674 0349966 1337208

 0165073 0004391 1881707
 0007634 3282337 0205263 1883351 0165073 1548982 1883708 0332293 1883310 1522326 0052919 0072980 0243148 1550141 1882979 2587213 3274648 0043047 0599638 1550678 0072980 0033727 0369286 0441932 0564385
 1881488 0165073 0423896 0456205 0936012 1708715 1283174 1524063 0041348 2937342
 0230518 0007634 3282337
 2347469 0007589 0007634 0205615 3282337
 1316572 1317574 1369612 0243148 1550141 1882979 2587213 3274648 1708639 0017243 0443299 0700364 1321564 1382104 0205117 1441547 1518422 3245521 1708639 0274281 0332157 1881488 0243148 1550141 1882979 2587213 3274648 0007634 3282337 1708715
 1708639 1883351 0449450

 0007589 0007634 0205615 3282337 0205132 1547282 0012655 0220898 1264642 1547045 0039798 0087111 1522326 1533734 1705169 3538994 0052919
 1280500 1883559 0332307 0445392 1547052 0205132 0700321 0681814 0205341 1883351 0683607 0038215 0600673
 1707455 0175723 0031843 0542341 0700205 1705273 0041348 2937342 0087111 0444686 1441506 1443182 0441889 0013227 0039798 0087111 1254351 1522326 1533734 1705169 3538994
 0243077 1280500 0442805 0369773 2603361 0681814 1709451 0022885 0392366 0052919 0442805 0369773 2603361 0369718 0441922 1553036
 1521798 1705535 0243077 0221099 0243125 0699900 1511726 3245479 1518422 2584321 0237881 0750502 0442805 0369773 2603361 0129575 0369718 0441922 1553036 0052919 0442805 0795725 0369773 0450348 2603361 0369718 0441922 1553036
 1948023 0004391 0072980 0449297 1382187 2825073 0165073 0450375
 0165073 0205397 0333262 0332128 0165073 1524063 0026019 2984656 0013852 0026018 3463986
 1273517 0003241 0021027 1514468 0442726 0165073 0349966 1337208
 1167624 1947902 2827499 0750489 0332437 0543482 0700329 0700619
 0441889 0449286 0542560 1561545 2348088 1285553 1514873 1511726 3245479 0003241 0683607 1167624 1947902 2827499 0230822 0085262 0007634 0662453 3282337
 0333262 1441672 0332437 0543482 0700329 0700619 0332290 0004391 0205156 0947630 1552607 1552738 0020179 2919056 0012634 0450355 0165073
 0947630 0333262 0205396 1550043 1551388 0004391 0332197 1689985 0443640 0003241
 0165073 1441672 0332296 1880497 1996904 0332281 1166757 3548425 0596488 0013852 0242821 0439794 1995017 3463986 0312860 1301886
 0205448 0597177
 0242821 1995017 0010834 0205397 1998882 0332281 0165073
 0332149 1705910 2362652 1166757 3548425 0596488 0013852 0242821 0439794 1995017 3463986 0887944 1166757 0010837 0993609 0005528 1317949 3495449 0027908
 0449911 0333052 2607870 0557702 1272706 1704674 0557702 1272706 1704674 0349966 1337208
 0439084 0728893
 0165073 0205397 0333262 0332437 0543482 0700329 0700619
 0475264 1744691 0598091 0007600 0085262 0007634 0205132 1269647 1704653 1948049
 0007634 3282337 0205263 1883351 0165073 1883708 0231441 0443218 2827483 0026019 2984656 0013852 0026018 1522240 3463986
 0165073 0442726 1511790 1524063 0003242 0003241 0021027 0003316 0037293 0181496 1710492 0439851 1947931 0282641
 0336721 0165073 0332437 0543482 0700329 0700619
 1704254 1704922 3542466 1547282 0181496 2827499
 1704254 1704922 3542466 1547282 0165073 0332281 0013852 0333262 0439794 1622418 3463986 0596488 0312860 1301886 0333262 1622418
 0016318 0079603 0947630 1547282 0165073 1883559 0001128 0042219 0392752 1708632 1524063 0332575 1260956 1531412 0349966 1337208
 0332575 1260956 1531412 0181496 2827499 1185625 1382196 0332257 0544966 0042219 0004391 0024369
 1316572 1317574 1369612 0165073 1518422 1185625 1382196 1554077 2828389 0597879 0205379
 1511726 3245479 0183683 1521721 0072980 0557651 0947630 2603343 0035820 1705810 0243125 0699900
 0449911 0333052 2607870 0557702 1272706 1704674 0557702 1272706 1704674 0349966 1337208

 0165073 0001128 0029219 0442726 1511790
 0007634 3282337 0033727 0205263 0369286 0441932 0564385 0013090 1883708 0543134 0036140 0037633 0205415 0525069 1439852 0011744 0033727 0369286 0441932 0564385 0205263 0004391
 0332575 1260956 1531412 0543134 0009458 0036140 0037633 0205415 0439536 0525069 1524062 1705217 3244283 0439659 0011744 0029219
 0007634 3282337 1883708 0231441 0443218 2827483 2986582 0003241 0021027
 0242842 0026018 0234621 2700323 1883559 0332307 0445392 1547052
 1514811 1706462 1547282 0165073 1881707 0208355 1325620 1752727 0004391
 1511726 3245479 0005863 0004391 0033684 1883559 0302523 0332307 0445392 0700325 1521721 1547052 3244290 1705920 0026019 2984656 0013852 0026018 3463986
 0205435 1279901 0684224 0700287 3273238 0004391 0208355 1325620 1752727 0243125 0699900
 0332453 1280500 2348382 0678226 0443228 1704243 2987476 3146286 0205418 1883559 0332307 0445392 1547052 1707455
 0332290
 1705535 1749467 1948047 1518422 0332621 0208355 1325620 1752727 1881707
 0750492 0033684 1522196 0337095
 0868928 1706255 1706256 1883708 0033684 0004391 0024369 1704259 1705987 2984253 0013153 0449444 1879941 0243125 0699900
 0165073 0521097 0208355 1325620 1752727 0332621 0165073 0521097 0004391 0009671 0205156 1511726 1551359 1552607 2741673 2981730 3245479 0025519 0025520
 0185117 0332621 0439168 0332148 0750492 0449475 0012634 0348080 1705253 0086860 1515981 1548556 1705242 1290905
 0947630 0183683 1521721 0035820 1705810 0208355 1325620 1752727
 1511726 3245479 1705535 0011546 0439857 2698668 0165073 0243125 0699900 0439092 0547044 1511572 0007589 0007634 0205615 3282337
 0205447 0332268 0007589 0007634 0205615 3282337 2349975 0220781 0439634 1522492
 1521970 1706388 2346469 2348519 1443643 2266856 0442799 0165073
 1550608 0349966 1337208
 0450373 1553636 0052919 1280500 2348382 0072980 0205263 0165073
 0332290 1524057 1704259 1705987 1514559 0033684 0547043 0851285 1282911
 0072980 0243077 0443264 0449297 1382187 2825073 1336776 0056889 1413365 0010674 0016059 0182953 0205207 1167322 1704734 1704735 2752508
 0681841 1443643 2266856 0165073 0208355 0243077 0449297 1325620 1382187 1707455 1752727 2825073 0243077 1280519 1704419 0018517 0376558 2825407 0208355 1325620 1752727 1282927 1806781 2350002 0013153 0449444 1879941
 0332149 1705910 2362652 0332290 1524057 0165073 0521097 0004391 0348078 0376315 0208355 1325620 1752727 1881707
 1547282 0072980 0442805 0449297 1382187 2825073 0348078 0376315 1522492 0165073
 3245505 0072980 0443252 0042153 0205166 0457083 1283828 1515273 1551357 1705313 1706317 1947944 2826302 0030705
 0679199 1947946 2948600 3540471 3540472 0423866 2626739 0165073 0086418 0332197 1689985 0025914 0025929 0026809
 2825232 0043227 0030567 1521736 2681933 0012634 0037455 1521721 0041700 1708611 0166872 0237935 3245466 0004083 0439849 0596306 0699792 0243098 0376244
 0010186 0220812 0449719 1709471 0220808 0680264 0007961
 1706852 0522501 1706089 0949214
 0205155 1293097 1522472 1552923 1705191

 0282413 0376649 1442065
 0254343 0796520 3272379

 0085205 1549619 1880669
 0013849 1705961 0024492 1538057 1547565 0219333 0056599 1412573 2350443 3539770 0000723 1273517 0030567 1521736 2681933 0012634
 0018909
 0057142
 0047569
 0071109 2827734 2981698 0001128 0202406
 0052919 0052919
 1514811 1706462 0557061 2584313 1514811 1706462 0369773 2603361
 1553033 0033727 0369286 0441932 0564385
 0369637 0441923


 0025141 0369637 0441923
 0439267 0369637 0441923


 0205090 0684010 2603358 0369637 0441923
 0349590 1262865 0025141
 0439267 2603362
 0016327 0439133 1553038 0205090 0684010 2603358
 0369637 0441923
 0369637 0441923
 0033727 0369286 0441932 0564385
 0027960 0324740 0439189 1456781 1824986
 0033872 0033873 0025141 0369637 0441923
 0033727 0369286 0441932 0564385 1553033 0328104 1415875 2826366 2603362
 0014878 0522667 0730321 2347469 0040452 0242726 1318154 1705917 0033727 0369286 0441932 0564385 0205090 0684010 2603358
 2603360
 0439267
 0205090 0684010 2603358
 0439267 0439394 1706495 3642217
 0205263 0205090 0684010 2603358
 0439394 1706495 3642217
 0036397 0205090 0684010 2603358 2603360 0033727 0369286 0441932 0564385 2603360
 2603360 0439394 1706495 3642217 0439114

 0325074
 0025141 0369637 0441923
 2347469 0491941

 0349590 1262865 0025141 0205263 0439394 1706495 3642217
 0036397 0205263 1832110
 0033727 0369286 0441932 0564385 0369773 2603361
 0369718 0441922 1553036
 0033727 0369286 0441932 0564385
 0027882 0025141 0999213 0369773 2603361

 0439267 0205090 0684010 2603358
 0439267 0205090 0684010 2603358



 0025141
 0597277 1708601 0369718 0441922 1553036
 2347469 0597277 1708601
 2347469 0999213
 0205090 0684010 2603358 0024171 0024176 2697939 2347469 0205090 0684010 2603358
 0439394 1706495 3642217


 2603360 0369718 0441922 1553036 0033727 0369286 0441932 0564385 0369718 0441922 1553036
 0349590 1262865 0025141 0205090 0684010 2603358 0439267 2347469 0439267 0439267 0369637 0441923
 2603360 1553033 2603360 0369773 2603361
 0597277 1708601
 0369637 0441923
 0033727 0369286 0441932 0564385
 0349590 1262865 0025141

 0597277 1708601 1415618 0033727 0369286 0441932 0564385 0597277 1708601


 1417055

 0025141 0369637 0441923
 1551458
 0016327 0439133 1553038 0369773 2603361
 2347469 2603360
 0369718 0441922 1553036 0369637 0441923
 0369637 0441923


 0201682
 0597277 1708601
 3272372
 0369773 2603361 1553033 0205090 0684010 2603358 0369773 2603361 0369773 2603361



 0025141 0439267
 0597277 1708601 0205090 0684010 2603358 0369637 0441923
 0439267

 0025141 0033727 0369286 0441932 0564385
 0597277 1708601
 0439394 1706495 3642217


 0025141 0597277 1708601 0035561 1553033 0597277 1708601 0016327 0439133 1553038


 0025141


 2347961


 0025141 2347469 0205090 0684010 2603358


 0027960 0324740 0439189 1456781 1824986
 1704351 2239486
 0597277 1708601

 0369773 2603361
 2603360


 0025141 0439394 1706495 3642217

 2603362
 1418943

 0268596 2700624
 3642273

 2603362

 0000857 0600678 1552863 1552921 0205090 0684010 2603358




 0025141
 0369718 0441922 1553036

 0026018 0025141 1552921 0205090 0684010 2603358




 0325074
 0033727 0369286 0441932 0564385 1553033 0439394 1706495 3642217 2603360 0597277 1708601 0369773 2603361
 0063789 3272375



 0025141 0033727 0369286 0441932 0564385
 0016327 0439133 1553038 0033727 0369286 0441932 0564385
 0369773 2603361



 0025141 0450955 2603360 1461631 0205090 0684010 2603358


 0450348 0025141 0369718 0441922 1553036 0450955 0998924 0597277 1708601 2603360 2603360


 0597277 1708601
 2347469 1553033
 0439267 0369718 0441922 1553036 0369637 0441923


 0439394 1706495 3642217 0597277 1708601
 0033727 0369286 0441932 0564385
 0439394 1706495 3642217



 0439394 1706495 3642217
 0439267 0597277 1708601 0369637 0441923
 0439267 0369718 0441922 1553036
 0369773 2603361

 0027960 0324740 0439189 1456781 1824986
 0325074
 0033727 0369286 0441932 0564385 0369637 0441923
 0439267 0369718 0441922 1553036 0369637 0441923
 0369773 2603361 0205090 0684010 2603358 0597277 1708601


 0036397 0439394 1706495 3642217 0439114 1553033 0369773 2603361
 0597277 1708601 0439394 1706495 3642217 0369773 2603361 2347469 0369637 0441923
 0205090 0684010 2603358
 0027882 0025141 2603362

 0369637 0441923

 0205090 0684010 2603358
 0205090 0684010 2603358


 0201682
