 0270611 0010957 1883709 0005854 1305865 0205263 0030685 0391871 0439180 0680255 1283071 1963578 1704729 0683939 0205099 0016617 0454845 1704729 0683939 0205099 0016617 0454845 0557061 2584313 1514811 1706462 0005854 1305865 0005767 0005768 0006104 0229664 1269537 1706912 0231174 0680095 0027765 0012634 0205494 1709305 2707261 2745955 0449719 1709471 0015127 1524003 1879547 1521761 2827422 0332257 0623362 0025543 1704640 1706515
 1707527 1707310 0332185 1552738 0332257 0021760 1527132 0021764 0030685 0391871 0439180 0680255 1283071 1527200 1963578
 0021760 1527132 0021764 1527200 1547282 1883351 0032930 1444748 0033268 0024420
 0231174 0680095 0024420 0030685 0205217 0391871 0439180 0442805 0680255 1274040 1283071 1546471 1963578 2825142 0004112
 0205265 0030705 0392366 0332453 0694634 0003842 0013216 0013217 0221464 0347985 0392920 0006118 0006104 0027651 1269537
 0444266 0370003 2347026 0443289 0456948 0441889 0033727 0369286 0441932 0564385 0332453 0024730
 0021135 1533691 2827718 0681814 1441672 0442805 0004112 0012634 0348080 1705253 0231174 0680095 0013604 1717255
 0681814 1514534 0002778 0936012 1524024 0205265 0596607 1550369 0037813 0436196 0577559 1306372 3152252 0005863 0332283
 0917903 0392747 0443172 0231174 0680095 0032930 1444748 0030685 0391871 0439180 0680255 1283071 1963578 0004112 0449416 1705919
 0015350 0521119 1704640 1706515 0439861 0441889 0456079 1547707 2946261 0004112 0037253 0040300 0816871 1283922 1547928 0009458 0439536 1705217 3244283 0007634 3282337 1515981 1706912 0007634 3282337 0489903 2827734 2981698 0740116 2827735 2981700
 0623362 0449432 0243148 1550141 1882979 2587213 3274648 0015350 0521119 1704640 1706515
 0205177 0439167 0441655 0597304 1561536 1947941 1820201 0040300 0079613 0441712 1547928 1706376 0205463 0012634 0348080 1705253 0021368 1515981 1709060
 0449255 0542559 0012634 0623362 1184743 1522240 0231174 0680095 1269955 2699153 0005773 0010957 1883709 0751792 0007682 0161479 2827734 2981698 0439086 2827736 2981702
 0927232 1269563 0027763 0422837 1269560 0165519 1334523 2698028 0623362 0919336 0032214 0600138 0035820 1705810
 1879547 1184743 1522240 0010957 0040300 0242656 0449258 1547928 1880177 1883709 1261381 1948029 0005854 0231174 0332152 0680095 1522538 0270611 3263722 3263723
 0623362 0524851 0012634 0543483 0699748 0002395 0012634 1883351 0441471 3541888 0005854 0231174 0332152 0680095 1522538 1265805 2825502 0013604 1717255 0040682 1510411 1705163
 0441712 1706376
 0623362 0243077 1709305 0024420 0145988 1522552 1152589 0243077
 0024420 0033607 3536890 0030946 1947941 1999216 0150312 0229671 0449450 1546774 1550100 0162367 0005889 0302908 0596790 1521806 1522203
 0033268 0021760 1527132 0021764 1527200 1948023
 2607943 2926606 3539655 1705535 0017710 0030685 0391871 0439180 0680255 1283071 1963578 0018790 0237477 0392351 0521111 0041904 0162493 0547043 0851285 1282911 1327622
 0332290 0017710 0043240 0079613 0374711 0450442 1254351 1521826 0332282 0231174 0680095 0220781 0439634 1522492
 0024420 0039686 0015272 0018790 0237477 0392351 0521111 0030946 1947941
 0024420 0600080 0679006 1947967 0017446 0205147 0332256 2700400 0449604 0205145
 0033684 0018284 0960756 0018270 0220844 0237753 0449788 1145667 1167622 1621966 1705242 2911660 2752783 1521761 2827422 0079189 1524094 1705535 0024420 0032214 0600138 0035820 1705810 0450348
 0004112 0035820 0205234 1285542 1705810 0225336 1516348 0007634 0014257 3282337 0007585 0007634 0010453 0220814 0430400 1269647 1704653 1948049 2242979 0444266 0370003 2347026 0030705 1301820 0013216 0237403 0025664 0184661 2700391
 0684336 0024420 0205217 0442805 1274040 1546471 2825142 0004112 0391871 0442165 1283071 0449416
 0557061 2584313 1514811 1706462 0007616 0204727 0205409 0220862 0370003 0030705 1301820 1511481 1554192 1532670 0195775 0038894 0038895 0543467
 1522508 0745732 3272378
 0004112 0225336 0007634 0014257 3282337 0440746 0459385 0440744 0006104 0040300 0086418 0205409 1269537 1547928 1548221 0282547 0025255 0071524 0175905 0596901 1301886 1706182 0010453 0220814 0430400 2242979 0456389 1325742 0369637 0441923 0017446 0205146 1140299
 0007634 3282337 0205200 0872171 0010454 0009458 0018270 0162867 0220844 1254021 1621966 2911660 1516695 1516698 1442455 0439228
 0009458 0162867 1254021 1698986
 0225336 0007634 0014257 3282337 0004112 1883708 0041236 0687118 1561504 0007452 0015965 0229671 0521457 1140701 1546774 1550100
 1883351 0557651 2603343 1704675 0225336 0007634 0014257 3282337 0238767 1706086 0005854 0023175 0205263 0857127 1442948 1522538 2348269 3275067 0012634 0348080 1705253 0036849 0349966 1337208 1442518 1705195
 0027836 0225336 0007634 0014257 3282337 0178587 0439479 0555206 0036563 1705192 1882540 2346495
 1708715 0025255 0016055 0524462 0683454 0021966 0221138
 0014257 0441987 0032400 0071360 0747726 1515981 0024337 0683454 0021966 0221138
 0521395 0441987
 2828366 0010454 0430400 1277697 2242979 0004112 0009458 0010453 0162867 0220814 1254021 1301820 0370003 0225336 0007634 0014257 3282337 0225336 0004112 0007634 0014257 3282337 0004112 0162518 0225336 0332157 0007634 0009458 0009647 0014257 0162867 1254021 3282337 0225336 0007634 0014257 3282337 0162518 0332157 0004112 0009458 0009647 0162867 1254021
 1883351 0005854 0007585 0282547 0010453 1883067 0439092 0547044 0009458 0162867 1254021 0872351
 0449911 0333052 2607870 0557702 1272706 1704674 0557702 1272706 1704674 0349966 1337208

 0185117 0205217 0442805 0012634 0348080 1705253 0332453 0021135 1533691 2827718
 0015320 0035171 1517586 1707689 2983265 1273517 0205091 0441833 1552822 1999270 3537156 1547282
 0035171 1707689 2983265 0225336 0427861 0596208 0006104 0007634 0014257 0086418 1269537 3282337 0332529 2827734 2981698 0027836 1087003 0439086 2827736 2981702 0282547 0007585 0010453 0332157 1882911 0027836 0007634 3282337 0162518 0332157 0009458 0009647 0014257 0162867 1254021 0814670 0740116 2827735 2981700
 0205266 1554187 0005854 0027836 1087003 0225336 0007634 0014257 3282337 0150312 0332158 0332285 0337611 1705415 0009458 0086972 0162867 0443299 0687118 1254021 0450316 2827734 2981698
 1316572 1317574 1369612 0162518 0009458 0162867 1254021 1139023 0010454 0009458 0162867 1254021 1948023 0030685 0391871 0439180 0680255 1283071 1963578 0027836 1087003
 0012634 0348080 1705253 0005854 0030685 0391871 0439180 0680255 1283071 1963578 1441672 0439084 0728893
 1316572 1317574 1369612 0030685 0391871 0439180 0680255 1283071 1963578 1441672 0004112 0010453 0220814 0430400 2242979 0205171 0439044 0679994 0439086 2827736 2981702 0225336 0332158 0007634 0014257 0337611 1705415 3282337
 2607943 2926606 3539655 1705535 0030685 0391871 0439180 0680255 1283071 1963578 0027836 1087003 1709305 2745955 0014406 0332290 0225336 0007634 0014257 3282337 0004112 0332158 0337611 1705415
 0004112
 1856054 2826243 0009647
 0033727 0369286 0441932 0564385 0086418
 0030705 0030705 0444266 0370003 2347026 0869040 0557651 1273517 2603343 0449450 0008976 1511220 0039798 0087111 1522326 1533734 1705169 3538994 0280803 0742472 0927232 1269563 0027763 0422837 1269560 0024299 0027769 0205099 0205225 0439631 0449913 0599851 1553451 1704459 1879652
 0021622 1272753 0359589 1999230 0039798 0087111 1522326 1533734 1705169 3538994 0280803 0742472 0927232 1269563 0027763 0422837 1269560 0024299 0027769 0205099 0205225 0439631 0449913 0599851 1553451 1704459 1879652 0206663 0017638 1333813 0206660 0854912 0927232 1269563 0220650 0027627 0006118 0006141 1268990 2749705 0024109 0819757 1278908 0017471 1517530 0007634 1269647 1517528 1704653 1948049
 0030705 0021487 0332293 0694634 0309448 0003842 0021485 0024730 0221464 0347985 1272883 1522326 1533685 1828121 0678227 0332453 0332283 0021485 0025677 1272883 1533685 1828121 0007818 0005775 1516559 1947931
 0178913 0370003 2347026 1516695 1516698 0332152 1705850 0456692 0702093 0702093 0456692 0702093 0175566 1882151 0005854 0450355
 1280519 1707887 0040405 1552357 0034606 0040395 0441633 1441526 1516048 1880157 2826292 0441889 0456079 1547707 2946261 0032105 1550098 0450355
 0030705 1519316 1561610 0009797 1880840 0348078 0376315 1522492
 0681814 0680240 0884358 0027468 0018684 0021622 3245503 0162791 0220845 0282423
 0013860 0678632 0596607 1705052 0013855 0017243 0205448 1382104 0439534 1707753 0033684 0086418 0229671 1546774 1550100 0001002 1882443 0022169 0000936 0006353 2981153 0041942 0369637 0441923 0332529 0039958 0047101 0146951 0133689 0242759 0002677 0012789
 0022169 0000936 2981153 0206243 0699809 0033727 0369286 0439787 0441932 0556639 0564385 0849355 1321564 1441593 0180153 0429863 0439844 3537219 3539772 0555903 1261360 0060916 0086376 1524063 1704532 0025663 0449851 0871511
 0439534 0206243 0699809 0071500 0017243 0071499 0439787 0849355 0017243
 0017243 0231441 0443218 2827483 0056269 1260957 2986582 1260957
 0037813 0037812 0577559 1306372 2713504 2984732 3152252 1273517 0449913 1553451 1704459 0036588 1551994 3244295 1708533 2698172 0184967 0684296 1185738 1706132
 1511726 3245479 0936012 1524063 1883073 2827424 1707433 0681814 1516695 1516698 1706386 1552603 1706202 0242356 0993637 0002055 0178499 1511726 1880279 3245479 2348167
 1883073 2827424 0024763 0175674 0459471 1711411 3173575
 0459471 1184743 1522240 1524062 0018896 0449435 1552603 1706202 3540469 1524063 2347074 1708003
 1441165 3273837 3274824 0025664 0444706 0449851 3541902 1552738
 1690540 0014441 0031831 1707664 1999230 2348314 3540849
 0038995
 0037786 1576416 0178587 0441633 1524063 0179533 1654607 1706254 0017243 0034606 0439148 0441633 0449878 1382104 1519795 1704753 1880519 3540812 1708533 2698172 1524063 0037585
 1704254 1704922 3542466 1609177 1301627 2348636 2347840 1517331 0936012 1524063 2984010 1710360
 1533716 0017446 0205146
 0205174 0884358 1511726 3245479 1510992 2825518 0444504 2347634 2348143
 0178587 0018595 1273517 1522609 1551359 2741673 2827666 2981730 0017243
 0020792 0205396 0005863 1550369
 0444266 0370003 2347026 0025664 0184661 1301820 1511220 2700391 0430400 2242979 0370003 2347026
 0427716 1304757 0086045 1446561 0005507 0025663 0243073 0449851 0680240 0750572 0871511 1510438
 0555903 1261360 0033684 0439175 0439810 1708639 0071500 0017243 0071499 0086972 0443299 0687118 0600209 1704732 0071710 0025255 0348011 0596901 1706182 0683758 0439583
 0233660 0332206 0991865 0006353 0031603 0031701 0036082 1601799 1440965 0026131 0032861 0349374 0444318 1382110 2825079 0041415 0033727 0369286 0441932 0564385 0025255 0596901 1706182 0182400 1704681 2347609 3536729 0439583 0003242 0003241 0021027 2827734 2981698 1719918
 0205549 2348044 0441648 0025255 0596901 1706182 0063351 0019941 2754943 0003242 0051979 0003241 0018019 0021027 0027021 0027627 0031179 0175668 0205436 0330510 0522529 0939835 1110641 1265549 1318719 1439852 1510458 0034493 2827734 2981698 0011744 0033727 0369286 0441932 0564385
 0034760 0162524 0234621 1450278 2349975
 0370003 2347026 1883351 0218063 1265611 0025255 0456693 1442458 0702093 1439852 0006353 0025402 0037506 0074769 0058632 0037473 0038720 0475337 0597484 3536965 1882074 0020283 0450407 0450408 0450409
 0205370 0243122 0750540 1145667 1167622 0233660 0332206 0884358 1552738
 0025255 1624602 2827734 2981698
 0042789 1947903 0349966 1337208
 0439084 0728893
 0449911 0333052 2607870 0557702 1272706 1704674 0557702 1272706 1704674 0349966 1337208
 0439084 0728893
 0949466 0005863 0002778 0936012 1524024 1705493 0185117 0009458 0162867 1254021 0282547 0010453 0014257 0027836 1301820
 1511726 3245479 1547282 0441833 1999270 3537156
 0025255 1321564 0003242 0001924 0003241 0007452 0021027 1140701 0220825 0428479 0033684 0441889 0441833 1999270 3537156
 0024420 0001924 0007452 1140701 0205435 1279901 1708639 1708715 0750591 1442989 2828392
 1171362 0185117 0002778 0936012 1524024 1524063 0037585
 0024420 0681814 1706386 0001924 0007452 1140701 0681814 1706386 0033684 0038137 0175675 1273517
 0037786 1576416 0178587 0183115 0441633 1710020 3540812 1708533 2698172 1524063 0037585
 1704254 1704922 3542466 1609177 1301627 2348636 2347840 1517331 0936012 1524063 2984010 1710360
 0205435 1279901 0444686 1441506 1443182 0205134 0237753 0449788
 0178587 0439212 1510411 1442989 2828392
 0017231 0442038 0920847 0022885 0039593 0392366 0449851 1273517 1883351 0086045 1446561 0018595 1441165 3273837 3274824
 1139930 0022877 0454861 0869011 1619828
 0043038 0020960 0009458 0439536 1705217 3244283 1706746 0017243 1382104 0991865 0006353 0031603 0031701 0036082 1601799 1882074 0020283 0450407 0450408 0450409 0074721 0004492
 0038137 0175675 0370003 2347026 0449468 1547014 1690016 1705102 1948059 2700258 0182301 1706407
 1139930 0005971 0870840 1139930 3537155 0205170 3146287
 0033684 0683607 1883351 2349179 2826544 0205219 0444930 1552961 2347617 2746065 0332282
 0332282 1301886 0205170 0205431 3146287 0336139 0444706 0549181 3541902
 0456786 0427716 1304757 0086045 1446561 0439269 3642216
 0370003 2347026 0038137 0175675 3274438 0035953 0600140 1704688 2346414 0205173 3539942 1883351 0807955 0332290 0030174 1705425 0013194 0441587 1743766 1883719 1999230 2700580
 1522609 0205250 1299351 2700149 1274040 1546471 2825142 0024420 0018595 1441165 3273837 3274824
 0557061 2584313 1514811 1706462 0444266 0370003 2347026 0030705 1883727 0175566 1882151 0013860 0678632 0596607 1705052 0025664 0184661 1517586 1552738 2700391
 0370003 2347026 0936012 1883351 0441889 0242972 0748025 0041667 0026385 0005910 0033684 0043100 0205251 1299352 1305866 1521991 1550472 1705104 0332281 0005854 0684336 0450355
 2825142 1274040 1546471 0349966 1337208 1547282
 2827734 2981698
 1316572 1317574 1369612 0015230 0329155 0848332 1427618 1705203 0700364 0205217 0442805 1511220
 0037813 0436196 0577559 1306372 3152252 0443289 0015230 0329155 0848332 1427618 1705203 0024420 0038164 0063693 0033684 1705803 0021415 1510755 0005574 0205099 0237753 0449788 1533716 1706078 3245503
 0449911 0333052 2607870 0557702 1272706 1704674 0557702 1272706 1704674 0349966 1337208
 2827734 2981698
 0185117 1511220 1831732 0005854 1305865 0005767 0005768 0006104 0205217 0229664 0332453 0442805 1269537 1706912 1515655
 0392747 0443172 0205421 0442805 0558058 3272602 0439227 0184661 1948041 2700391 3274430 3538935 3539779
 1547282 2825142 1274040 1546471 0884358 1883351 1707455 0550215 1278298 0233426 0700364 1511220 1515981
 0442739 2346711 0336721 0205217 0442805 0336721 0329155 1427618 1705203 0205146 1444656
 0392747 0443172 1705241 1979900 0026385 0948775 0005910 0017446 0043100 0205147 0205250 1299351 1305866 1441672 1521991 1705104 2700149 0205132 1444656 1550648 1552960 2827624 0024420
 0205090 0441833 0700321 1999270 3537156 1547282
 1709793 0871424 0002778 0936012 1524024 0002778 0936012 1524024 1711260 2348152 1547282
 1316572 1317574 1369612
 0678632 1705052 0013855 0205448 0439534 1707753
 0332255 0486805 0021966 0039224 0221138 1706073 1706074 1547282 0020792 0033684 0205396 1273517 0025664 0184661 1517586 1552738 2700391
 1274040 1546471 2825142 0349966 1337208 1547282
 0450344 1553633 0178913 0005767 0005768 0205543 0229664 0370003 2347026 0030705 1882932 1883727 1511220 0033727 0369286 0441932 0564385
 0002778 0392762 0936012 1524024 1550369 0884358 0237753 0449788 0017243 0030705
 0444504 2347634 2348143 2825142 0681814 1274040 1546471 0681493 2698021 1547282 0349966 1337208
 0450345
 0392747 0443172 0700321 0205397 0370003 2347026 1883727 0439232 0700321 0702093 1282918 2347166
 0442805 0033727 0369286 0441932 0564385 1441672 1511220
 0441889 0243148 1273517 1550141 1882979 2587213 3274648 0018595 0442739 2346711
 0449911 0039224 1706073 1706074 0557702 1272706 1704674 0557702 1272706 1704674 0087044 0033684 0332255 0486805 1708096 1273517 1883351 0024420
 0740116 2827735 2981700 1547282 1709795 0392762 1274040 1546471 2825142 0017231 0442038 0449851 0920847 1301820
 0442805 1705052 0017243 0205448 1441672 1880355
 0456947 0441889 0442739 2346711 1517001 1274040 1527178 1546471 1705938 2825142 0349966 0450345 1337208 1547282
 1316572 1317574 1369612 0370003 2347026 0332256 2700400 0441889 0450354 1706096 0042789 1947903 1425988 0450355 0175566 1882151
 0449911 0333052 2607870 0557702 1272706 1704674 0557702 1272706 1704674 0349966 1337208
 0740116 2827735 2981700
 0002778 0936012 1524024 0185117 0444266 0370003 2347026
 1547282 1511726 3245479
 0427716 1304757 0086045 0032936 0220825 0521164 1260969 1261322 1301886 1705184 1514811 1706462 0205134 0039401 0302828 1442085
 1547282 1274040 1546471 2825142 0030705 0205452 1301820 1511220
 1316572 1317574 1369612 0442805 1511220
 0456947 0441889 1553033 0442739 2346711
 2347469 1547282 0205419 0175566 1882151 1280519
 1316572 1317574 1369612 1704970 1705242
 0025677 1417487 0025677
 0073361 0017231 0442038 0920847
 0332290 0022885 0392366 0597879 0005863 0450365 1706097
 1511726 3245479 0024420 0038137 0175675 0205309 1265611 1301820 2825142 1517586 1274040 1546471 0349966 1337208
 0025664 0184661 2700391 1522508
 0349966 1337208
 0450366 1547282 0042295 0444504 2347634 2348143 0681814 1301820
 0449911 0333052 2607870 0557702 1272706 1704674 0557702 1272706 1704674 0349966 1337208
 0439086 2827736 2981702
 0949466 0005863 0002778 0936012 1524024 1705493 0456948 0441889 0178913 0370003 2347026 0030705 1883727 0175566 1882151
 0003241 0205369 1552740 1273517 1883351 1709793 0392747 0443172
 1316572 1317574 1369612 1709795 0392762 1274040 1546471 2825142 0038164 0033684 0205309 1265611 1301820 1442989 1707455 2828392
 2347469 1547282 1511220
 1547282 0042295 0444504 2347634 2348143 1277697 0205452 1301820 0370003 1274040 1546471 2825142 2348205 0017231 0220825 0442038 0920847 0042789 1947903 0349966 1337208
 0237753 0449788 0456948 0024420 0205543 0441889 0439212 0369773 2603361
 0040284 0010453 0040300 0220814 0243111 0430400 1547928 1947951 2242979 1273517 1883351 0427861 0596208 0225336 0006104 0007634 0014257 0086418 1269537 3282337 0004112 0005854 0220781 0439634 0440102 1306673 1522492 0231174 0680095
 1517586 0012634 0348080 1705253 1273517 0205091 0349966 0441987 1337208 1552822

 0225336 0007634 0014257 3282337 0162518 0009458 0162867 1254021 0521395 1301820 0010453
 0009458 0162867 1254021 1516695 1516698 1442455 0439228 1698986
 0282547 0007585 0010453 0220814 0430400 2242979 0004112 1707689 2983265 1883351 0682538 0007634 3282337 0150312 0332158 0332285 0337611 1705415 0231174 0680095 0442800 1293134 1883067 0225336 0007634 0014257 3282337 0027836 1087003 1511276 1552825 0005971 1139930 3537155 0012751
 1317658 0449774 0013860 0678632 0596607 1705052
 1707455 1301820 1705242 0012634 0348080 1705253 0443289 0233426 0700364 0027836 1087003 0010453 0220814 0430400 2242979 0205171 0439044 0679994 0349966 1337208
 0225336 0007634 0014257 3282337 0004112 1514583 0332158 0337611 1705415 1293122 0456389 0329155 1427618 1705203 0233426 0700364 0015230 0329155 0848332 1427618 1705203
 0002778 0936012 1524024 0037813 0443289 0392747 0443172 0042789 1947903 0678226 0024420 0030685 0086418 0391871 0439180 0680255 1283071 1963578 3146286 1705803 0021415 1510755 0005574 0205099 0237753 0449788 1533716 1706078 3245503 1532717 0429863 3537219 3539772
 0005863 0205217 0442805 0597879 0349966 1337208
 1883351 0332149 1705910 2362652 0392747 0443172 0370003 2347026 1516695 1516698 1522240 0332174 0439230 0521115 0010453 0282547 0010453 0205197 0443211 1272684
 0449911 0039224 1706073 1706074 0557702 1272706 1704674 0557702 1272706 1704674 1335533 0332255 0486805 1273517 1883351 0024420 0282547 0010453 0220814 0430400 2242979 0225336 0004112 0007634 0014257 3282337 0036849 1442518 1705195 1883351 0231174 0680095 0042789 1947903 1527021 1554111 1705606 3541382 1514811 1706462 0037088 0243095 2825141 0024420 0205217 0229671 0442805 1546774 1550100 0012634 0348080 1705253 0231174 0680095 0005854 1305865
 0205227 0679199 1285553 0623362 1150224 0025543 0205177 0439167 0441655 1561536 1704640 1706515 1947946 2948600 3540471 3540472 0005854 0007634 0332664 0391871 1283071 3282337
 0030685 0391871 0439180 0680255 1283071 1963578 0205448 1441672 1517586 1705242 0012634 0348080 1705253
 0205447 0036849 0681814 1442518 1705195 0456948 0229671 0441889 1546774 1550100 0205250 3163633 0439227
 0681814 1301725 1609436 0024420 0030685 0391871 0439180 0680255 1283071 1963578 0021135 1533691 2827718 0012634 0348080 1705253 0231174 0680095
 0332462 1880834
 0205435 1279901 0700364 0145988 1522552 0025543 0040300 0243077 1547928 1883712 1152589 0441712 2987476 1883351 0439801 1549649 2349209 0439792 0022116 0524851 0012634
 0205436 0457385 0565930 1561503 1705190 2349975 0185117 0679199
 0449774 0441712 1882932 0014257 0005854 0205341 1547282 1883351 0178784 0205101 0234402 2937289
 0205108 0127400 0231174 0680095 1552738 1521991 0441712 0927232 1269563 0027763 0422837 1269560 0449915 0014257 0019868 0027769 0086597 0127400 0205099 0449913 0599851 1314939 1553451 1704459 1879652 0439673
 0332120 1547282 0623362 0015350 0012238 0521119 1314939 1704640 1706515 2349986
 0229671 0441889 1546774 1550100 0333275 0439836 0040044 0016018 0039798 0087111 0520997 1363945 0751956 0038454 0439509 1705535 0010957 1883709 0032214 0600138 0035820 1705810
 2607943 2926606 3539655 0449450 0441471 3541888 0567416
 1518422 2963144 1883254 3263722 3263723 0332282 1879547
 0332149 1705910 2362652 0024420 0005767 0005768 0229664 3263722 3263723 0034770 1705180 2361119 0332234 0927232 1269563 0027763 0422837 1269560
 1705535 0007806 0007807 0456948 0005889 0302908 0441889 0444611 1704353 0010957 1883709
 0024420 0005767 0005768 0229664 0007806 0007807 0005889 0302908 0444611 1704353 0439182 0812409 0005767 0005768 0229664 0007806 0007807 0005889 0302908 0444611 1704353 0005854
 0681814 1518422 0376649 1442065 1292530 0438734 0370003 2347026 0392360 1548671 0470187
 1707455 0392747 0443172 0021212 1235732 1522602 1441165 3273837 3274824 1705535 0442805 0686907 0441471
 0456948 0441889 0205217 0442805 0205171 0205265 0439831 1279901 1441165 1555582 1705685 1720467 3273837 3274824 0450355
 0456948 0441889 0332453 0443286 1114821 1709305 2745955 0014257
 0079946 0439659 1550512 0231162 0012634 0348080 1705253 0456948 0032105 0441889 0456079 1547707 1550098 2946261 0007806 0007807 0456948 0005889 0302908 0441889 0444611 0456079 1547707 1704353 2946261 1521761 2827422
 0005854 0205326 1707959 0332453 0242358 0456948 0441889 0007806 0007807 0005889 0205250 0302908 0444611 1704353 3163633 0032105 1518422 1550098
 1441672 0442805 0332282 0175566 1882151 1705535 0449416 1705919 0205100
 0021135 1533691 2827718 1979874 1441672 0442805 0027836 0391871 1087003 1283071
 1512571 1521721 0024420 0012634 0027836 0150312 0348080 1087003 1705253 0010453 0220814 0430400 2242979 0205171 0439044 0679994
 0225336 0007634 0014257 3282337 0004112 1514583 0332158 0337611 1705415 0030685 0391871 0439180 0680255 1283071 1963578 1705535 0014257 0443264 0030685 0391871 0439180 0680255 1283071 1963578
 0012634 0348080 1705253 0233426 0700364 0026385 0005910 0043100 1305866 1521991 1705104 0175723 0439645 1521913 0750482 1413284 1705242 0733755 1705535 0597298 0391871 1283071
 0037813 0436196 0577559 1306372 3152252 0949466 0005863 0002778 0936012 1524024 1705493 1883351 0033684
 1274040 1546471 2825142 1515655 1301820 0021135 1533691 2827718 0681814 1518422 0332149 1705910 2362652 0024420 0391871 1283071 0027836 0442165 1087003 1515981 0798503 0805586 3274764
 0868928 1706255 1706256 0032930 1710236
 0024420 0227525 0007634 0023884 0736268 1278929 1883254 2346688 3282337
 1705535 0024420 0004112 1883254 0332290 0332529
 0009458 0439536 1705217 3244283 0015127 1524003 0030685 0391871 0439180 0680255 1283071 1963578
 0024730 0231175 1883351 0015127 1524003 0030685 0391871 0439180 0680255 1283071 1963578 0427861 0014597 1273342 0007634 0221908 3282337
 0227525 0004112 0005773 0024420
 1442162 1550718 3244317 0442805 0018599 1960278 0205217 0220781 0442805 1883254 0006104 1269537 0700364 0007634 0449475 0205447 0332307 1269647 1547052 1704653 1948049 1314939
 0079946 0439659 1550512 0027552 0686904 1883351 0016884
 0013860 0678632 0596607 0013855 0336791 2827396 0557651 2603343 0005516 0042153 0457083 1947944 0011923 0079595 0041618 0041621 0220934 1456803 1875843 0441621 0870078 0554756 0025664 0449851 1517378 0233820 0013364 0031843 0542341 0700205 1705273
 1510941 1512612 0392747 0443172 0006104 0933845 1269537 1709305 2745955
 0005854 0392148 0443299 1881713 0006104 1269537 0814670 0450355
 0332120 1705535 0005854 1305865 0005767 0005768 0006104 0229664 1269537 1706912 0027765 0012634 0205494 1883525 2346866 2707261 0683607 0009452 0927232 1269563 0027763 0422837 1269560
 0011900 1704338 1704656 0332149 1705910 2362652 0027051 0745413 0018787 0277793 0475224 1261512 1273517 1281570 1304680
 0010287 0010286 0031727 0022917 0022924 0030016 0376261 0005516
 0237753 0449788 0033684 0332529 0033684 0332255 0486805 1708096 0012634 0348080 1705253 1705285
 0348078 0376315 1522492 1705535 1883351 1704259 1705987 0002395 0011265 0332152 0497327 1522538
 1511790 0229671 1546774 1550100 0438925 0022885 0039593 0392366
 1547282 1522609 1880355 0005516 0010957 1883709 0450355
 0449295 0332257 1552866 2700399 1719039 1514893 1706463 2699488 0229671 1546774 1550100 1710082 0185117 1514893 1706463 2699488 0150312 0205251 0449450 1299352 1550472 2346714 0010186 0220812
 0013860 0678632 0596607 1705052 0013855 0017243 0205448 1382104 0439534 1707753 0037813 0037812 0577559 1306372 2713504 2984732 3152252
 0449445 1444637 3539897 0683607 0220825 1261322 0001811 1709305 2745955 1517331 0033684 1979900 0449445
 0681814 1720176 1720294 0332149 1705910 2362652 1524063 0449445 0079809 0242485 0348078 0376315 0002395 0011265 0497327 0012634
 1707478 0442805 0229671 1546774 1550100 0030705 1709305 2745955 1511220
 0231174 0680095 0012634 0348080 1705253 0547043 1282911 0030685 0391871 0439180 0680255 1283071 1963578
 0683317 0441889 0027552 0686904 1883351 0681814 0681797 1517586 0557651 2603343 1511726 3245479 1705535 0024420 0441712 1706376
 1690540 1273517 1883351 0079809 0242485 1441165 3273837 3274824 0205476 0038995
 2825232 1514756 0348078 0376315 1515981 1522492 1527075
 0034037 1704324 0030351 2348291 3540820 0000723 1273517 0005854 0005854 1305865 0005767 0005768 0006104 0229664 1269537 1706912
 0623362 0919336 0623362 0025543 1704640 1706515
 1511220 0332453
 0024420 0024420
 0004112 0004112
 0225336 0007634 0014257 3282337 0225336 0007634 0014257 3282337
 0047101 0439086 2827736 2981702 0001128 0202406
 0007806 0007807 0005889 0302908 0444611 1704353 0007806 0007807 0005889 0302908 0444611 1704353
 0043227 0027468 0018173 0018684 0021622 1521721 3245503 0016617 0041703 1515981
 0010186 0220812 0449719 1709471 0220808 0680264 0007961
 1706852 0522501 1706089 0949214
 0205155 1293097 1522472 1552923 1705191
 0282413 0376649 1442065 0035168 0242481 0027926 0524850 0454845 0220853
 0254343 0796520 3272379

 0085205 1549619 1880669
 0013849 1705961 0024492 1538057 1547565 0009081 0018802 1522486 1514811 1706462 0557061 2584313 1514811 1706462 1979969 0439267
 0205090 0684010 2603358
 0439114 0439394 1706495 3642217

 0439267
 0145946 3178655 0175566 1882151 0172537 0441732 0162745 0332307 1547052
 2347379
 0025141 2347469
 0205090 0684010 2603358 0205090 0684010 2603358
 0439267

 0015982 0028778 0443258 1880177 0392747 0443172 2826576 0035124 0684253
 0038454 0450336 0000857 0600678 1552863 1979969 0439267

 0165519 1334523 2698028 0443264 0175566 1882151 0021368



 0025141 0439267

 0369637 0441923
 0948008 3272363 0005847 0031847 0038454 0277785 0475224 0725066 1558950 1801960

 2347379
 1828470 2603360
 0439394 1706495 3642217

 0015350 0521119 1704640 1706515 0013126 0033268
 0040833 1521798

 0025141 0369637 0441923

 0623362 0025543 1704640 1706515 0004927 2707008

 2347961


 0025141

 0206528 0302600 1519670
 0063789 3272375



 0025141 1979969 0439267

 1517052 0243125 0699900 0007682 0027765 0012634 0442893 0927232 1269563
 0027960 0324740 0439189 1456781 1824986

 0025141 1979969 0439267

 0623362 0025543 1704640 1706515


 0232338
 0025141
 0033727 0369286 0441932 0564385 0369637 0441923
 0439394 1706495 3642217
 0597304 0021368 0035820 1705810 0623362 0025543 1704640 1706515


 2347379
 0450388 2827734 2981698 0025141 1979969 0439267



 0623362 0025543 1704640 1706515 0005854 1305865 0332281 0005767 0005768 0006104 0175566 0229664 1269537 1706912 1882151 0035124 0684253 1882598 0006104 1269537
 0038454 0597277 1708601
 0127400 0333348 0035820 1705810

 0025141
 0016327 0439133 1553038 1708595 3280986
 0021467 0021469 1628982 3463820


 0369718 0441922 1553036

 0268596 2700624
 3642273
 2347469
 0033727 0369286 0441932 0564385
 0597277 1708601
 0369637 0441923
 0005507 0205177 0243073 0439167 0441655 1510438 1561536 0332257 0623362 0024420 0439855 1704241
 0369718 0441922 1553036

 0268596 2700624
 3642273
 0369637 0441923
 0439662 1155266 0871261 0443264



 0439267 0205090 0684010 2603358 0439394 1706495 3642217 0369773 2603361
 1553033 0016327 0439133 1553038
 1280500 2348382 0021760 1334122 2983957 0020898 0021764 0022271 0205263 0185117 0678226 1879547 3146286

 1517844
 0016327 0439133 1553038 2826220 0597277 1708601
 0205090 0684010 2603358 0205090 0684010 2603358
 0999213 0033727 0369286 0441932 0564385 0369637 0441923
 0205090 0684010 2603358 2603362
 3540681
 0086597 0021756 0021755 0600251 0020898 0021764 0022271 0030685 0205263 0220781 0391871 0439180 0680255 1283071 1883254 1963578 0024420
 2347379
 0027960 0324740 0439189 1456781 1824986
 2347379
 0025141 0369637 0441923
 0369773 2603361 0205090 0684010 2603358 0006463 0439267 0369718 0441922 1553036

 0185117 0597357 0242972 0748025 0034821 1366529 0023823 0599283 0023820 0033684 0178587 0205251 0439849 0445223 1299352 1550472 0206116 0007634 3282337


 2347379
 0025141 0597277 1708601
 0369773 2603361
 0443013 0439267
 0369637 0441923
 0369718 0441922 1553036
 0851285 1327622 0014261
 0006104 1269537
 2603360

 1280500 2348382 0005854 1305865 0005767 0005768 0006104 0229664 1269537 1706912 0025914 0025929 0026809


 0025141 0369637 0441923
 0369773 2603361
 0439267
 1314939 1515981 0086597 0301641 0392747 0443172 1705241
 0332120 0348078 0376315 1522492 0012771


 0201682
 0369773 2603361
 0439267 0597277 1708601
 0033727 0369286 0441932 0564385 2347469

 0205419
 0035820 1705810 0220781 0439634 1522492


 0201682
 0369773 2603361
 0439114 0369773 2603361
 2347469
 0024420 1149300 1149299 0242210


 0201682
 0033727 0369286 0441932 0564385 0033727 0369286 0441932 0564385 0439394 1706495 3642217 0369773 2603361

 0027752 0027754 1522443 0018284 0814002 0018270 0027740 0027757 0220844 1280541 1521761 1621966 2827422 2911660 0024420 0229671 1145667 1167622 1546774 1550100


 2347379

 0025141 0439394 1706495 3642217 0439394 1706495 3642217 0369637 0441923
 0205090 0684010 2603358 0018173 1548284 0439267

 0441712 1171318 0038435 0175735 0205013
 0014257 0025141 0439394 1706495 3642217 0369637 0441923
 0205090 0684010 2603358 0439394 1706495 3642217
 1514559 0225336 0007634 0014257 3282337 0030705 1096063 0014544
 0014544

 2603362
 0016327 0439133 1553038 0205090 0684010 2603358 2347469
 0280803 0742472 0024299 1511220 1831732 0005854 1305865 0332293 0005767 0005768 0006104 0029391 0229664 0311417 0332453 1269537 1522326 1706912 0038952 0220921 0033085 1514402

 1315013

 0000857 0600678 1552863 0205090 0684010 2603358


 0005854 1305865 0005767 0005768 0006104 0229664 1269537 1706912 0175566 1882151 1704970
 0027926 0524850 0025141 0369773 2603361
 0205090 0684010 2603358 0369773 2603361


 2347167 0039593 0392366 1511220 1831732 0332453



 0000857 0600678 1552863 0369718 0441922 1553036 0439394 1706495 3642217 0597277 1708601 2603360
 0439267 0369637 0441923
 0205090 0684010 2603358
 0032923 1421224 0332453 0234562


 0450348 0369718 0441922 1553036 0369773 2603361

 0005516 0262405 0031847 0277785 0005854


 1553033 0033727 0369286 0441932 0564385
 0205090 0684010 2603358 2603360
 1514307 0681890 1522609 0229671 0441889 1546774 1550100 0018821 0524727 0018787 0038894 0038895 0543467 1522601



 3541227
 0439394 1706495 3642217 0439267 2603360
 1425019 2984598 0369637 0441923
 0205090 0684010 2603358
 1441165 2603362 0332453 0005854 1305865 0005767 0005768 0006104 0229664 1269537 1706912
 2347379
 0025141 0018173 1548284 0439267
 0331761 0369718 0441922 1553036

 0162340 0005811 0031842 0031843 1704512 1515654 3161035 0021135 1533691 2827718

 3642273
 0369773 2603361
 0443013 0033727 0369286 0441932 0564385
 1553033 0331761 0369718 0441922 1553036

 3245505 0444498



 0331761 0369718 0441922 1553036
 0369773 2603361
 0021966 0221138

 1704675 0031842 0031843 0030664 0205469 0677042

 1858559

 0025141 0369637 0441923
 0439394 1706495 3642217 0016327 0439133 1553038 0205090 0684010 2603358
 0597277 1708601
 0369637 0441923
 0205090 0684010 2603358 0597277 1708601

 0441712 0005854 1305865 0005767 0005768 0006104 0229664 1269537 1706912 0681828 0557651 2603343 0021135 1533691 2827718
 2347379
 0025141 2603360 0369637 0441923
 0947630 0016030 0001811
 1417055

 0025141 1979969 0439267

 0623362 0025543 1704640 1706515
 0027836 1087003 0025141
 0205090 0684010 2603358 2347469
 0021966 0221138
 0851285 1327622 0040300 1547928 0085295 1334098 1522550 2983956 0021764 1527200 0035820 1705810
 0332520 2347774
 2347379
 0369718 0441922 1553036
 2603362
 0325045 0369637 0441923
 0851285 1327622 0678910 3161035 0005854 1305865


 0232338
 0025141 0369718 0441922 1553036
 2603362
 0325045 0369637 0441923
 0040691 1527194 0018284 0018270 0220844 1510411 1521761 1621966 2827422 2911660 0086597 0851285 1327622
 0038454 0597277 1708601
 0205090 0684010 2603358 1720296 0439267 0033727 0369286 0441932 0564385 0439267

 0369773 2603361 2603360
 0439267
 0728475 1279919 0009074 0302148 0220787 0349707 0700198 2827071 0032143 1367601 0032144 0032140 0040300 1367553 1547928 3161035 2937358 0019080 0442111 0474212 0301630 0392756 0441610 1545588 0005854 1305865


 0439083 0439087 0025141 0033727 0369286 0441932 0564385
 0441889 0024420 0229671 1546774 1550100

 0027960 0324740 0439189 1456781 1824986

 0063789 3272375
 0025141 0439267 0369718 0441922 1553036 0597277 1708601
 1709793 0007806 0007807 0005889 0302908 0444611 1704353


 0201682


 0025141 0597277 1708601
 0456389 0486616 1555710 0007806 0007807


 0025141 0597277 1708601
 0036679 0237868 1881713
 1315013

 0025141 0369773 2603361
 0021966 0221138
 0004112 1327616 0024420 1705241 1705242 1882726 0023884 0034693 0034721 0736268 1278929 2346688 0006104 1269537
 0001483
 1417055

 0033727 0369286 0441932 0564385 0369637 0441923
 2347469 2603362
 0033727 0369286 0441932 0564385
 0597277 1708601
 0027431 0798503 0805586 3274764 0030705 1334103 2607914 0035455 0700624
 0332120
 1315013
 1417055
 0002111 0020517 0489531 1314973 3539909 0025141
 0021966 0221138
 2603362
 0439394 1706495 3642217
 0220781 1883254 2936320 0007589 1511938 2945687 0851827 1301808 1442792 1701901 3148680 3244310

 0007634 1269647 1704653 1948049

 0025141 0369718 0441922 1553036 0369637 0441923
 0205090 0684010 2603358 1551756 0439267
 0033727 0369286 0441932 0564385
 0439267 2603360
 1425019 2984598 0439267
 1441165 3273837 3274824 0005516 0221505 0006104 0221198 1269537
 0006826 0439073 0439082 0998265 1306459 0025141
 0033727 0369286 0441932 0564385
 0011198 0017480 3541240
 0206015 0205474 0005516 0002395 0011265 0439849 0445223 0497327 0229671 1546774 1550100 0007806 0007807 0005889 0302908 0444611 1704353

 0001811 0450348 0025141 0005680 0027567 0085756 0439541 0369637 0441923
 0369718 0441922 1553036
 0439394 1706495 3642217 2603362
 1822658 0205090 0684010 2603358
 0205090 0684010 2603358 3476816 2347469 1708595 3280986 2603362
 0369637 0441923
 0439267 0369637 0441923
 2347469
 2603360 0205090 0684010 2603358

 0024420 0002395 0332281 1521724 0243083 0012634

 0325074
 0025141 1527021 1554111 1705606 3541382 0333052 0332185 0441061 0179636 1824528 0239110 1706852 0239110 0687676 1704687 0239110 1705565 1947976 0687676 1704687 0557854 0013849 1705961 1706852 0282420 1706852 1138432 0239110 0162443 0205314 0033213 1706387 1706852 0439394 1706495 3642217
 1706852
 1706852 0439394 1706495 3642217
 1706852
 0039224 1706073 1706074 0013621 0013622 0013658 0039401