 1711351 1710236 1517892 1704666 0597295 0005572 0220781 0030561 0331677 0591239 1824032 0016674 0016674 1704729 0887950 0016674 1514756
 1527075
 1272684 1548435 0520510 0025663 0025664 0449851 1514811 1706462 0030567 1521736 2681933 0012634 1836348 0027765 0012634 2750821 0011164 0205329 0282151 1704259 1705987 1880022 1880269 0392148
 2717881 1880355 1273518 0233820
 0596611 0026882 2700640 0077678 0023689 1314939 1519751 0597297 0597304 1623036 0243125 0699900 0030705 0150312 0752100 1838631 0242422
 1517945 0031843 0542341 0700205 1705273 0015127 1524003 0242422
 1418270 2983549 0033414 0243125 0699900 0449432 1705248
 0150312 1519751 0205419 1418270 2983549 0332268 1880389 1883221 3541951 0450254 0596988 1518422 1552961 2347617
 0185117 0007634 3282337 0220781 0439634 1167059 1522492 1274040 1546471 2825142 1512693 1418270 2983549 0333312
 0682523 0427861 1512035 0815000 0007600 0007634 0205132 1269647 1550648 1552960 1704653 1948049 1418270 2983549 0033414 0220781 0439634 1522492
 1514559 0007634 3282337 0015127 1524003 0007587 0524828 0007634 0011065 1269647 1306577 1704653 1948049
 0002778 0936012 1524024 0025462 1280997 0443289 0597879 1167624 1947902 2827499
 1705535 0032214 0600138 0035820 1705810 0175566 1882151 0027746
 0520510 0025663 0025664 0449851 1514811 1706462 0030567 1521736 2681933 0012634 0524851 0012634 0234379 0035253 0040822 1512899 1880022 1963252 0026837 0700109 0233565
 0436345 0235031 0683368 1457887 0205329 0015127 1524003 0027746 0011164 1880269 0175412 0222661 0038590 1269578 0032405 1414437 3283876
 0085200 0242821 1995017 0085200 0242821 1995017 3546443 0205708 0010834 0521390 0521449 1512693
 0233820 2717881 0017337 1880355 1999230 0348078 0376315 0521114 0522498 1514917 0740116 2827735 2981700
 0599155 0596611 0026882 1547699 2700640 0038164 0815043 1527118 0033684 0015576 1552738 1704727 0443147 0596142 1527180
 0285890 1420276 0165073 0439095 2003941 2350010 0449432 1705248 1705535 0033684 0032214 0600138 0035820 1705810
 0162735 0026882 1552961 1705285 2347617 0017337 0150312 1547699 2700640 0014442 0449432 1705248 0680022 0015576 1704727 0443147 0596142 1527180
 0205172 0332185 1442161 1511760 1880274 0162735 0026882 1552961 1705285 2347617 1424222 3541418 0012836 2700640 0033684 0039869 1883351 0149784 0242606 0038435 0311404 0871261 1314939 1704632 1706817 2911692 1547282 1883351 1838631 0752100 0441748 1833334 0242422 0332162 0596142 1279919 1517892 1704666 0015576 1704727
 1418270 2983548 0017337 1547282 1883351 1273518 1551338 1868675 0752100 0441748 0752105 0242422 0596142 1704788 3146221 3539106
 0030705 0752100 1838631 0242422 0032659 1257890 0206243 0699809 0205549 2348044 0162735 0026882 1552961 2347617
 0026882 0206132 0332281 0001779 0332162 0332464 1514721 2348147 3542016 1883073 2827424 0332257 0868928 1533148
 0332268 0030705 1705535 1418270 2983549 0032214 0600138 0035820 1705810
 1512571 0392148 0597879 1418270 1521721 2983549 0085200 0242821 1995017 0030705 0205422 0015576 0241888
 1418270 2983549 1874187 0033684 1334043 0041538 1880389 1883221 3541951 1514562 0205214 1522138 3245511 1537044 1180347
 1418270 2983549 1150651 0205177 0439167 0441655 1561536 0077678 0562342 1171285 1883351 0084913 0010834 0014442 0014445 0041538 0521449 3539520 0301869 1421286 1421277 1421288 0014239 0014442 0014445 0035295 1320928 1515981 1549439 2347958 3539520 1425009 1421280 1421281 0033414 1519751 0597297 0597304 1623036 0243125 0699900
 1517945 0039869 1883351 0439833 1274040 1518422 1546471 2825142 1710236 0027746 0332152 1522538
 0815043 0673396 0033684 0039065 0333262 1622418 0332281 0033684 3273594 3273595 1539748
 0033684 1420277
 0021699 1167322 2752508 0205090 0684010 2603358
 0165073
 0111429 1259807 1332697 0033382 0072108 0079183 1150565 1516044 2987124 3546359
 0035820 1883351 0443211 1272684 0332148 0750492 1515926 0079613 2945640 0007620 1512035 0007634 0038952 0220921 1269647 1704653 1948049
 0884358 0599647 0020205 0036025 0043392 0043393 0205448 0220908 0717551 1305399 1705053 0370215 1875400 1710236 0449432 1705248 0597295 0005572 0033684 0220781 1314939
 0520510 0025663 0025664 0449851 1514811 1706462 1711351 1710236 1710236 0884358 0599647 0020205 0036025 0043392 0043393 0205448 0220908 0717551 1305399 1705053 1524063 0004793 0162326 0162327 1519249 0002520 0450344 1553633
 0006556 0009013 0204727 0205409 0220862 1522642 1708698 1547699 2700640 0002520 0449432 1705248
 1704675 0205369 1552740 0231175 1883351 0242853 0033684 0034678 0445356 1704623 0085151 3538722 0033665 1511625 0162808 1333198 1456454 1514562 0002716 0010834 0011560 0033684 0521449 0611285 1709634 1880389 1883221 3541951 1511726 3245479 1518422 1547282
 1883351 0521093 0750484 1456348 1274040 1546471 2825142 0206243 0699809 0681814
 1514559 0205171 0439044 0679994 0003316 0205419 1418270 1522485 1708632 2983549 0450344 1553633
 0301871 1524063 1624602 0450345
 0449911 0333052 2607870 1413114 0557702 1272706 1704674 0557702 1272706 1704674
 1418270 2983549
 1514861 1882932 1547282 1880389 1883221 3541951 0041538
 1449705 0021069 0007634 3282337
 0301871 1624602 1510844 0005863 0949466 0936012 1705493 1524063 1624602
 0002778 0936012 1524024 1825516 1825747 3273594 3273595 1539748 0007634 3282337 0599566 0086022 0185117 0442335 1547699 2700640 0033684
 0041538
 1998793 0033684 1881488 0005863 0949466 0936012 1705493 1524063 0120285 1418270 2983549 0003241
 0073187 0002778 0936012 1524024 0007634 3282337 0086022 0442335 1547699 2700640
 2825142 1274040 1546471 1547282
 2945706 0205370 0205369 0243122 1145667 1167622 1518422 1552740 0035191
 1883708 1418270 2983549 1314939 1519751 0682523 0427861 1512035 0815000 0007600 0007634 0205132 1269647 1550648 1552960 1704653 1948049 1418270 2983549 0038108
 1825516 1825747 1413560 3273594 3273595 1539748 1883676 0243148 0439178 1446409 1514241 1550141 1882979 2587213 2825490 3274648 1258415 0120285 0033684 0303920 0332583 1639518 1947986 0205160 0243148 1513916 1550141 1882979 2587213 2825415 2825491 3274648 1514559 0205171 0439044 0679994 0019602 0041538 1412323 1522485 1708632 0007634 3282337
 0033684 0008551 0008550 1510827 1998793 0392747 1554963 3273594 3273595 1539748 0005863 1524063 1624602
 1441672 0033684 1979900 0948775 3273594 3273595 1539748 1514559 1418270 2983549 0007634 0038108 0302891 1518422 3282337 0332290
 1979874 0007634 0038108 3282337
 0205117 0332282 1883708 0220825 1442161 1511760 1880274 1150651 0077678 0023689 0205177 0439167 0441655 1314939 1418270 1537525 1561536 2983549 0001721 1519751 0007634 3282337
 0041538 0007634 0038108 0302891 3282337 0205171 0439044 0679994 1883357 0597298 0332268 0449719 1880389 1883221 3541951 1514562 0450344 1553633
 0332290 0007634 0038108 1301820 3282337 1418270 2983549 0033414 1519751 0349966 1337208 1416886 1442449
 1979874 1514559
 0681814 1706386 0220825 0085732
 0596988 0001721 1880389 1883221 3541951 1273517 0599647 0020205 0036025 0043392 0043393 0205448 0220908 0717551 1305399 1705053 1947931
 1418270 2983549
 1883351 1292732 1519751 0521110 0243125 0699900 0206243 0699809 0681814 0031227 0243127 0443331 0007634 3282337
 0243125 0699900 0007634 3282337 0349966 1337208
 1515568 0011198 0017480 1883254 3541240 1442467 1881707 0007634 3282337 0243125 0699900 1265611 1514873 2348205 0007634 3282337
 0449911 0333052 2607870 0557702 1272706 1704674 0557702 1272706 1704674
 1418270 2983549 0033414 0243125 0699900
 0002778 0936012 1524024 0007634 3282337
 1511726 3245479
 2945706 0237881 1709380 0038215 0750502
 1417248 1419691 0038108
 1418270 2983549 0439178 1167059 1446409 1514241 2825490 1512693 0007634 3282337 1517331 0936012 1704675 0520511 1704711 1660153 0475264 1744691 0349966 1337208
 1418270 2983549 1514559 0597879 0870432 1881065 0520511 1704711 1184743 1522240 0522510
 0332183 0597879 0007610 0150312 0449450 0349966 1337208
 0449774 0205227 1418270 1441672 2983549 1511726 3245479 1518422 1547282
 0185027 1948020 0205227 0017446 0205147 0230625 0007610 0007634 0332183 0439092 0547044 3282337
 1998882 0010837 0332281 0010834 0521449 0993609 2699782
 1514559 0205171 0439044 0679994 0220781 0439634 0549177 1522492 1708698 0007634 3282337 0012634 0348080 1705253 0007634 1515981 3282337 1622946 0205177 0439167 0441655 1561536 0311403 0656383 1511726 3245479 1518422 1547282
 1514559 1418270 2983549 0333312 0439178 0549177 1446409 1514241 2825490 1512693 0450365 1706097
 0332620 1441672 0450365 1706097 1518422 1514559 1511726 3245479 1518422 1547282
 0449911 0333052 2607870 0557702 1272706 1704674 0557702 1272706 1704674
 0392752 1418270 2983549 0007634 3282337
 0002778 0936012 1524024 1514559 0443289 1624602
 2347469 0205418 0205431
 0242349 1524063 1418270 2983549 1624602
 0007634 3282337 0242841
 0205117 0332282 1883708 1880022 1512693 0439849 0445223 0678594 0007634 0205431 3282337 0871261 1704632 1706817 2911692 0392148 0033684 0450355
 0016318 0079603 0443289 1167059 1512693 0242607 0026046 0205099 1300196 1706853 0450373 1553636 0441833 1999270 3537156
 1184743 1522240 0851827 1701901 3244310 0039798 0087111 1522326 1533734 1705169 3538994 0028247 0015127 1524003 0079411 3146294 0205418 0599444 2752549 0007634 0242821 0332624 0460148 1268086 1269647 1704653 1948049 0450373 1553636 0441833 1999270 3537156
 1979874 0010738 0010739 0205198 1706082 0025979 1301751 1280500 2348382 1511726 3245479 1518422 1547282
 1706853 1879748 0015127 1524003 0680829 0205431 0521164 1260969 1705184 0678594 0205418 0684224 0700287 3496591 1167059 0450373 1553636 0441994 1548802 2003888 0441833 1999270 3537156
 1512693 0439178 1446409 1514241 2825490 0392752 1552134 1711351 0208355 1166808 0243041 0243043 1415760 1527149 1415754 0450375
 0449911 0333052 2607870 0557702 1272706 1704674 0557702 1272706 1704674
 0205708 1512693 1514559 0439849 0445223
 1704254 1704922 3542466 0441833 1999270 3537156 0475264 1744691 0041348 2937342
 1518681 1280500 2348382 0233426 0700364 0205418
 0441833 1999270 3537156 0332620 1512693
 2347469 0205173 1705764 1705765 0016318 0079603 0041538 0439855 1704241 0243041 0243043 1415760 1527149 1521761 2827422 1415754
 1418270 2983549 0033414 0220781 0439634 1522492 0040539 0205263 0600688 1512035 0007600 0007634 0205132 1269647 1550648 1552960 1704653 1948049 2700217 0439849 1705630 1706279 3540605 0332128 0520511 1704711 0007634 3282337
 0007634 3282337 0010834 1704711 1184743 1522240 1511726 3245479 1518422 1547282
 0205708 0010834 0521449 1512693 0007634 1441672 3282337 1553637 2347469
 0439165 1549488 1561533 0870432 1512693 0205250 1299351 2700149 0007634 0038108 3282337
 0332621 0439168 0392148 0656383 2349975 1512693 1441672 0038108 0007634 3282337
 1274040 1546471 2825142 0162768 1258415 0033684 0332466 1293131 1301820
 1979874 1518422 0348078 0376315 1522492 0205418 0007634 3282337 1511726 3245479 1518422 1547282
 0449911 0333052 2607870 0557702 1272706 1704674 0557702 1272706 1704674
 1418270 2983549 0033414 0332621 0439168 0007587 0007634 0011065 0205263 1269647 1306577 1704653 1948049 0007634 3282337
 1704254 1704922 3542466 0205708 1512693 1514559 0205173 1705764 1705765 0041538 1708632
 1709793 0007634 3282337 0870432 1512693 0039798 0087111 1522326 1533734 1705169 3538994 1443643 2266856 3537238 0208355 0656383 1325620 1518422 1752727 1999216


 1709793 0007634 3282337 1514559 1258415 0162768 0033684 0332466 1293131
 2945706 0369773 2603361
 2825142 1274040 1546471 0369718 0441922 1553036 1547282
 1883351 0038108 0302891 1514559 0007634 3282337 1883708 0007620 0443348 0750572
 0441889 2348205 0007634 3282337
 0007587 0007634 0011065 1269647 1306577 1704653 1948049 0205217 0442805 0332462 1880834
 1514559 0007634 3282337 0040539 0205263 0600688 0007587 2346661 0007634 0011065 0332152 0332462 0392756 0547047 1269647 1306577 1522538 1704653 1880834 1948049
 0150312 0449450 0030705 0205117 0332282 1883708 0332128 0520511 1704711 0025462 1280997 1524063 0443640 0003241 0349966 1337208
 1881488 0007634 3282337 1514559 0003241 0442726 1511790
 0007776 1176472 2700441 0175723 0205379
 3152252 0577559 1306372 0205250 1299351 2700149 0007634 3282337 0349966 1337208
 0175723 0332148 0750492 0392747 0597298 0687676 1704687 1706528 1514468 1515981 0035696
 0175723 0456148 0549184 0442726 1511790 1624602 0332152 0549177 0740175 1514798 1979886 2257086 0020960 0229671 0332152 0439662 0740175 1546774 1550100 2257086 0349966 1337208 0332152 0740175 2257086 0020960 0229671 1546774 1550100
 0002778 0936012 1524024 0025462 0243148 1550141 1882979 2587213 3274648 0681850 1550501 1706203 2349001 2697811 0030705 0004398 0580205 0848632 0687676 1704687 0443289 1167624 1947902 2827499 0007634 3282337 0031437 1285572 0027749 0027740 0027757 1280541 1304649 1515981 1571602 2347469
 0597879 0003241 0332152 0740175 1514798 1979886 2257086
 0487602 1704680 1441672 0599444 0085103 1184743 1522240 1512035 0027882 0282151 1515981 1518422 0175412 0222661 0038590 1269578 0032405 1414437 3283876
 1704711 0700364 1883351 0332281 0010837 0993609 2699782 0010834 0017446 0205147
 1705241 1705242 0522510 0243148 1441672 1550141 1882979 2587213 3274648 0681850 1550501 1706203 2349001 2697811 0030705
 0237753 0449788 0441994 1548802 2003888 0332290 0332281 0243083 0012634 1511726 3245479 1518422 1547282
 1883351 0597879 0332281 0030664 0205469 0677042 1515981 0085200 0242821 1995017 0205173 1705764 1705765 0205155 1293097 1522472 1552923 1705191 0041538 0681850 1550501 1706203 2349001 2697811
 0030705 0332128 0332183 3548437 0085200 3546702 0242821 0439858 0443177 1441672 1995017 0444669 0027882 0085200 0205170 0242821 1518422 1995017 2986476 3146287 3546702 0444669 0041538 0085103 0439178 1446409 1514241 1998882 2825490
 0449911 0333052 2607870 0557702 1272706 1704674 0557702 1272706 1704674
 0003264 0037791 1511884
 0949466 0005863 0002778 0936012 1524024 1705493 1514559 0007776 1176472 2700441 0007776 1176472 2700441 0162512 0034169 1281335 0162512 0034169 1281335 1624602 1624602 1624602 0332152 0740175 1514798 2257086 0020960 0229671 1546774 1550100
 0449911 0333052 2607870 0557702 1272706 1704674 0557702 1272706 1704674
 0002778 0936012 1441616 1524024 0001675 1706450 0004398 0580205 0848632 0687676 1704687 0475264 1744691
 0205155 1293097 1522472 1552923 1705191 0936012 0368720 0443640 1624602 0003241 0332152 0740175 1514798 1979886 2257086
 1316572 1317574 1369612 0031911 0205379
 0597879
 1704254 1704922 3542466 3550006 3548437 0085200 0242821 1995017 0085200 0242821 1995017 0085103 0205173 1167624 1705764 1705765 1947902 2827499
 0175412 0222661 0038590 1269578 0032405 1414437 3283876 0175412 0032405 1414437 3283876
 2986823 0175413 0032405 1414437

 1553033

 0520510 0025663 0025664 0449851 1514811 1706462 1547282 1711351 1710236
 0599647 0020205 0036025 0043392 0043393 0205409 0205448 0220908 0717551 1305399 1548221 1705053 1524063 0332196 2828389 0041538 0021334 0205393 0521164 1260969 1705184 1880389 1883221 3541951
 1707391 1883351 0218063 1518422 0370215 1875400 0449432 1514562
 1167622 1704675 1512977 0007634 0024660 0521093 0750484 3282337 0301871 0332256 2700400 0030956
 0475264 1744691 0007634 0557651 0947630 2603343 3282337 1547282 0185027 1948020 0183683 1521721 0872079 1704675
 0682523 0427861 1512035 0815000 0007600 0007634 0205132 1269647 1550648 1552960 1704653 1948049 1418270 2983549 0033414 1519751 0243125 0699900
 1442161 1511760 1880274 0041538 1880389 1883221 3541951 1514562 0205224 1519751
 1979874 1517586 0012634 0348080 1705253 1418270 2983549
 0037088 0243095 2825141 0680240 0947630 1150685 0077678 1256818 1307637 1442769 1150651 1325411 1537044 0023689 0033684 0041538 0205177 0439167 0441655 0700287 0728938 1550516 1561536 0596988
 1519751 0596988 1418270 1441672 2983549 1184743 1522240 0596988 2945640 0450348
 1441672 1519751 0392148 0015295 0596988 1518422 1880274
 0557651 2603343 2827395 0684224 0700287 3496591 1150651 0205177 0439167 0441655 1561536
 1515653 0005507 0243073 1510438 1150651 0205177 0439167 0441655 1561536 0077678 0205307 0439166 0444706 1418270 2347086 2983549 3541902 0205419 0596988 1515981 1552961 2347617
 0700364 0026882 0205396 1550043 1551388 0037640 0205108 1518422 2267219 0205177 0439167 0441655 1561536 0441712 0011164 1880269 0027746 1517945 0682323 1710236
 1512571 0037088 0243095 0332185 2825141 1418270 2983549 1167313 0023689 0031843 0041538 0439855 0542341 0700205 1704241 1705273 0332257 1552866 2700399 1333533 1704938 0390803 1332809
 0205132 1705535 0027746 1880177
 1514559 1274040 1546471 2825142 1167059 1512693
 1418270 2983549 0596988 1705535 0205419 0024501 0085732
 1883712 1167059 0333312 1711351 0243043 1415760 1527149 0243041 1415754
 0348078 0376315 1522492 0205418 0205448 0684224 0700287 3496591 1710236 0033684 1420277 0021699 0033684 1167322 2752508 0205090 0684010 2603358 0450348
 0205090 0684010 2603358 0348078 0376315 1522492 0751283 1704241 1136348 0033684 0600596 0243043 1415760 1527149 1415754 0007634 3282337 0033684 0700364 1883351 0185026 0243125 0699900
 0014653 0205415 0560184 0185026 0243125 0699900 1514873 1883351 0024501 0441889
 0553257 0007600 0007634 0205132 1269647 1550648 1552960 1704653 1948049 1512693 0205101 0205228 0205431 0332197 1418270 1689985 2983549
 1979874 0027882 0007634 3282337 1514559 0033414 0220781 0439634 1522492
 0007634 3282337 1519751 0700364 1883351 1514873 0238767 0243125 0699900 1706086 0332621 0439168 1515981
 0237881 0442805 0750502 1546944 1705535 0237753 0449788 1512693 1441672 0332282 1514526 0021467 0021469 1628982 3463820 0332621 0439168 0558058
 0597879 0085200 0242821 1441672 1995017 0030705 0086418 0205418 1705535 1184743 1522240 0027746 0282151 1880177
 0332183 0085200 0333763 3546702 0205099 0242821 1441672 1879652 1995017 0444669 0475264 1744691 3538928 1710236 1420277
 0475264 1744691 1512693 0333562 1705535 1519751 0441471
 0085200 0242821 1995017 0011164 1184743 1314939 1522240 1880269 1882932 0032214 0600138 0035820 1705810
 0332197 1689985 0242422 1705535 1512693 1518422 0007465 0804771 0015127 1524003
 1512571 0085200 0242821 0332197 1521721 1689985 1995017 0438854 1512035 0027882 0162638 0332268 0392148 0085200 0242821 1995017 0243132 1554210 2745955 0027882
 1514559 0007634 3282337 0205263 0007587 0007634 0011065 1269647 1306577 1704653 1948049 1999230 0332120
 1418270 2983549 0033414 1838318 1512693 0007587 0007634 0011065 1269647 1306577 1704653 1948049 1705535 3161035 0332621 0439168 1280500 2348382
 1274040 1546471 2825142 1999230 0065011 1517892 1704666 0027746 1512035 0011164 0027882 0282151 1314939 1880269 1517945 0441712 1706376 0449432 1705248 0205224
 0014442 0014445 0015576 1704727 0007382 0014895 0035711 1537998
 0024660 0439092 0547044 0014442 0014445 3152252 0205250 0205448 0577559 1299351 1306372 1521991 1704241 1706853 2700149 0439509
 0439855 1704241 1817222 1150651 0441655 0033684 1419881
 1711351 0032214 0600138 0035820 1705810
 0031843 0542341 0700205 1705273 0686907 0011155 0162429 1623416 0025914 0025929 0026809 0002529 0035714 0023689 0035711 0205197 0332152 0439855 0725685 1265875 1522538 1537998 1704241 1444783 0033684 1836107 3151529
 0332120 1705535 0449432 0205300 0542341 1314939 1704259 1705987
 3539879 1441414 1553874 1578820 1883351 1564881 0182953 0205160 1513916 1704734 1704735 2825415 2825491 0033640 0031727 0033684 0032214 0600138 0035820 1705810
 0392148 0234402 3539879 1327616 1534709 1881714 1149384 0441655
 1419881 0242210 1148901 0033684 0243122 1145667 1167622 0542341 1709634
 0173372 1419881 1710236 0205242 0333853 1419881 1167421 0391871 0439855 1283071 1704241 0012634 0348080 1705253 0015350 0521119 1327616 1704640 1706515 1515877 1879547 0037083 0086982
 0597879 0173372 1419881 0332185 0001280 0206116 0007634 0442726 0521398 1511790 1879547 3282337 0221198 1546698 0019564 0949582 1029104 1284077 1705535 0032214 0600138 0035820 1705810
 0302523 0700325 3244290 1705535 1517945 0242422 1274040 1518422 1546471 2825142 0449864
 0449864 2584321 0027882 0205172 1637379 0007634 0449475 0332307 1547052 0522510
 1880177 1280500 1710236 0205263 0027746 0011164 1880269
 0392747 1706853 1879748 0332766 0449432 1185625 1382196 0337076 0597295 1947931 0221099 3245505
 0010813 0596311 1330957 0030685 0391871 0439180 0680255 1283071 1963578 0012634 0348080 1705253 0439855 1704241 0309049 0332621 0439168
 0332621 0439168 0392756 0547047 0033414 2267219 1622946 0441655 0175412 0038590 1269578 0222661 0030705 0032405 1414437 1441672 3283876 0205422 0450382
 0868928 1706255 1706256 0348078 0376315 1522492 0010823 1512693 0332290 0007600 0007635 3282338 0443301 1711351 0041538 1418270 2983549 0243041 0205418 1524026 0025519 0025520 1516373 0038435
 1707478 0332120 1418270 2983549 0449432 1705248 1705535 0007587 1512035 0007634 0011065 0282151 1269647 1306577 1704653 1880177 1948049
 0947630 1514873 1883351 0441712 1515981 0032214 0600138 0815043 1527118 0031843 0542341 0700205 1705273 0543483 0699748 1515981
 0520510 0520510 0025663 0025664 0449851 1514811 1706462 0599647 0020205 0036025 0043392 0043393 0205448 0220908 0220909 0717551 1698960 1710031 1710477 0032136 3146294 0004793 0006556 0162326 0162327 1519249 0033684 1709915 1882936
 1421257 1510411 1883708 0751608 0023621 0872147 1292748
 0220908 1305399 1705053 1699992 0023401 0009458 0439536 1705217 3244283
 0037791 1511884 0521093 0750484 1510411 0036025 0043392 0043393 0717551 0031249 0086022 0243148 0442335 1515981 1550141 1882979 2587213 3274648
 0032136 0007585 0007634 0010453 0220814 0430400 1269647 1704653 1948049 2242979 0040669 0006556 2945843 0205145
 0006556 0441587 2945843 0205145 1515981 2945843 0205145
 0205266 0872403 1947912 0521093 0750484 1553778 1561491
 0869011 0041538 0439267 1999230

 0007634 3282337 0015965 0229671 0230445 0521457 1305418 1546774 1550100 0004178 0678214
 0040669 0254812 0884358 0302828 1442085 3263700
 0009013 0007634 0038108 1301820 3282337 1515981 2825550 0456603 1547037
 0007634 3282337 0005971 1139930 3537155 0178587 0205251 0439787 0849355 1299352 1550472 1322960 0020498 0063201 0439526
 0185117 0009013 0005863 0949466 1705493 1711411 1524063 2827734 2981698 1624602 2827734 2981698
 1449705 0021069 0439227 0007634 3282337 0006353 0024348 0020283 0450400 0450407 0450408 0450409 0037494 1959973 0017861 0444499 0037508 1366571 1705592 0033607 0331965
 1881488 0450376 0179834
 1550101 0060916 1442450 0450376 0060916 0443737 0700271 0003250 1638411 1292425 0450376
 0033684 1548982 0040223 1632851 1720092 1720830 1823521 1948045 0005863 0949466 0936012 1705493 0003250 1624602 2827734 2981698 0003250 1624602 2827734 2981698
 0005507 0243073 1510438 0007634 3282337 0332293 0470296 0656383 1522326 1292429 0006353 0024348 1536403 0020283 0450407 0450408 0450409
 0205452 0033684 0035191 0302828 1442085 3263700 1883708 0991566 0020923 0020924 1882074 0020283 0450407 0450408 0450409 1442447 0017861 0025402
 0033684 1510844 0005863 0949466 0936012 1705493 1825516 1825747 3273594 3273595 1539748 1418270 2983549 0120285 0331965 0439526
 0033684 0234621 1524063
 0002778 0936012 1524024 0884358
 0007634 3282337 2927891 0010654 0015965 0025646 0229671 0230445 0332296 0521457 1305418 1546774 1550100 1880497 1996904 2348531 1442450 0439526 1947910 0010654 1701810 1882955 0439582 0040223 1444656 3541383 0015965 0229671 0230445 0521457 1305418 1546774 1550100
 1881488 0006353 1301820 1624602
 0301871 1514893 2699488 0234621 0002778 0037585 0936012 1524024 1823700 1709793
 1709793 1441322 0007634 3282337 0009325 1167364 1522408 0005971 1555715 1704332
 1883351 0007584 0237753 0449788 0332256 2700400 0205418 1442464 0007634 3282337 0332293 1522326 0439583 0240526 0656383 1518422 1883708 0242349 1522240
 0012634 0348080 1705253 0439178 0007634 3282337 0332291 0085862 0205450 1299583 0205170 0750480 1705566 3146287
 0005507 0243073 1510438 2347578 0007634 3282337 2347578 0007634 3282337
 0439227 0007634 3282337 1172361 0059713 0015008 1708632 1172361 0812225 1150635 1705212 1705213 3273202 0026381 0182400 0439178 0007634 1446409 1514241 1883708 2825490 3282337 0750480 1705566 0009219 0805701
 0007587 0007634 0011065 1269647 1306577 1704653 1948049 0444686 0456603 1441506 1443182 1547037 0439178 0007634 3282337 0439178 0007634 3282337
 0439227 0007634 3282337 0332293 1522326 0028247 1518422 0439526 0439583 0240526 0010738 0010739 0439583 0240526 0070066 0231441 0443218 2827483 0242349 0025664 0184661 0936012 1442989 2700391 2828392
 0003241 2827734 2981698 0041348 2937342 0009013 1522642 1719918 2827734 2981698 0042666 1325833 1421451 0507131 2827734 2981698 2827734 2981698 0208355 1166808 1325620 1752727 2827734 2981698 0041538 2827734 2981698 2827734 2981698 1418270 2983549 2827734 2981698
 0003241 2827734 2981698 0051979 0034493 2827734 2981698
 0312586 1624602 0034493 0442818 0014834 1881065 1998793 1552738
 0443640 0003241 1510827 1998793 0036682 0010511 0036681 0450375 1879547
 0003264 0037791 1511884 0949466 0005863 0440746 0459385 0440744 0521097 0002778 0006104 0040300 0086418 0936012 1269537 1516048 1524024 1547928 1705493
 0332454 3146294 0040300 1547928 1882074 0020283 0450407 0450408 0450409 0037494 1959973 0024472 0017861 0146951 0034320 3252566 0037508 1366571 1705592 0013618 0033607 0331965 0179834 0450376
 1550101 0020985 1524063 1624602 2827734 2981698 0020960 0229671 1546774 1550100 2827734 2981698
 0440744 0440746 0459385 0006104 0040300 1269537 1547928 1707391 1521827 1552738
 0021044 0206243 0699809 1624602 2827734 2981698 0006104 1269537 0205155 1293097 1522472 1552923 1705191 1552738
 0597879 0443289 1524063 0027021 0031179 0439855 1318719 1704241 0086022 0442335 1705099 1710236
 0000854 0003241 0332462 1439852 1514798 1880834 1979886 0042153 0457083 1947944
 0003320 1514918 0025663 0449851 0871511 1167624 1947902 2827499 0884358 2827734 2981698 0003250 1624602 0009013 1522642 2827734 2981698 1552738
 0003241 1282910 1552828
 0871424 1708064 0022885 0039593 0392366 1273517 1883351 1705241 1705242 0237881 0750502 1546944
 1511726 3245479
 0237881 1709380 0038215 0750502 1704788 3539106
 2986676
 1999230 1825516 1825747 3273594 3273595 1539748 0439267
 0150600 1515981 1548784 1961136 0681814 0007600 0007635 3282338
 0043227 1521721 1021144 0016674
 2825232 0282413 0376649 1442065
 0254343 0796520 3272379
 0085205 1549619 1880669
 0013849 1705961 2348513 3538902 0221193 1423524 3273411 3273412 1883351 0205309 0871010 0221193 0022417 0205435 0221193 0392905 1269611 1279901 1706309
 1514811 1706462 0520510 0025663 0025664 0449851 1514811 1706462 0439394 1706495 3642217
 1540677 0876934 1555824


 1417055
 0450382 0025141
 0019247 0017398 0017399 1273305 0205474 0947630


 0325074

 0033727 0369286 0441932 0564385 1553033 0328104 1415875 2826366 0014878 0522667 0730321 2347469 0040452 0242726 1318154 1705917 0033727 0369286 0441932 0564385
 0596611 0026882 1705285 0015576 0205396 1550043 1551388 1704727 0030567 1521736 2681933 0012634
 0036397 0205090 0684010 2603358 2603360 0033727 0369286 0441932 0564385 0439394 1706495 3642217 0439114
 0596611 0026882 1705285 0030567 1521736 2681933 0012634

 0325074 0025141 0439267 0369637 0441923 2349138 0369637 0441923 0205090 0684010 2603358 0369637 0441923
 0285890 1420276 0165073 0439095 2003941 2350010
 0349590 1262865
 2349138 0369637 0441923
 0332621 0439168 1158819 2362546 0033684 1325683 0752347 2697416 0085200 0011265 0242821 0460148 0497327 1268086
 0230467 0741204
 0450382 0205090 0684010 2603358 0439267 2347469 0439267 0439267
 1521736 1511986 1704259 1705987
 0349590 1262865 0025141 0369773 2603361 0439114 0369637 0441923 0016327 0439133 1553038 0369773 2603361
 0596611 0026882 1838631 0752100 0332281 0441748 1833334 0242422 0332162 0596142 1279919
 0036397 2603360 0369718 0441922 1553036 0033727 0369286 0441932 0564385 0369718 0441922 1553036
 0596611 0026882 0015127 1524003 1868675 0752100 0752105 0242422
 0349590 1262865 0025141 0033727 0369286 0441932 0564385
 0017260 0242960 0870545 0017296 0019409 0314603 0679245 0030567 1521736 2681933 0012634

 0325074 0025141 0369718 0441922 1553036 1553033 0439267 0205090 0684010 2603358 2603360
 1883525 2346866 1418270 2983548 0017337 1273518 0015176
 0441833 0557651 0687744 1257890 1552516 1705428 1705429 2603343 1513822 1880171 0030567 1521736 2681933 0012634

 0027960 0324740 0439189 1456781 1824986
 0325074 1553033 0369718 0441922 1553036 2346751 0369637 0441923 2603360 0439267 0043217
 0017260 0239307 1535514 0752104 0015576 1704727
 1513822 1880171 0030567 1521736 2681933 0012634 0441833 0557651 0687744 1257890 1552516 1705428 1705429 2603343
 0777169 0025141 1553033 1540160 2347469 1704732 1553033 0033727 0369286 0441932 0564385 1553033
 1880274 1836537 0332162 0242422 0205229 0031437 1285572

 0025141 0033727 0369286 0441932 0564385 2603360 0033727 0369286 0441932 0564385 2603360 0597277 1708601
 1521733 2699049 0205474 0947630 0008633 1521554 1517892 1704666
 0027855 0000857 0600678 1552863 0597277 1708601 0033727 0369286 0441932 0564385 2603360 2603360 2603362 0033727 0369286 0441932 0564385
 0004398 0868928 1706255 1706256 1442161 1511760 1880274 1418270 2983548 0017337
 2825516
 0025141 2347469 1553033 0369773 2603361 0369773 2603361 0369773 2603361 0369718 0441922 1553036
 0205210 0000768 0000769 0242422 0596611 1418270 2983548 0017337 0026882
 0027855 0439267 0369773 2603361 1517505 2767010 0369718 0441922 1553036 0439394 1706495 3642217 2603360 0033727 0369286 0441932 0564385 0205090 0684010 2603358
 1418270 2983549 0030567 0752347 0085200 1521736 2681933 0012634 0242821 0392752 1995017 0752347

 2346751 0369637 0441923
 1313794 0033684 0230398 1521759 0127400
 0007634 1269647 1704653 1948049 0025141 0033727 0369286 0441932 0564385 0369718 0441922 1553036 0369718 0441922 1553036 0597277 1708601 2603360
 0033684 1704222 1416989 0017337 1514468 1704444 1418270 2983549 0023689

 0325074 0025141 0683086 0369637 0441923 0205090 0684010 2603358
 1418270 2983549 1260953 0007587 0007634 0011065 1269647 1306577 1704653 1948049


 0201682 0033727 0369286 0441932 0564385 1551910 1551910 0369637 0441923 2603360
 1418270 2983549 0023689 0031843 0542341 0700205 0851827 1701901 1705273 3244310 3539520 0033414 0597297 0597304 1623036 0243125 0699900 3273594 3273595 1539748
 1418943
 0268596 2700624
 3642273
 0041703 0439073 0439082 0683086 0033727 0369286 0441932 0564385 0369718 0441922 1553036 0205090 0684010 2603358
 1305923 3178870 0014239 0023175 0035295 0038435 1442948 1522538 2348269 3275067 1710236
 0007634 1269647 1704653 1948049 0025141 0449205 1538613 0033727 0369286 0441932 0564385 0331968 2699100 1551910 1551910 0369637 0441923 2603360
 1418270 2983549 3541909 1158819 2362546 0033684 1420277 3541909 0030567 1521736 2681933 0012634

 0025141 0033727 0369286 0441932 0564385 0439267 0369718 0441922 1553036 0369773 2603361 0205090 0684010 2603358 0073187
 1519751 1418270 2983549 0006104 1269537
 0036397 0016327 0439133 1553038 1553033 1553033 2347469
 1418270 2983549 0449432 1705248 1167313 0439855 1704241 0027882
 0027882 0025141 0443050 0369637 0441923 0369637 0441923
 0020792 0205396 1880022

 0027960 0324740 0439189 1456781 1824986
 0025141 0443050 0369773 2603361 0369637 0441923
 0237688 0002778 0392762 0936012 1524024 0441712 1706376

 0027960 0324740 0439189 1456781 1824986
 0025141 2349138 0369718 0441922 1553036 2347469
 0002778 0936012 1524024 0443289 1519595 0017359 0017337
 0887950 0025141 0439394 1706495 3642217 0205090 0684010 2603358 0033727 0369286 0441932 0564385 0815304 0369718 0441922 1553036 0369637 0441923
 0656383 3245505 1443643 2266856 3537238 0208355 1325620 1752727 1999216 0015272 0205177 0439167 0441655 1561536
 1418943
 0268596 2700624
 3642273
 0041703 1305702 1547134 2355574 1553033
 1167059 2754420 1656420 0871261 1704632 1706817 2911692

 0007634 1269647 1704653 1948049

 1167059 0007637 0242821 1512693 1995017 0332621 0439168
 0040833 1521798 0007634 1269647 1704653 1948049
 0025141 0016327 0439133 1553038 2346751 0369637 0441923 0439267 0369637 0369773 0441923 2603361
 0678594 0947630 0033684 1419034
 0005477 0025141 0073187 2347469 0369637 0441923 0184165 0016327 0439133 1553038 0439267
 0140512 1419032 1419697 1145667 1167622 0162808

 0007634 1269647 1704653 1948049
 0025141 0033727 0369286 0441932 0564385 0369718 0441922 1553036 2347469 0369773 2603361
 1280500 2348382 1418270 2983549 0028128 0030015 2986642 0003402 1880266 0208355 1325620 1752727


 0201682 0016249 1547707 0239971 2603360
 1150651 0205177 0439167 0441655 1561536 0851827 1701901 3244310 0076994 1179122 0013879

 0332030
 3642273 0025141 0683086 2603360 2603360 0021966 0221138 0597277 1708601 0205090 0684010 2603358
 0600596 0332281 1418270 2983549 0017337 1273518 2349975 1150685 1325411 1150651 0205177 0439167 0441655 1561536
 0027960 0324740 0439189 1456781 1824986
 0007634 1269647 1704653 1948049 0025141 0597277 1708601 0331968 2699100 0033727 0369286 0441932 0564385
 1420277 3541909 0150312 0449450 0030567 1521736 2681933 0012634

 0369637 0441923 0442532
 1880177 2754100 0011065 1306577
 2347379 0025141 0369637 0441923
 0015576 1704727 0684063 1880389 1883221 3541951


 2347379
 0027960 0324740 0439189 1456781 1824986
 0439509 0025141 3539687 0718133
 0023689


 2347379
 0027960 0324740 0439189 1456781 1824986
 0025141 0033727 0369286 0441932 0564385 0562547 3160718 0033727 0369286 0441932 0564385 1416746 1862225 0439267 2603362
 0205224 0205360 2347098
 1418943
 0268596 2700624
 3642273
 0041703 0597277 1708601 1555202 0369718 0441922 1553036 0021966 0221138
 0542341 0205300
 0005477 0450385 0025141 1416746 1862225 0439267 2603360 0562547 3160718 0033727 0369286 0441932 0564385 0562547 3160718 0033727 0369286 0441932 0564385 2603362
 1704675 0532128 1417014 0031727 0162638 1710082


 0201682 0597277 1708601 0369773 2603361
 1514562 1273518


 0201682 0597277 1708601 0369773 2603361
 0079189 1524094 0002529 0035714 0023689 0035711 0086418 0391871 1283071 1537998
 0036397 0439267 0999213 0033727 0369286 0441932 0564385 0441039 1705854 3540815 0439267 0439267 0369773 2603361 0016327 0439133 1553038 0085999
 0173372 1419881 0014257 0026473 1305923 1879547
 1305923 1515877 1879547 0441712


 0201682 0016327 0439133 1553038 0443050 0369637 0441923
 0449432 1705248 0332148 0750492 1709634


 0201682 0562547 3160718 0439267 2603362 0033727 0369286 0441932 0564385 0022418 0033727 0369286 0441932 0564385 2603362 1632313 0597277 1708601
 1709634 0443264 1150651 0205177 0439167 0441655 1561536


 0201682 0205090 0684010 2603358 0369773 2603361 0369637 0441923 0369637 0441923
 0079189 1167421 0024660 0391871 0439855 1283071 1704241 0010813 0596311 1330957 0449432 1705248


 0201682 1416746 1862225 0439267 0562547 3160718 0033727 0369286 0441932 0564385 2603360 0562547 3160718 0439267 2603362 0033727 0369286 0441932 0564385 0033727 0369286 0441932 0564385 0562547 3160718 2603362
 0178555 1419881 1327616 1883351 0547043 1282911 0017337


 0201682 1553033 0016327 0439133 1553038 0369637 0441923 0016327 0439133 1553038 0205090 0684010 2603358
 0185117 0001280 0206116 0007634 3282337 0017446 0205147 0019564 0949582 1029104 1284077 0270611 0006104 0010957 1269537 1883709
 1417055
 0025141 0021966 0221138 0016327 0439133 1553038 2603362 0718133 3539687
 1512977 0007634 3282337


 0007634 1269647 1704653 1948049
 0450385 0025141 0205090 0684010 2603358 0016327 0439133 1553038
 0035820 1705810

 0007634 1269647 1704653 1948049
 0369773 2603361
 0031843 0542341 0700205 1705273 0038590 1269578 0221099 0684336 0030567 1521736 2681933 0012634

 0025141 0597277 1708601 0205090 0684010 2603358 0369773 2603361 0439114
 1517945 0175412 0222661 0038590 1269578 0032405 1414437 3283876 0030567 1521736 2681933 0012634

 0025141 1551910 1551910 0369637 0441923 2603360
 0035820 1705810 0030567 1521736 2681933 0012634 0524851 1522560 0012634
 0040833 1521798 0025141 0369718 0441922 1553036 0030551 2699423 0439394 1706495 3642217 0439267 0205090 0684010 2603358
 0009015 0520511 1704711 1882598 0006104 1269537

 0025141 1553033 0369773 2603361 2347469 0030551 2699423
 0597879 0033147 0086418 1518422 0002778 0936012 1441616 1524024 0242422 0039082 1515981 1558916

 0056167 1456376
 0025141 0369718 0441922 1553036 2347469 0369773 2603361 2347469
 0030567 1521736 2681933 0012634 0205263 0021135 1533691 2827718 0033268 0041368 1168005 1456820

 0439394 1706495 3642217 0369718 0441922 1553036 1553033 0369718 0441922 1553036 1553033 0033727 0369286 0441932 0564385 0369773 2603361
 0665827 1538303 1422760 0038164 0332281 1367374 0033684 1366904 0521390 1512693

 0027960 0324740 0439189 1456781 1824986
 0325074