 0796345 0002778 0023745 0936012 1524024 0332120 0596610 1704675 0370003 2347026
 0597277 1708601

 0369773 2603361
 0086345 0017398 0017399 1521991 0000872 0565990 1552471 0021206 0041740 0205099 0205476 0041703 0020017 0565990 1552471 0008059 0019994 0205099 0205476 0680063 1510665 0220853 0041703 0041740 0027976 1879958 0041703 0006754 0041740 3146274 1555265 0018696 0086388 0449913 1553451 1704459 1826357 0041703 1514756
 1527075
 1272684 1548435 0520510 0441833 0557651 0687744 1257890 1552516 1705428 1705429 2603343
 1514811 1706462 0030567 1521736 2681933 0012634 0524851 0012634
 0557651 2603343 0027361 0237401 1709450 1883351 0919453 1416989 0017337
 0220908 0220909 1698960 1710031 1710477 0370003 0884358 1515021 2347026 1835401 0206132 0001779 0023956 0449820 2247199 1418270 2983548 0017337
 0681850 1550501 1706203 2349001 2697811 0220825 1524063 0027853 1261322 1516048
 3161035 0796345 0017428 0023745 0332464 0750591 1518422 2338314 0002778 0936012 1524024
 0021966 0221138 0332257 3538986 0205171 1720467 0027361 0237401 1709450 0023956 0449820 0806909 1552615 2247199 2826546 1274040 1546471 2825142 0008662 0008633
 0332257 3538986 0027361 0237401 1709450 0023956 0449820 2247199 0043292 0008633
 0370003 2347026 1883708 0557351 1883351 0017337 0022885 0039593 0392366 0017337 0743553 1704675
 0220908 1305399 1705053 1524063 0344339 0015576 1704727 0596611 0026882 1705285 0442726 1511790 0332120 0008652 0008633 2247199
 0574092 0850707 0241889 0344339 1705495 0015576 1704727 0017428 0220908 0557351 1305399 1705053 2338314 0332120 0023745 0008662 0008633 2247199 2247199 0008656 0008633
 0220908 1305399 1705053 0015576 0884358 1704727 0241889 1705495 0015576 0019664 0019665 0262512 0262926 1704727 1705255 2004062 0030567 1521736 2681933 0012634 0442726 1511790 0023745 2247199 2247199
 2607943 2926606 3539655 0332120 0008662 0008633 0183683 1521721 1512571 0017337 0596610 1704675
 0520510 0441833 0557651 0687744 1257890 1552516 1705428 1705429 2603343
 1514811 1706462 0030567 1521736 2681933 0012634 0030567 1521736 2681933 0012634 1426941 0524851 0012634 0392760 1314939 0205172 0439234 0439508 0450382 0580836 0027361 0237401 1510829 0001779 0205172 0439234
 0233565 1880022 0234379 0035253 0040822 1512899 1963252 0026837 0700109 1843921 1444783 0521982 0871261 1704632 1706817 2911692 0023570 0740116 2827735 2981700
 1521970 1706388 2346469 2348519 3550005 0598940 1517945 0038590 1269578
 1521970 1706388 2346469 2348519 0392148 0085200 0242821 1995017 0027882 0439086 2827736 2981702
 0947630 0150312 0017296 0314603 1521761 2827422 0030567 1521736 2681933 0277553 0012634 0332240 0543483 0699748 1314939
 1274040 1546471 2825142 1705535 1281905 0035647 0205448 0040223 1632851 0205250 1299351 2700149 0035647 1707455 0680022 0015576 1704727
 0596611 0026882 0035820 1705810 0015576 0150312 1704727 0443147 1527180 0030567 1521736 2681933 0012634
 0026882 1868595 2983377 0015576 0205396 1550043 1551388 1704727 3489791 0679245 0030567 1521736 2681933 0012634
 0947630 1521991 0150312 0026882 0237753 0449788 1705535 0017337 1518422 0850664 0035648 0050325 0679238 0960756 1281905 0035647 1521761 2827422
 0596611 0026882 1418270 1868675 0150312 1883351 0015127 1524003 0441748 0596142 0752105 0277561 0030567 1521736 2681933 0012634
 0684224 0700287 0017287 1511695 0332257 1880274 0332597 0030705 0205396 1550043 1551388 0030567 1521736 2681933 0012634
 1334064 0017337 0164005 1421309 3539585 3541328 0164005 0441918 1179698 1416177 3150899 3541328 3489791 0030567 0443147 1521736 2681933 0012634 0596142 1527180
 0026882 0015576 0037179 0087136 0205171 0684224 0700287 1556085 1704727 3496591
 0002778 0936012 1524024 0370003 2347026 0231175 1883351 0026882 0027361 0237401
 1424222 3541418 0012836 1424222 1853445 3538910 0150312 0332185 0032214 0600138 0035820 1705810 0037640 3178846 0376249 0439603 0871396 1561548 1705502 0370003 2347026 1518422 0205309
 0679560 0796344 0002778 0936012 1524024 0023745 1953345 0008633 0017446 0205147 0017337 1518422 0205396 1550043 1551388 1418271 1865581 1854182 2983377 1853833 1846862 2697861
 0199236 0947630 0017337 1953345 0008633 0017446 0205147

 0684224 0700287 3496591 0019904 0021920 0017337 0205309 1417836 0205214 1522138 3245511 0030567 1521736 2681933 0012634 0205422 2986479 1707455 0243148 1550141 1882979 2587213 3274648
 0681367 0947630 1705535 0019425 1281905 0035647 0205217 0442805 0277564
 0596611 0026882 0030567 1521736 2681933 0277558 0012634 0015576 0241888 0684224 0700287 1515021 3496591
 0332185 0597277 1708601 0150312 1883351 0392756 0547047 1281905 0035647 0439509
 0026882 1705285 0332185 0030705 0205396 0205448 1550043 1551388 1556085 0030567 1521736 2681933 0012634 0017337 1420277 3541909
 0947630 1524063 1862973 0015576 1704727 0205396 1550043 1551388 1708726 1425114 1847360 1520951
 1883351 0919453 1416989 0017337 0370003 2347026
 0220908 1305399 1705053 0015576 0884358 1704727 0030567 1521736 2681933 0012634 0037047 1611273 0332529 1709450 0023745 0008662 0008633
 0002778 0936012 1524024 1883708 0884358 1524063 0205171 1720467 0030761
 3161035 0443147 0242538 0728826 1515021 3146294 0023956 0449820 2247199
 1948052 0205173 0370003 2347026 0679560 0796344 0002778 0936012 1524024 0030567 1521736 2681933 0012634 0037047 1611273 1709450 0332529
 0026882 1457869 1861101 0205396 1550043 1551388 0015576 1704727 0370003 2347026 0332148 0750492 0026882
 0015576 1704727 0023956 0449820 2247199 1418270 2983548 0017337 1835401 0206132 0001779 0439234 0596611 0026882 0015576 0205396 0241888 0370003 1550043 1551388 2347026
 0027361 0237401 2825407 0015576 1704727 0019425
 0947630 0684224 0700287 3496591 0027361 0237401 0019425
 0002085
 0017337 0743553 1704675 0441712 1706376 0012634
 0392366 1512571 1948052 0205173 0456389 0359589 1999230 0332120 0008662 0008633
 0520510 0441833 0557651 0687744 1257890 1552516 1705428 1705429 2603343
 1514811 1706462 0370003 2347026 0037047 1611273 1709450 0332529 0015576 1704727 0002778 0557351 0936012 1524024
 0021966 0221138 0332257 3538986 0205171 1720467 0027361 0237401 1709450 0015576 1704727 0243161 0030567 1521736 2681933 0012634 0679560 0796344 0017296 0314603 0332257 3538986 0002778 0936012 1524024
 0332257 3538986 0027361 0237401 0392760 1314939 0683327 0008902 0008903 0678229 1709450
 0680220 0037047 0037179 0087136 0205171 0392760 1314939 1709450 0332529
 0021966 0221138 0015576 1704727 0015576 1704727
 0086282 0441621 0870078
 0679227 1550452 1704788 3539107 0557351 3161035 0015576 1704727 0015576 1704727 0015576 1704727
 0086282 0441621 0870078
 0206132 0277793 0001779 0332162 1279919 0021966 0221138 0557351 3161035 0002778 0444504 2347634 2348143 0027361 0237401 1548966 0444504 2347634 2348143 0369773 2603361
 0032661 1568011 1521970 0039224 1552738 1706073 1706074
 0449911 0039224 1706073 1706074 0557702 1272706 1704674 0557702 1272706 1704674 0039224 1706073 1706074
 0370003 0557651 2347026 2603343 1552738 0015576 1704727 0023956 0449820 2247199 2247199 1519302 0005516 0021920 1418270 2983548 0017337 1524063 0443147 1527180 0683033 0684309 3161035 0026882 1418270 2983549 0220908 1305399 1705053
 1883712 1418270 2983548 0017337 0015576 0332128 1704727 0205447 0680022 2698041 0001779 0332162 0439234 0439092 0547044
 0020792 0026882 0205396 1418270 2983549 1274040 1546471 0015576 1704727 0220908 1305399 1705053
 0015576 1704727 0026882 0750519 0015576 1704727 0026882 1705285 0002085 0205171 0205396 0205447 0205448 1418270 1550043 1551388 1720467 2983549
 0015576 1704727 0026882 0370003 0443225 0849355 2347026 0023956 0449820 0806909 1552615 2247199 2826546
 1274040 1546471 2825142 1705535 0015576 1704727 0205396 0370003 1550043 1551388 2347026
 0220908 1305399 1705053 0039224 1706073 1706074 1547282 0796345 0002778 0936012 1524024 0021966 0221138 0884358 3161035 1524063 0205171 1720467 1709450 0556656 0243161 0450344 1553633 0205170 3146287 3161035 0370003 2347026 0557351 0450345
 1274040 1546471 2825142 1547282 0015576 1515981 1704727 0026882 1705285
 0449911 0039224 1706073 1706074 0557702 1272706 1704674 0557702 1272706 1704674 0039224 1706073 1706074
 0017446 0205147 0015576 1704727 1709450 0449911 0333052 2607870 0557702 1272706 1704674 0557702 1272706 1704674
 1274040 1546471 2825142 0008633 1524063 0205171 1720467 0015576 1704727
 0021966 0221138 0205168 0332463 0333164 0679227 1550452 1704788 3539107
 0332464 0679227 1550452 1704788 3539107
 2348205 0008662 0008633 1999230 0332120
 0023745 0443228 1704243 1524063 0683326 0683327 0008902 0008903 0678229 0021966 0221138 2247199 1709380 1522609
 1883712 1512693 0026882 0023956 0449820 2247199 0205250 1274040 1299351 1546471 2700149 2825142
 3161035 0008631 1711300 2700613 0023956 0333118 0449820 0806909 1552615 2247199 2826546 1272706 1552654 1552713
 0015576 1704727 1999230 0449719
 1303103 0002778 0936012 1524024 0015576 1704727 1524063 0017270 0439603 0205171 1527178 1705938 1720467 0370003 2347026 1518424 0023956 0441994 0449820 1548802 2003888 2247199 1274040 1546471 2825142 0021966 0221138 2247199 3161035 1512693 0015576 1704727 2247199 0015576 1704727 0849355
 0018591 0015576 0205396 1550043 1551388 1704727 1517892 1704666
 0332120 0043292 0008633 0443228 1704243 0679227 1550452 1704788 3539107 0557351 2247199 1709380 1522609
 0005516 0043292 0008633 0023956 0333118 0449820 0806909 1552615 2247199 2826546 2247199
 1274040 1546471 2825142 1518422 0392747 0002778 0936012 1524024 0015576 0019576 0086409 0884358 1704727 0150098 0849355 1706233
 0002778 0936012 1524024 0026882 0030567 1521736 2681933 0012634 1274040 1546471 2825142 0026882 1705285 1518422 0205410
 0220908 1305399 1705053 0884358 1524063 0205171 1720467 0015576 1704727 1883351 0442726 1704675 0012655 0030567 1521736 2681933 0012634 0220898 1264642 1547045 1880177
 0023956 0449820 0806909 1552615 2247199 2826546 0015576 0450348 1301820 1515021 1704727 0026882 1705285 0002085
 0205171 1720467 1953345 0008633 0017446 0205147 0449864 0008652 0008633 0043194 0258432 1421478 2247199 1272706 1552654 1552713
 0449911 0333052 2607870 0557702 1272706 1704674 0557702 1272706 1704674
 1274040 1546471 2825142 0008633 1524063 0015576 1704727
 0574092 0850707 0241889 0344339 1705495 0015576 1704727
 0574092 0850707 0241889 0344339 1705495 0015576 1704727
 0002778 0936012 1524024 0392148 0332197 1689985 1547282 0332120 0678226 0015576 1704727 3146286 0030567 1521736 2681933 0012634 0574092 0850707 0241889 1705495 0683519 0344339 0015576 0019664 0019665 0262512 0262926 1704727 1705255 2004062 1704788 3539106 0086282 0015576 0205450 0392760 0680022 1314939 1704727 1709450
 0370003 2347026 0015576 1704727 0015576 1704727 0556656 0243161
 0220908 1305399 1705053 0015576 0884358 1704727 0549178 1883351 1999230 0332120 1521197 2247199 0450354 1706096
 1883712 1303103 0002778 0936012 1524024 0023956 0449820 2247199 1274040 1546471 2825142 1708726 0023956 0449820 2247199 0008656 0008633 1272706 1552654 1552713
 0002778 0936012 1524024 0884358 0849355 1883720 0370003 2347026 0574092 0850707 0241889 0344339 1705495 0015576 1704727
 0220908 1305399 1705053 0023956 0449820 2247199 1274040 1546471 2825142 0043292 0008633 1272706 1552654 1552713
 1883712 0023745 0017446 0205147 1441672 0008652 0008633 1280500 0026882 1705285 2247199 1272706 1552654 1552713
 0520510 0441833 0557651 0687744 1257890 1552516 1705428 1705429 2603343
 1514811 1706462 0549178 1883351 0332120 0008662 0008633
 0370003 2347026 0332257 3538986 0205172 1720725 1948050 0027361 0237401 0030567 1521736 2681933 0012634 0392760 1314939 0220908 1305399 1705053 0011008 0034037 1704324 2348077
 0947630 1883351 0019409 0015576 1704727 1524063 0005516 0015576 1704727 0026882 0332148 0750492 0220908 1305399 1705053
 0679199 0683607 1883351 0015576 1704727 0017428 0220908 0332282 0849355 1305399 1705053 2338314 0002778 0936012 1524024 1273517 1883351 0220908 1305399 1705053 1704675 1418270 2983548 0017337
 0332120 0370003 2347026 0549178 1883351 0043292 0008633 2987476 0205393 0332120 1441547 1709450 3245521 3146294 0023956 0449820 2247199 0205171 0439044 0679994
 2825412 0002778 0936012 1524024 0023956 0449820 2247199 0017446 0205147 0043292 0008633
 0205448 0199236 0947630 0023745
 1708726 0043292 0008633 0021149 0220856 0024554 0086582
 1332838 0017337 1708726 1839130 0021149 0205250 0220856 0684224 0700287 1299351 2700149 3496591 0178896 0454760 0031529
 0205171 1720467 0017446 0205147 0557651 2603343 0449864 0008633 0043194 0258432 1421478
 0017337 0030567 1521736 2681933 0277553 0012634 0332240
 0023956 0449820 0806909 1552615 2247199 2826546 0557651 2603343 0205172 0017337 0332120 1708726 2247199
 0037088 0243095 2825141 1882932 0023745
 0015576 1704727 1999230 0332120 1521197
 0002778 0936012 1524024 0017446 0205147 0557351 1883351 0018591 0015576 1704727
 0456148 0549184 0947630 0332120 1521197
 0015576 0205172 1704727 2825407 0026882 0370003 2347026 0596611 0026882 1705285
 0086282 0026882 1418270 2983549 0220908 1305399 1705053 0750558 1710571 0026882 1705285 0002085 1705492
 0002085
 1883351 0022885 0039593 0392366 1512571 0884358 0220908 1305399 1705053 0015576 0439801 0450348 1704727 3542948 0026882 1705285 0205447 0002085
 0002778 0936012 1524024 0332120 1418270 2983548 0017337 1708726 2247199 1441672
 1883712 0282443 1552617 1524063 0370003 2347026 3146294 0023956 0449820 2247199 0017446 0205147 0008652 0008633 1524063 0679227 1550452 1704788 3539107
 1953345 0017446 0205147 0205156 0205396 1550043 1551388 1552607 3161035 0002778 0936012 1524024 1524063 2735567 0370003 2347026
 0002778 0936012 1524024 0241889 1705495 0015576 0019664 0019665 0262512 0262926 1704727 1705255 2004062 0030567 1521736 2681933 0012634 0243161 0002778 0936012 1524024 0015576 1704727 0556656 1550452 1704788 3539107 2247199 1999230 0332120 0017446 0205147
 1979874 0002778 0936012 1524024 0241889 1705495 0015576 0019664 0019665 0262512 0262926 1704727 1705255 2004062 0332120 0023745 1953345 0008633 0017446 0205147 2247199
 2607943 2926606 3539655 1705535 1708726 0919453 0017337 0442808 1281905 0035647 0031437 1285572
 1953345 0017446 0205147 0205396 0557651 1550043 1551388 2603343 0205447 1709908 0684224 0700287 3496591
 0030567 1521736 2681933 0012634 1517892 1704666 0370003 2347026 1709450
 1953345 0017446 0205147 1517892 1704666 0494463 0002395 1521724 0012634 0450382
 0871935 0002395 1521724 0012634 0040539 0600688 0285890 1420276 0165073 0332621 0439095 0439168 0678226 2003941 2350010 1420510 0330390 0439096 2004068
 1547282 0332621 0439168 1364818 0023175 0330390 0332621 0439096 0439168 1442948 1522538 2004068 2348269 3275067
 0023745 0017446 0205147 0008652 0008633 1705535 0079429 0017337 0919453 0017337
 0684224 0700287 3496591 0023745 1524063 0598429 0574092 0850707 0241889 1705495 0683519 0344339 0015576 0019664 0019665 0262512 0262926 1704727 1705255 2004062 0683454 0021966 0205450 0221138 0086282 0030551 2699423
 0370003 2347026 0684224 0700287 3496591 0015576 1704727 1550543 0243161 0332120 0023745 0205393 0549178 1883351 1441547 3245521 0027361 0237401 2247199 0369773 2603361
 1705535 0015576 1704727 0348078 0376315 1522492 0919453 0017337
 0015576 1704727 0017428 0557351 2338314 0220908 1305399 1705053 1883351 0442726 1708726 0017446 0205147 0008656 0008633 0023745
 0332120 0008656 0008633 0684224 0700287 3496591


 0017337 1882932 0348078 0376315 1522492 0015252 0728940 0442805 0032863 0442726 0919453 0017337 0442805 1281905 0035647
 0884358 0220908 1305399 1705053 1524063 0574092 0850707 0241889 0344339 1705495 0015576 1704727 0023956 0449820 0806909 1552615 2247199 2826546 0205217 0442805 0023956 0449820 2247199 0205217 0442805
 0332290 0015576 0002778 0936012 1524024 1705535 0017337 1518422 1947931 0008633 1521197 1708726
 0557651 2603343
 0037088 0243095 2825141 0017337
 0237897 0808080 1705922 0205217 0442805 0002778 0936012 1524024 0015576 0439801 1515021 1704727 3542948 0027361 0237401 0598429 1833335 0237284 0205342
 0871261 1704632 1706817 2911692 0205214 1522138 3245511 0030567 1521736 2681933 0012634 0750591 1852220 0019409
 0947630 0150312 0285890 1420276 0165073 0439095 2003941 2350010 0085401 1449651 0002716 0011560 0225328 0611285 0348078 0376315 1522492 3553502 1512693 0524851 0012634 0150312
 0684224 0700287 3273238 0150312 0332120 0017337 2247199 0370003 2347026 0015576 1704727 1301820 0023956 0449820 2247199 1708726
 0004793 0162326 0162327 1519249 1517488 0017337 0370003 2347026 0023956 0449820 2247199 0443147 0596142 1527180 3161035 0005516 0017337
 0026882 0205396 1550043 1551388
 1953345 0008633 0017446 0205147 0205396 1550043 1551388 0332120 0370003 2347026 0549178 1883351 1547282 0332120 0370003 2347026 1709450
 2607943 2926606 3539655 1705535 0012655 0030567 1521736 2681933 0012634 0220898 1264642 1547045 1880177
 0020792 0205396 0026882 0002778 0936012 1524024 0085732 0370003 2347026 1524063 0015576 1704727 0574092 0850707 0241889 0344339 1705495 0015576 1704727 1517892 1704666 0008633 1521197
 0242960 0444241 0017296 0019409 0314603 0683607 1883351 0442726 1704675 0008652 0008633
 0870071 1704675 0750492 0205224 1953345 0008633 0017446 0205147
 0549178 1883351 0557089 0030567 1521736 2681933 0011900 0012634 0205168 0332463 0333164 1953345 0008633 0017446 0205147 0205396 1550043 1551388 0002778 0936012 1524024 1416989 0017337
 0392347 0683607 0814435 0020792 0205396 0332167 3272283 0035647 0205250 1299351 2700149 0030567 1521736 2681933 0012634 0023175 0031330 0039798 0087111 0184511 0205464 0332272 1442948 1522326 1522538 1533734 1561611 1705169 2348269 3275067 3538994 0013216 0027361 0237401
 0520510 0520510 0441833 0557651 0687744 1257890 1552516 1705428 1705429 2603343
 1514811 1706462 0681850 1550501 1706203 2349001 2697811 0015576 1704727 0332529 0205447 0037047 0376558 1709450 0030567 1521736 2681933 0011900 0012634 2347790 2825164 0205145 0441833 0557651 0687744 1257890 1552516 1705428 1705429 2603343 0028405
 0681850 2349001 0557651 0679646 2603343 0205197 1261322 1516634 0220825 3639721 1707357
 0871261 1883708 1273517 1883351 0008902 0681850 1550501 1706203 2349001 2697811 0030567 1521736 2681933 0012634 0681850 1550501 1706203 2349001 2697811 0030567 1521736 2681933 0012634 0681850 1550501 1706203 2349001 2697811
 0027361 0237401 0030567 1521736 2681933 0008902 0012634 1518422 1711411 0683368 1457887 2348205 0332128 0231175 1883351 1550543 1512693 0243161 0680251 0205447 0243161 2828389 1550543
 0229664 1301820 0027361 0237401 0021430 1511481 1522154 1554192 0018704 0027361 0086911 0205540 0237401 1272753 2607850 0205197
 0370003 2347026 0007457 0043157 0086409 0439084 0728893
 0205447 1524063 0011933 0042153 0457083 1947944 0008902 0008903 0678229 0012634 0449438 1524063 0679228 0243161 0600449 0205224
 0205103 1548610 2347947 1999230 0204558 0743559 1608199 1524031 1552614 2826545 0333118
 0004398 0205197 0684224 0700287 3273238 0681850 2349001 0205453 0557651 0679646 2603343 3146294
 0027361 0237401 1261322 1516634 0205210 0220825 1527178 1705938 0030567 1521736 2681933 0008902 0012634 1711411 0004398 0521093 0750484 0011900 1704338 1704656
 0205449 0205450 0027361 0237401 0030567 1521736 2681933 0008902 0012634 1518422 1711411 1317598 2607943 2926606 3539655 0332290
 0332148 0750492 0205392 3540770 0027361 0237401 0030567 1521736 2681933 0008902 0012634 1518422 1711411 1512693 1527178 1705938 0679228 0243161 2828361 3539061 0030567 1521736 2681933 0012634 1999230 0392360 2699007 1524063 0679227 1550452 1704788 3539107 1707689 2983265 1883351 0919453 1416989 0017337
 0220908 0220909 1698960 1710031 1710477 1552738 0005516 0681850 0557651 2603343 0017431 1550501 1706203 2349001 2697811
 0015576 1704727 0005516 0443147 1527180 0683033 0684309 3161035 0369718 0441922 1553036 0086282 1611821 0015576 1704727 0206132 0001779 0332162 0439234 0369718 0441922 1553036 0026882 1418270 2983549 0220908 1305399 1705053 1524063 1553778 1561491 0002778 0936012 1524024
 0439175 0439810 0015576 0205396 1550043 1551388 1704727 0936012
 0796345 0023745 0002778 0936012 1524024 0884358 0015576 1515981 1704727 0026882 1705285
 1285573 0220908 1305399 1705053 1524063 0005516 0008848 0242298 0344349 3262831 0041703 0205197 1552738
 1511726 3245479 0683231 0002085 0005516 0220825 0242538 0728826 1511726 3245479 1273517 1883351 1711411 0037046 0439849 1524063 0009622 1709697 2728259 3484370 0080103 0205345 1547039
 1709450 0849355 1517331 0002778 0237876 0002085 0205280 2348717 0037047 0443225 1517001
 0796345 0884358 0449438 0871641 3161035 1524063 0025663 0449851 0871511 0037585 0009622 1709697 2728259 3484370 0037047
 0017270 0439603 0030567 1521736 2681933 0008633 0012634 0443225 0599755 0750572 0008626
 0002778 0936012 1524024 0884358 0557351 1709450 0439093 0443228 1704243 0332296 0870441 1515981 1711260 1880497 1996904 2348152 0231441 0443218 0919414 2827483
 1547282 1511726 3245479 2825412 0205119 0185125 0700364 1883351 0022885 0039593 0332324 0392366 0683607 1550474 0017337 0079613 1711260 2348152 0231441 0443218 0919414 2827483
 0796345 0023745 0002778 0936012 1524024 0205265 0884358 1524063 0205171 1720467 0015576 1704727 0027361 0237401 1550543 0243161 0021966 0221138
 0220908 1305399 1705053 0884358 1524063 0370003 2347026 0027361 0237401 0557351
 0332257 1552866 2700399 0015576 1704727 0205171 1720467 0027361 0237401 0332529 0556656 0679227 1550452 1704788 3539107 0015576 1704727 0392760 0444868 1314939 3539085 0027361 0237401 1550543 0205171 1720467 0683326 0008902 0008903 0678229
 0220908 1305399 1705053 1524063 0969625 3266812 0032659 0884358 1257890 1515021 0002085 0002085 0205171 0205341 0205447 0596988 1720467
 0023745 1547282 1883351 0678226 0015576 1704727 3146286 0241889 1705495 0015576 0019664 0019665 0262512 0262926 1704727 1705255 2004062 0030567 1521736 2681933 0012634 0220908 1305399 1705053 0015576 0884358 1515021 1704727 0015576 0205170 1704727 3146287 0241889 1705495 0015576 0019664 0019665 0262512 0262926 1704727 1705255 2004062 0030567 1521736 2681933 0012634
 0241889 1705495 0015576 0019664 0019665 0262512 0262926 1704727 1705255 2004062 0037047 1611273 1704788 1709450 3539106 0030567 1521736 2681933 0012634 0030551 2699423 1524031 1552614 2826545 0015576 1704727
 1709380 0042295 1301820 0023745 0456148 0679083 1512571
 1515021 1511726 3245479 0205173 0205341 1883725 0284447 1567501 1524063 0680034 0678594 0012751 0024779 1706473 0017270 0439603
 0237881 0750502 0441621 0870078 1301820 0150098 1511726 3176122 0036849 0284447 1442518 1552961 1705195 2347617 3245479
 1720655 1947974 0220908 0220909 1698960 1710031 1710477 0005516 0681850 0557651 2603343 0017431 1550501 1706203 2349001 2697811
 0015576 1704727 0023956 0449820 2247199 0026882 0220908 1305399 1705053 1446659 1720655 1947974
 0015295 0032520 0677874 1947931 0004793 0162326 0162327 1519249
 0206415 1282914 0015295 1273517 0037640 0004793 0162326 0162327 1519249 1710082 0936012 0450385
 0443286 1114821 3272453 0012854 0017428 0887950 1272695 2746065
 1514468 0017243 1382104 1998793 1524063 1217267 0041703 1517480 1521871 1705759 1524063 0041703 0884358
 1514468 1882443 0037633 0370003 0525069 1708715 2347026 0039152 0200898 0002778 0012854 0449913 0936012 1524024 1553451 1704459 1708715
 0162326 0004793 0034037 0162326 0162327 1446659 1519249 1704324 1707455
 1709701 1521721 1549838
 2986676 0681850 1550501 1706203 2349001 2697811 0681814 1556037 0035168 0242481 0557651 2603343
 2985618 0520510 0441833 0557651 0687744 1257890 1552516 1705428 1705429 2603343
 1514811 1706462 2348534 0553654 2699414 0565990 1552471 0205099 0205476 0027963 0205314 0027971
 0041740 1551421 1551421
 0041740 1551421 1551421
 0565990 1552471 0205099 0205476 0337749 0425346 1551442 3245499 0027976 0205314 0027976 1879958
 1551881 0041740 0027976 1879958
 0041740 0027976 1879958
 0041740 0027976 1879958

 0006754 0041740 1826357 3146274 1826357
 1549972 0041740 0027976 1879958
 0683757 0331851
 0035173 1711307 3540639
 0036375
 3540639 3540639 0018684 0041740
 3540639 0205099 0001811 0034390
 0028905 0041740 1301808 1442792 3148680 0220853
 3540639 0260178 0972401 1948070 0036234
 0556636 1269776 3540639 0019994 1510665 1551454 0029040
 3540639 0036375 1551529 1826357 0034044
 3540639 1412829 1549952 0039514 0041740 1061320 1061320
 3540639 0128818 1417371 1549983 0557806 0220853
 3540639 0039676 2349943 3539704 0041740 0678579 0035487
 3540639 0041740 0004716
 3540639 0021622 1272753
 3540639 0016253 0041740 1710133
 0018250 2348753 0006754 0041740 1826357 3146274 1826357
 1513008 0021622 1272753 0205314 3540513
 0036152 0006754 0041740 1826357 3146274 0036152 1826357
 3540639 2347782 0205099
 0684004 0000872 0565990 1552471 0022497 0041740 0205099 0205476 0008848 0022497 3262831 3541894
 3540639 1021144 0021622 1272753 0026650 0563004
 3540639 0022037 0041740 1555231 0008848 0022037 1555231 3262831 1947960
 0041740 1551421 1551421
 0005135 0982158 3495134 0128818 1417371 1549983 0041740 0027976 1879958
 3540639 0041740 1551450 3538705
 1420091 1511234 3537460 0001914 0041740 1030330 0001914 1030330
 3540639 0000872 0565990 1552471 0205099 0205476
 0565990 1552471 0205099 0205476 0337749 0425346 1551442 3245499 0027976 0205314 0027976 1879958
 0239971 3540639 0557806
 3540639 0019994 1510665 0029040
 1521761 2827422 0684004 0557806 0027976 1879958
 0020028 0039711 0041740 0369637 0441923 0230007 0935456
 0043016 3540639 0013227 0025118 0036375 0041740 0086312 0442696 0585034 0027964 0028407 0067895
 0016327 0439133 1553038
 0565990 1552471 1555260 0022130 0022422 0178443 0205099 0205166 0205476 1706317 0562547 3160718 0027976 1879958
 0008044 0041740 0008044 0020898 0021764 0022271
 0557806 0043193
 1412430 0335326 1306756 3540639 1412829 1549952 0565990 1552471 0205099 0205476 2350583 0205314 0445573 0023031
 3540639 0021622 1272753 0331993 1080696
 0039676 2349943 3539704 1552262 0565990 1552471 0205099 0205476 0027976 0205314 0027976 1879958
 3540639 0475309 1512352 0009399 0018684 0036397 0041740 0205099
 0027972 0025885 0041740 0205314 0312860
 3540639 0041740 0043038 3272372 3538743
 0443058 3540639 0565990 1552471 0022271 0205099 0205476 0006037
 2347590 0000872 0565990 1552471 0041740 0205099 0205476 0220853
 3540639 1412829 1549952 0565990 1552471 0042124 0205099 0205476 1710136
 0338037 0002424 0442592
 0022400 0019939 1512352 0036397 0205099 0023973 0029040
 0336362 3540639 0557806 1189407
 3540639
 0701091 0019994 0043210 1510665 0006037
 0565990 1552471 0181909 0205099 0205476 0449878 0027976 0205314 0027976 1879958
 0036378 0036375 0008044 0020898 0021764 0022271
 3540639 0006754 0041740 3146274
 3540639 0020028 0019994 0041740 1510665 1709269 0027976 1879958
 3540639 0565990 1552471 0042610 0205099 0205476
 3540639 0036375 0004716
 3540639 0002424 0442592 0019994 1510665 1947960
 0684004 0036375 0027971
 0337911 3540639
 0005544 2717898 2718322 2347782 0205099 0851286 1947908 0331968 2699100 0041740 0027976 1879958
 2825232 0282413 0376649 1442065 0036375 0587450 1704729 0086345 0017398 0017399 1521991 0442658 1301826 0041703
 0254343 0796520 3272379 2827734 2981698
 0085205 1549619 1880669 2827734 2981698
 0013849 1705961 0059804 1514811 1706462 0520510 0441833 0557651 0687744 1257890 1552516 1705428 1705429 2603343
 0369637 0441923 1553033 0016327 0439133 1553038 0439394 1706495 3642217
 0033105 0220900 0030567 1521736 2681933 0012634 0681804 0282116 0557651 2603343
 0009463 0441472 3266814



 0000857 0600678 1552863 2603360
 0019247 0017398 0017399

 0025141 0369637 0441923 1510707
 0001811 0030567 1521736 2681933 0012634
 0006104 1269537 0000857 0600678 1552863 0033727 0369286 0441932 0564385


 0025141 0205090 0684010 2603358 0033727 0369286 0441932 0564385 0597277 1708601
 0243132 1554210 2745955 0007328 0557651 2603343

 0025141 0033727 0369286 0441932 0564385 0597277 1708601 2603362
 1281905 0035647 0205217 0442805 0277564 0030551 0037047

 0025141 0560268 2349105 0597277 1708601
 0277558 0032659 1257890



 0450388 2603360 0033727 0369286 0441932 0564385 0439267 0369637 0441923 0205090 0684010 2603358 0597277 1708601
 0277558 0020750
 1414400

 0369637 0369773 0441923 2603361 1553033 1553033 0369773 2603361 0016327 0439133 1553038 0369637 0441923
 0030567 1521736 2681933 0012634 1516998
 0024907 0007328 0557651 2603343 0016674
 0025141 0016327 0439133 1553038 0016327 0439133 1553038
 0277558 1709599 0007328 0681876 2348561 0557651 2603343
 0441833 0557651 0687744 1257890 1552516 1705428 1705429 2603343
 0027855 0205090 0684010 2603358 0033727 0369286 0441932 0564385 1416988 1538267 2347469
 0007328 0199236 0557651 2603343



 3642273 0025141 0439267 0205090 0684010 2603358 0439267 0205090 0684010 2603358 0439267 1028978 1079552 0439267
 2827447 0557651 2603343


 0025141 0369773 2603361
 0019247 0679238 0017296 0314603


 0562547 3160718
 0451119 1444662
 0860630
 0061878 1415380 3538708 0025141 0033727 0369286 0441932 0564385 1553033 0328104 1415875 2826366 0014878 0522667 0730321 2347469 0040452 0242726 1318154 1705917 0033727 0369286 0441932 0564385
 0596611 0026882 1705285 0015576 0205396 1550043 1551388 1704727 0030567 1521736 2681933 0012634
 0036397 0684012 0369773 2603361 0016327 0439133 1553038 0228539 0228540 0262254 1020282 0205090 0684010 2603358
 0002778 0936012 1524024 0230171 0017446 0205147 0030705 0030567 1521736 2681933 0012634
 2825516
 0025141 0369773 2603361 0439394 1706495 3642217 0718133 0073187 0335730 0369637 0441923
 0332197 1689985 0079941 0009219 0017446 0205147 1420276 2983377 1537647 2985256 0017337 0285890 0030567 1521736 2681933 0012634
 0027855 0000857 0600678 1552863 0016327 0439133 1553038 0205090 0684010 2603358 0439394 1706495 3642217 0439267
 0205213 3178846 0205251 0376249 0439603 0871396 1299352 1550472 1561548 1705502 0277558 0030567 1521736 2681933

 0025141 0205090 0684010 2603358 0597277 1708601 2603360 0439267 0439267
 1294197 1553778 1561491 0205549 2348044 0868928 1533148 0277558 0030567 1521736 2681933 0231175 1883351 0443289 0026882
 0030567 0314657 1521736 2681933 0012655 0019247 0012634 0017296 0220898 0239307 0314603 1264642 1513822 1535514 1547045 1880171 0425355

 0027960 0324740 0439189 1456781 1824986
 0325074 2603360 0369718 0441922 1553036 0033727 0369286 0441932 0564385 0369718 0441922 1553036
 0596611 0026882 0015127 1524003 1868675 0752100 0752105 0242422
 0349590 1262865 0025141 2603360 0597277 1708601 0439394 1706495 3642217 0369718 0441922 1553036 0441229 1553033 1553033 0597277 1708601 0369637 0369773 0441923 2603361 0441833 0557651 0687744 1257890 1552516 1705428 1705429 2603343 0019425 1418270 2983548 0017337 3160718 0814122 0030567 1521736 2681933 0277793 0012634 0023175 0181586 0332162 1442948 1522538 2348269 3275067 0205087
 0027855 2603362 0597277 1708601 0205090 0684010 2603358 0330910 0369637 0441923 0439261 0205090 0684010 2603358 0205090 0684010 2603358 0369637 0441923
 0026882 0002085

 0025141 0369718 0441922 1553036 0597277 1708601 0441229 1553033 0369637 0369773 0441923 2603361 2603360
 1514983 0796357 0002778 0936012 1524024 0344339 0015576 1704727


 0325074 0033727 0369286 0441932 0564385 0597277 1708601 0597277 1708601 0597277 1708601 0597277 1708601
 0035820 1705810 1838631 0242422 1833334

 0025141 1705493 0870824 1553033 0369718 0441922 1553036 2603360
 0439849 1705630 1706279 3540605 0030567 1521736 2681933 0012634



 0325074 0025141 0597277 1708601 0597277 1708601 2603360 0033727 0369286 0441932 0564385 2347469 1823105
 0220825 1261322 0679245 0030567 1521736 2681933 0012634 0026882
 0027855 0870824 1553033 0439267 2603360 2347469 0439267 0369773 2603361 0043217
 1511978 0004083 0439849 0596306 0699792 0596611 0026882
 0441833 0557651 0687744 1257890 1552516 1705428 1705429 2603343
 1414400

 0369718 0441922 1553036 0870824 1553033 0439267 0205090 0684010 2603358 2603360
 1883525 2346866 1418270 2983548 0017337 1273518 0015176
 0441833 0557651 0687744 1257890 1552516 1705428 1705429 2603343 0030567 0314657 1521736 2681933 0012655 0019247 0012634 0017296 0220898 0239307 0314603 1264642 1513822 1535514 1547045 1880171 0425355

 0027960 0324740 0439189 1456781 1824986
 0325074 0870824 1553033 0369718 0441922 1553036 2346751 0369637 0441923 2603360 0439267 0043217
 0017260 0239307 1535514 0752104 0015576 1704727
 0030567 0314657 1521736 2681933 0012655 0019247 0012634 0017296 0220898 0239307 0314603 1264642 1513822 1535514 1547045 1880171 0425355 0441833 0557651 0687744 1257890 1552516 1705428 1705429 2603343
 0777169 0025141 0369773 2603361 0205090 0684010 2603358 2603360 0439267
 0796357 0002778 0936012 1524024 0004083 0439849 0596306 0699792 1421309 1273305 0017337 0557651 0947630 2603343 3539585 3541328 0030705
 0025141 0369718 0441922 1553036 0369718 0441922 1553036
 0231174 0680095 0243095 0596611 0026882 0277558 0030567 1521736 2681933

 0025141 2347469 0439267 0439267
 0596611 0026882 1705285 1518422 0239307 0868928 1441672 1533148 1535514 0277558 0030567 1521736 2681933

 0025141 0369773 2603361 0439114 0369637 0441923 0016327 0439133 1553038 0369773 2603361
 0596611 0026882 1838631 0752100 0332281 0441748 1833334 0242422 0332162 0596142 1279919
 0036397 2603360 2347469 0597277 1708601 0205090 0684010 2603358 2347469 2347469 0369773 2603361 0205090 0684010 2603358
 1708726 0814036 0008633 0024779 0026045 1521172 1706473

 0325074 0025141 0597277 1708601 0205090 0684010 2603358 1553033
 0234378 0040822 0205278 1963252

 0027960 0324740 0439189 1456781 1824986
 0325074 0369637 0441923 0205090 0684010 2603358 0033727 0369286 0441932 0564385 2603360 0043217
 0475264 1744691 0752100 1838631 0242422 1853833 0008643



 0325074 0450387 0025141 0597277 1708601 0033727 0369286 0441932 0564385 2603362 0016327 0439133 1553038
 1708726 1846862 2697861 0008651 0814036 1424473 1520468 0008633 0024779 0026045 1706473

 0025141 0369773 2603361 0205090 0684010 2603358 0239971 1553033 2603360 0443021 0439090 1423767
 0004083 0439849 0596306 0699792 0021920 0205452 0017337 0030567 1521736 2681933 0012634
 0027855 2986502 0597277 1708601 2347469 0443058 0597277 1708601
 0032529 1882417 0030567 0332281 1521736 2681933 0243083 0012634 0752347 0085200 0012634 0205219 0242821 0460148 1268086
 0230467 0741204
 0439090 1423767 0369773 2603361 0033727 0369286 0441932 0564385 0033727 0369286 0441932 0564385 0554249 0205090 0439267 0684010 2603358 0597277 1708601
 0026882 0030567 0332281 1521736 2681933 0243083 0277558

 0325074 0025141 0557775 1511780 0205090 0684010 2603358 0597277 1708601 0330910 0369637 0441923 0439261 0205090 0684010 2603358
 0032529 1281905 0035647



 0325074 0025141 0016327 0439133 1553038 1553033 0369637 0441923 0597277 1708601 3495095 0439394 1706495 3642217 0439114 0205090 0684010 2603358
 0020792 0205396 1880022 0017337 1420277 3541909 0030567 1521736 2681933 0012634

 0027960 0324740 0439189 1456781 1824986
 0325074 0033727 0369286 0441932 0564385 2603360 0033727 0369286 0441932 0564385 0033727 0369286 0441932 0564385 0369637 0441923 0205090 0684010 2603358
 0919453 0079429 0017337 1416989

 0025141 0369718 0441922 1553036 0597277 1708601 0441229 1553033 1553033 0369637 0369773 0441923 2603361 2603360
 0017428 2338314 0220908 1305399 1705053 1883351 0919453 0017337 1416989 0370003 2347026 0026882



 0325074 0450389 0025141 0369718 0441922 1553036 0597277 1708601 0441229 1553033 1553033 0369637 0369773 0441923 2603361 2603360
 0023745



 0325074 0025141 1553033 1540160 2347469 1704732 1553033 0033727 0369286 0441932 0564385 1553033
 1880274 1836537 0332162 0242422 0205229 0031437 1285572

 0025141 0870824 1553033 0369718 0441922 1553036 0439267
 0678942 0242538 0728826 0596611 1418270 2983548 0017337 0026882
 0027855 0369773 2603361 0999213 0205090 0684010 2603358 0302595 1537110 3275241 0439394 1706495 3642217 0439394 1706495 3642217 0597277 1708601 0439394 1706495 3642217
 0085200 0242821 1995017 0242422 0026882

 0025141 0597277 1708601 1510707 1553033 0439114 0369773 2603361
 1294200 0796357 0002778 0936012 1524024 1838631 0242422 1833334

 0027960 0324740 0439189 1456781 1824986
 0325074 0439394 1706495 3642217
 0012737 0162791 0220845 0282423 1274040 1546471 2825142

 0325074 0025141 0021966 0221138 0522501 0033727 0369286 0441932 0564385 2346751 0369637 0441923 0205090 0439267 0684010 2603358 0439261 0205090 0684010 2603358
 1517519 0017428 0034606 0332464 0441633 2338314 2826292 0557651 2603343
 0027855 0597277 1708601 0330910 0369637 0441923 0439261 0205090 0684010 2603358 0597277 1708601 0205090 0684010 2603358 0369637 0441923
 0205197 0220908 1305399 1705053 0332120
 1422839 0335730 0369637 0441923
 0014507 0014508 0699910

 1315013 0025141 0302595 1537110 3275241 0369637 0441923
 0242422 0031529 1839130
 0027960 0324740 0439189 1456781 1824986
 0369773 2603361 1551881 0033727 0369286 0441932 0564385 0175735
 1708726 0008652 0008633
 0036397 0369718 0441922 1553036 0369718 0441922 1553036 2346686 0033727 0369286 0441932 0564385 1553033 0238749 0369637 0441923 0439267 2603362
 0023745 1708726 0008652 0008633 0030761 0494463
 0036397 0369637 0441923
 0725066 0543483 0699748
 0027855 0718133 0073187 2603360
 0285890 1420276 2983377 0033665 0033684 0449432 1705248 1145667 1167622 1420510 0330390 0439096 2004068 0332621 0439168
 1418943
 0268596 2700624
 3642273
 0041703 0000857 0600678 1552863 0021966 0221138 2347469 0439493 1513009 0369637 0441923 0021966 0221138 1553033 0369773 2603361 2349138 0369637 0441923
 0589507 1158830 1704686 0285890 1420276 0165073 0439095 2003941 2350010
 0036397 1823105 2603362
 2603360
 3538926 1709793
 0006037

 0205090 0684010 2603358 0369773 2603361 1553033 0597277 1708601 2603360 0369637 0369773 0441923 2603361
 0679228 0243161
 2825516

 0205090 0684010 2603358 0439230
 1709697 2728259 3484370 0796345 0002778 0023745 0936012 1524024



 0325074 0025141 1423088 3273338
 0680844 0681916 0750572



 0325074 0439084 0728893 0369773 2603361
 0871161 1292721



 0325074 0025141 0016327 0439133 1553038 0597277 1708601 0369637 0441923
 1567501 0037585 1709697 2728259 3484370

 0325074 0025141 0205090 0684010 2603358 0439267 0369773 2603361 0554249 0016327 0439133 1553038 0205090 0684010 2603358 0369773 2603361
 0015127 1314792 1524003 0949664 1512693 0333562


 1417055
 0025141