 0185117 0205136 0205263 0596290 1518174 0007634 0334094 1269647 1514485 1704653 1948049 0544461 1537562 1422291 3147283 3541309 0205099 1704729 1704729 0587487 1704729 0019907 2987742 0041740 0019907 2987742 0520510 0557061 2584313 1514811 1706462 1511940 0243077 1148673 0012854 0243122 1145667 1167622 0309276 0600091 1883351 1879547
 0249880 0033684 1512411 2239176 0007097 2697585 1947946 2948600 3540471 3540472 1883351 1292732 0035820 1705810 0185117 0030705 1512411 2239176 1293116 1875307 0007600 1512411 1518174 2239176 0007097 0007634 0205132 1269647 1550648 1552960 1704653 1948049 2697585
 0370003 2347026 0309276 0220825 0600091 1261322 1171362 0185117 0072108 1366837
 0040649 0185117 0337112 0392762 0442726 0443286 1114821 1511790 1524075 1555029
 0040669 0009013 0205409 1548221 1280500 2348382 1292732 0740116 2827735 2981700 0005507 0243073 1510438 0016263 0806140 0814048 0005863 0949466 1705493
 1274040 1546471 2825142 1547282 0309276 0600091 1512411 2239176 0007097 0205136 0370003 2697585 0035696 0035668 0169911 0238767 0335218 1706086 0428479 0033684 0441889
 1171362 0185117 0205136 0072108 1366837 0069115 0003320 0007634 0521447 1269647 1514485 1704653 1707520 1948049 0205090 0684010 2603358 0369773 2603361
 0370003 2347026 1512411 2239176 1547282 1171362 0185117 0242972 0748025 0441889 0456079 1547707 2946261 0369773 2603361 0185117 0369773 2603361 0370003 2347026 1171362 0185117
 0557651 2603343 1512167 0185117 1512411 2239176 1518174 0596290 0007097 0007634 0334094 1514485 2697585 3282337 0007634 3282337 0185117 0072108 1366837
 1274040 1546471 2825142 1547282 0185117 0205263 0596290 1518174 0007634 0334094 1269647 1514485 1704653 1948049 0544461 1704259 1705987
 1707478 1274040 1546471 2825142 1999230 0233820 0544461 1512411 2239176 0007097 2697585
 0000723 0007452 0015965 0229671 0521457 1140701 1546774 1550100 0007452 0015965 0229671 0521457 1140701 1546774 1550100
 1512411 2239176 0007097 2697585 1512411 2239176 0007097 2697585
 0600091 1511940 0243077 1148673 0012854 0243122 1145667 1167622
 0035696 0035668 0169911 0335218 0035696 0035668 0169911 0335218
 0647210 0439086 2827736 2981702 0740116 2827735 2981700 0006222
 0072108 1366837 0069115 0003320 0007634 0521447 1269647 1514485 1704653 1948049 0072108 1366837 0069115 0003320 0007634 0521447 1269647 1514485 1704653 1948049
 0032520 0337112 0443286 1114821 1335439 1524075 0032520 0337112 0443286 1114821 1335439 1524075
 0035335 0080113 3540616 0035335 0080113 3540616
 0337112 0443286 1114821 1524075 0520510 0557061 2584313 1514811 1706462 1511940 1999216 1148673 0012854 0243122 1145667 1167622 2945730 0033684 0040648 0040649 1521761 2827422 0441835 0038164 0033684 0441833 0687744 1257890 1552516 1705428 1705429 0332268 1511662 1148673 0012854 0243122 1145667 1167622 1880389 1883221 3541951
 0033684 0040648 0040649 0079613 0243077 1527178 1527180 1521761
 0017337 0309276 0600091 0007589 1511938 2945687
 0185117 0205250 1299351 2700149 0679209 0851285 0423866 2626739 0337094 1550550 0007586 1155839 0007634 1269647 1511572 1704653 1948049 0007589 1511938 2945687
 0309276 0086282 1611821 0015576 0600091 0680022 1704727 2698041 0870809 0376558 1711300 2700613 2826170 0007581 0231337 1999167
 0185117 0205136 0585733 0677930 0027651 0205225 0332307 0439631 0684224 0700287 3496591 0332257 0006141 1268990 0030274 0033572 1278980 0027530 0205064 1319315 0001418
 2607943 2926606 3539655 1547282 1512167 0185117 1512505 0278488 0006142 0334227 0678222 0027627 0346957 2939419 2939420 0006826 0007634 0998265 1306459 3282337 0041904 0162493 0547043 0851285 1282911 1327622 1300072 0027651 0205390 1306673 1578706 1707520 3273930 0007137 0221910 0007097 0007634 1182670 1269647 1704653 1948049
 0205393 0332185 1171362 0185117 0205136 1547647 0030705 0032854 0205210 0542537 1274040 1707520 2700379 0812425 0918012 1513354 1552854 1637833
 0332120 0183683 1521721 0309276 0600091 0032214 0600138 0035820 1705810 0007621 0205171 0596263 1518422 1720467 0178874 0027651 0242656 0449258 1578706 3273930
 0185117 1512411 2239176 0007097 2697585 1518422 0557651 2603343 0439673
 0332185 0309276 0600091 1883351 1879547 0037083 3537152
 1704259 1705987 1547282 1883351 0027651 0086418 0440102 0851285 0332257 1512411 2239176 0007097 2697585 1517945 0031843 0542341 0700205 1705273 0851285 0423866 2626739 0185117
 0441712 1441414 1553874 1578820 0332257 0025723 1159269 0443301 0033666 0392747 0687676 1519614 1554963 1704687
 0023882 0700321 2700395 1158770 0017337 0040649 0205309 0243148 0439851 1550141 1882979 1947931 2587213 3274648 0015576 1704727 0035820 1705810
 0205435 1279901 0332128 0040649 0185117 0428479 0033684 0441889 1883708 1292732 0309276 0600091 0032214 0600138 0035820 1705810 0185117
 0520510 0520510 0557061 2584313 1514811 1706462 0514044 0802641 0021430 1532670 1301820 1511481 1522154 1554192 2830120 0030705 0019144 1704729 0038894 0038895 0543467 0000872 0019907 0565990 1552471 2987742 0041740 0205099 0205476 0019994 1510665 0019907 2987742
 0309276 0600091 0072108 1366837 0069115 0003320 0007634 0521447 1269647 1514485 1704653 1948049 0072108 1366837 0069115 0003320 0007634 0521447 1269647 1514485 1704653 1948049 0231441 0443218 0949307 2827483 0205155 1293097 1522472 1552923 1705191 0043367 0001975 0720930 0991865 0006353 0031603 0031701 0036082 1548982 1601799
 2709094 0039798 0087111 0332152 0740175 1522326 1533734 1705169 2257086 3538994 0336756 0336755 1706357 0702093 0020283 0450407 0450408 0450409 0027021 0031179 1318719 0020281 0311403 0456693 1442458 0702093 0205155 1293097 1522472 1552923 1705191 0018019 0205307 0229671 0439166 1265549 1439852 1510458 1546774 1550100 2347086 0456693 1442458 0702093
 0312586 0003241 0021027 0005574 0072108 1366837 0069115 0003320 0007634 0521447 1269647 1514485 1704653 1948049 0029005 1514468 1826357 0185125 0205381 0439583 0935616 0450376
 1639518 1947986 0205160 0243148 1513916 1550141 1882979 2587213 2825415 2825491 3274648 0021044 0206243 0699809 1512411 2239176 0007097 0370003 0439787 0849355 2347026 2697585 0185117 0233660 0332206 0221114 0005457 0597878 0005456 0682969 1148575 2945843 0368675 0449695 0003320 0205145 0243122 1145667 1167622 1515974 2825164 1524063 0030956 0005574
 0449851 0185125
 0021027 0305052 0360506 3541296 0021027 0305052 0360506 3541296 0027021 0031179 0439855 1318719 1704241 0456693 1442458 0185125 0702093 0441648 0991865 0006353 0031603 0031701 0036082 1601799
 0443286 1114821 0052799 0086162 0302908 0449913 1081457 1304698 1546699 1553451 1561501 1704459 1710236
 0449911 0333052 2607870 0557702 1272706 1704674 0557702 1272706 1704674 0349966 1337208
 2827734 2981698
 0185117 0577059 0023884 0205307 0439166 0736268 1278929 2346688 2347086 0023903 0023884 0736268 1278929 2346688 1512411 2239176 0007097 2697585
 0002778 0936012 1524024 1547282 0577059 0023884 0205307 0439166 0736268 1278929 2346688 2347086 0023884 0736268 1278929 2346688 0023903
 0185117 1512411 2239176 0007097 1441672 2697585 0332197 2699517 0004093 0185117 1762617 0185117
 0185117 0023903 0023884 0736268 1278929 2346688 1512411 2239176 0007097 2697585 1547282 0016327 0439133 1553038
 1639518 1947986 0205160 0243148 1513916 1550141 1882979 2587213 2825415 2825491 3274648 0309276 0600091 0370003 2347026 1512411 2239176 0185117
 0221114 0005457 0597878 0005456 0682969 1148575 2945843 0368675 0003320 0205145 0243122 1145667 1167622 1515974 2825164 0028778 0030956 0205369 0233660 0332206 1552740 2983591 0439267
 0370003 0185117 0014261 0336721
 0185117 0487602 1704680 0085862 0205448 0870992 1299583 1516048 0439165 1549488 1561533 0522510
 0439165 1549488 1561533 0871208 0332283 1719822 1552961 2347617 0439178 0431085
 1552961 2347617 0439178 0007634 3282337
 1552961 2347617 0439178 0007634 3282337
 0522510 0871208 0332283 1719822 1552961 2347617 0522510
 1552961 2347617 0522510
 1552961 2347617 0522510
 1552961 2347617 0439165 1549488 1561533 1524062 0370003 0205450 0441833 0687744 1257890 1552516 1552839 1705428 1705429 0449234 1704772 1882133 0449820 0205160 1513916 2825415 2825491 0007634 3282337 2986582 0439178 1446409 1514241 2825490 0522510
 0185117 1552961 2347617
 0185117 1552961 2347617
 0185117 1552961 2347617
 0205160 1513916 2825415 2825491 0441861 0547053 0687695 0441833 0687744 1257890 1552516 1705428 1705429 0441800 0919553 3244287 1882932 0185117
 0205081 1881878 0441865 0687696 1522446 0441833 0687744 1257890 1552516 1705428 1705429 0441800 0919553 3244287 1882932 0185117
 0185117 0072108 1366837 0441800 0919553 3244287
 0456947 0441889 0337112 0443286 1114821 1524075 0370003 2347026 1698986
 0035668 0185115 3541890 1524063 0683757 0017480 0332306 0183400 0442726 1511790 0450385 3540681 0017480
 0035668 0370003 2347026 1273517 1883351 0884358 2947996 0443286 1114821 0035380
 0034760 0008848 0242298 0344349 3262831 0039401 0302828 0680240 0947322 1273517 1442085 1705426 0456692 0702093 0456693 1442458 0702093 0702093
 1514468 1704444 0035380 1273517 1883351 0884358 2947996 3179034 1709846 0032520 1550177 0034746 0040223 0237400 0337112 0392762 0443286 1114821 1335439 1524075 3272377 3541383 0812225 1150635 1705212 1705213 3273202 0449913 1553451 1704459
 0182400 0206415 0206415 1707689 2983265 0037585 0243161 1709846 0032520 0034746 0337112 0443286 1114821 1335439 1524075
 0162326 0021966 0039224 0221138 1706073 1706074 0745732 3272378
 0034760 0035683 0182400 1704681 2347609 3536729 0035703 0278911 0206415 0185125 0597937 0205102 0243148 1273517 1550141 1553872 1619620 1882979 2587213 3274648 0032520 0005971 0205170 0337112 0443286 0445247 1114821 1139930 1335439 1524075 3146287 3537155 1882115 1948062
 0442711 1507394 1522729 2348563 0032520 0150600 0034866 0043194 0258432 0680240 0947322 1421478 1705426 0702093 1511572
 0370003 2347026 0205174 0442726 1511790 0034754 0597937 0205102 0243148 1550141 1553872 1619620 1882979 2587213 3274648 1273517 1883351 1441506 3244092 0441889 0456079 1547707 2946261 0017262
 1882115 0597937 0205102 0243148 1550141 1553872 1619620 1882979 2587213 3274648 0441889 3244092 0439165 0441889 0444686 1441506 1443182 1549488 1561533 0040300 0332441 0736268 1547928 0577059 0475358 0040300 1547928
 0449911 0039224 1706073 1706074 0557702 1272706 1704674 0557702 1272706 1704674 0021966 0221138
 0182400 0206415 0007600 0007634 0040669 0205132 0337112 0392762 0443286 1114821 1269647 1524075 1550648 1552960 1555029 1704653 1948049 1516225 0006826 0035168 0242481 0442598 0872261 0998265 1301820 1306459 1556094 0040371 0022341
 0007634 3282337 0309276 0068319 0720544 0012854 0032136 0439267 0600091 0599518 1999230 0019907 2987742 0041740 0332256 2700400 0009219 0599566 0086022 0185117 0442335 1705099 0205171 0439044 0679994 1524063 0916399 0017480
 0033727 0369286 0441932 0564385 0009458 0439536 1705217 3244283 0009458 0205224 0325564 0392747 0439536 0443224 0547040 0559956 1299987 1524031 1551720 1705217 2827486 2945599 3244283 0119053 0052009 0439294 0439526
 1442457 0439230 0036576 0009013 0052009 0392148 0439294 0439526 0218063 0040669
 0009013 0205229 0439479 0555206 0872171
 0007634 3282337 0681814 1273517 1706386 1279919 0439799 0439799
 0439086 2827736 2981702 0740116 2827735 2981700 0006222 2986858 0005507 0243073 0647210 1510438 0205170 3146287 0036563 1705192 1882540 2346495 0005971 1139930 3537155 0007452 0015965 0229671 0521457 1140701 1546774 1550100 0009458 0229671 0332296 0439536 1546774 1550100 1705217 1880497 1996904 3244283 0559956 1299987 0033727 0369286 0441932 0564385
 0033727 0369286 0441932 0564385 0013343 0086045 1446561 1719918 3272372 3538743 1524062 0332173 0439228 0439505 1720374 1948061 1139930 0033727 0369286 0441932 0564385 1439852 0935616
 0439164 1268822 0178587 0042789 2707266 0013343 1719918 1268822 2825050 0312860 0444706 3541902
 0681814 0884358
 0007634 3282337 0439084 0728893 1548982 1720092 1720830 1823521 1948045
 1883708 1381542 0001962 0009264 0009443 0231441 0234192 0443218 2827483 0450376 1698986
 0039593 0392366 0001962 0849355 0007634 3282337 1720830 1823521
 1253961 0007634 3282337 1883708 1548982 1720830 1823521 0332293 0014241 0035541 0035542 1522326 0439267 0439526 0033470 0021966 0033468 2986582 0439267 0439445 0439526
 0002778 0936012 1524024 0007586 1155839 0179038 0884358 1706246 1979963 2003903 1273342 0936012 1524063 0037585 0013850
 0005863 0007634 3282337 0024348 0185115 0684295 0884358
 0370003 2347026 0037506 0017243 0037473 0050587 0058632 0086972 0443299 0597484 0687118 1382104 0025255 0071710 0348011 0596901 1706182 0454842
 0025255 0596901 1706182 0991850 0026131 0349374 0424612 0444318 1518422 2825079 1548982 1883708 0309276 0600091 0182400 1704681 2347609 3536729 2827734 2981698 0005574 2827734 2981698 1555265 2827734 2981698 0005574 0080113 0005574
 0441648 0025255 0596901 1706182 1883708 0019941 0003242 1979003 0003241 0021027 0025914 0025929 0026809 0027021 0031179 0034493 0330510 0522529 0939835 1110641 1318719 1439852 1883708 0234621 2349975 0332287
 0439828 0549183 0876920 2347635 2348144 2939193 1514721 2348147 3542016
 0242927 1708930 0022885 0039593 0392366 0038215 1273517 1707455
 0022885 0039593 0392366 1273517 1707455 1707520
 0237881 0750502 1704788 3539106
 1441506 1881534 0037585 0009622 0018896 1552861 0008044 0020898 0021764 0022271
 1274040 1546471 2825142 0520510 0557061 2584313 1514811 1706462 1171362 0185117 0027651 1518422 1578706 3273930 0475358 0440744 0040300 1547928 1705175 1705176 1705177 1705178 1882348 0237881 0750502 1512411 2239176 0007097 2697585 0220825 0370003 2347026 0475358 0040300
 0577059 0023884 0205307 0439166 0736268 1278929 2346688 2347086 0185117 0227525 1441672 0450344 1553633
 0023903 0023884 0736268 1278929 2346688 0023884 0439686 0736268 1278929 2346688 0019189 0019158 0019159 0205191 0795623 0332197 2699517 1441672 0450345
 0370003 2347026 1512411 2239176 0185117 1518422 0150312 0205454 0868928 1533148 0004093 1762617 1416886 1442449 0205081 0868928 1533148 1881878 0439509 0442821
 2329884 0205284 0229985 1269830 0027651 1578706 3273930 1547282
 0868928 1533148 0441861 0547053 0687695 0441833 0687744 1257890 1552516 1705428 1705429 0441800 0919553 3244287 1882932 0185117 0868928 1533148 0441865 0687696 1522446 0441833 0687744 1257890 1552516 1705428 1705429 0441800 0919553 3244287 1882932 0185117
 0456947 0441889 0475358 0040300 0456947 0441889 0456079 1547707 2946261 1707520 0332128 0337112 0392762 0443286 1114821 1524075 1555029
 0185117 0475358 0040300 1547282 0441889 0577059 0023884 0205307 0439166 0736268 1278929 1707455 2346688 2347086 2830120
 0023903 0023884 0736268 1278929 2346688 0441889 0456079 0549183 0876920 1547707 2347635 2348144 2939193 2946261 1514721 2348147 3542016 0441889 0456079 1547707 2946261 0577059
 1705241 1705242 0441889 0456079 1547707 2946261 0035696 0023903 0023884 0736268 1278929 2346688 0441861 0441833 0687744 1257890 1552516 1552839 1705428 1705429 0740116 2827735 2981700 0369773 2603361
 1705241 1705242 0441889 0456079 1547707 2946261 0035696 0027651 0441861 0441833 0687744 1257890 1552516 1705428 1705429 0441865 0441833 0687744 1257890 1552516 1705428 1705429 0450305 0369773 2603361
 0441889 0185117 0030705 0441861 0441833 0687744 1257890 1552516 1705428 1705429 0369773 2603361 0450354 1706096
 0449911 0333052 2607870 0557702 1272706 1704674 0557702 1272706 1704674 0349966 1337208
 0740116 2827735 2981700
 0456947 0441889 0456079 1547707 2946261 0080103 0205345 1547039 0441861 0441833 0687744 1257890 1552516 1705428 1705429 0369718 0441922 1553036 0441865 0441833 0687744 1257890 1552516 1705428 1705429 0369718 0441922 1553036 1547282 0441889 0456079 1547707 2946261 0080103 0205345 1547039 0441861 0441833 0687744 1257890 1552516 1705428 1705429 0441865 0441833 0687744 1257890 1552516 1705428 1705429 1547282
 1707520 0072108 1366837 0069115 1518174 0003320 0007634 0521447 1269647 1514485 1704653 1948049 1705535 1883351 0032214 0600138 0035820 1705810
 1883351 0185117 0205136 0205217 0334094 0442805 1514485 1707520 1512411 2239176 0007097 2697585 0220825 0185117 0072108 1366837 0069115 0348042 0003320 0007634 0521447 1269647 1514485 1704653 1948049
 0868928 1533148 1547282 0597879 0442821 0205081 0450355 0868928 1533148 1881878 0004093 1762617
 0033684 0309276 0150312 1883351 0072108 1366837 0069115 0003320 0007634 0185117 0521447 1269647 1514485 1704653 1948049 0205090 0684010 2603358 0369773 2603361 2347469
 0449911 0333052 2607870 0557702 1272706 1704674 0557702 1272706 1704674 0349966 1337208
 0439086 2827736 2981702
 0185117 0072108 1366837 0069115 1518174 0003320 0007634 0521447 1269647 1514485 1704653 1948049 0475311 0086022 0442335 1705099 1880497 0309276
 0370003 1547282 0185117 0439178 1446409 1514241 2825490 2347469
 0185117 0309276 0072108 1366837 0069115 0003320 0007634 0521447 1269647 1514485 1704653 1707520 1948049 0205090 0684010 2603358 0369773 2603361
 1515654 0007585 0021135 1533691 2827718 0007634 0010453 0220814 0430400 1269647 1704653 1948049 2242979 3161035 0185117 1441672 0009013 1522642 1707455 0475311 0086022 0442335 1705099 1880497
 0205217 0442805 0185117 0072108 1366837 1441672 0150312 0185117 0332285 0309276 0009013 1522642 1707455 0016327 0439133 1553038 0475311 0086022 0442335 1705099 1880497
 1707520 0072108 1366837 0069115 0007600 1518174 0003320 0007634 0521447 1269647 1514485 1704653 1948049 1280500 2348382 0334094 1514485 1947931 0557651 2603343 0309276 0600091 1538187
 0036576 0009013 0205409 1548221
 1274040 1546471 2825142 0021135 1533691 2827718 0009013 1522642 1547282 0185117 1707455 0475311 0086022 0442335 1705099 1880497 0450366
 0009013 1522642 1547282 0185117 0072108 1366837 1707455 0475311 0086022 0442335 1705099 1880497 0016327 0439133 1553038
 1280500 2348382 0007595 0018270 0220844 1621966 2911660 1280500 2348382 0185117 0309276 0005863 0949466 1705493 1547282
 0332197 1689985 0007452 0015965 0229671 0521457 1140701 1546774 1550100 0010454 0009458 0010453 0220814 0430400 0439536 1705217 2242979 3244283 0428479 0456947 0441889 0456079 1547707 2946261 0007452 0015965 0229671 0392148 0521457 1140701 1546774 1550100 1707455 0010454 0009458 0010453 0220814 0430400 0439536 1705217 2242979 3244283 0450373 1553636
 0450373 1553636 1547282 0332197 1689985 0007452 0015965 0229671 0521457 1140701 1546774 1550100 0009013 1547282 0456947 3244092 0441889
 0449911 0333052 2607870 1413114 0557702 1272706 1704674 0557702 1272706 1704674 0349966 1337208

 1261322 1516048 0035335 0080113 3540616 0001271 1514811 1706462 0428479 0005863 0949466 1705493 0309276 0475311 0086022 0442335 1705099 1880497
 0185117
 0185117 0309276 0150312 0600091
 0392148 0309276
 0392148 0309276 1518422 0475311 0086022 0442335 1705099 1880497
 0040669 0309276 0600091 0015272 0332437 0543482 0700329 0700619 0007634 0030551 1269647 1704653 1707455 1948049
 0220825 1280500 2348382 2986858 0005507 0243073 0647210 1510438
 1293116 1875307 0007595 0333957 0007634 0018270 0205217 0220844 0442805 1269647 1621966 1704653 1948049 2911660 1274040 1546471 2825142 0007634 0030551 1269647 1704653 1707455 1948049 0475311 0086022 0442335 1705099 1880497
 0007595 0018270 0220844 1621966 2911660 0309276 0456947 3244092 0185117 0441889 0456079 0600091 1547707 1707520 2946261
 0449911 0333052 2607870 0557702 1272706 1704674 0557702 1272706 1704674 0349966 1337208
 0439084 0728893
 0018270 0220844 1621966 2911660 0205134 2986858 0005507 0243073 0647210 1510438
 2348792 0040223 1552961 2347617 3541383 0085862 0205449 0681814 1299583 1441547 3245521 0743559 1608199 0687760 1551065 1707156 3274014 3541345 0871420 0012727 0205419 1442989 1705236 2828392
 0333957 0449249 0018270 0220844 0871208 1521828 1621966 2911660 0309276 0185117 0205217 0442805 0600091 1707520
 1280500 2348382 0557651 2603343 0007595 0018270 0220844 1621966 2911660 1274040 1546471 2825142 1548602 1704686 0598312 1328870 1817262 0220781 1883254 0009458 0439536 1705217 3244283
 0002778 0936012 1524024 0007586 1155839 1547282 0080129 0205390 1538187 0475311 0243148 1550141 1882979 2587213 3274648 0007634 3282337 0205217 0442805 0309276
 0442739 0597205 1548568 0392747 0443172 1705241
 0449911 0333052 2607870 0557702 1272706 1704674 0557702 1272706 1704674 0349966 1337208

 0520511 1704711 0010454 0009458 0229671 0332296 0439536 1546774 1550100 1705217 1880497 1996904 3244283 0010453 0220814 0430400 2242979 0033727 0369286 0441932 0564385
 2963400 0080129 0205390 0309276 0009013 0600091 1441672
 1280500 2348382 1704259 1705987 1547282 0185117 1707520 0370003 2347026 1512411 2239176 0333957 0018270 0205217 0220844 0442805 1621966 1707520 2911660 0007585 0010453 0220814 0430400 2242979
 1883351 0334094 1514485 0035335 0043194 0080113 0258432 0544461 1421478 1704259 1705987 3540616 0220825 3244092 0185117 0441889 0694889 0035335 0080113 3540616 1538187 0475311
 0450375 1547282 0441889 0456079 1547707 2946261 0004093 1762617 0205351
 1274040 1546471 2825142 0021135 1533691 2827718 0521093 0750484 1516606 1511726 3245479 0185117 0185117 0205216 0392756 0442797 1707520
 0348078 0376315 1522492 0175723 0439645 1521913 0309276 0150312 0205451 0600091 0427850 0439170 0007634 3282337 0010454 0009458 0010453 0220814 0430400 0439536 1705217 2242979 3244283 0007634 0030551 1518422 3282337 0332197 1689985 0007452 0015965 0229671 0521457 1140701 1546774 1550100 0010454 0009458 0010453 0220814 0430400 0439536 1705217 2242979 3244283
 1171362 0185117 0309276 0150312 0205451 0600091 0450377 2986754
 0520510 0557061 2584313 2985663 0150312 0449450 0557651 1514811 1706462 2603343 0205435 1279901 1880287 0035696 0035668 0169911 0238767 0335218 1706086 1142652 0428479 0033684 0441889 0428479 0441889 0456079 1547707 2946261 0035696 0309276 0456947 0035668 0169911 0335218 0441889 0600091 1707520
 0684224 0700287 0150312 1705241 1705242 0441889 0456079 1547707 2946261 0035696 0337112 0443286 1114821 1524075 0428479 0033684 0441889 0456079 1547707 2946261 1518744 0040300 1290905 0309276 0678226 0185117 0442821 0600091 3146286 0014261
 1274040 1546471 2825142 1441672 0868928 1533148 1547282 0487602 1704680 0005835 0475358 0040300 1547928
 0868928 1533148 0431085 1547282 0487602 1704680 0014261
 1274040 1546471 2825142 0332290 0332529 0309276 0600091 0026844 1135918 0596981 1267092 0005847 0007634 0026845 0205357 1558950 1801960 3282337 0005773
 0442805 0014261
 0679830 0220825 1261322 0443289 0004083 1521970 1706388 2346469 2348519
 1707520 1299395 0237881 0750502 1546944
 0150312 0439178 1446409 1514241 2825490 1707520 0072108 1366837 0069115 0003320 0007634 0521447 1269647 1514485 1704653 1948049 1705535 0035820 1705810 0334094 1514485 1518174 0007634 3282337
 1517331 1515654 0007585 0021135 0521093 1533691 2827718 0007634 0010453 0220814 0430400 0750484 1269647 1704653 1948049 2242979 3161035
 0205217 0442805 0185117 1512167 0185117 1441672 0243148 1550141 1707455 1882979 2587213 3274648 0332197 1689985 0007452 0015965 0229671 0521457 1140701 1546774 1550100
 1511726 3245479 0521093 0750484 0031843 0542341 0700205 1705273 0086860 0334094 1514485 0006826 0998265 1306459
 1274040 1546471 2825142 1316572 1317574 1369612 0456947 0441889 0456079 1547707 2946261 0205250 1299351 2700149 0577059 0023884 0205307 0439166 0736268 1278929 1707455 2346688 2347086 0205251 1299352 1550472 0475358 0027651 0040300 1547928 1578706 1707455 3273930
 0027651 0205393 0868928 1518422 1533148 1578706 3273930 0439686 0871208 1521828 0577059 0023884 0205307 0439166 0736268 1278929 1707455 2346688 2347086 0309276 0185117 0600091 1551359 2349975 2741673 2981730
 0150312 1883351 0332183 1512411 2239176 0007097 2697585 0025723 1159269
 0684224 0700287 0544461 1512411 2239176 0007097 2697585
 0309276 0040649 0182953 0600091 1704734 1704735 0332185 1336789 0040649 0205396 1550043 1551388 1883351 0544461 0309276 0600091 0032214 0600138 0035820 1705810 0242656 0449258
 0684224 0700287 1547282 0456947 3244092 0205250 0441889 0456079 1299351 1547707 2700149 2946261 1517945 1707520 0280209 0025202 2984289 3539018 1517886 2363430 0450355 0006142 0678222 0586519 0006141 0006826 0185117 0998265 1268990 1306459 1707520
 0557651 2603343 0150312 0185117 0185117 0205216 0392756 0442797 1707520 1274040 1546471 2825142 2348205
 1512554 0086860 1705535 1883351 0205447 1512409 0178874 0242656 0449258 0027627 2939419
 1512571
 0450355 1512409 1512411 2239176 0439064 1261552 1704379 1705117 1709305 2745955 2825408 0544461 0018270 0205390 0220844 1621966 2911660 0683607 0741847 1516924 0392747 0443172 0025723 1159269 1336956 0018270 0205128 0205390 0220844 1621966 2911660 1279941 0205390 1300072 1306673
 1517331 0681850 0557651 1550501 1706203 2349001 2603343 2697811 1514873
 1274040 1546471 2825142 1705535 0544461 1512411 2239176 0007097 2697585 0449719 1709471 1158770 0243148 1550141 1882979 2587213 3274648 0309276 0600091
 1705175 1705176 1705177 1705178 1882348 0309276 0600091 0032214 0600138 0035820 1705810 0544461 0309276 1538187 0600091
 0205409 1548221 1547282 0185117
 0009013 1547282 0334094 1514485 0072108 1366837 0069115 0003320 0007634 0185117 0205217 0442805 0521447 1269647 1514485 1704653 1948049 0439165 1549488 1561533 0079395 0205390
 1274040 1546471 2825142 0021135 1533691 2827718 0332290 0332529 1512167 0185117 1948023 0598312 1328870 1817262 0080129 0220781 1883254 0013081 0851285 1327622 1274040 1546471 2825142 0309276
 1274040 1546471 2825142 1521721 0544461 0309276 0678226 0040649 0043194 0243148 0258432 0600091 1421478 1550141 1882979 2587213 3146286 3274648 1158770
 1512167 0185117 0205263 0031715 1158886
 0205447 1883351 0309872 0246957 0243045 0031727 0072108 0079183 0851827 1150565 1701901 3244310 0031715 0035335 0080113 0199176 1158886 1274040 1546471 1706420 2700409 2825142 3540616
 0557651 2603343 0150312 0185117 0035335 0080113 3540616 0205171 1720467 0309276 0205451 0600091 1441672 0243148 1518422 1550141 1882979 2587213 3274648
 1547282 0013081 0851285 1327622 0423866 2626739 0332281 0185117 0205217 0442805 0035335 0080113 3540616 0243045 1150557 1518422 0441889
 0031715 1158886 1441414 1553874 1578820 1883351 1155872 0851285 1327622 0388730 0439855 1704241
 0021467 0021469 1628982 3463820 0309872 0243122 1145667 1167622 0035335 0080113 3540616 0080129 0332294 0079395 0205390 0439836 0678226 0031715 1158886
 0557651 2603343 0309276 1547282 0441889 0449286 0542560 1561545 2348088
 1274040 1546471 2825142 1705535 1280500 2348382 0334094 1514485 1518174 0007634 3282337 0205216 0392756 0442797 0015127 0035335 0080113 3540616
 1552616 1706244 0021135 1533691 2827718 1511726 3245479 1515655 1999230 0332120 0185117 0205136 0309276 0600091 0035820 1705810
 0185117 0205136 0600138 0035820 1705810
 0334094 1514485 0332120 0185117 0205216 0392756 0442797 1879547 0694889 0035335 0080113 3540616
 1274040 1546471 2825142 1999230 0233820 0544461 1512411 2239176 0007097 2697585
 1316572 1317574 1369612 0282413 0376649 1442065 0013849 1705961 0019907 2681927 2987742 1514811 1706462 0520510 0557061 2584313 1514811 1706462 0439267 0016327 0439133 1553038
 0007595 0018270 0220844 1621966 2911660 0007589 1511938 2945687
 0040833 1521798 0025141
 0007595 0018270 0220844 1621966 2911660 0007589 1511938 2945687 0007621 0596263

 0007634 1269647 1704653 1948049
 3642273 0022271 0369637 0441923 0369637 0441923 0033727 0369286 0441932 0564385 0369637 0441923
 0017262 1706509 1861886 0017337 0185117
 2347379
 0369773 2603361 0205090 0684010 2603358
 0017337 0231337 1314939 1999167 2826170


 0025141 0677601 1705206 0205090 0684010 2603358 0205090 0684010 2603358
 0441513 1706214 0599770 0013879
 0349590 1262865 0025141 2603360 0242298 0344349 2603362 0021966 0221138 2346601 0597277 1708601 0718133 0073187 1510707
 0544461 1148756 0087071 0205177 0439167 0441655 1561536 1514873 1883351 0427861 0014597 1273342 0007634 0221908 3282337
 0349590 1262865 0025141 0597277 1708601 0033727 0369286 0441932 0564385 0185117 1553033 0369773 2603361
 0035820 1705810 0031437 1285572 0871261 1704632 1706817 2911692
 2347379 2603360 0033727 0369286 0441932 0564385 0022271 0369637 0441923 0369637 0441923
 0123156 1334077 0235974 0346647 2984259 0006826 0030274 0086418 0998265 1306459 1514559
 2347379 0000857 0600678 1552863 0073187 2603362
 0185117 0205136 0376358 0600139 2984325 3541264 0006826 0033572 0998265 1278980 1306459

 0025141 0439267 0016327 0439133 1553038 2603362 2347469 0369773 2603361
 1514559 1514475 0005516 1279919 0205390 1300072 1306673 0007847 0302592 3539064 0006826 0027530 0205064 0998265 1306459
 2347379 2603360 0369773 2603361 1553033
 1171362 0185117 1319315 0001418 0079419 0185117 1705526 0812425 0918012 1513354 1552854 1637833
 2347379 0597277 1708601 0439267 2603360
 2945730 0033684 0014520 0205307 0439166 2347086 3496194 0007137 0221910 1518174 0007097 0007634 1182670 1269647 1704653 1948049
 2347379 0369718 0441922 1553036 0718133 0439267 2758676
 1280500 2945730 0249880 1171362 0033684 0007581 0231337 1999167
 0349590 1262865 0025141
 0007586
 0036397 0439267 0562547 3160718 1553033 0230444 0562547 3160718 0033727 0369286 0441932 0564385 0439267 0369637 0441923
 0525037 1521840 2986546
 0006826 0998265 1306459 0025141 1553033 0439394 1706495 3642217 0016327 0439133 1553038
 1515926 0026882
 0029016 0025141
 1158770 0851285 1327622 0033684 0243148 1550141 1882979 2587213 3274648 0007586 1155839 0007634 1269647 1511572 1704653 1948049
 0349590 1262865 0025141 0369773 2603361 1553033 0439267 0439267
 1514559 1514475 0005516 1279919 0205390 1300072 1306673 1334177 0677898 0007847 0302592 3539064 0006826 0027530 0205064 0205281 0998265 1306459
 2347379 0016327 0439133 1553038 2603362 2603360 0033727 0369286 0441932 0564385 1553033 0205090 0684010 2603358 0369773 2603361
 0428479 0456947 3244092 0441889 0456079 1547707 2946261 0007589 0032854 0542537 1511938 2700379 2945687 2349975 3245505 0475436 0001807 0004927 2707008
 1315013
 2347379 0369718 0441922 1553036 0369773 2603361 0205090 0684010 2603358 0205090 0684010 2603358 0439267
 0309276 0600091 1518422 0014597 0929301 1273342 0006141 0007634 0221908 0524462 1285092 3282337
 2347379 0006142 0678222 0740116 2827735 2981700
 0452995 3486754 0369637 0441923 2346686 2603362
 0309276 0600091 0334227 0596290 0007634 0334094 1269647 1514485 1704653 1948049 0525037 1705280 1704259 1705987
 0596263 0450348 0369637 0441923 2347469 0021966 0221138
 0185117 0227263 0440438 0226890 1280750 0014609 0332281 0001430 0243107 0678723 1527148


 0201682 0205090 0684010 2603358 0369637 0441923 0022271 0369637 0441923 0597277 1708601
 2826170 0033684 0309276 0600091
 1418943
 0268596 2700624
 3642273
 0041703 2758676 0185117 2603360 0033727 0369286 0441932 0564385 0033727 0369286 0441932 0564385 0597277 1708601
 0017337 1547699 2700640 0033684 0242656 0449258 1514873 0016030 0086418


 0201682 0016327 0439133 1553038 0185117 0185117 0439267 0369773 2603361 0205090 0684010 2603358 0369637 0441923
 0205250 1299351 2700149 0871208 1521828 0030705 0812425 0205177 0334094 0439167 0441655 1561536
 0086403 1555763 0025141 0033727 0369286 0441932 0564385 0369718 0441922 1553036
 0332453 0680220 2239176
 0278627 0025141 0033727 0369286 0441932 0564385 0033727 0369286 0441932 0564385 2603362
 0040649 0185117 0012873 1414121 1511681 0012854 0025831 1148748 1428372 0242210 0033684 0056912 0243122 1145667 1167622 0449438 0017446 0205147
 0086403 1555763 0025141 0205090 0684010 2603358 0332239 1553033
 3270399 0596286 0851285 1327622 0920533 0035143 0249880 0525037 1705280
 1418943
 0268596 2700624
 3642273
 0041703 0369773 2603361 0011198 0017480 3541240 0369773 2603361 0439394 1706495 3642217
 0456387 1705943 0033684 1152602 0182953 0001721 0007595 0018270 0220844 1621966 2911660
 2347379 0025141 0016327 0439133 1553038 2603360 0205090 0684010 2603358 0205090 0684010 2603358 0439394 1706495 3642217
 0851285 1327622 2945730 0033684
 0000857 0600678 1552863 0332239 0694746 0369637 0441923
 1336789 1415855 0025202 0547043 0851285 1279919 1282911
 2347379 0016327 0439133 1553038 2603362 0439267 0597277 1708601 0596439 0205090 0684010 2603358 0205090 0684010 2603358 0369773 2603361
 1514559 0332281 0032854 0205210 0542537 1274040 2700379 0006142 0678222 0006141 0006826 0998265 1268990 1306459
 0063789 3272375

 0006826 0998265 1306459 0025141 0369637 0441923 0038817 0376223 2347469 0330941
 0441712
 0029016 0025141 0721226 1551914 0033727 0369286 0441932 0564385 2603362
 0439851 1947931 1149168 0243122 1145667 1167622 0033684 0079424 1704222 0017337 1514468 1704444 0080113 0031715 1158886
 0000857 0600678 1552863 1514756
 1527075
 1272684 1548435
 1527021 1554111 1705606 3541382 0333052 0239110 1706852 0239110 1705565 1947976 0687676 1704687 0557854 0013849 1705961 1706852 0282420 1706852 0282111 1706852 1138432 0239110 0162443 0205314 0033213 1706387 0003738 0024552 1519021 1554162 1883712 1552603 1706202 1706852 0282111 1706852 2603360

 1706852 2603360
 1706852 2603360

 1706852 2603360
 2735290 0242456 1522634 0205145 0887933 0947619 0035621 0205090 0439658