 1274040 0036375 0027975 0041740 0043015 0205314 1551837 1710133 0587497 0587494 1704729 0036375 0027975 0041740 0043015 0205314 1551837 1710133 0021622 1272753 0682252 1051267 0587497 0587494 1704729 0282413 0587497 0587494 1704729 0205099 3272372 0004340
 0254343 0796520 3272379 0740116 2827735 2981700
 0085205 1549619 1880669 0740116 2827735 2981700
 0013849 1705961 0024492 1538057 1547565

 1514811 1706462 1706907 0680243 1562670 0036341 1709634
 1947946 2948600 3540471 3540472 3540473 1883351 1547647 1274040 1562670 0036341
 0030705 1510829 0439234 0205136 0011265 0233535 0497327 0009932 0441833 0687744 1257890 1552516 1705428 1705429 2986479 0168634 1442488 1516048 0439234 0439508 0439234 1515981 0369718 0441922 1553036 0369718 0441922 1553036 0079809 1879489 0033927 0009240 0542341 1707455 0871208 1521828 0021149 0220856
 1274040 1546471 2825142 0030705 0009932 0243148 0441833 0456148 0549184 0687744 1257890 1550141 1552516 1705428 1705429 1882979 2587213 3274648 0150312 1883351 0011265 0497327 0002395 0011269 0011265 0497327 0439234 0439508 0589120 1522577 1704685 3274571 0332283 1719822
 0700364 1883351 1079230 1515021 0220912 0220913 0311392 0011265 0497327 0168634 1442488 0439234 0439508 1412113 0589120 1522577 1704685 3274571 0332283 1719822
 1562670 0036341 0240805
 0023981 0205127 0947630 1514873 1883351 0449438

 1514811 1706462 0750729 1562670 0036341 0087130 0947630 0700287 0522501 0205217 0442805 0205103 1550465 2827755 0871208 1521828 0338656 0011265 0497327
 0449295 0332257 1552866 2700399 1880371 0332268 0011900 1704338 1704656 0439593 0449238 1282927 1806781 2350002 2926735
 0027361 0556656 0243161 0332167 3272283 0035647 0205250 1299351 2700149 0037640 0332307 1547052 0205210 0543488
 1511726 3245479 0011000 0036341 0004083 0205487 0439849 0596070 0596306 0699792 0332162 0221423 0439234 0001779 0205087
 0150312 0449450 0557651 2603343 0684224 0700287 3273238 1511726 3245479 0030705 1562670 2705716 0205307 0439166 2347086 0243148 1550141 1882979 2587213 3274648 0332257 0441889 0033975 0349204 0001288 0085732

 1514811 1706462 0370003 2347026 0030705 0025355 0018747 0025353 1555896 0018684 0205276 0229992 0557854
 0557651 2603343 0086911 0086471 0085546 0814851 0015003 0015000 0035168 0205540 0242481 1527243 2699414
 0678257 0557651 2603343 0679646 0021430 1511481 1522154 1554192 1301820
 0030705 1562670 1550543 0243161 0033872 0205448 1524063 1511726 3245479
 1562670 0036341 0036341 1704788 3539106 0001779 0332162 1510829 0001779 0439234 0332257 0565928 0205390 0521093 0750484 1550484
 2705716 0205307 0439166 2347086 0243148 1550141 1882979 2587213 3274648 0042960 0949214 0221096 1882071
 0679646 0007457 0043157 0220938 0086035
 0332282 0680251 1708698 2828389 0019664 0019665 0262512 0262926 1705255 2004062 0549649 1546940 0205172 0449238 2926735 0439234 0557651 2603343
 0019664 0019665 0262512 0262926 1705255 2004062 0007787 0745413 0040704 0205374 0277793 0475224 1261512 1304680 0014544 0030567 1521736 2681933 0012634 0006111 0012634 0018674 0018670 1281590 1706305 3263722 3263723 0205172 0456693 1442458 0702093 0205494 0243088 0543419 2707261
 0449820 0451306 0850338 0278060 0229992 0445542 1301808 1442792 3148680 0451306 3538742
 0424939 1299586
 0332271 1279889 1457868
 0041696 1269683 0011570 0011581 0205164 0344315 0349217 0460137 0338831
 0332268
 0449864 0033975 0036849 0349204 1280500 1442518 1705195 0456984
 1274040 1546471 2825142 0679646 0449864
 0679646 1516048 1554077 2828389 0030705 1562670 0206132 1510829 0001779 1514721 2348147 3542016 0030705 1274040 1546471 2825142 1518422 0030351 0332257 1547566 3538986 2705716 0205307 0439166 2347086 0243148 1550141 1882979 2587213 3274648 1522508 1552738
 0030705 1562670 0449820 0451306 3538742 0750591 1883351
 0030705 0332257 0557651 2603343 3538986 0449820 0450348 0439234 0439508 0183683 1521721 0597198 1882330 0678226 0033975 0043194 0258432 0349204 1421478 3146286 0009241 0012634
 1568011 1521970 1709908 0684224 0700287 3496591
 1562670 0036341 0009932 2705716 0205307 0243148 0439166 0441833 0687744 1257890 1550141 1552516 1552839 1705428 1705429 1882979 2347086 2587213 3274648 0079399 0804628 1522384 0086996 0337781 0013556 0013557 0449438
 0030705 0439234 0042177 0439086 2827736 2981702 0369773 2603361 0332148 0750492 2003901 0024841 0555047 0016327 0439133 1553038 0369773 2603361 0243148 1550141 1882979 2587213 3274648
 1261322 0332282 0348000 0439234 0439508 0557351 0589120 1522577 1704685 3274571 0332283 1719822 0017644 0281858 1261322 1516048 1333540 1708018 0004083 0205487 0439849 0596070 0596306 0699792 0150641 1290928 0001288 0871707 0441655 1290928 0001288 0871707 0441655 0001288 1420005 0871208 0175659 0349674 1947916 3536777 0175659 0349674 1947916 3536777 1516048 0243151 1547011 1879746 0004936 0152097 0012634 0229992 0175659 0349674 1947916 3536777
 0027853 0024485 1552358 0028580 0917874 1551403 0011923 0024488 0034606 0079595 0231881 0441633 0459800 0563532 0684213 2826292 0168634 0884358 1261322 1442488 1516048 1522508 1552738
 0011900 1704338 1704656 0439234 0439508 0589120 1522577 1704685 3274571 0332283 1719822 0220952 0243161 1527178 1705938 0004083 0205487 0439849 0596070 0596306 0699792
 0683368 1457887 1516048 1524063 0029941 0681889 0175659 0205487 0349674 0871208 1282927 1879313 1947916 3536777 0175659 0349674 1947916 3536777 0871208 1518422 0150312 0449450 0205082
 0011900 1704338 1704656 0439234 0439508 0589120 1522577 1704685 3274571 0332283 1719822 0220952 0243161 1527178 1705938 1524063 1533716 0451306 3538742 0175659 0349674 1947916 3536777 1551338
 0376298 2584321 0556657 0086047 1314939 0033872 0011265 0011900 0497327 0237607 0596545 0919534 0234833 0722388 0033908 1609074
 0679646 1533716 0086047 1554077 2828389
 0030705 0750591 1883351 1270972 0338656 0684336 0449820 0871421 1442989 2828392 0871420 0012727 0205419 1705236
 0025663 0449851 0871511 1516048 0439234 0439508 0439234
 0039457 1515258 1705541 0332158 0337611 1705415 1947931 1548348 1552024 0205117 0332282 1416642 1883708 0442822 1524031 1883002 0004340 1514821 1553384 2697663
 0011066 1317574 1301820 0332149 1705910 2362652 0011065 1546956
 0021822 1550484 0031831 0804815 0004927
 1548348 1552024 0205117 0332282 1416642 1883708 0011065 1546956 0021822 0935630 0332149 1705910 2362652
 0010992 0002778 0936012 1511726 1524024 3245479 0013194 2700580 0557702 0871424 0038215 1273517 0002778 0037434 0036397 0728831
 0022885 0392366 0557351 1707455 0439828
 0868928 1706255 1706256 1290928 0001288 1420005 0175659 0349674 1947916 3536777 0699810 1705241 1705242 0237881 0750502 0369773 2603361 0001779 0441835 0441833 0687744 1257890 1273517 1552516 1705428 1705429 0002778 1314939 0439828
 0022885 0392366 0549178 1273517 1511726 3245479
 0002778 0936012 1524024 1552646 1273517 1707455 0439828
 0039224 1706074 1705565 1947976 0684224 0700287 3496591
 1708064 0022885 0039593 0392366 1524063 0002778 0936012 1273517 1524024 0039224 0439603 1517001 1706073 1706074 0441994 1548802 2003888 0205448 0007634 3282337
 0392747 0443172 1705241 0040223 3541383 0439828 1524063 0002780 0002778 0936012 1524024 0002780 0026777 0002778 0936012 1524024 1711260 2348152
 0001779 0441833 0687744 1257890 1552516 1552839 1705428 1705429 1707455 1524063 0038953 0002778 0936012 1524024
 0002778 0936012 1524024 0441889 0684224 0700287 3496591 0039259 0205448 0814896 0441889 0456079 1547707 2946261 0036849 1442518 1705195

 1514811 1706462 0370003 2347026 1521970 0815172 0420338 0589120 1522577 1704685 3274571 0332283 0439234 0439508 0589120 1522577 1704685 3274571 0332283 0439234 0332257 0030705 0011065 1546956 1515981 1533716 1550484 1999230
 0007465 0221423 0000921 0030690 0085639 0238715
 0004398 0580205 0848632 0031809 0687676 1704687 1518422 0206243 0699809 0439787 0849355
 2986479 0243148 1550141 1882979 2587213 3274648 0450355 0420338 0589120 1522577 1704685 3274571 0332283 0439234 0439508 0450389 0439234
 0030705 1562670 1518422 0589120 1522577 1704685 3274571 0332283 0439234 0205452 1518422 0205448 1548564 1705116
 0014518 0205456 0243148 1550141 1882979 2587213 3274648 1518422 0589120 1522577 1704685 3274571 0332283 0439234 0205454 1548564 1705116 0205448 0011065 1546956
 0039224 1706073 1706074 1707455 1521970 0589120 1522577 1704685 3274571 0332283 0439234 1518422 0332283
 1705241 1705242
 0243148 1550141 1882979 2587213 3274648 0589120 1522577 1704685 3274571 0332283 0439234 0175659 0349674 1947916 3536777 0168634 0449820 1442488 1518422 0589120 1522577 1704685 3274571 0332283
 0449911 0039224 1706073 1706074 0557702 1272706 1704674 0557702 1272706 1704674 1568011 1521970 0168634 1442488 1707455 0589120 1522577 1704685 3274571 0332283 0439234 1518422 0589120 1522577 1704685 3274571 0332283 0392747 0439234 0443172 1705241 0079809 1879489 0030705 1274040 0243148 1550141 1882979 2587213 3274648 0039224 1706073 1706074
 0001779 0562359 0332239 1290928 0449820 0205172 0441889 0456079 1547707 2946261 0444706 3541902 0175659 0349674 1947916 3536777 0332271 1279889 1457868
 3533236 0449820 1552961 2347617 0439234 0243148 1550141 1882979 2587213 3274648 0205360 1547311
 0030705 0376558 2584946 1518422 0021822 0935630
 0205453 0021822 0935630 0439234 0439508 0589120 1522577 1704685 3274571 0332283 1719822 0029921 0030705 0205452 0205453 0439787 0849355 1516048 3470062 0332257 0243161 0871189 0683368 1457887 0011253 0205451 0018524 0205447 0033975 0349204
 0205146 0542341 0449820 0441994 1548802 2003888 1518422 1562670 0036341 0205087 0332162 0441833 0687744 1257890 1552516 1705428 1705429 0444667 0439531 1948053
 0030705 0439234 0439508 0589120 1522577 1704685 3274571 0332283 1719822 3533236 0449820 0369718 0441922 1553036 1333540 1708018 0369718 0441922 1553036 0030705 0011265 0497327 0439234
 0030705 1562670 0243148 1550141 1882979 2587213 3274648 1518422 0205494 0441889 1704258 2707261 0439234 0439508 0589120 1522577 1704685 3274571 0332283 1719822
 0449911 0039224 1706073 1706074 0557702 1272706 1704674 0557702 1272706 1704674 0439234 0449438 0946341 0439234 0439508 0589120 1522577 1704685 3274571 0332283 1719822 0150312 1562670 0030705 0036341 0205087 0205455 0332162 1550543 0243161
 0205451 0220952 0243161 0002395 0012634 0243161
 0205449 1527428 0011265 0497327
 0456148 0549184 0243148 1550141 1882979 2587213 3274648 0150312 1883351 0011265 0497327
 0021149 0220856 0441833 0687744 1257890 1552516 1552839 1705428 1705429 1299395 0237881 0750502 1546944 0016327 0439133 1553038 0369773 2603361
 0028873 0456603 1610540 1518422 0007634 0683607 0919414 3282337 0750572 0039224 0444686 1441506 1443182 1706073 1706074
 0028873 0456603 1547037 0009667 0237529 1272706 1552654 1552713 1704725 1704726 2827734 2981698 0750591 0007634 1269647 1704653 1948049
 0683579 0750591 0030705 0243148 1550141 1882979 2587213 3274648 0745777 0589120 1522577 1704685 3274571 0332283 1719822 1518422 0011265 0497327 0002778 0936012 1524024 1707455 0021149 0220856 0441833 0687744 1257890 1552516 1552839 1705428 1705429 1299395 0237881 0750502 1546944 0740116 2827735 2981700 0016327 0439133 1553038 1708064 0022885 0039593 0392366 2828393 0325045
 0028873 0456603 0750572 1547037
 0030705 0449820 0205136 0011265 0497327 0205450 0205453 0451306 3538742 0449820
 0871208 1521828 0444686 1441506 1443182 0205171 0679646 1720467 0449820 0168634 0205136 1442488 0871208 1521828 0589120 1522577 1704685 3274571 0332283 1719822 0205250 1299351 2700149 0243148 1550141 1882979 2587213 3274648 0439084 0728893 0740116 2827735 2981700 0016327 0439133 1553038 1708064 0022885 0039593 0392366 2828393 0325045
 0443288 1707455 0449820 0205172 0871208 1521828 0205250 1299351 2700149 0243148 1550141 1882979 2587213 3274648 0450348 0740116 2827735 2981700 0740116 2827735 2981700 0016327 0439133 1553038 1708064 0022885 0039593 0392366 2828393 0325045
 0750591 0030705 0205392 3540770 1270972 0338656 0684336
 0030705 0449820 0021966 0025260 0221138 0449820 0700327 1706377 0449820 0449820 0205136
 0243148 1550141 1882979 2587213 3274648 1270972 0338656 0684336 1524063 0243161
 1562670 2677614 0030705 0036341 0205087 0205453 0332162 1270972 0338656 0684336 0011265 0497327 0205448 1270972 0338656 0684336
 0004927 1707455 0030705 1562670 0011265 0497327 0369718 0441922 1553036 1518422
 0030705 0011265 0497327 0580836 0439591 0449238 2926735 0221423 0332271 1279889 1290928 1457868 1515981 0001288 1420005 0449820 1518422 0011265 0497327 0039224 1706073 1706074 0456148 0549184 1707455 2584321 0237881 1709380 0038215 0750502
 2349182 1518422 0392747 0443172 1705241 2607943 2926606 3539655
 1705241 1705242 0439828 0024485 1552358 0030705 0456603 1547037 0042789 1947903 0228181 1289620 0042789 1947903 0005910 0011923 0043100 0079595 1305866 0039224 1706073 1706074
 0449911 0039224 1706073 1706074 0557702 1272706 1704674 0557702 1272706 1704674 0815172 1521970 1562670 0036341 0011265 0497327 0439234 0439508 0589120 1522577 1704685 3274571 0332283 1719822 0332128 0814287 0221423 0457083 0021149 0220856
 1705241 1705242 0011265 0497327 0243132 1554210 2745955 0439234 0439508 1261322 0332282 0027051 0428953 2926063 0021308 0027061 1522564 0038454 0007787 0745413 0040704 0205374 0277793 0475224 1261512 1304680 0007820 0012634 1880018 0392747 0443172 0038894 0038895 0543467
 1705241 1705242 0871208 1521828 0457083 0013227 0802604 2598133 0205246 1553889 0040615
 1518422 1511726 3245479 0332257 1552866 2700399 0002778 0936012 1524024 0679646 2698741 0851827 1701901 3244310

 1514811 1706462 0030705
 0679466 2987487 0443238 0332290
 0085584 1963101 0441463 0680243
 0010362 0552389 0205155 0947630 2828360 0684224 0700287 3496591 0030705 0679466 2987487 2348205 0001779 0030705 0150103 0205397 1708943 1656427 0036341 1833334
 1707455 0002395 0012634 0684224 0700287 3496591 1705241 1705242
 1562670 0036341 0205087 0332162 0589138 1708698
 0023981 0489652 0205127 0947630 1518422 2003902 0332290
 0557651 2603343 1705535 1517942 0589120 1522577 1704685 3274571 0332283 1719822 1562670 0036341 0441468 0441469
 0679830 1261322 1508230 0040223 3541383 1705654 0557651 2603343 0684224 0700287 3496591 1518422 1547282 1705241 1705242 0205087 1656427 0036341 1833334 0441833 0687744 1257890 1552516 1552839 1705428 1705429 0884358 2947996 0332271 1279889 1457868
 0439234 0439508 0589120 1522577 1704685 3274571 0332283 1719822 1518422 0042789 1947903 0332120 0370003 2347026 1562670
 0441468 0441469 1705242 0205250 1299351 2700149 0871208 1521828 0011265 0497327 0021629
 0557651 2603343 0183683 1521721 2607943 2926606 3539655 1562670 0036341 1709707 0868928 1533148
 0684224 0700287 3496591 0030705 0011900 1704338 1704656 1456784 0033975 0349204 0449820 0175659 0349674 1947916 3536777 0029266 1704322 1704972 3539923 0376554 0025260 0700327 1706377 0011265 0497327 1272688 0439234 0683454 0021966 0221138 0439508 0439234 0150312 0449450 0871208 1521828 1707455 0439234 0439508 0439234
 1518422 0243095 0332120 0441833 0687744 1257890 1552516 1705428 1705429 0030705 0376415 1562670 0277793 0036341 0012634 1883073 2827424 0439234 0589120 1522577 1704685 3274571 0332283 1719822 0439531 1948053 0443289 0030705 0376415 1562670 0237607 0596545 1516691 0443347 0205307 0237607 0439166 1280500 2347086 3245512 1441672 0425946 0439531 1948053
 0441621 0870078 1705241 1705242 1290905
 0681841 1562670 0036341 2607943 2926606 3539655 1518422 0700364 1883351 1274040 1546471 2825142 0679646 1562670 0036341 0168634 1442488 0871208 1521828 0205250 1299351 2700149 1707455 1270972 0338656 0684336 1516691 2945599 0243148 1550141 1882979 2587213 3274648
 0868928 1533148 0332307 1547052 0030705 0439833 0332120 0031843 0542341 0700205 1705273 0233794 2699787 0332197 1689985
 0043094 1265588 0005910 0037088 0043100 0205217 0243095 0442805 1305866 1527178 1705938 2825141 0682708 0007457 0043157 0220938 0007610 0439659 0557651 2603343 0681842 1882327 0021149 0220856
 1518422 0868928 1706255 1706256 0205210 1527178 1874451 0221191
 0449295 0332197 1689985 0439234 0439508 0589120 1522577 1704685 3274571 0332283 1719822 0237529 1704725 1704726
 0393561 0011269 0005847 0011265 0497327 0815275 1558950 1801960 0002395 0012634 0150312 0449450 0805874 0870077 1446409 0439787 0849355 0332149 1705910 2362652 0332300 0020538 1963138 1518422 1979886 0370003 2347026 1562670 0441468 0441469 1518422 0439834 0815275 1521970 1706388 2346469 2348519 2987487
 0679646 1518422 1511481 1554192 0004398 0580205 0848632 0687676 1704687 1518422 0027552 0686904 0031230
 0033975 0349204 0002395 0012634 0243107 0678723 1527148 1880177 0441833 0557651 0687744 1257890 1552516 1705428 1705429 2603343
 0681814 1556037 0035168 0242481 0815144 0035648 1553898 0035647 1521761 2827422 0012634 1518422 0243095 0004083 0439849 0596306 0699792
 1979886 0683946 0004398 0580205 0848632 0030705 0150312 0557651 0687676 1704687 2603343 0036341
 0332120 0205172 0439234 0457083 0040615 0450442 1254351 1521826 0011265 0243107 0497327 0678723 1527148 1880177
 0681841 0027361 0370003 2347026 1562670
 0035363 0282443 1279919 1511726 1514923 1552617 3245479 0011900 1704338 1704656 1518422 0868928 1706255 1706256 0168634 1442488 0439234 0439508 1412113 0589120 1522577 1704685 3274571 0332283 1719822
 1579934 0011265 0497327 0451306 3538742 0001288 1420005 1290928 0168634 0449820 1442488
 0205210 0543488 0549177 1704243 2987476 0042789 1947903 0030705 0205266 1554187 0011265 0497327 1272688 1280477 0205087
 0543483 0699748 1562670 0036341 0243132 1554210 2745955 0439234 0011265 0497327
 1562670 0036341 1280464 0205319 0332281 0860630 1184743 1522240
 0011253 0205214 1522138 3245511 0699749 0012634 0444598 0549183 1306673 1552826 1709305 2745955 1521970 1706388 2346469 2348519
 0332149 1705910 2362652 0030705 0002395 0012634 1273723 0006104 1269537 0017446 0205147 2363430 0015127 1524003
 0039485
 0011265 0497327 1518422 0030705 0370003 2347026 2825407 0205360 1547311 1705535 1562670 0036341 0039082
 1517331 2963144 0449820 0860630 1829939 0030705
 3533236 0449820 3533236 0444504 0449820 2347634 2348143 0439234 0332148 0750492 0678226 0443225 2987476 3146286 1514893 1706463 2699488 0868928 1533148
 1539479 0543488
 0808080 0557651 2603343 0349590 1262865 1533716 1550484 0011900 0011265 0497327 1524063 0243161
 1707494 0470187 0205171 1533716 1550484 1720467 2984079 0868928 1533148 0679646 2698741 0011065 0439234 0439508 1261322 1516048 1546956
 0242618 0748864 0370003 0439801 0456389 0700321 2347026 3542948 0004277 0441889 0456079 1515981 1547707 2946261
 1705241 1705242 0589120 1522577 1704685 3274571 0332283 1518422
 0748864 0242618 0456389 0439801 1549649 2349209 0032863 1881534 0037088 0243095 2825141 0205172 0038452
 0557651 2603343 0750729 0011265 0497327
 1517942 0589120 1522577 1704685 3274571 0332283 1719822 1562670 0036341 0079809 1879489 3178877 0679575 1285573 0443526 0597298 0052201 0814225 2987476 2986669 1562670 0036341 0449450
 0030705 0150312 0449450 1883708 0205234 1285542

 1514811 1706462 2825407 0011900 1704338 1704656 1562670 0036341 1822658 0011265 0497327 0332307 1547052 0439234
 0030705 0580836 0884358 2947996 0205169 0205172 0597198 1516691 1882330 0542341 0013556 0013557 0441994 0456387 1548802 1705943 2003888 3176590 0439591 0449238 2926735 0235946 0006104 0333641 1269537 0700364 1883351 0205172 0332148 0750492 0011265 0497327
 0233794 0025260 0700327 1706377 0205214 1522138 3245511 1562670 0036341 0332257 1518422 1822658 0011265 0497327
 0449295 0242618 0748864 0456389 0004277 0205198 0011065 1306577 1569452
 0597198 1882330 0451306 0850338 0278060 0229992 0445542 1301808 1442792 3148680 0030705 0444504 2347634 2348143 0596473 0011900 1704338 1704656 1705492
 0332268 0004398 0580205 0848632 0687676 1704687

 1514811 1706462 0035168 0242481 0027472 1568415 0079816 1556038 0035176 0004340 0018684 0035168 0205476 0242481 1521721 1551807 3245503

 1514811 1706462
 1514811 1706462 0004083 0205487 0439849 0596070 0596306 0699792 1136324 0599833 0004936 0011900 0012634 0024763 0038215 0175674 0229992 0348026 1419408 1527075
 0043038 1414406
 0004083 0205487 0439849 0596070 0596306 0699792 1136324 0599833 0004936 0011900 0012634 0024763 0038215 0175674 0229992 0348026 0220952
 0043038 1414406
 1551458
 0369637 0441923
 2603362

 0027778 0369773 2603361

 0026777 0002778 0936012 1524024 0871935 0237607 3245512

 0033727 0369286 0441932 0564385 0369773 2603361 0035853 0995005 0369718 0441922 1553036 0036341 1510829 0439234
 2827734 2981698 0871071 0035648 1553898 0035647 1521761 2827422
 0162443 0000857 0600678 1552863 1551776 2603360


 0221423
 0162443 0025141 0016327 0439133 1553038
 2347469 0001811
 0162443
 0369637 0441923
 0205090 0684010 2603358 2603362

 0369773 2603361
 0205090 0684010 2603358
 0278060 0229992 1301808 1442792 3148680 0025663 0449851 0871511 0683521 1301808 1442792 1516691 3148680 0871685 1550470
 0162443 0025141 2603360
 2603360

 0750729 0332120
 0025141
 0439394 1706495 3642217
 0007818 0373440 0232338 0005767 0005768 0229664 0806140 0011269
 0003738 0027855 1554162 0000857 0600678 1552863 0205090 0684010 2603358 0439394 1706495 3642217
 2987487 0439849 1705630 1706279 3540605 0547045 0011265 0497327
 0003738 0033872 0033873 0205246 1553889 1554162 0000857 0600678 1552863 0369718 0441922 1553036
 0439394 1706495 3642217
 1571983 0030484 0030484
 3258203 0557651 0678257 2603343 0589120 1522577 1704685 3274571 0332283 1719822
 0162443 0000857 0600678 1552863 1551730
 0369773 2603361 0439394 1706495 3642217
 0439394 1706495 3642217 0175659 0349674 1947916 3536777
 0162443 0000857 0600678 1552863
 0205090 0684010 2603358

 0036110 0327949 0459210
 0369773 2603361
 0679466 2987487 0002395 0012634 0011253 1515981
 0162443 0000857 0600678 1552863
 0369637 0441923


 0205210 0815172 1521970 1562670 0036341
 0162443 0000857 0600678 1552863
 0439394 1706495 3642217
 0439394 1706495 3642217
 0369637 0441923


 1562670 0036341
 0162443 0439084 0728893
 0369773 2603361
 0369773 2603361
 1456784 0033975 0349204 0016441 0589120 1522577 1704685 3274571 0332283 0557651 1719822 2603343
 0025141
 0016327 0439133 1553038

 0450973 0017467 0175659 0222045 1261322 1516048 1523987 0011570 0011581 0344315 0349217 0460137
 0175852 0013227 0025118 0025141 2603362


 0079809 0242485
 0162443 0025141 0369637 0441923
 0369773 2603361

 0369637 0441923
 1261322 1516048 0024501 0150641 1290928 0001288 0871707 0441655
 0586872 0025141 2603362

 0036341
 0036341

 0036397
 0282416 1561607


 0205090 0684010 2603358
 0029941 0681889 0175659 0205487 0349674 0871208 1282927 1879313 1947916 3536777
 0871170 0684224 0700287
 2347469
 0369637 0441923

 0012634 0348080 1705253
 0332181 0871208 1521828 0079809 1879489
 0162443 0027910 1552241 1555991
 0369773 2603361
 0369773 2603361 0002395 1521724 0012634 0524851 0012634 0036341 0683946 0085973 0557651 2603343
 0003738 0033872 0033873 0205246 1553889 1554162 0450382

 0348000 0001792 1999167 1514811 1706462 0596473 1511790 0011265 0497327
 0162443 0000857 0600678 1552863 0369773 2603361 0033727 0369286 0441932 0564385 0035853 0995005 0369718 0441922 1553036 0036341 1510829 0439234
 0740116 2827735 2981700 1261322 1552578 0024485 1552358
 0162443 0000857 0600678 1552863 0369773 2603361 0033727 0369286 0441932 0564385 0019564 0949582 1029104 1284077 0449468 0024485 1552358 0028580 0917874 1551403 0011923 0024488 0079595 0231881 0459800 0563532 0684213 1516048
 0033872 0033873 0027910 0033727 0369286 0441932 0564385

 0369637 0441923

 0080103 0869014 0013227 3244316 0036341
 0162443 0025141 0037434 0036397 0728831 0013194 2700580 0333052 2607870
 0008044 0020898 0021764 0022271 0037434

 2603362
 2603360 0025663 0449851 0871511 0870740 1515341 0205103 1548610 2347947 0011265 0497327
 0027855 0000857 0600678 1552863
 0451572 0204456 2609456 1537070 0043089 0001675 0021704 0175659 0349674 1527075 1706450 1947916 3536777
 0027976 0205314 0683758
 0034036 0034037 1514756 1704324
 0439617 0558347 1527075 1514756
 0034036 0034037 1272684 1548435 1704324
 1706852

 1527021 1554111 1705606 3541382