 0597304 1882074 0020283 0450407 0450408 0450409 0082712 0033727 0369286 0441932 0564385
 0011198 0017480 0023031 0439148 1519795 1551090 1704753 1880519 3245503 3541240 0016327 0439133 1553038 1720296 0016674
 1704729 0010819 0005532 0033727 0369286 0441932 0564385 0041740
 0597277 1708601 0016674 0376649 1442065 0282413 0686900 1272683 1522634 3273171 0011198 0017480 0023031 0439148 1519795 1704753 1880519 3245503 3541240 1720296 0016674
 0013849 1705961 0024492 1538057 1547565 0520510 0557061 2584313 1514811 1706462 1292732 0441712 0034850 1882074 0020283 0450407 0450408 0450409 1522821 2987513
 0034850 1882074 0020283 0450407 0450408 0450409 1439852 1637379 2825492 1881707 0017687 0876232 0205447 0017687 0332255 0876232 1708096 0082712
 0031493 0016327 0036733 0004599 0311403 0243125 0699900 1882074 0020283 0450407 0450408 0450409
 1264633 0030946 0020985 0220825 0021069 0021669 1415875 0014442 0021641 1533581 1579433 0699919 0073187 0287990 0919550 0231175 1883351 0849355 1883720 3244314 0205177 0439167 0441655 1561536
 0063780 0919414 1444754 1706316 2828360 0205369 1167624 1305923 1532717 1552740 1947902 2827499 1274040 1546471 2825142
 1167624 1947902 2827499 0205197 0017687 0311403 0876232 1522609 0439084 0728893 0004599 1522609 1300565 0439526 1705535 0298190 0332324 0004599 0014442 0017687 0876232 1550474
 0039798 0087111 1522326 1533734 1705169 3538994 1708632 1532717 0178576 0332220 2828360 1517892 1704666 1305923 0178576 0332220 2828360 1517892 1704666 0439855 1704241 0332256 2700400 1532717
 0205369 1552740 0332220 1441672 1524063 0082712
 1883357 1511726 3245479 1705535 0017968 1882932 0205177 0439167 0441655 1561536 0086597 0597304 1261552 1704379 1705117 2825408 0030956
 0520510 0557061 2584313 1514811 1706462 0017687 0876232 0597192 1149477 0019932 0022131 0734999 0007634 0030274 1327616 3282337
 0205265 0243122 1145667 1167622 0034800 0699040 0007634 0205148 0597357 1269647 1704653 1948049 2827734 2981698 0032930 1444748 1155418 0599177 1879547
 0023175 0181586 0442805 1442948 1522538 2348269 3275067 0050063 2247782 0010531 1819041 0033640 0332283 0038164 0599177 0031727 0033684 1879547 0442805 2267000 0301630 0392756 0441610 0023884 0736268 1278929 2346688 0740116 2827735 2981700
 0439531 1948053 0702093 1523873 0439855 1704241 0178587 0205251 1185625 1299352 1550472 2986730 0013879 0439086 2827736 2981702 0439084 0728893
 0947630 0205396 1550043 1551388 2336292 1185625 2986730 0439084 0728893
 0243125 0699900 2698651 0851827 1522821 1701901 2987513 3244310 1517892 1704666
 0332185 0243125 0699900 0699919
 1883712 0030946 1947941 0021669 1415875 0014442 0021641 1533581 1579433 1441414 1553874 1578820 1883351 0017687 0449297 0876232 1382187 2825073 1882074 0020283 0450407 0450408 0450409 2825492
 0237753 0449788 1441414 1553874 1578820 0007603 0025255 0032105 0596901 1550098 1706182 0243125 0699900 0282443 1425988 1709940
 0441655 0597304 1947941 1441414 1553874 1578820 1883351 0227525 0699040 0458922 0007634 0205054 0205148 1269647 1704653 1948049 3242339 2827734 2981698 0077246 0661884 1429209 0002570 1880274 0002520 0001128
 0740116 2827735 2981700 0036734 2717971 0030946 0036720 1947941 0678595 0030956 0205102 1553872 1619620
 0439086 2827736 2981702 0081937 1414141 0022709 0030940 1947941 0036734 2717971 0030946 0036720 1947941 0012512 0017687 0876232 0017687 0876232
 0025543 0030946 0082712
 0332255 1708096 0005532 0205177 0205460 0439167 0441655 1561536 1709060 0567416
 0086045 0018790 0237477 0392351 0521111 0007603 1563226 0025255 0032105 0182537 0596235 0596901 1550098 1706182 1706421 1151015 0001492 1323396 0205177 0439167 0441655 0521102 1561536
 0086045 1446561 0017687 0876232 0870432 1705417 0205160 1280500 1513916 2348382 2825415 2825491 0085732 0018790 0237477 0392351 0521111 2984427 0021641 0030685 0391871 0439180 0680255 1283071 1533581 1579433 1963578
 0332255 1708096 0700364 1883351 0017687 0175630 0876232 0205148 0221284 3272919 0007634 1521840 2986546 3282337 0022131
 1705535 0082712 0017687 0175630 0876232 1704675 0040300 1521840 2986546 0023884 0736268 1278929 2346688 0030946
 0082712 0597879 0007634 1269647 1550101 1704653 1948049 0700364 0017687 0876232 2717940 0677626 0007634 0023903 2239176 3282337 1518422 0332256 2700400 0061352
 0007603 1882726 0023884 0025255 0032105 0034693 0034721 0596901 0736268 1278929 1550098 1706182 1998793 2346688 1150171 0205177 0439167 0441655 1561536 1547282 1883351 0870432 2698651 1882074 3152252 0577559 1306372 0600209 1704732 0332324 0036667 0312418 0427965 1511883 1522640 2346484 2349185 0007974 3537131 0450442 1254351 1521826
 0035820 1705810 1708726 0033268 1511726 3245479 1515655 1301820 0021135 1533691 2827718 0681814
 0332197 1689985 0032105 1550098 0441889 0456079 1547707 2946261 0017687 0876232 3146294 0007603 0025255 0032105 0596901 1550098 1706182 0017687 0876232 2827734 2981698 0017687 0876232 0033607 0030946 0243077 0392148 1947941 1881534 1314939 0079411 3146294 0082712 0332241
 0014442 1547282 1883351 0021641 0311403 1533581 1579433 1518422 0332256 2700400 0205145 1510827 0205250 1299351 2700149 0017687 0876232 0205369 1552740
 0033268 1441672 0030956 0150312 0449450 0026367 0086045 1514721 2348147 3542016 0017687 0876232 1883708 0391871 1283071 0521115
 0150312 0449450 0557651 2603343 1516084 1883351 0220825 2347946 0079411 3146294 0082712 0017687 0876232
 0684224 0700287 3273238 0034850 0332256 2700400 0596897 1150171 0205177 0439167 0441655 1561536 0017687 0876232 0030956
 1524063 0243161 1511726 3245479 0449450 0017687 0876232 0014442 1518422 1150171 0030946 0082712 0205177 0439167 0439849 0441655 0445223 1561536 1705535 1883351 0699040 0007634 0205148 1269647 1704653 1948049 2987476 0021669 1415875 0014442 0021641 1533581 1579433 0684224 0700287 3496591 1883351 0298190 0014442 0699919
 0681814 1524063 0919414 1444754 1706316 2828360 0063780 0082712 1550543 0243161 1517001 1882074 2825492 1510827 0037791 1511884 0332324 0036667 0312418 0427965 1511883 1522640 2346484 2349185
 0520510 0520510 0557061 2584313 1514811 1706462 0030956 0003241 1148554 1327133 1518961 2945683 0220781 1883254 0455052 1521827 0017687 0876232 0287990 0919550 0007634 0185115 3282337 3541890 0439340 1880521 2945590 0439526 0869011 1719918 3538743
 0699919 1332804 0007428 0031831 1301820 1707664 2348314 3540849

 2603362
 0020017 0019994 1510665 0006823 0439662 1273517 1550032 1880497 1996907 0370003 2347026 1552738
 0359168 0021669 1415875 0795635 0014442 0021641 0086418 1533581 1579433 0439851 1947931 0450348
 0205090 0684010 2603358

 0041740
 0020960 0001019
 0205090 0684010 2603358

 0001914 0041740 1030330 0001914 1030330 0006823
 0033727 0034493 0369286 0441932 0564385 1707271 0017446 0086418 0205088 0205147 0287990 0442818 0919550 1514798 1705314 1705315 0002520 3538704 3539602 0086418 0442818 0005574 0869011

 0043194 0258432 1421478
 0033684 0423896 0456205 0025663 0449851 0871511

 0030956 1707271 0017446 0017687 0086418 0205088 0205147 0876232 1705314 1705315 0041485 1883254 1524063 0184661 1948041 2700391 3274430 3538935 3539779
 0041485 1707271 0329040
 0030956 0030946 0034693 0034721 0082712 0205088 0521447 1705314 1705315 1709915 1882936 0010654 1883254 1524063 0184661 1948041 2700391 3274430 3538935 3539779
 0424215 2003939 1882508 0521093 0008562 0750484 0002520 2917660 0001128 0202406 0002778 0936012 1524024 0037813
 0003261 0033268 0522529 0324547 0027978 0007457 0015780 0034493 0043157 0043210 0086287 0205314 0220938 1705497 1705498 1720154
 0025255 0812225 1150635 1705212 1705213 3273202 0489786 0020898 0021764 0022271
 0036681 0043194 0258432 0331955 1421478 0027971
 0004599 0070329 2827734 2981698 0031370 0015101 0048363 0369773 2603361 0013618 0013714 0604267 0439394 0596260 1706495 3642217 0006474 0006476 0031493 0016327 0053140 1719918
 0061534 0018353 0331965 1521991 0205474 0331779 0039021
 0008562 0441800 0919553 3244287 0050456 0040982 0001128 0202406 0220806 0238749 1301820 3272558
 0027971
 0220806 1516719 0449416 0680536 1301820 3272563 0034760 0441800 0919553 3244287
 0003062 0021485 0205540 2699414 0042153 0457083 1947944 0178478 1947933
 0034715 2699239 0034693 0034721 0005910 1305866 0043100 0242821 0460148 1268086 1705104 0439267 0337050 1301820 0016674 0033727 0369286 0441932 0564385 0015663 0456962 0162388
 0017687 0876232 0005910 1305866 0043100 0242821 0460148 1268086 1705104 0439526 0037494 1959973 1720154 0226778 1281177 0042449 1278960 0475746 0002903 0002930 0014994 0014996 1161324
 0204727 0205409 0220862 1656251 0016640 0524811 3161031 0884358 1524063 0025664 0184661 2700391 0439084 0728893
 0332282 0021485 1272883 1533685 1828121 0003062 0162388 0023884 1637379 0849355 0456963 0006353 0009264 0009443 0020746 0234192 1552738 0439084 0728893
 0010837 0993609 0521450 1979928 0369773 2603361 1383501 1264633 0007703 0205409 0443199 1548221 1705242 1552738 0439084 0728893
 1264633 1554103 0034850 0007703 0038636 0205409 0439182 0439599 0812409 1161331 1444662 1548221 0038636 0369637 0441923 1161331 1516695 1516698 1708533 2698172 0439084 0728893
 0007603 0025255 0032105 0596901 1550098 1706182 0025663 0449851 0680240 0871511 1521827 1552738
 0439084 0728893
 0230779 0014239 0035295 0598268 0442711 1507394 1522729 2348563 1521827 1552738 1273517 1552738

 0752063 1301820 1552738 1273517 1552738

 0024369 1264633 1554103 0007705 1264633 0007703 0023693 0026237 0521451 1306462 1554103 1881376 1521827 0439182 0812409 0025663 0449851 0871511

 0146953 0133689 0242759 0185115 0684295 0206243 0699809 0025663 0439787 0449851 0849355 0871511 0450355
 0039798 0087111 1522326 1533734 1705169 3538994 0017687 0876232 0178576 0332220 2828360 1517892 1704666 0439855 1704241 0042789 1947903 0332220 0947630 0206243 0699809 0439787 0849355 0012238 0014162 1552738 2349986 0061352 1415011 0597357 0178576 0332220 2828360 1517892 1704666 0439855 1704241
 0178576 0332220 2828360 1517892 1704666 0033684 0086376 0033684 0439267 1439852 0040822 0061534 0040223 1632851 3256935 0991865 0006353 1882074 0020283 0450407 0450408 0450409 0332256 2700400 0013618 0068941 0068940 0439509 0037506 0074769 0058632 0037473 0038720 0475337 0597484 3536965 0025402
 0012238 2349986 0258024 0006353 0370003 1272691 2347026 0370003 2347026 0013855 0681850 1550501 1706203 2349001 2697811 0050587 1514893 0017243 1382104
 1303103 0370003 2347026 0348011 0025255 0439187 1881839 0369637 0441923 0702093 0006353 0332256 2700400 0041175 0002055 0178499 1880279 0017890 0522461
 0025255 0041119 0028778 0033727 0332206 0369286 0441932 0564385 2983591 0349375 0026131 0349374 0444318 2825079 1882074 0020283 0041175 0077281 0450407 0450408 0450409 0814229 0037494 1959973 0041415
 0025255 1883708 0003241 0021027 0205225 0439631 1439852 0020960 1720119 1948037 2827734 2981698 0030946 1720119 1948037 2827734 2981698 0001019 1720119 1948037 2827734 2981698 2702333 1720119 1948037 2827734 2981698 2702333 1720119 1948037 2827734 2981698 0006353 0033727 0369286 0441932 0564385
 1883708 1548982 0040223 1632851 1882074 0020283 0041175 0077281 0450407 0450408 0450409 0814229 0037494 1959973 0041415 0700308 0033727 0041420 0369286 0439531 0441932 0564385 1948053 2348236 0005903 0039476 1547703
 0021027 0305052 0360506 3541296 0442726 1511790 1524063 0051979 0018019 0034493 1265549 1510458
 0597304 0034850 0034850 0439267 0040223 1439852 1444754 3541383 0017687 0876232 3256468 0991865 0006353 0031603 0031701 1601799 0020283 0450407 0450408 0450409 0392148 0332197 1689985
 0370003 2347026 1883708 0000983 0000985 0001128 0202406 0981805 0205548 0008562 0205390 1185738 1706132 1708715
 0681814 0017687 0876232 0868946 0021135 1533691 2827718
 0017687 0876232 0439187 1881839 0439340 1880521 2945590 0287990 0439526 0919550 1439852 0006353 2678549 1882074 0020283 0450407 0450408 0450409 0332256 2700400
 0702093 0033727 0369286 0441932 0564385 0443286 1114821 0000983 0000985 0001128 0202406 0981805 1272691 1883712 0370003 2347026 0008562 0205390 0936012 1555029
 0681814 0557651 0947630 2603343 0034850 0021669 1415875 0014442 0021641 0205177 1533581 1579433 0699919 1332804 0007428 0007427 1332805 0007428 0287990 0919550 0034850 0439269 1960952 2346927 0439526 1423498 0017687 0033684 0036681 0876232 1522408 0033727 0369286 0441932 0564385 0991566 2346972 3256935 0991865 0006353 1882074 0020283 0450407 0450408 0450409 0332256 2700400 0074071
 1264633 1883708 0702093 0179834 1550101 0005507 0017687 0243073 0243125 0699900 0876232 1273517 1510438
 0443286 1114821 0000983 0000985 0001128 0202406 0981805 1553404 1883712 2348570 0205548 0008562 0205390 0005507 0243073 1510438 1555029
 0681814 1532717 0178576 0332220 2828360 1517892 1704666 0439855 1704241 0021669 1415875 0014442 0021641 1439852 1533581 1579433 1624602 1423498 0017687 0033684 0036681 0876232 1522408 0033727 0369286 0441932 0564385 3256935 0991865 0006353 1882074 0020283 0450407 0450408 0450409 0332256 2700400 0146951 0133689 0242759
 1264633 1883708 0702093 0179834 1550101 0600209 1704732 0681850 1550501 1706203 2349001 2697811
 0036679 0237868 1881713 0884358 0302647 0008565 0181342 0370003 2347026 0444499 0036572 0419518 0424576 0439526 0445022 2349186 1185738 1706132 0043047 0030608 0456389 0597177
 0370003 2347026 0302647 1524063 0439962 0043047 0599638 1550678 0037638 0040982 0001128 0202406 0037638 2347469
 1441565 0206243 0699809 0439787 0849355 1524063 0812409 0702093 0332283 1441565 0456692 0702093
 0301870 1272724 0030695 0150369 0181904 0596972 1521743 1704646 0205132 1550648 1552960 1720176 1720294 0312860 0183400
 0449432 1516695 1516698 0037813 0002778 0436196 0577559 0936012 1306372 1515023 1524024 3152252
 0370003 2347026 0037813 1521827 0936012 1524063 0037813 0022023 0436196 0577559 1306372 1700702 1704413 2003858 3152252 1948027 1552738
 0455052 1521827 0017687 0876232 0082712 0022948 0025663 0449851 0871511 1416903 0205369 0441655 1552740 2348019 0439267 1552738 0439084 0728893
 0017687 0876232 0008562 0205390 1998793 1555029 1552738 0439084 0728893
 0082712 0439962 0205548 0008562 0205390 1185738 1706132 1708715 0030608 0456389 0597177 0040982 0001128 0202406 0439962 0302647 0043047 0599638 1550678 0037638 0040982 0001128 0202406 0037638 2347469 2826285 0806140 0871208 1521828
 1441565 0206243 0699809 0439787 0849355 1524063 0439182 0812409 0702093
 0301870 1272724 0030695 0150369 0181904 0596972 1521743 1704646 0205132 1550648 1552960 1720176 1720294 0180392 1705235 0003625 0009622 0475653 1095830 3257517 2986575 0009622
 0449432 1705248 0035280 0040223 0333117 1753315 3541383 0702093 0042789 1947903 0349966 1337208 1516695 1516698 0016698 0016701 1512080 2827485
 0449911 0333052 2607870 0557702 1272706 1704674 0557702 1272706 1704674 0349966 1337208

 0082712
 0082712 1524063 0025663 0449851 0871511
 0030956 0008562 0205390 1998793 1555029 1524063 0439182 0812409
 0012634 0348080 1705253 0205164 0030956 0035280 0040223 0333117 0702093 1753315 3541383
 0205132 1550648 1552960 0733755 0702093
 2347469 0082712 0178576 0332220 0065011 0033684 2828360 1517892 1704666 0034850 0439269 1960952 2346927 0439526 1524063 0332197 1689985 0392148
 1264633 1883708 0600209 1704732 0681850 1550501 1706203 2349001 2697811 0050587 1514893 0017243 1382104
 0005516 3152252 0205091 0441833 1444656 1552822 1999270 3537156
 0336721 0425245 0449580 0178576 0332220 2828360 1517892 1704666 0439855 1704241 1532717
 0332220 0557651 0947630 2603343 0178463 1167624 1947902 2827499 0017687 0876232 0884358 1552738
 2827734 2981698 0012459 0086045 1446561 2828360
 0178463 2827499 1167624 1947902 0884358 1524063
 0034850 0086376 0033684 0439267 3256935 0074757 0991865 0006353 0031603 0031701 0037473 0205088 0449468 0597484 1439852 1546485 1601799 1690016 1705102 2700258 1882074 0020283 0450407 0450408 0450409 0082712 0520972 0332197 1689985 0028630 0033607
 0456693 1442458 0702093 0332220 1883712 1548602 1704686 0086045 1446561 0683607 1883351 0456693 1442458 0702093
 0332220 0443286 1114821 0947272 1553404 2348570 1883712 3541329 0950275 2678549 1882074 0020283 0041175 0077281 0369637 0441923 0450407 0450408 0450409 0814229 2827734 2981698
 0370003 2347026 1301862 0702093 0018837 0037506 0074769 0058632 0037473 0038720 0475337 0597484 3536965 0600209 1704732 0681850 1550501 1706203 2349001 2697811 1524063 0050587 1514893 0017243 1382104
 1274040 1546471 2825142 0520510 0557061 2584313 1514811 1706462 1264638 0871161 1292721 1547282 1979963 2003903 0444706 1268822 2825050 3541902 0312860 0030956 0008562 1979963 2003903 0439962 0034850 0702093 1439852 1882074 0020283 0450407 0450408 0450409
 0444505 0017687 0030956 0876232 1441672 1883712 0444505 0424641 2732728 0205216 0392756 0442797 0444505 0489786 0450344 1553633
 0449911 0333052 2607870 0557702 1272706 1704674 0557702 1272706 1704674 0349966 1337208
 2827734 2981698
 1709694 1882074 0020283 0450407 0450408 0450409 0034850
 1547282 1979963 2003903 0017687 0302891 0678226 0876232 2827734 2981698 0034850 0369637 0441923 0720544 0439267 0702093 3256468 0991865 0006353 0031603 0031701 1601799 1882074 0020283 0450407 0450408 0450409 0332197 1689985 1979963 2003903 2347469 0392148 1979963 2003903 1553033 0004599 1979963 2003903
 0441833 1999270 3537156 1547282 1979963 2003903
 0017687 0876232 0040223 3541383 1979963 2003903
 0033684 0205171 0439044 0679994 1518422 1947971 0444505 1274040 1546471 2825142 1518422 1547282
 2945706 0444505 0033607 3536890 0030946 0392148 0678226 1947941 1999216 0009458 0439536 1705217 3244283
 2347469 0034850 0439267 0017687 0302891 0369637 0441923 0876232 1439852 0702093 3256468 0991865 0006353 0031603 0031701 1601799 1882074 0020283 0450407 0450408 0450409 0332197 1689985 0392148 0013618 2827734 2981698 0031370 0013714 0012403 0070329 0004599
 0444930 2746065 0443286 1114821 0000983 0000985 0001128 0202406 0981805 1272691 0439962 0008562 0205390 0936012 1555029 0520510 1552738 0025663 0025664 0449851
 0871208 1521828 0332282 0030551 0030956 2699423
 1274040 1546471 2825142 0017687 0876232 1881707 0439165 1549488 1561533 1882115 0205198 0205397 0332197 1524062 1689985 1706082
 1274040 1546471 2825142 0884358 1417023 0023884 0443299 0736268 1278929 2346688 0016640 0524811 1521827 3161031
 0220825 1280500 2348382 0205177 0439167 0441655 1561536 0034850 0205054 0332256 2700400 0349966 1337208 0073187 2347469
 0205177 0439167 0441655 1561536 0311403 0031493 0016327 0036733 1979963 2003903 1553033 0004599 1979963 2003903
 3537172 0007974 3537131 0450442 1254351 1521826 2827734 2981698 0031370 0013714 1280500 2348382
 0034850 0205117 0332282 1883708 0085732 1516048 0030956 0021135 1533691 2827718 2678549 0020283 0450407 0450408 0450409 0439084 0728893 1882074 0020283 0450407 0450408 0450409 2825492
 0243125 0699900 0020283 0450407 0450408 0450409 0851827 1701901 3244310 2678549 0221106 0020283 0450407 0450408 0450409 1301820
 0871208 1521828 1882074 0020283 0450407 0450408 0450409 1441672 1705535 1314939
 0449911 0333052 2607870 0557702 1272706 1704674 0557702 1272706 1704674 0349966 1337208
 0740116 2827735 2981700
 1261322 1516048
 0034850 0439187 1881839 0017687 0369637 0441923 0876232 1439852 0040223 1632851 1882074 0020283 0450407 0450408 0450409 0439084 0728893
 0443286 1114821 0000983 0000985 0001128 0202406 0981805 1272691 0439962 0008562 0205390 0936012 1555029
 1274040 1546471 2825142 0030956 1265611 1881707 0439165 1549488 1561533 0444930 2746065
 1274040 1546471 2825142 0444504 2347634 2348143 2678549 0020283 0450407 0450408 0450409 0439084 0728893 0205453 1882074 0020283 0450407 0450408 0450409 0681814 0884358 1417023 0023884 0443299 0736268 1278929 2346688 0016640 0524811 1521827 3161031
 2347469 0034850 0021669 1415875 0014442 0021641 0205177 1533581 1579433 0699919 1332804 0007428 0007427 1332805 0007428 0140430 0007427 1332805 0007428 0287990 0919550 0287990 0919550 1524063 0746619 0021669 1415875 0014442 0021641 1533581 1579433 0312586 0003241 0007427 1332805 0007428 0287990 0919550 1423498 0017687 0033684 0036681 0876232 0991566 1522408
 0007703 1550101 0003647 0085732 0392366 0017687 0876232 1524063 0008562
 1274040 1546471 2825142 1882115 0003241 0021027 0205397 0332197 1689985
 1274040 1546471 2825142 0884358 1417023 0023884 0443299 0736268 1278929 2346688 0016640 0524811 1521827 3161031 0681814 2678549 0020283 0450407 0450408 0450409 1272695 2746065 0021644 0003242 0003241 0021027 0021669 1415875 1882074 0020283 0450407 0450408 0450409 1515981 0003241 0205419 0369718 0441922 1553036
 1417023 0205309 1883351 0332256 2700400 1882074 2825492 0030940 0007427 1332805 0007428 0699919 1332804 0007428 3538722 0014442 0287990 0919550 0205177 0439167 0441655 1561536
 1273517 0003241 1516048 1882074 2825492 0441655 0450354 1706096
 1517001 0001128 0205172 0205177 0439167 0441655 1561536 0699919 1332804 0432618 0007428 0333668 1304674
 0021069 0699919 1332804 0007428 0007427 1332805 0007428 0021669 1415875 0014442 0021641 1533581 1579433 0287990 0919550 0231175 1883351 0849355 1883720 3244314 0205177 0439167 0441655 1561536 1882074 0020283 0450407 0450408 0450409 1441672 0450354 1706096
 2945843 0205145 1882074 0020283 0450407 0450408 0450409 2825492 3146294 0008562 0205164 0205390 0444505 1457900 1555029 0042789 1947903 0450344 1553633 1979963 2003903 2347469 0936012 1524063 0037813 0436196 0577559 1306372 3152252 3152252 0577559 1306372 0039224 1706073 1706074
 0017687 0876232 0205242 0333853 0521447 1283071 0444505 0450373 1553636
 0450375 0030956 1514468 0205242 0333853 0521447 1707271 0205088 1705314 1705315 0017446 0205147
 1514468 0443289 2827466 2945843 0205145 0332255 0486805 0332120 0444505 0444505 0450365 1706097 0444505 0444505 0039224 1706073 1706074
 0449911 0039224 1706073 1706074 0557702 1272706 1704674 0557702 1272706 1704674 0039224 1706073 1706074
 0577559 1306372 3152252 0678594 0017687 0302891 0876232 3146294 0020792 0205396 0030946 0030946 1442934 0017687 0876232 1184743 1441414 1522240 1553874 1578820 0017687 0876232
 1516084 1883351 0220825 1880177 0243125 0699900 0017687 0876232 1882074 0020283 0450407 0450408 0450409 1261322 1516048 0423896 0456205 0030946 0034850 1524063 0020985 0002778 0936012 1524024 0349966 1337208
 0442711 0332283 1883351 1882726 0023884 0034693 0034721 0370215 0736268 1278929 1875400 2346688 0521447 0521447 0010837 0993609 0521450 1979928 0369773 2603361 1383501 1264633
 1265611 1264633 0030946 0082712 0220825 0423896 0456205 1524063 0020960 0004793 0030946 0034693 0034721 0082712 0162326 0162327 0205088 0521447 1519249 1705314 1705315 0520510 1552738 0025663 0025664 0449851
 0010837 0993609 0521450 1264633 1554103 0332256 2700400 0086045 1446561 1532717 0597879 0150312 0205251 1299352 1550472 0678536 0521447 0521447 1264633 1554103
 0349966 1337208 1547282
 0450365 1706097 1305923 1518422 1441672 0020960 0030956
 1305923 0026237 0442726 0521450 0521451 1264633 1511790 1554103 0678226 0205370 0243122 0750540 1145667 1167622 1518422 3146286
 0449911 0333052 2607870 0557702 1272706 1704674 0557702 1272706 1704674 0349966 1337208
 0439086 2827736 2981702
 1261322 1516048 0020985 0002778 0936012 1524024 0038528 1264633 1882726 0023884 0034693 0034721 0205409 0736268 1278929 1548221 2346688
 0521447 0521447 1979928 0369773 2603361 1383501 1264633 0020985 0220825 0423896 0456205 0030946 1524063 0020960 0597551 0030946 0030956 0082712 1883254 1881534 0205088 1705314 1705315 1709915 1882936
 0439211 1708639 1708715
 2347469 1264633 1554103 0020985 0220825 0423896 0456205 0030946 1524063 0020960 0597551 0030956 1518422 1883254 0039115 0205088 1705314 1705315 1709915 1882936
 0439211 1708639 1708715
 1264633 1554103 0439175 0439810 1524063 0146953 0133689 0242759 1292431 0585064 1067936 0450355
 0370003 2347026 1883708 0600209 1522240 1704732 0439267 0033684 0439175 0439810 1708639 1708715
 0017243 0600209 1704732 0681850 1550501 1706203 2349001 2697811 0050587 1514893 0017243 1382104 0348011 0600190 0020960 0034493 0020985 0520510 1552738 0025663 0025664 0449851
 0005516 3152252 0205091 0441833 1444656 1552822 1999270 3537156
 0336721 0425245 0449580 1532717
 0206243 0699809 0026237 0439787 0521450 0521451 0849355 1264633 1554103 0450366
 0020985 0002778 0936012 1524024 1524063 0030946 0443289 1305923 0205390 0599956
 0029219 1517001 1550099 1264633 1554103 0007603 0025255 0032105 0596901 1550098 1706182 0034850 0034850 0014239 0035295 0598268 0014239 0035295 0598268 0026237 0752063 0752063 0024369 1998793 1524063 0025664 0184661 2700391 0030946 0082712 0220825 0423896 0456205 0020985 1516048 0030946 0349966 1337208
 0597879 0026237 0443288 0521451 0026237 1264633 1554103 0007603 0025255 0032105 0596901 1550098 1706182 0007603 0025255 0032105 0596901 1550098 1706182 1264633 1554103
 0020985 0001019 0007427 1332805 0007428 0443289 0597879 0026237 0026237 0752063 0752063 1185625 2986730 0349966 1337208
 0449911 0333052 2607870 0557702 1272706 1704674 0557702 1272706 1704674 0349966 1337208

 0004083 0439849 0596306 0699792 1264633 1554103 1882726 0023884 0034693 0034721 0736268 1278929 2346688
 0007603 0025255 0032105 0596901 1550098 1706182 0007603 0025255 0032105 0596901 1550098 1706182 0034850 0034850 0230779 0014239 0035295 0598268 0014239 0035295 0598268 0026237 0521451 0026237 3546463 0752063 0521450 0024369 1264633 0020985 0220825 0423896 0456205 0030946 0109272 3539602 0018850 0949610 0282498 0018837 0033684 0036974 0443563 0001019 0001019 0007427 1332805 0007428 0007427 1332805 0007428
 0439211 1708639 1708715
 0017243 0600209 1704732 0681850 1550501 1706203 2349001 2697811 0030946 0109272 3539602 0018850 0282498 0018837 0033684 0036974 0001019 0007427 1332805 0007428 0050587 1514893 0017243 1382104 0348011 0600190 0312586 0003241 0020985 0520510 1552738 0025663 0025664 0449851
 0005516 3152252 0205091 1282910 1444656 1552822
 0336721 0425245 0449580 1532717 0109272 3539602 0018850 0282498 0018837 0033684 0036974 1532717 0001019 1532717 0007427 1332805 0007428 1532717 1532717
 1524063 1883525 2346866 0312586 0003242 0003241 0021027 1518422 1947971 1274040 1546471 2825142 1518422 1547282
 1299582 0220825 1660749 0475264 1744691
 0020792 0205396 1510827 1167624 1947902 2827499 0332220 0442711 1273517 1883351 0441655 0597304 1947941 1305923 0017687 0876232 0242275 1323367 0018284 0014520 0018270 0220844 0221920 1521761 1621966 2827422 2911660
 0332220 0449445 1516084 1883351 0030946 1947941 1273518 1882074 0020283 0450407 0450408 0450409
 0178463 1167624 1947902 2827499 0884358 1524063 0034850 0063780 1882074 0020283 0450407 0450408 0450409 0349966 1337208
 0002778 0936012 1524024 0178576 0332220 2828360 1517892 1704666 0033684 0332282 0600209 1704732 0443289 0392148 1553637 1708639
 0012634 0348080 1705253 0080103 0205345 0425245 0449580 1547039 1518422 0392747 1553637 0025402
 0063780 0205197 1440942 0017687 0311403 0369637 0441923 0876232 1553637 0017687 0876232 1149098 0205369 0243122 1145667 1167622 1552740 0033684
 0085732 0063780 0332220 1512045 0178602 0851827 0869039 1114758 1701901 3244310 0392756 0369637 0441923 0439187 1881839
 1979874 0021641 1533581 1579433 0349966 1337208 0021641 1533581 1579433 2347469 0018353 1301751 1280500 2348382 0332220
 0449911 0333052 2607870 0557702 1272706 1704674 0557702 1272706 1704674 0349966 1337208
 0439084 0728893
 1511790 0178463 1167624 1947902 2827499
 0063780 0178576 0332220 0065011 0033684 2828360 1517892 1704666 0034850 0439269 1960952 2346927 0439526 1882074 0020283 0450407 0450408 0450409 0332197 1689985 0392148 0018353 0021641 1533581 1579433
 1264633 1883708 0025402 0392756 0025402 0600209 1704732 0681850 1550501 1706203 2349001 2697811 0050587 1514893 0017243 1382104
 2347469 0332220 0884358 1552738 0332197 1689985 1708639 0392148 0021641 1533581 1579433
 0178576 0332220 2828360 1517892 1704666 0033684 0086376 0033684 0439267 0061534 0521447 1439852 0370003 2347026 0013855 0681850 1550501 1706203 2349001 2697811 0050587 1514893 0017243 1382104
 0005516 3152252 0205091 0441833 1444656 1552822 1999270 3537156
 0336721 0425245 0449580 1532717 1532717 0034553 0178576 0332220 2828360 1517892 1704666 0439855 1704241
 0012238 2349986 0178576 0332220 2828360 1517892 1704666 0439855 1704241 0392756 0425245 0449580 3152252 0577559 1306372
 0242210 0033684 0243122 1145667 1167622 0521447
 0033684 0870432 1705417 1510827 0445356 1704623 0021669 1415875 0014442 0021641 1533581 1579433 0063780 0033607 3536890 0004599 0030946 0205370 0311403 0750540 1947941 1999216 0349966 1337208
 0004599 0392756 0332220 0033607 1280519 1518422 1704419 0392756 1167624 1947902 2827499
 0033684 0332324 0004599 1550474
 0449911 0333052 2607870 0557702 1272706 1704674 0557702 1272706 1704674 0349966 1337208

 1280500 2348382 0063780
 0063780 0178576 0332220 0065011 0033684 2828360 1517892 1704666 0034850 0439269 1960952 2346927 0439526 1882074 0020283 0450407 0450408 0450409 0332197 1689985 1708639 0392148 0031370 0070329 0004599 0013714 0332197 1515981 1689985 1708639 0392148 0086045 2347469
 1264633 1883708 0600209 1704732 0681850 1550501 1706203 2349001 2697811 0050587 1514893 0017243 1382104
 0005516 3152252 0205091 0441833 1444656 1552822 1999270 3537156
 0336721 0425245 0449580 0178576 0332220 2828360 1517892 1704666 0439855 1704241 1532717
 0947630 0220806 3272558 0332220 0681814 1524063 0557651 2603343 0061352 1415011 0017687 0597357 0876232
 0439855 1704241 0205396 1550043 1551388 0332220 1524063 0034850 0017687 0034693 0034721 0876232 1521827 1571602 0034850 1708639 1264633 1554103 0007603 0034693 0034721 0243148 1550141 1882979 2587213 3274648 1521827 0007603 0025255 0032105 0596901 1550098 1706182 1708639
 0242210 0033684 0243122 1145667 1167622 0332220 0063780 1571602 0034850 0311403 0007603 0025255 0032105 0596901 1550098 1706182 0018353
 0004599 1518422 0018790 0237477 0392351 0521111 0332220 0063780 1264633 1554103 0007603 1571602
 0242210 0033684 0243122 1145667 1167622
 0449911 0333052 2607870 0557702 1272706 1704674 0557702 1272706 1704674 0349966 1337208

 0033684 0445356 1704623 0021669 1415875 0014442 0021641 1533581 1579433 0287990 0919550
 0332220 0063780
 0063780 0178576 0332220 0065011 0033684 2828360 1517892 1704666 0034850 0439294 0439526 0034693 0034721 0205409 1548221 0017687 0439267 0876232 1720154 0005910 1305866 0043100 0242821 0460148 1268086 1705104 1524063 0332197 1689985 0034850 1708639 0392148 0018353
 0063780 0178576 0332220 0065011 0033684 2828360 1517892 1704666 1264633 1554103 0007603 0439294 0439526 0034693 0034721 1521827 1524063 1708639 0392148 0004599
 1264633 1883708 0600209 1704732 0681850 1550501 1706203 2349001 2697811 0050587 1514893 0017243 1382104
 0005516 3152252 0205091 0441833 1444656 1552822 1999270 3537156
 0336721 0425245 0449580 0178576 0332220 2828360 1517892 1704666 0439855 1704241 1532717
 2347469 1280500 2348382 0287990 0919550
 0063780 0178576 0332220 0065011 0033684 2828360 1517892 1704666 0034850 0439269 1960952 2346927 0444499 0439526 1882074 0020283 0450407 0450408 0450409
 1264633 1883708 0021669 1415875 0014442 0021641 1533581 1579433 0021669 1415875 0014442 0021641 1533581 1579433 0287990 0919550 0287990 0919550 0392148 0146951 0133689 0242759
 0021069 0007703 1550101 0600209 1704732 0681850 1550501 1706203 2349001 2697811 0050587 1514893 0017243 1382104
 0005516 3152252 0205091 0441833 1444656 1552822 1999270 3537156
 0336721 0425245 0449580 0178576 0332220 2828360 1517892 1704666 0439855 1704241 1532717
 1261322 1516048 0020985 0002778 0936012 1524024
 0034850 0439267 0020985 0220825 0423896 0456205 0287990 0919550 0312586 0003241 0021027 1708639
 0017687 0876232 0439267 0034850 1439852 0060916 0086376 0439267 3256935 0991865 0006353 0074757 1882074 0020283 0450407 0450408 0450409
 0456693 1442458 0702093 0332220 0884358 1524063 0520510 1552738 0025663 0025664 0449851
 1264633 1554103 1883708 0600209 1704732 0681850 1550501 1706203 2349001 2697811 0050587 1514893 0017243 1382104 0348011 0600190 0003242 0003241 0021027 0287990 0919550 0020985 1708639
 0005516 3152252 0205091 0441833 1444656 1552822 1999270 3537156
 0336721 0425245 0449580 0178576 0332220 2828360 1517892 1704666 0439855 1704241 1532717
 0030940 0030946 1882074 1947941 2825492 0870432 3152252 0577559 1306372 0178576 0332220 2828360 1517892 1704666 0439855 1704241 0034850 0205054 0205396 1550043 1551388
 1292732 0178576 0332220 2828360 1517892 1704666 0017687 0876232 0441994 1548802 2003888 0021669 1415875 0014442 0021641 1533581 1579433 1532717 0287990 0919550 1532717 1524063 0442711
 0442739 1548568 0392747 0443172 1705241 0178576 0332220 2828360 1517892 1704666 0439855 1704241 1441672 0003241 0287990 0919550 0021669 1415875 0014442 0021641 1533581 1579433 1708639 0439086 1708639 2827736 2981702 1446409 0021669 1415875 0014442 0021641 1533581 1579433 0287990 0919550
 1883351 0022885 0039593 0392366 0287990 0919550 0150312 0449450 0178576 0332220 2828360 1517892 1704666 0439855 1704241 0033684 0178576 0332220 2828360 1517892 1704666 0439855 1704241 0949466 1524063 0003242 0003241 0021027
 0033684 0205171 0439044 0679994 1708639 0332293 0017687 0876232 1522326 1708639 0015272 0175723 0439645 1521913 0597879 1532717
 1883712 1882074 0020283 0287990 0450407 0450408 0450409 0919550 0439340 1880521 2945590 0439526 0332283 2986798 0002778 0008562 0205390 0936012 1524024 1555029 1518422 0443289 0243125 0699900 0033727 0369286 0441932 0564385 1274040 1546471 2825142 1518422 1547282 1705535 0030946
 1883351 1292732 0082712 0242210 1517880 0023688 1273517 0597551 0030956 1883254 0002520 0001128 0450348 0071642 0030956 0082712 0349966 1337208
 0430302 0542502 0004927 1524063 0025663 0449851 0871511 0030956 1998793 1524063 0025663 0449851 0871511 1553640
 0082712 0040223 3541383 0702093 0205170 1514893 2699488 3146287 0040223 3541383 0702093 0021966 0021968 0885449 2348268 0040223 3541383 0702093
 0082712 1883708 0023688 0392366 3245505 0178463 1167624 1947902 2827499 0242210 0033684 0243122 1145667 1167622 1524063 1424736
 0332220 1441672 1424736 1708639 0332220 0028778 0082712 0332206 1979886 2983591 0369637 0441923 1708639
 0230715 0175723 0439645 1521913 1441672 1518422 0082712 0392756 1883712 1705535 1882932 0072393 1418948 0033684
 0520510 0557061 2584313 1514811 1706462 0681814 1524063 0333262 0332256 2700400 0023688 1547282 0597304 0001128 1441672 1882074 0020283 0450407 0450408 0450409 0282443 1425988 1709940
 1511726 3245479 0030940 0030946 1947941 0150312 0449450
 1441414 1553874 1578820 1522821 2987513 1518422 3547574 0021641 0205265 0243125 0699900 1261552 1279901 1514873 1533581 1555582 1579433 1704379 1705117 1705685 2825408 0021669 1415875 0014442 0021641 1533581 1579433 1442934 1179919 0524461 1282864 1301906 1551056 3242339 0392756 0547047 0020283 0450407 0450408 0450409 0034850
 1524063 0034850 0205396 1550043 1551388 0348078 0376315 0054756 0054755 0007075 3146294 3265462 1705965 0030946 1947941
 1524063 0035570 0035569 0337112 1150029 1524075
 0205396 1550043 1551388 0007428 0597304 1273518
 1274040 1546471 2825142 0231448 0439792 0302523 0700325 3244290 1705535 1709694 0030940 0030946 0086597 0127400 1947941 2698651 0392747 0443172 0851285 0020283 0450407 0450408 0450409
 0162326 1514468 0679823 1882074 0020283 0450407 0450408 0450409 1150171 1879549 0030946 0205177 0439167 0441655 1561536 0449234 1704772 1882133 0870883 2698672
 0597304 1882074 0020283 0450407 0450408 0450409 0205164 0205449 0010813 0596311 1274040 1330957 1546471 2825142 0017446 0205147 0017687 0332255 0486805 0876232 0332120 0454907 0017446 0205099 0205147 1515981 1879652 0017687 0332255 0486805 0876232 0332120
 2945843 0010813 0205145 0205164 0450429 0596311 1330957 1515974 1527178 1705938 1511726 3245479 1705535 0332256 2700400 0449719
 2945843 0205145 1707271 0017446 0205088 0205147 0205396 1550043 1551388 1705314 1705315 0678595 0030956 0034850 0205054 0205396 1550043 1551388 2678549 0001128 0020283 0450407 0450408 0450409
 0010813 0596311 1330957 0205177 0439167 0441655 1561536 1882074 2825492 0699919 0073187 0205177
 0868928 1706255 1706256 2963144 0205177 0439167 0441655 1561536 0309049 0010813 0596311 1330957 1709915 1882936 0017446 0205147 1709915 1882936 0301714 0454907 0017446 0205147 0015272 0037791 1511884 0439801 1549649 2349209 0597304 1514468 1704444
 0034850 0332255 1708096 0332158 0337611 1705415 0001473 1706373 0001443 0312235
 0392747 0443172 0332282 1709694 1441672 1425988 0019630 0019628 1291777 0206431 0003320 0439509 0332255 0486805 0007634 0391871 1283071 3282337 0011209 0559563 1705822 0024369
 1879547 0030956 1999216 1148926 1323433 0205177 0439167 0441655 1561536 0001473 1706373 0082712 0086045 1446561 0312860 0034850 0086597 0127400 0007427 1332805 0007428 0009458 0391871 0439536 0521119 1283071 1705217 3244283 0702093
 0043227 1882726 0023884 0034693 0034721 0736268 1278929 2346688 1547282 0061352 0282114 0817086 0004600 0205095 0460009 1995000 0392747 0443172 2266866 0205177 0439167 0441655 1561536 0007603 0025255 0032105 0596901 1550098 1706182 1555029 0011744 0033727 0369286 0441932 0564385 0740116 2827735 2981700
 1704259 1705987 0023688 0440102 1552738 0021641 1533581 1579433 0034850 0082712 0185125 0332281 1632850 1879355
 0183683 1521721 1512571 0005507 0243073 1510438 1547282 0007603 0025255 0032105 1550098 0085732 1299581 0887883 0034850 0699952 1279919 1414861 1708111 0332256 2700400 0023688
 1524063 0008813 0596436 1282913 0242506 0037812 2713504 2984732 1547282 0439155 0243122 1145667 1167622 1516240 1314677 0332255 1708096 0030956 1705417 0085732 0205321 0023768 0023767 0023779 0022023 1700702
 0040715 2987521 0332255 1708096 0521009 1441672 0032086 0032098 0040549 1554077 2828389
 1704259 1705987 1882932 0205390 1300072 1306673 0243125 0699900
 0332220 1547282 1883351 1280519 1704419 0332281 1704241
 0332282 0063651 0063780 1882074 0020283 0450407 0450408 0450409 0392148 0058479 0947344 0556985 2247301 3540495 0947344 0023688 0150312 0178576 0332220 2828360 1517892 1704666 1704241 0026741
 1524063 0449445 0684224 0700287 3496591 0178463 1167624 1947902 2827499 0242275 1323367 0018284 0014520 0018270 0220844 0221920 1521761 1621966 2827422 2911660 0063780 1524063
 0150312 0058479 0947344 3242229 0332220 0063780 0061352 1415011 0017687 0597357 0876232 1882074 0020283 0450407 0450408 0450409 1274040 1546471 2825142 1518422 1547282
 0442726 0242210 0033684 0243122 1145667 1167622 1524063 0678616 1327133 0220781 0439634 1522492 0596260 0441833 0687744 1257890 1552516 1552839 1705428 1705429
 2828360 1273517 1305923 0587267 1514583 1551058 0023693 0037253 0205224 0337112 0521324 1306462 1524075 1881376 1180307 1622186 0001271 0016327 0439133 1553038 0072074 0001271
 0033684 0150312 0205396 0449450 0557651 1550043 1551388 2603343 0332148 0750492 2827734 2981698 0063780 0522527 0033684 0332297 1145667 1167622 1689898 2349209 0205250 1299351 1510827 2700149 0600495 0037791 1511884 0740116 2827735 2981700 0063780 0205197 0004599 0086045 0205251 1299352 1446561 1550472 1999216
 1521970 0332257 1552866 2700399 0332282 2827734 2981698 0036667 0312418 0332268 0427965 1511883 1522640 2346484 2349185 0018353 0740116 2827735 2981700 0332324 0036667 0312418 0427965 1511883 1522640 2346484 2349185 0439086 2827736 2981702 1516240 1145667 1167622 1527121 1517892 1704666 0017687 0876232 1527121 1524063
 1554961 1705847 0017982 0376322 0444868 1521970 3539085 1512202 0242210
 0680240 0392148 0205177 0439167 0441655 1561536 0034850 0033362 0086418 0032923 1547282 1883351 1522240 0653858 0205145 0023899 2828366 0020283 0450407 0450408 0450409
 0947630 0033362 1709694 0287990 0596235 0851827 0919550 1701901 3244310 0449234 1704772 1882133 1184743 1522240 0237753 0449788 0023884 0736268 1278929 2346688 0558295 1549513 1709915 1882936 0332152 1524062 1527178 1709915 1882936 0733755
 0333262 0036734 2717971 0030946 0036720 1947941 1547282 1883351 0015309 0033808 0314768 1532717 0205088 0596260 1705314 1705315 0332255 1708096 0887883 0333262 1383501
 0035820 1705810 1709694 0012550 0012546 0040549 0051962 0003175 0040549 1254288
 0020985 0287990 0919550 0557651 2603343 1425988 0287990 0919550 0887883 0007634 0034850 0150312 0440102 1279919 3282337
 1511726 3245479 0332290 0887883 0034850
 0298190 0014442 1552738 1150256 0205177 0287990 0439167 0441655 0597304 0919550 1561536 1947941 0679133 2827734 2981698 0205177 0439167 0441655 1561536 1518422 0025552 0034760 0311403 3537131 0013618 0013714 0596235 1150256 0205177 0287990 0439167 0441655 0919550 1514873 1561536
 0740116 2827735 2981700 0231175 1883351 0205177 0439167 0441655 1561536
 0439086 2827736 2981702 1514468 1441672 0287990 0919550 0017687 0876232 1439852 0012634 0348080 1705253 0010813 0596311 1330957 1710236 0684224 0700287 3496591
 0162326 1518422 0017687 0150312 0449450 0567416 0876232 1709915 1882936
 0439084 0728893 1554961 1705847 0205145 1515974 2825164 0010813 0596311 1330957 1518422 0678595 0030956 1709305 2745955
 1883712 0017968 1517892 1704666 0287990 0919550 1446409 0439787 0849355 0332283 1719822 2827734 2981698 3152252 0577559 1306372 1532717 0684224 0700287 3496591 1883351 1532717 1547282 0150312 0449450 0557651 2603343 1955473
 0740116 2827735 2981700 0332197 1689985 0034850 1167624 1947902 2827499 0439855 1704241 0681814 1707455 0750563 1999216
 0439086 2827736 2981702 0231174 0680095 0301871 0017968 1524063 0003242 0003241 0021027
 1524063 0243161 0298190 0014442 0014445 1441414 1553874 1578820 2347946 0023884 0736268 1278929 2346688 0487953 0229671 1546774 1550100 1882074 2825492 1552738
 0014442 0332283 1719822 2827734 2981698 0021669 1415875 0014442 0021641 1533581 1579433 1442934 0017687 1514468 1705242 0150312 0449450 0557651 1552738 2603343 0740116 2827735 2981700 0081937 1414141 0072327 0022709 0030940 1947941 0450382 0870432 1705417 3152252 0577559 1306372 0227525 0849355 1883720 3244314 1416526 2827379
 0680022 0683454 1709450 0301714 0002520 2917660 0001128 0014442 0202406 1527178 0392148 0243102 1264638 1547012 1149475 0205177 0439167 0441655 1561536 1518422 1292732
 0699919 1332804 0007428 1709239 0014442 0442757 0439086 2827736 2981702 0758959 0769345 2717970 0030946 1947941 1184743 1522240 0017687 0876232 0242275 1323367 0018284 0014520 0018270 0220844 0221920 1521761 1621966 2827422 2911660 0021665 1334089 0021966 0037657 0221138 0205177 2678549 0020283 0450407 0450408 0450409
 0014175 1427293 1150209 0205177 0439167 0441655 1561536 1150209 0205177 0439167 0441655 1561536 2698651 0439092 0547044 1150171 0205177 0439167 0441655 1561536 0205289 0806909
 0030946 1947941 1273518 0034850 1882074 2825492 0001128 0020283 0450407 0450408 0450409 1274040 1546471 2825142 0205177 0439167 0441655 0597304 1561536 1947941 0001128 0020283 0443288 0450407 0450408 0450409 0302523 0700325 1444656 3244290 0332283 1719822 2827734 2981698 0021467 0021469 0332268 1628982 1882074 2825492 3463820 1999216
 0740116 2827735 2981700 0010357 0872139 1880190 0332268 1882074 2825492 2828360 0443640 0003241 0021027
 0030946 1947941 0017687 0876232 0017687 0876232 0007603 0025255 0032105 0205409 0596901 1264633 1548221 1550098 1706182
 0014442 0870432 3152252 0577559 1306372 0038738 0034760 0038734 0311403 0392747 0007974 3537131 0450442 1254351 1521826 0150312 0449450 0023884 0736268 1278929 2346688
 0002518 0004793 0162326 0162327 1519249 1547282 1883351
 1524063 0020960 1882726 0004793 0023884 0030946 0034693 0034721 0082712 0162326 0162327 0205088 0521447 0736268 1278929 1519249 1705314 1705315 2346688 0439851 1947931 0042789 1947903 0520510 0025663 0025664 0449851 1425988 0150312 0449450 0557651 1547282 2603343 0030946 0332197 2699517 1524063 0020985 0002778 0936012 1524024 0150312 0449450 0678536 0521447 1264633 0026237 0205250 1515981 1998793
 0684224 0700287 3273238
 1299582 0521093 0750484 1456348 0392148 0007603 0025255 0032105 1550098
 0557651 2603343
 1707455 0030946 0082712 0150312 0449450 1881534 0038528 0982262 1264633 1705535 0004083 0439849 0596306 0699792 0029219 0259846 1441547 1881659 2349974 3245521

 1518422 0004793 0162326 0162327 1519249 0033684 1301820 1998793 1273517 1883351 0020960 1707660 2828361 0030946 1947941 0003241 0021027 1518422 1882443 0205177 0439167 0441655 0597304 1561536 1947941
 0947630 1292732 1539479 0017687 0876232 1524063 1510991 0004400 0439086 2827736 2981702 2003901 0684224 0700287 3496591 0017687 0876232 0450429 1515974 0443211 1272684 1524063 0543482 0439086 2827736 2981702 0449445 1292724 0439084 0728893
 0349590 1262865 0020960 0869040 0557651 1273517 2603343
 1705535 0031843 0542341 0700205 1705273 0026237 0031842 0031843 0439849 0445223 0521451 0017687 0876232
 1552616 1706244 0205396 1550043 1551388 1145667 1167622 0017687 0876232 0004599 1882074 0020283 0450407 0450408 0450409
 0947630 0243114 1998793 1880022 1881534 1524063 0008551 0008550 1510827 0036681
 0036681 0008551 2717971 1524063 0008550 0030940 0030946 0036720 1273517 1510827 1334043 0038601 0524842 0018540
 0872253 0243107 0678723 1527148 0562342 1171285 1883351 0376649 1442065 0237881 0750502 0025519 0025520 0017687 0876232
 0392148 0023206 0336791 2827396 0871532 0242210 0033684 0243122 1145667 1167622
 0000723 0556985 2247301 3540495 0947344
 0009226 0009235 0009226 0009235
 2827734 2981698 0012459
 0604267 0439394 0596260 1706495 3642217 0006474 0006476
 2827734 2981698
 0242275 1323367 0018284 0014520 0018270 0220844 0221920 1521761 1621966 2827422 2911660 0242275 1323367 0018284 0014520 0018270 0220844 0221920 1521761 1621966 2827422 2911660
 0034850 1264633 1554103
 0021669 1415875 0014442 0021641 1533581 1579433 0021669 1415875 0014442 0021641 1533581 1579433
 0030946 0030946
 3540812 1100660 0379214 1709708
 0031493 0016327 0031493 0016327
 0008562 0008562
 0040982 0001128 0202406 0040982 0001128 0202406
 1514756
 0034036 0034037 1272684 1548435 1704324
 1514811 1706462 0520510 0557061 2584313 1514811 1706462 0041700 1551090 3538806 0016080 3541314 0442027 3541314 0599958 0009015 0871161 1292721
 0036397 0025141 0031327 1524059 0441712

 0019932 0441472

 0005125
 0597277 1708601 0061352 0017687 0597357 0876232 1522062 0022801 0227525 0007634 3282337
 0000857 0600678 1552863 0243122 1145667 1167622 0871786 0004083 0439849 0596306 0699792 0227525
 0557651 2603343
 1315013 0025141 0016327 0439133 1553038 0369637 0441923 0016327 0439133 1553038 1539479 1883727 1882726 0023884 0034693 0034721 0736268 1278929 2346688 1515655
 0025141 0035826 1413096 2987048 0369637 0441923 1428813 0033727 0369286 0441932 0564385 0035820 1705810 0037083 3537152 0599281 0871786
 0011847 0011849 0000857 0600678 1552863 0016327 0439133 1553038 0243125 0699900 0034850
 0025141 0016327 0439133 1553038 1552154 0282379 0332281 0597304 0034850 0699919
 0201682 0035853 0995005 0597277 1708601 0023031 2986904 0021669 0030946 1622131 1947941 0017687 0876232 0332255 1708096 0205309 1883351 1148651 1707919 1148926 0205177 0439167 0441655 1561536
 0025141 0439214 2348814 0439254 3547574 0243125 0699900 0021669 1415875 0014442 0021641 1533581 1579433 1522821 2987513
 0011847 0011849 0439509 0000857 0600678 1552863 0016327 0439133 1553038 0034850 1708726 0243125 0699900 1515655

 0449913 1553451 1704459
 0449468 0560268 1690016
 0027976 0205314 1508741 2247545
 0043038 0597358 0243122 1145667 1167622 0128936
 0201682 0439254 1880022 0007603 0025255 0032105 1550098
 0201682 0036243 1539696 1825840 3539736 0597277 1708601 3538806 0081937 1414141 0022709 0030940 1947941 0243125 0699900
 1880022 0243071
 0201682 0369637 0441923 0016327 0439133 1553038 0017687 0876232 0030956 0017687 0876232 1522240 0007603 0025255 0032105 0596901 1550098 1706182 0030946
 0201682 0369637 0441923 0030946 0082712
 0201682 0369637 0441923 0016327 0439133 1553038 0332255 1708096 1273518 0017687 0876232
 0349590 1262865 0025141 0082712 0017687 0876232 0449432 1705248
 0016327 0439133 1553038 3540627 0082712 0017687 0876232 3245505 0021643 1999216 1704259 1705987
 0201682 0017687 0876232 0205090 0684010 2603358 0017687 0876232 0369637 0441923 0082712 0017687 0876232
 0182953 1704734 1704735
 0011847 0011849 0016327 0439133 1553038 0369637 0441923 0369637 0441923 0597304 1707271 0017446 0205088 0205147 1705314 1705315 0337112 1524075 0007427 1332805 0007428
 0201682 0016327 0439133 1553038 0369637 0441923 0282379 0332281 1160192 3158357 1160191 2756011 0205160 0851285 1327622 1513916 2825415 2825491 0441712 0034850 0699919 1332804 0007428 0086597 0127400
 0201682 0597277 1708601 0021467 0021469 1628982 3463820 0677626 0007634 0023903 2239176 3282337 0025991 0003250 0003241 0746619 0030946 1947941
 0041703 0268596 1418943 2700624 3642273 0000857 0600678 1552863 0220853 0027971 0202202 0202446 0242485
 0201682 0016327 0439133 1553038 3538806 0597304 0025543 0445356 1704623
 0201682 0204727 0205409 0220862 0007603 3161472 0699040 0007634 0025255 0205148 0596901 1269647 1704653 1706182 1948049 1882726 0023884 0034693 0034721 0736268 1278929 2346688
 0025141 0016327 0439133 1553038 0599281 0871786 1882726 0023884 0034693 0034721 0736268 1278929 2346688
 0014137 0000857 0600678 1552863 0017687 0455052 1521827 0599893 0040715 2987521
 0025663 0025664 0449851 0025141 1880022 0205409 0332155 1548221 0034693 0034721
 0007634 0450388 1269647 1704653 1948049 0025141 0205090 0684010 2603358 0204727 0205409 0220862 0007705 0007703 0439182 0812409
 0007634 1269647 1704653 1948049 0000857 0600678 1552863 0036679 0237868 1881713 0037633 0525069 0146953
 0201682 0597304 0010813 0596311 1330957 1706853 1879748 0018670 1281590 1706305 0162570
 0349590 1262865 0025141 0016327 0439133 1553038 0546866 0369637 0441923 0017687 0876232 0020792 0205396 0243125 0699900
 0014137 0330659 0949824 0972391 1337216 1709694 0032923 1705535 0205369 1552740 0162326
 0201682 0201975 3539604 0597277 1708601 0454812 0150312 0449450 0063612
 0025141 0542341
 0025141 1709694 1279919 1166848 0034850
 0201682 1552154 0010813 0596311 1330957 0333262
 0332120 1882074 2825492 0020283 0450407 0450408 0450409
 0201682 0439255 0010813 0596311 1330957 0034850 1704259 1705987
 0201682 0597304 0031843 0542341 0700205 1705273 0017349
 1517844 0025141 0205090 0684010 2603358 0016327 0439133 1553038 2951520 3544583 0021467 0021469 1628982 3463820 0020063 0030520 1882913 3536885 0019932 0030518 0770558 0544357 0006668 0086418 1704385 2825090 3536753
 0025141 0013123 2825512 1412999 3547574 0243125 0699900 1272688 1280477 3245505
 2347961 0205090 0684010 2603358 0333262 0332256 2700400 1621296 1523873 0023688 0597357 1704241 0007625 0449913 1553451 1704459
 0201682 3541894 1516144 0243122 1145667 1167622 0871161 1292721 0332255 0486805
 0005477 0025141 0442027 0205321 0007634 3282337
 0007634 1269647 1704653 1948049 0025141 0029408 2985270 1704675 0008051 0023693 0037253 0205224 0337112 0521324 0677521 1306462 1365945 1524075 1881376 1180307 1622186 0001271 0016327 0439133 1553038
 0005477 0025141 0205090 0684010 2603358 2827664 0205090 0684010 2603358 0178576 0332220 2828360 1517892 1704666 0521102 0444930 2746065 1180307 1622186 0001271 0016327 0439133 1553038
 0201682 0287990 0919550 0033665 0033666 0038164 0033684 0332464 1314939 1709634 1709694 1883525 2346866
 0025141 0369637 0441923 0021966 0221138 0010813 0596311 1330957 0332255 1708096 1383501
 0201682 0022773 2249699 1879547 0015161 0007634 3282337 1550369 0287990 0884358 0919550 0007634 0030940 0030946 0178539 1515981 1524062 1947941
 0439663 0000857 0600678 1552863 0851285 1327622 0597298
 0007634 1269647 1704653 1948049 0369637 0441923 0018488 1538440 3273279 1710082 1660008 0475264 1744691 0887838 0034850 1100660 0287990 0379214 0599896 0919550 1709708
 0000857 0600678 1552863 0010813 0596311 1330957 0012550 0012546 0040549 0014442 1440926 3484530 0023884 0452849 0736268 1278929 2346688 2362309 1521827
 0201682 0597277 1708601 0369637 0441923 0369637 0441923 0597277 1708601 0597277 1708601 0079160 0004793 0162326 0162327 0376298 1519249 0205145
 0332120 0010813 0596311 1330957 0205145
 0201682 0081937 1414141 0022709 0030940 1947941 0035820 1705810
 0080384 0025141 0205090 0684010 2603358 0005572 0220781 0025519 0025520 0227525 0677626 0007634 3282337
 0000857 0600678 1552863 1100660 0379214 1709708
 0201682 0025141 1418780 1383501
 0600647 0025141 0205090 0684010 2603358 0016327 0439133 1553038 0546866 1512280 2249823 0021467 0021469 1628982 3463820 0010658 2756981 2717970 0033607 1961133 2673177 0010654 0030946 0243077 1622131 1947941 0028778 0332206 1533157 1706084 2828370 0920644 0542341
 0201682 0008551 0008552 0008550 1510827
 1858559 0025141 0018381 0037943 0228341 2239920 0034850 2717971 0377149 0030946 0036720 1622131 1947941 0524842 0018540
 1334043
 0025141