 1564139 0033684 0814120 0030567 0332281 1521736 1833334 2681933 0243083 0277793 0679245 0012634 0332162 1279919 0443343 1883468 0348078 0376315 1522492 0060916 0439267
 0740116 2827735 2981700 0740116 2827735 2981700 0016327 0439133 1553038
 0740116 2827735 2981700 0740116 2827735 2981700 0205155 1293097 1522472 1552923 1705191 0000872 0565990 1552471 0041740 0042321 0205099 0205476 0027778 0027778 0439148 1519795 1704753 1880519 3664984 0022277 0041740 0035831 0022277 1514756
 1272684 1548435 0520510 0025663 0025664 0449851 1514811 1706462 0030567 1521736 2681933 0012634 0524851 0012634 0027746 0011164 1880269
 0026882 1838631 0752100 0441748 1833334 0242422 0332162 0596142 1279919 1517892 1704666 0015576 1704727
 1524063 0005507 0243073 1510438 0033684 1424222 3541418 0348078 0376315 1522492 0678594
 1564139 0033684 1547282 1979963 2003903 0012836 1707455 0007634 0178539 0238767 1514559 1706086 0449913 1553451 1704459 0007634 0229613 1167770 3282337 1705535 0348078 0376315 1522492 1512460 0175168 1510464 0678594
 1441672 0428479 0441889 0456079 1547707 2946261 0229613 1167770 0442811 0205251 1299352 1550472 1883559 0033684 0332307 0445392 1547052 1707455
 1554077 2828389 0684336 0520510
 0681814 0039798 0087111 1522326 1533734 1705169 3538994 0229613 1167770 1444656 1564139 0033684 1637379 1881707
 0031227 0243127 0443331 0582263 0025320 0392747 0443172 0678594
 0520510 0025663 0025664 0449851 1514811 1706462 0030567 1521736 2681933 0012634 0026650 0683921 1864985 0012634 0026649 0032659 1257890 0001779 0001792 0450385 1999167 2827734 2981698
 0233565 1880022 0026837 0700109 0234379 0035253 0040822 1512899 1963252 1843921 1444783 0678226 0205329 1551058 3146286 3550005 0598940 1517945 0175412 0222661 0038590 1269578 0032405 1414437 3283876
 0205418 0085200 0205309 0242821 1995017 1178979 1512035 0010834 0027882 0205397 0282151 0815275 0678594
 0085200 0242821 1995017 3548441 1512693 0332529 0165073 0041538 0740116 2827735 2981700
 0015127 1314792 1524003 0439673 0332148 0750492 0205195 1947911 1516998
 0678933 0017296 0314603 1708726 0017337 0015576 0241888 1517892 1704666 1551359 2741673 2981730 0868928 1533148 1999230 0233820 0205392 0441712 0450254 1521991 3540770
 0332185 0684224 0700287 3496591 0598888 0009015 1833334 0332162 1279919
 0017337 0205309 0205396 1550043 1551388 0165073 1418270 2983549 1421309 3539585 3541328 0164005 0441918 1179698 1416177 1417836
 1272688 1280477 0439234
 1512571 1882509 0439780
 0576471 2607943 2926606 3539655 0205474 0947630 1999230 0183683 1521721 0311404 0439849 0445223 0038435
 0543488 0077678 0673396 1150651 1537044 0023689 0033684 0205177 0439167 0441655 1418270 1537525 1561536 2983549
 0026882 0332281 0015576 0241888 0597297 0597304 0860902 1623036 0033684 0205307 0243125 0439166 0521102 0699900 2347086 0449913 1553451 1704459
 0442797 0205177 0439167 0441655 1561536 1159372 0033684 1274040 1521840 1546471 2825142 2986546 0165073
 0332120 1154437 0025519 0025520 1273518 0038590 1269578 0311405 0030011 1441488 0013030 0220781 0439634 1522492 0314672
 0063146 0302912 0439807 0700307 0010957 1883709 0033684 0028606 0001128 0007610 0031676 0007634 0011164 0178539 0332152 1522538 1880269
 0015576 1704727 0009462 0027778 0022277 0596611 0026882 0150312 1883351 0332281 0441748 1833334 0332162 0596142 1279919
 0015576 1704727 1442161 1511760 1880274 0849355 1883720 3244314 0332257 0015295
 1274040 1546471 2825142 0185117 0205197
 0015576 1704727 0162735 0026882 1552961 1705285 2347617 0205396 1550043 1551388 0332294 0023401 0205250 0678226 1555721 1706204 1709915 1882936 0733755 0033684 1424222 3541418 0033382
 1424222 3541418 0012836 0440744 0040300 0086418 0150312 0449450 0007610 0010834
 0031845 0005532 0031843 0205460 0542341 0700205 1705273 0947630 1705535 0035820
 0332120 1424222 3541418 0012836 0032214 0600138 0035820 1705810

 1424222 3541418 0012836 0205396 0220905 0439673 0439855 1550043 1551388 1704241 1704735 1711351 1419339 1425671 1446172 0332256 2700400 2266866 0205177 0439167 0441655 1561536 1148846 1711351 1516240 1145667 1167622 0439855 1704241 0018790 0237477 0392351 0521111 2266866 0205177 0439167 0441655 1561536 1148846
 0079613 0034786 1447749 0002844 0597357 3536949 1335625 1431910 0297981 1335623 0597357 0034786 1447749 0002844 0033684 3536949 2239370 0242210 0033684 0243122 1145667 1167622 0243122 1145667 1167622 0034786 1447749 0002844 0597357 3536949
 0680022 2698041 1999216 0205171 1518422 1720467 1539895 0534100 0077678 0815043 1527118 0023689 0031843 0033684 0332307 0542341 0700205 1537525 1547052 1705273
 1538642 0205435 1279901 1323350 0002843 0085805 1366439 0034786 0242210 0597358 1447749 0423866 2626739 1148774 1152633 0205177 0439167 0441655 1561536
 1424222 3541418 0012836 1947931 1323350 0034786 0597358 1447749 1148623 0002844 0017446 0205147 0243122 0597357 1145667 1167622 1538642 3536949 1538642
 2239370 1424222 3541418 0012836 1145667 1167622 0034786 1447749 0002844 0597357 3536949 0443264 1148774 1152633 0205177 0439167 0441655 1561536
 1424222 3541418 0012836 0021467 0021469 1628982 3463820 1148774 1152633 0205177 0439167 0441655 1561536 0034786 1447749
 0947630 1705535 1424222 3541418 0012836 0033684 0205342 0274281 0332157 0678226 0020281 0030493 0242606 1708102 0021212 0031843 0038435 0311404 0542341 0700205 1235732 1522602 1705273 1301808 1442792 3148680 1515655 0205419 0429863 0441994 1548802 2003888 3537219 3539772 0017243 0871261 1704632 1706817 2911692 1265611 0162772 0030054 0205332 1705920 0282636 0025519 0025520 1510824 0007634 3282337 0040300
 1441414 1553874 1578820 1517945 0030657 1136169 0013331 0015576 1704727
 0441712 1706376 0026882 1705285 0027552 0686904 1883351 2986669
 0030946 0678594 1527178 1705938 1947941 1017746 0524918 0450348 0681842 1882327 0026344 3161035 3242379 1424222 3541418 0012836 0425382 0678594
 0150312 1883351 0348078 0376315 1522492 0521164 0678594 1260969 1705184 0596448 0205681 0205145 0205177 0017446 0205147
 3161035 0442504 1704765 1882509 3496241 0931513 2952958 0205090 1999230 0681841 0033382 0392148 0332148 0750492 0018882 0229304 1704821 1705682 0348078 0376315 1522492 1292711 0449719 1709471 0359589 1999230 0337143 0205431 1292711 0449719 1709471
 0449774 0184967 1289829 2828395 1424222 3541418 0012836 3161035 1881534 0332148 0750492 1424222 3541418 0012836 0348078 0376315 1522492 0205418
 1292732 1512571 0033684 0332148 0750492 0348078 0376315 1522492 0596448 0348078 0376315 1522492 1512460 0678594
 0392747 0443172 0678594 0220781 0439634 1522492 0686907
 1883712 0684224 0700287 3273238 0185117 0007634 3282337 0205251 1299352 1550472 0012836 1707455 0370003 2347026 1705535 0597297 0031227 0243127 0443331 0032214 0600138 0035820 1705810 0205170 3146287
 0520510 0025663 0025664 0449851 1514811 1706462 1660749 0475264 1744691 1547282 0010834 0521449 0597879 0332257 0454802 0018873 0085262 0007634 3282337
 0454802 0085262 0007634 3282337 0487602 1704680 0487602 1704680 0700364 0750554 1883351 0026237 0392752
 0026344 1424222 3541418 0012836 1521991 1711239 3161035 0442504 1704765 1882509 3496241 0931513 0205090 0805874 0870077 1446409 0439787 0849355 1657244 0475264 1744691 0686907 1524063 2827421
 1257857 0376702 0007634 3282337 0185117 1139855 1524062 2827421
 0033684 1424222 3541418 0282646 0016318 0079603 0234621 0439852 1524063 1979003 0312586 0003241 0021027 0359168 0003250 0003242 0003241 0021027 0085216 0003241
 0003241 1518422 0038128 1257857 1424222 3541418 0376702 0007634 0012836 0205227 0454802 3282337
 0007634 3282337 1274040 1546471 2825142 0521093 0750484 0947630 1547282 1660153 1657244 0475264 1744691 0012836 0349966 1337208
 2825407 1547282 0010834 0521449 0487602 1704680 0012836 0033684 0205397
 1274040 1546471 2825142 0851827 1701901 3244310 0162339 0178587
 0449911 0333052 2607870 0557702 1272706 1704674 0557702 1272706 1704674
 0026237 0392752
 1257857 0376702 0007634 3282337 0012836 1518422 1522485 1708632 2827421
 0185117 1424222 3541418 0282646 0016318 0079603 0439852 1441672 1524063 0003241 0021027 0051979 0034493
 1424222 3541418 0012836 0348078 0376315 1522492 0596448 0026882 1705285 0001721 0220781 0439634 1522492 0026344 3161035 1708698 1424222 3541418 0012836 0332148 0750492 0348078 0376315 1522492 1512460 0678594 0686907 1657244 0475264 1744691 1882932 1180347 1523872 0033684 1704241
 1512571 0008559 0016107 0017243 1292732 1382104 0005507 0243073 1510438
 1424222 3541418 0012836 0205250 1512977 0007634 0024660 3282337 1881488 0018873 0007634 3282337 1185738 1547902 1706132 1706245 1979893 3540812 1524063 0012634 0348080 1705253 0037494 1959973
 1264633 1424222 3541418 0012836 0205227 0392148 0936012 0005863 1524063 0003241 0021027
 1424222 3541418 0376702 0012836 0454802 0018873 0007634 3282337 1264664 0237753 0449788 0450348 1264633 1554103 0026385 0005910 0043100 1305866 1521991 1705104 1511726 3245479 1518422 1547282 1705535 1424222 3541418 0012836 0348078 0376315 1522492 0596448 0680240 0026344 3161035
 0686907 1883708 1292732
 1257857 0376702 0007634 3282337 0012836 2349105 2827421
 1264633 0234621 1524063 0003242 0003241 0021027
 0026385 0005910 0043100 1305866 1521991 1705104 1264664 0150312 0237753 0449450 0449788 1264633 0450348 0026385 0005910 0043100 1305866 1521991 1705104
 0332290 0596448
 1979874 0150312 0449450 0005516 0033684 1441565 1979963 2003903
 1274040 1546471 2825142 1705535 0348078 0376315 1522492 1512460 0678594
 0449911 0333052 2607870 0557702 1272706 1704674 0557702 1272706 1704674
 0520511 1704711 0008559 0016107 0017243 1382104
 0805525 1264633 0012836 2349105 1524063 0037494 0470296 1959973
 0805525 1264633 2986479 0243148 1550141 1882979 2587213 3274648 0018684 0031206 0022275 0030705 0337810 1515981 0206243 0026882 1705285
 1424222 3541418 0012836 0442726 1511790 1524063 0003241
 0681814 0884358 1524063 0449913 1553451 1704459 1517331 1880022 1424222 3541418 0007634 0012836 0205227 0229613 3282337 0450354 1706096 0206243 0162735 0026882 1552961 1705285 2347617 2986479 0027361 0237401 0243148 1515981 1550141 1882979 2587213 3274648
 1264633 1554103 1279919 0038659 1705535 1424222 3541418 0231162 0012836 0205307 0439166 2347086 0012634 0348080 1705253 0026377 0026882 1705285 0001721 0678594 0348078 0376315 1522492 1180347 1523872 0033684 1704241
 1705175 1705176 1705177 1705178 1882348 0557651 2603343 0237897 0808080 1705922 0681814 0205341 1524063 0006353
 0086045 0392366
 1883559 0332307 0445392 1547052 1979963 2003903 1518422 0037494 0039798 0087111 0392760 1314939 1522326 1533734 1705169 1959973 3538994 1705535 1704675 1424222 3541418 0442821 1553387 1948035 0205250 0392148 0441889 1299351 1956027 2700149
 0392148 0037494 1959973 1883559 0332307 0445392 1547052 0139916
 0700364 0086045 0205263 0033684 1564139 0033684 0596988 0205431 1522492 1512460 0678594
 1518422 0001721 0872079 1704675 1280500 2348382 1660642 0475264 1744691 0220781 0439634 1522492 1883708 0392366 0872079 1704675 0026882 0332454 1705285
 0947630 1547282 1704675
 1883351 0333118 1516240 1257857 0376702 0007634 3282337 2349105 2827421
 1538642 1708067 0332268 0678594 0332256 2700400 0010654 0019602 0033993 1419454
 1881488 0033684 0003242 0003241 0021027 2349105 0301871 0003242 0003241 0021027 0234621 1708067
 1547282 1538642 1883559 0332307 0445392 1547052 1538642 1705535 0026882 1705285 1518422 0001721 1516240 0033684 1145667 1167622 1538642
 0449911 0333052 2607870 0557702 1272706 1704674 0557702 1272706 1704674
 1413968
 1257857 0376702 0007634 3282337 0012836 2349105 2349105 2827421
 0439165 0003242 0003241 0021027 2349105 0020985 1708639 0003242 0003241 0021027 1708639 0035253 1622890 0003242 0003241 0021027 2349105 0301871 0332283 0020985 0003242 0003241 0021027 1708639
 0021069
 0582525 0005863
 1883351 1292732 0026882 1705285 1280500 2348382 1424222 3541418 1512977 0007634 0012836 0024660 3282337 1257857 0376702 0007634 3282337 0432616 0025914 0025929 0026809 0746619 2349105 2986582 1979003 0312586 1624602 1424222 3541418 0012836 0033684 0085216 0442726 1511790 0003241
 1705241 1705242 0012836 0475264 0521447 1441672 1744691 2349105 1424222 1883559 3541418 0441729 0012836 0332307 0445392 1547052 1707455 1511726 3245479 1518422 1547282
 1424222 3541418 0012836 1518422 1947931 1720655 1947974 1158819 2362546 0085401 2700455 0033684 1720655 1947974 0085400 3546648 0242821 1707391 1826583 1995017
 0475264 1744691 1515021 1720655 1947974 0006104 0205418 0949664 0332257 0236642 0012634 1707391 1826583 0002395 1521724 0012634 0035820 1705810 0543483 0699748 0011265 0497327 0242422
 0884358 0681814 2349105 2349105 1720655 1947974 2827421 1883351 0475264 1744691 1704675 1720655 1947974 0030664 1518422 1521733 1709305 2745955 0012634 0348080 1705253
 1442464 1881488 0003242 0432616 0003241 0021027 0031715 0085862 1158886 1299583 1720655 1947974 0301871 0020985 0936012 2349105 1624602
 1449705 0021069 1441672 1511726 3245479 1518422 1547282 1705535 0475264 1744691 0205397 0205418 1720655 1947974 0851827 1701901 3244310 0205418 0086597 0127400 0205437 0033684
 1883351 1292732 1424222 3541418 0012836 0085732 1299581 0165073 0449432 1705248 1257857 0376702 0007634 3282337 0120285 2827421
 1881488 0008559 0016107 0017243 1382104 1979893 1524063 0012634 0348080 1705253
 1264633 0120285 0234621 1624602 0442726 1424222 3541418 0012836 0165073
 1547282
 0165073 0348078 0376315 1522492 1180347 1523872 0033684 1704241 0449774 1518422 1424222 3541418 0012836 0185117 0392747 0443172 1705241 0349966 1337208
 0085732 1299581 0301871 1424222 3541418 0012836 0165073 1257857 0376702 0007634 3282337 2827421 1511726 3245479 1518422 1547282 1705535 1424222 3541418 0012836 0165073 1518422 1947931
 0449911 0333052 2607870 0557702 1272706 1704674 0557702 1272706 1704674
 0520511 1704711 0033684
 1257857 0376702 0007634 3282337 0165073 2349105 2827421 0165073 2349105 0120285 2347469 2827421
 0370003 2347026 0008559 0016107 0017243 0086972 0443299 0687118 1382104 1264633 1554103 1514893 2699488 0165073 0392148 0392366 1424222 3541418 0012836 2349105 1624602
 0596969 0456389 2349105
 0748025 0242972 0428479 0205251 0441889 0456079 1299352 1547707 1550472 2946261 1424222 1883559 3541418 0441729 0012836 0332307 0445392 1547052 1707455 0681814 0700364 1883351 0205169
 1883351 1292732 0037088 0243095 2825141 1257857 0376702 0007634 3282337 0012836 2349105 2349105 0020985
 0020985 1547282 3244092 0185117 0441889 0456079 1547707 2946261 0441994 1548802 2003888
 0681814 0392762 1511726 3245479 1518422 1547282
 1883351 0332196 2828389 0037088 0243095 2825141 1707271 0037293 0150312 0181496 0205088 0449450 1705314 1705315 1710492 0599566 0086022 0442335 1273517 1292732 1280500 2348382 0007634 3282337 0030705 0206243 0026882 1705285
 0681814 0007634 0229613 0884358 3282337 2827734 2981698 0007634 3282337 0030705 1518422 1424222 3541418 0012836 0030705 0206243 0026882 1705285 0370003 2347026
 1547282 0442726 1511790 0012836 0150312 0449450 0243148 1550141 1882979 2587213 3274648
 1883351 0521093 0750484 1456348 1265611 1708639 1708715 1321564 0003241 0021027 2347943 0041348 2937342 0349966 1337208
 1883351 0805874 0870077 1446409 0021228 1705241 1705242 0205341 0009932 0681814 1511726 3245479 1518422 1547282 1274040 1546471 2825142
 3244092 0185117 0441889 0456079 1547707 2946261 1705241 1705242 0441889 0456079 1547707 2946261 1705241 1705242 0205360 2347098 0205307 0439166 2347086 0298973 0033684
 0449911 0333052 2607870 0557702 1272706 1704674 0557702 1272706 1704674
 0678587 0683927 0456947 0205361 0441889 0456079 1301808 1442792 1547707 2946261 3148680
 0007634 3282337 0007634 3282337 1708639 0439086 2827736 2981702 0439084 0728893 0007634 3282337 1708639 2986479 0243148 1550141 1882979 2587213 3274648 0018684 0031206 1424222 3541418 0012836 0030705 0206243 1442161 1511760 1880274 0012836 0030705 0206243 0162735 0026882 1552961 1705285 2347617 0006353 0024348 0370003 2347026 1514893 2699488
 0185117 1424222 3541418 0003241 0021027 0234621
 0185047 0003242 0003241 0021027 0041348 1708632 2937342
 0681814 0035668 0439175 0439810 0884358 0007634 0030705 0205409 0229613 1548221 3282337 0370003 2347026 1524063 0206415 1424222 3541418 1711300 2700613 0015295 0439084 0728893 0015295
 0206415 0205369 1552740 0005507 0243073 0332257 1510438 3538986 1999230 0243148 1550141 1882979 2587213 3274648
 0150312 1705241 1705242 0030705 0370003 2347026 1511726 3245479 1518422 1547282
 1883351 0557651 2603343 1705241 1705242 0298973 0033684 0884358 0681814 0018517 0376558 2825407
 1167624 1947902 2827499 0025646 0033684 2348792 1442103 1547049 0040223 1516695 1516698 1705242 3541383 1552961 2347617 0439086 2827736 2981702 0456696 1442770 0003242 0003241 0021027 2349105 0301871
 2349105 0205360 1547311 2349105 0205197 1442460 1553638
 0871208 1521828 1441672 0311403 0597295 1524063 0010572
 1321095 1705648 2347093 2348338 0205397 0439083 0439087 0521093 0750484 0033684 0700364 1883351 0033684 2346714 2348792 0040223 3541383 1552961 2347617 0936012
 0449911 0333052 2607870 0557702 1272706 1704674 0557702 1272706 1704674
 0033684
 0012836 2349105 2349105
 2348792 0040223 3541383 1552961 2347617 1883727 0439086 2827736 2981702 0456696 1442770
 1881488 0003242 0003241 0021027 2349105 0301871 0370003 2347026 0017243 1382104 0332157
 0004561 0007634 3282337 0370003 2347026 0030705 0206243 0026882 1705285 0332293 0010572 1522326 0439526
 1881488 0035953 0600140 1704688 2346414 0003241 0021027 1708632
 2348485 0040223 0274281 0332157 1632851 1273517 1883351 0442726
 0520510 0025663 0025664 0449851 1514811 1706462 1274040 1546471 2825142 0005507 0243073 1510438 0007634 3282337 0449913 1553451 1704459 1705535 0348078 0376315 1522492 0596448 0026344 0681842 1521991 1882327 3161035
 0150312 0449450 3244092 0185117 0441889 0229613 1167770 0442811 0205251 1299352 1550472 1883559 0033684 0332307 0445392 1547052 1707455
 1709915 1882936 0205250 0015219 0033684 1424222 3541418 0036702 0162775 0004793 0162326 0162327 1334043 1519249 1527178 1705938 2697616 1424222 3541418 0012836 1705535 0002520 2917660 0001128 0202406 0931513 0205090
 0018882 0229304 1704821 1705682 0039869 1883351 1424222 3541418 0012836 0205250 0220781 0439634 0678594 1299351 1314939 1522492 1705175 1705176 1705177 1705178 1882348 2700149
 0025320 0392747 0443172 1705241 0023401 0033382 1280500 2348382 0443221 0596448 0678594 1883559 0033684 0332307 0445392 1547052 1707455
 0333051 2347509 1564139 0033684 0596988 1441672 0681814 0686907 0001721 0600210 1533574 1881827 0012634 0348080 1705253
 0449774 1424222 3541418 0012836 0150312 0449450 0596973 0205431 1522492 1180347 1523872 1704241
 0243122 1145667 1167622 0442821 1518422 0036140 0037494 0205250 0206136 0332454 1299351 2700149 0012634 0348080 1705253
 2347946 0678594 0392747 0443172 0678594 1705241 1518422 0441471 0026882 1705285 1518422 0392747 0872079 1704675
 0332185 0681367 0947630 0684224 0700287 3496591 0444626 0427896 0678594 1533132 1704641 0443289 0033684 0348078 0376315 1522492 0596448 0220781 0439634 1522492 0750492 0031845 1424222 3541418 0005532 0012836 0031843 0205460 0542341 0700205 1705273 1707520 0680240 1274040 1546471 2825142
 1516084 1883351 1301820 1706701 0444626 0175168 1510464 0427896 0678594 1533132 1704641 0231175 0681814 1547282 2987476 0037633 0150312 0332285 0525069
 1279919 0557651 2603343 0183089 0392747 0443172 1705241 1883559 0033684 0332307 0445392 1547052 1707455
 1257857 0376702 0007634 3282337 0085262 0007634 3282337 1441672 0597704 1159772 0475264 1744691 0026237 1547282 0475264 1744691 0007610
 0521093 0750484 1274040 1546471 2825142 0475264 1744691 1707271 0037293 0181496 0205088 0392148 1705314 1705315 1710492 2827421 1273517
 2347946 1518422 2963144 1424222 3541418 0012836 1518422 1710082 0332196 2828389 0026237 0243122 1145667 1167622 0033684
 1705535 1424222 3541418 0012836 1148564 0003402 0205177 0439167 0441655 1561536 0205349 0242606 0038435 0311404 0392747 0020281 3146294 0030493
 0947630 1705535 0035820 1705810 0040549
 0679133 1883351 0686907 0024501 0220781 0439634 1522492 0443301 1515981 1180347 1523872 0033684 1704241 0026237 0392752 0332294 0033684 0205245 0332197 0542341 0678226 1689985 2700217 0010834
 1524063 0443640 0003241 0030705 0524851 1522560 0012634 0332257 0002395 1521724 0012634 0236642 0012634 1707391 1826583 0475264 1744691 1441672 1515021 1720655 1947974 0205418 1705535 1149552 0205177 0439167 0441655 1561536
 1274040 1546471 2825142 0680240 1551058 0037088 0243095 2825141 1334043 0001758 0039798 0087111 0547043 0851285 1282911 1522326 1533734 1705169 3538994 0004489 0007066 0001128 0202406 0596260 0243071 1515877 1879547 0018850 0282498 0018837 0036974 1521761 2827422
 1424222 3541418 0012836 0884358 2947996 0035820 1705810 0007634 3282337 0033684 0205166 1706317 0085732 1299581 0884358 2947996 0031843 0542341 0700205 1705273 1705285
 0680226 1611820 0302523 0700325 1964257 0033684 0449913 1553451 1704459 0007634 3282337
 0681814 0005507 0243073 1510438 1564139 0033684 0443343 1883468 1637379 1883559 0033684 0332307 0445392 1547052 1881707 1979874 0205360 1547311
 0678587 0683927 0428479 0456947 0205361 0441889 0456079 1301808 1442792 1547707 2946261 3148680 2347946 1883708 0332148 0750492 1709743 0541749 1273518
 0947630 0450355 0011155 0162429 1623416 0050688 0085744 0030016 0011155 0162429 1623416 0012634 1547282 0597297 0597304 1623036 0243125 0699900 0441712 1706376 0032214 0600138 0035820 1705810
 0332185 1314939 0243125 0699900 0684224 0700287 3496591
 0449255 0542559 1883708 1274040 1546471 2825142 1704675 1704675 1512045 0178602 0851827 0869039 1114758 1701901 3244310
 0456947 0205251 0441889 0456079 1299352 1547707 1550472 2946261 1518422 0205410 0949469 0013081 0034786 1447749 0002844 0332152 0597357 0851285 1327622 1522538 3536949
 0871161 1882134 2347695 1149552 0205177 0439167 0441655 1561536 0205250 1299351 1444783 2700149 1564139 0033684 0596988
 1707478 1274040 1546471 2825142 1705535 0205360 2347098 0205170 3146287 1517945 0026882 1441414 1553874 1578820 1705285
 0301630 0392756 0441610 0678587 0683927 1424222 3541418 0456947 0012836 0205361 0441889 0456079 1301808 1441672 1442792 1547707 2946261 3148680 2698977 0884358 2947996 0031845 0005532 0205460 0542341 0332152 1522538 0242422
 0520510 0520510 0025663 0025664 0449851 1514811 1706462 0032136 2349105 2349105 1552738
 0079941 0004793 0009219 0162326 0162327 1519249 0285890 1420276 0165073 0439095 2003941 2350010 0032520 0677874 1332801 1707158 0009013 0077229 0120285 0146224 3540513 2349105 0077229 0146224
 2827421 0006556 0035379 0035668 0040646 0332293 0439175 0439810 1522326 1555029 2257077 0370003 2347026 0026882 0030705 0206243 1515981 1705285 1524063 0439780 1953384 0206415 0439084 0728893 0439084 0728893
 1514468 0086022 0009013 0009015 0077229 0146224 0442335 1506978 1705099 1705538 0332255 0486805 1883708 0599566 0086022 0185117 0348011 0442335 1705099
 0680011 1553778 1561491 1711411 1524063 0013343 0333052 0549177 0851166 1705818 2607870 3205287
 0205341 1705914 1720655 1947974 0009013 1552738
 1538642 1999230

 0003241 0003241 1273517 0359168 0003242 0003250 0003241 0021027
 0457242
 0025914 0025929 0026809 0443737 0700271 1317659 0746619
 1720655 1947974 0044222 0033727 0369286 0441932 0564385
 1424222 3541418 0012836 0025914 0025929 0026809 0746619
 0041348 2937342
 1880022 1552738
 0034493 0051979 0869011 0085216 0522529 0076308 0522529 1719918
 0007585 0007634 0010453 0220814 0430400 1269647 1704653 1948049 2242979 0376702 0040669 0454802 0018873 0007634 3282337 0010454 0009458 0325564 0392747 0439536 1551720 1705217 3244283 0010453 0220814 0430400 2242979 0242295 1947943 2348609 0015965 0229671 0230445 0521457 1305418 1546774 1550100 0030842 0220892 0038425 0444868 3539085 0333118 2347816
 0007634 3282337 0030705 0206243 0026882 1705285 0013331 0030705 1515981 0206243 1442161 1511760 1880274 0010454 0009458 0439536 1705217 3244283 0010453 0220814 0430400 2242979 0015965 0229671 0230445 0521457 1305418 1546774 1550100 0242295 1947943 2348609 0003232
 0332173 0439228 0439505 1301886 0020498 0036563 1705192 1882540 2346495
 0007634 3282337 0012836 0032136 0185117 0332256 2700400 0120285 2349105 1720655 1947974 1524063 0034760 0034866
 0008559 0016107 0017243 1382104 0184967 0332152 0740175 2257086 0449913 1273517 1553451 1704459 0331955 1883351 0008559 0016107 0017243 1382104 3152252 0577559 1306372
 1514721 2348147 3542016 1185738 1706132 0439801 1549649 2349209
 1705175 1705176 1705177 1705178 1882348 1185738 1706132 1883351 3152252 1264663 0577559 1306372 0005516 0006353 0185125 0205449 0016640 0033684 0524811 1273517 3161031 0006353 0006353
 0150312 0449450 0205166 1706317 1660228 0035280 0040223 0333117 1753315 3541383 1185738 1706132
 0035953 2346414 1185738 1706132 0006353 0024348 1536403 0020283 0450407 0450408 0450409 0013618 0037494 1959973 0678420 0033607 3536890 0205197 0725685
 1881488 0037680 1883708 0179834 0450376 1301820 1706701 1550101
 1881488 1519042 0740116 2827735 2981700 0449913 1553451 1704459 1720154 1979963 2003903 0030695 0150369 0181904 0596972 1521743 1704646 2826285 0806140 0871208 1521828 0702093
 1264633 1516695 1516698
 0596607 0013855 0017243 1382104 0033684 0150312 0439175 0439810 0449450 1881488 1264633 0037506 1318391 0058632 0074769 0006353 0037473 0038720 0370003 0391871 0475337 0597484 1283071 2347026 3536965 0596607 1704732 0025255 0348011 0596901 0600190 1706182
 0005456 0033618 0025255 0028778 0332206 0596901 1706182 2983591 1720830 1823521 0242295 1947943 2348609 0560267 0011682 0205222 1512080 0026131 0349374 0444318 2825079 0041415 2348236 0005903 0039476 1547703
 1881534 1524063 0003241 2827734 2981698 0359168 0003250 1624602 2827734 2981698 0025914 0025929 0026809 0120285 0746619 1442450 2348236 0005903 0039476 1547703
 0332282 0441648 0025255 0003241 0027627 0175668 0205436 1439852 1548787 0019941 0027021 0031179 0330510 0522529 0939835 1110641 1318719 0443286 1114821 1514468 0234621 1524063 0034760 0812225 1150635 1705212 1705213 3273202 0302828 1442085 3263700
 1424222 1449705 3541418 0012836 0021069 0005507 0243073 1510438 1257857 0376702 0007634 3282337 1424222 3541418 0012836 2349105 2349105 2827421
 0439227 0007634 3282337 1516695 1516698 0006353 0024348 0205463 1552738 1552738 1521827
 0439165 0359168 0003242 0003250 0003241 0021027 0025914 0025929 0026809 0457242 0746619 1708067 0020985 2827734 2981698 0035253 1622890 0359168 0003242 0003250 0003241 0021027 0025914 0025929 0026809 0746619 2349105 0301871 0439583 0450376 0060916 0332283
 0033684 0003242 0003241 0021027 0442726 1511790 1708067 2827734 2981698
 1424222 3541418 0012836 1257857 0376702 0007634 1269647 1704653 1948049 0250875 0012836 2349105 2349105 1720655 1947974
 0205450 0724000 1442464 0007634 3282337 0006353 0024348 0205463 0332256 2700400 2349105 0301871 1720655 1947974 0044222 0033727 0369286 0441932 0564385 0003241
 1511790 1550369 0884358 1524063 2349105 0250875 1720655 1947974 0003241
 1424222 3541418 0012836 1257857 0376702 0007634 3282337 0012836 0120285 0120285 2349105
 0439227 0007634 3282337 0006353 0024348 0205463 0332256 2700400 0037500 0037473 0086123 0597484 0003242 0003241 0021027 2349105 0301871
 1511790 1550369 0884358 1524063 0003242 0003241 0021027 2827734 2981698
 0018517 0376558 2825407 0012836 2349105 2349105
 0439227 0007634 3282337 0369077 1370112 2927891 0009458 0010654 0010682 0017797 0025646 0332296 0439536 0546634 1705217 1880497 1996904 3244283 2348531 1442460 1947910 0010654 1701810 1882955 0439582 0040223 1444656 3541383 0205197 0725685
 1881488 0006353 0024348 1301820 1536403 0044508 0068941 0439509 1706141 2827734 2981698 0003242 0003241 0021027 2349105 0301871 0036681 0060916
 0301871 1514893 2699488 0234621 0002778 0037585 0936012 1524024 1709793
 0018517 0376558 2825407 0007634 0229613 1292732 3282337 0597295 0033684 0220781 1883254 0010572 1719918 2348792 0040223 3541383 1552961 2347617 1444656
 0993610 0006353 0370003 2347026 0037680 1515981 0020985 0936012 0003241 0021027
 1514628 0392762 0599161 0453882 1273517 1883351 1424222 3541418 0012836 1840025 0017337 1515146 0021966 0221138 0439780 1515146 0021966 0221138 1555029 0439780 0015295 1555029 1711300 2700613 0439084 0728893 0015295 1424222 3541418 0012836
 0439780 0439084 0728893 1555029 0439084 0728893
 0443286 1114821 1521827 1524063 0812225 1150635 1705212 1705213 3273202
 0016318 0079603 0332173 0439228 0439505 1257857 0376702 0007634 3282337 0017596 1947936 0036563 1705192 1882540 2346495
 0040669 0034760 0253711 0332287 0884358 0947322 1552738 1705426
 0439227 0007634 3282337 1720830 1823521 1701810 1882955 0070066 0231441 0443218 2827483 0001963
 1424222 3541418 0012836 0442726 1511790 1524063 2827734 2981698 1424222 3541418 0012836 0025914 0025929 0026809 0746619 2827734 2981698 0003241 0051979 0034493 1624602 2827734 2981698
 0007634 3282337 1701810 1882955 0017596 0444330 0449878 1705201 1947936 0009458 0439536 1705217 3244283 0181909 0449878 0086022 0442335 1705099 0057142
 1704254 1704922 3542466 1524063 0449913 1553451 1704459 1517480 1521871 1705759
 2986676
 1999230 2827421 0205090 0684010 2603358

 0043227 1521721
 0016617
 2825232 0282413 0376649 1442065 0587466 1704729 0205155 1293097 1522472 1552923 1705191 0887950 0000872 0565990 1552471 0041740 0042321 0205099 0205476 0557775 1511780 0027778
 0254343 0796520 3272379 0450355
 0085205 1549619 1880669 0450355
 0013849 1705961 0027778 0560008 1514811 1706462 0520510 0025663 0025664 0449851 1514811 1706462 2346751 0369637 0441923
 0030567 1521736 2681933 0012634
 0205435 1279901
 1414400

 2603360 2349138 0369637 0441923
 0309048 0332621 0439168 2754100 0011065 1306577 0752347 2697416 0085200 0011265 0242821 0460148 0497327 1268086
 0007587 0007634 0011065 1269647 1306577 1704653 1948049 0439084 0728893 0025141 2603360
 0019247 0017398 0017399

 0025141 0021966 0221138 2347469 2349138 0369637 0441923
 1418270 2983549 1521736 1704259 1511986 1705987
 0027882 0450355 0025141 0205090 0684010 2603358
 1704259 1705987
 0027882 0025141 1551910 0369637 0441923 2603360 1551910
 0026882 0023693 1306462 1881376

 1315013
 0369773 2603361 0439114 0369637 0441923 0016327 0439133 1553038 0369773 2603361
 0596611 0026882 1838631 0752100 0332281 0441748 1833334 0242422 0332162 0596142 1279919
 0036397 0033727 0369286 0441932 0564385 1553033 0328104 1415875 2826366 0014878 0522667 0730321 2347469 0040452 0242726 1318154 1705917 0033727 0369286 0441932 0564385
 0596611 0026882 1705285 0015576 0205396 1550043 1551388 1704727 0030567 1521736 2681933 0012634
 0036397 2603360 0369718 0441922 1553036 0033727 0369286 0441932 0564385 0369718 0441922 1553036
 0596611 0026882 0015127 1524003 1868675 0752100 0752105 0242422
 0349590 1262865 0025141 0205090 0684010 2603358 0439267 2347469 0439267 0439267
 1521736 1511986 1704259 1705987
 0349590 1262865 0025141 0439090 1423767 0369773 2603361 0033727 0369286 0441932 0564385 0033727 0369286 0441932 0564385 0554249 0205090 0439267 0684010 2603358 0597277 1708601
 0026882 0030567 0332281 1521736 2681933 0243083 0277558

 0325074 0025141 0369773 2603361
 0242606 0038435 0311404

 1419728

 0038435 0178566


 0449205 1538613 0033727 0369286 0441932 0564385 0331968 2699100 1551910 1551910 0369637 0441923 2603360
 1418270 2983549 3541909 1158819 2362546 0033684 1420277 3541909 0030567 1521736 2681933 0012634

 0025141 0683086 0033727 0369286 0441932 0564385 0369718 0441922 1553036 0205090 0684010 2603358
 1305923 3178870 0014239 0023175 0035295 0038435 1442948 1522538 2348269 3275067 1710236
 0007634 1269647 1704653 1948049 0025141 0033727 0369286 0441932 0564385 0439267 0369718 0441922 1553036 0369773 2603361 0205090 0684010 2603358 0073187
 1519751 1418270 2983549 0006104 1269537
 0036397 2998461 2603360 0033727 0369286 0441932 0564385 3613423 0597277 1708601 0369637 0441923 2603362 0033727 0369286 0441932 0564385
 1424222 3541418 0012836 0029016 1257739 0007634 3282337 0034678


 2347379
 0025141 2603360 0205090 0684010 2603358
 0020792 0205396 1880022 1704675

 0007634 1269647 1704653 1948049
 0025141 2603360 0597277 1708601 2998461 2603360 0369637 0441923 2603362 0033727 0369286 0441932 0564385
 2239370 0242210 0033684 0243122 1145667 1167622 0034786 1447749 1523873 0002844 0597357 3536949 1424222 3541418 0012836 0021467 0021469 1628982 3463820
 0027960 0324740 0439189 1456781 1824986
 2347379 2827734 2981698 0369773 0597277 1708601 2603361
 0521164 1260969 1705184 0871261 0077678 0023689

 1424222 3541418 0012836 0021212 1235732 1522602 0449265 0014264
 1328660
 2347379 0025141 0597277 1708601
 0348078 0376315 1424222 1705052 3541418 0012836 0017243 0205448 0205217 0442805 0871261 1704632 1706817 2911692 0441889 0030493
 1328660
 2347379 0025141 3540681 0439267 0205090 0684010 2603358 0033727 0369286 0441932 0564385 0033727 0369286 0441932 0564385
 0444626 0729605 0427896 0678594 1533132 1704641 1514893 1706463 2699488
 1418943
 0268596 2700624
 3642273
 0041703 0439073 0439082 0597277 1708601 2998461 2603360 2603360 1553033 0369637 0441923 2603362 0033727 0369286 0441932 0564385
 1424222 3541418 0012836 0034786 1447749 0002844 0597357 3536949 0243122 1145667 1167622 0597357


 0201682 0369773 2603361 0718133 0073187 0205090 0684010 2603358 0033727 0369286 0441932 0564385

 1424222 3541418 0012836 0030664 1521733 1720655 1947974 1512693 1517892 1704666 0011265 0497327



 0369718 0441922 1553036 0029408 0439114
 1530216 0033684 0443264 0040648 0040649 1521761 2827422 0023689 1539895
 0027960 0324740 0439189 1456781 1824986
 0007634 1269647 1704653 1948049
 0872005 2347469
 0235032 0441712 1706376 0030567 1521736 2681933 0012634

 0025141 0041165 0183964 0439394 1706495 3642217
 0444626 0427896 0678594 1533132 1704641 0033684 0332281 1833334 0332162 1279919


 0201682 0597277 1708601 0998924 2603360 2998461 2603360 0033727 0369286 0441932 0564385 0016327 0439133 1553038
 0444626 0427896 0678594 1533132 1704641 0033684 1955321 0015895 0024554 0086582 0200069 0439849 0445223 1706180 1706428 1706429 2986895 0030567 1521736 2681933 0012634


 0201682
 0439394 1706495 3642217 0439267 0556636 1269776
 0033684 0086035 0086597 1515021 0282498 0018837 0036974 0036025 0036024


 0201682 1305702 1547134 2355574 1553033
 0031227 0243127 0443331 0056889 1413365
 1709694 0243125 0699900 1564139 0033684


 0201682 1431628 0021966 0221138 0443030 0597277 1708601 0369773 2603361 0033727 0369286 0441932 0564385
 1824662 1416797 0023895 0012634 0023884 0031437 0736268 1278929 1285572 2346688 0221757 0002191 0201856 0795657 1879647 1979844 0011155 0072348 0162429 0439095 1418544 1623416 2003941 2350010
 1418943
 0268596 2700624
 3642273
 0041703 0000857 0600678 1552863 0369718 0441922 1553036 0241737 3642225 1827933 1827933 0369773 2603361 1080864 0439267 1553033
 0020792 0205396 0017337 0054318 1412108 0030705 0205447 0150312 0449450 0683971 0032659 1257890 0868928 1706255 1706256 1883357 0012655 0220898 1264642 1547045

 0027960 0324740 0439189 1456781 1824986
 0325074 0369773 2603361 1827933 2347469 0439394 1706495 3642217 0369718 0441922 1553036
 0243125 0699900

 0025141 0369718 0441922 1553036 0369773 2603361 1827933 2347469
 0185026 0597297 0597304 1623036 0243125 0699900 0441712 1706376

 0439660

 0451119 1444662 0450348 0025141 0043047
 0597297 0597304 1623036 0243125 0699900 1517945 0032214 0600138 0035820 1705810

 1845118
 0027960 0324740 0439189 1456781 1824986
 0439086 2827736 2981702
 0402830 0073187 0205090 0684010 2603358 0205090 0684010 2603358 1553033
 1424222 3541418 0012836 0596988 0041538 0208355 0449913 1325620 1553451 1704459 1752727 1881707


 0201682 0369773 2603361 0205090 0684010 2603358 0205090 0684010 2603358 0369773 2603361
 0332621 0439168 0333668 0006104 1269537 0030705

 0027960 0324740 0439189 1456781 1824986
 0325074