 0162443 0010741 0449468 0560268 1690016
 0009993 1552856 0037455
 0185117 0282413
 0369718 0441922 1553036 0037747
 0013849 1705961 0024492 1538057 1547565 0520510 0751171 0010957 1883709 0332183 0001811 1709305 2745955 0006104 1269537
 0004112 0001792 1999167 0681850 1550501 1706203 2349001 2697811 0020564 0333959
 0007634 3282337 0332307 1547052 0043240 0374711 0680829 0933845 0449416 1705919 0018284 0018270 0220844 1621966 2911660 1521761 2827422
 0205447 0052193 1412480 0003591 0086282 1611821 0680022 2698041 1326938 1328819 0005528 0567416 0598629 0700321 1317949 3495449 1519628
 0035820 1705810 1705117 0004083 0439849 0596306 0699792 1441672 0001811 0332307 0876934 1515981 1540677 1555824
 0150312 1514559 0333735 0004112 0162788 0444498 0020202 1300517 0205195 1947911 0021044 0052193 1412480 0003591 0006104
 0007584 0237753 0449788 0017446 0205146 0680240 0441800 0919553 3244287
 0237881 0750502 0333735 0004112 0052193 1412480 0003591 0035820 0080103 0869014 1705810 0001811 0027836 0031843 0542341 0700205 1515981 1705273
 1705313 0052193 1412480 0003591 0001811 0004112 0086418 0520510 0023866 0034036 0001811 0237753 0449788 0205463 0392747 0443172 0006104 0024660 1269537 1709305 2745955
 0007634 3282337 0205393 0001779 0392760 1314939 0027836 0007634 0521394 3282337
 0001811 0001721 0027882 0007584 0007634 0237753 0449788 1518422 3282337 0011164 0233535 1880269 0332152 0392756 0547047 1522538 1280412 1113695 1442069 0449468 1690016 1705102 2700258
 0332528 0039062 0237881 0750502 1517945 1546944 0237753 0449788 1280412 0205217 0442805 0237753 0449788
 0392747 0443172 0205447 1279919 0871261
 0392747 0443172 0205309 0017639
 0333735 0004112 0020564 1880022 0332257 0599444 1184743 1522240
 1547011 1879746 0442805 0221198 1441672
 0030664 0022116 0043250 0043251 1510467 3263723 1285162 0012634 0205170 0205309 3146287
 0392747 0443172 0205263 0221198 2348205 0001811 1441672
 0221193 1705535 0392747 0443172 0027836 0007634 1441672 3282337 0392747 0439849 0443172 0445223 0237753 0449788 0027882 0205419 0311400 1524026 2707259 0331762
 0392747 0443172 0332281 0243107 0678723 1527148 0018284 0018270 0220844 1621966 2911660 1521761 2827422 0206454 0597357 0018284 1521970 0331762
 0004112 0003595 0332281 2936349 0002716 0011560 0333562 0611285
 0567416 0333463 0392079 0392752 0002716 0011560 0611285 0220781 0439634 1522492
 0439849 1705630 1706279 3540605 0027746 0079189 1524094 0127400 0333348 0027836 1087003 1879547 3245505 1548602 1704686 0436331 0242656 0449258 1084907
 0052193 1412480 0003591 0052193 1412480 0003591 0680022 2698041 1145667 1167622 0005528 1317949 3495449 0023688
 0052193 1412480 0449432 1705248 0150312 0449450 1549096 0600608 1546585 0036537 0036537 0007806 0007807 0005889 0302908 0444611 1704353 0042036 0042037 2963137
 0052193 1412480 0016030 1883525 2346866 0040300 0554249
 0206417 0027763 0422837 1269560 0052193 1412480 0003591 0016030 1883254 0052193 1412480 0003591 0185117 0027882 1441672 0028944 0004112 0598800 0007634 3282337 0554249
 1705117 0206417 0027763 0422837 1269560 0043240 0374711 0439849 0445223 1184743 1522240 0221198 1546698
 1705535 0052193 1412480 0003591 0035820 1705810 0008377 0014898 0004083 0439849 0596306 0699792 0003591 0003595 0523511 1412481 0021966 0221138
 0220781 1883254 0036536 0036537 0004112 0010453 1521713 0006104 1269537 1552738
 0052193 1412480 0033308 2757070
 1274040 1546471 2825142 1705535 0035820 1705810 0004112 0231508 0034963
 0185117 0003595 0523511 1412481 1707455 0876934 1540677 1555824 0596546 0221505 0006104 0221198 1269537 1515981 1517586 0003062 1705535 0052193 1412480 0003591 0005516
 0052193 1412480 1547282 1883351 0004112 0027882 0001792 0006104 0205170 1269537 1999167 3146287
 0442805 0205171 1720467 0006104 1269537 0025914 0025929 0026809
 1947946 2948600 3540471 3540472 1883351 0442726 0450429 1515974 0220781 1883254 0333735 0004112 0007776 1176472 2700441 0001811 0242349 0162788 0444498 0020202 1300517
 0220781 1883254 1518422 0006104 0086418 1269537 1547282
 0520510 0520510 0023866 0034036 0440744 0040300 0086418 0002808 0700276 1384516 1521733 1704729 1999230 0587487 1555812 0020008 0019994 0205246 1510665 1553889
 0681850 1550501 1706203 2349001 2697811 0439234 0681850 1550501 1706203 2349001 2697811 0439234 0205486 1306597 0012634 0869040 0557651 1273517 2603343
 2982836 0205146 0020940 0038561 0231441 0443218 2827483 2827727 0070066 2678549 1882074 0020283 0450407 0450408 0450409 1720830 1823521
 0185023 0728733 1522662 2982836 0011175 0054273 0521097 0085185 0030415 1707903
 0205173 1705764 1705765 0487602 1704680 0035696 0206243 0699809 0439787 0442711 0680240 0849355 1507394 1522729 2348563 0332283 1719822
 0205155 1293097 1522472 1552923 1705191 0011175 2348236 0005903 0039476 1512080 1547703 2827485 0702093 0059256 0439294 0030946 0439267 0597277 0868946 1622131 1708601 1947941 1720830 1823521 0702093 0369637 0441923 1720830 1823521 1701810 1882955
 0037633 0525069 0033727 0369286 0441932 0564385 3272372 3538743 0185125 0205155 1293097 1522472 1552923 1705191 0456692 0702093
 0052193 1412480 0003591 0031831 0445462 1301820 1707664 2348314 3540849 0042789 1947903 0185125 0205155 1293097 1522472 1552923 1705191 0205155 1293097 1522472 1552923 1705191 0205381 0935616 1439852
 0444330 1720830 1823521 1701810 1882955 0182400 1704681 2347609 3536729 0002059 1318717 0003242 0003241 0021027 0031678 0442726 1149880 1321878 1511790 1948027 1979842 0331965 0017480 1720119 1948037 2827734 2981698 0702093 2348236 0005903 0039476 1547703
 0444330 1720830 1823521 1701810 1882955 0015663 0456962 1439852 1719918 0037633 0525069
 1883708 0444330 1705201 0790233 0043047 0599638 0681549 1550678 1701810 1882955 0052193 1412480 0003591 0242349 1511790 1522240
 0027021 0031179 1318719 0205370 0243122 0750540 1145667 1167622 0028778 0332206 1548958 1705294 2983591 0037633 0525069 0205307 0229671 0439166 1546774 1550100 2347086
 0052193 1412480 0003591 2827734 2981698 0079240 1948037 0206243 0699809 0439583 0439787 0450376 0849355 0031831 1707664 1999230 2348314 3540849 0042789 1947903
 0597879 0442726 1511790 1524063 1318719 0005575 0027021 0031179 0487602 0812225 1150635 1704680 1705212 1705213 1719918 2700256 3273202
 1151518 0205177 0439167 0441655 1561536 1547282 0086162 1081457 1719918
 0017626 1325793 1415042 0001128 0027836 0033684 0206243 0699809 0439787 0442711 0680240 0849355 1507394 1522729 2348563 0332283 1719822
 1552738 0597879 0442726 1511790 1524063 0200681 1318717 0002059 0005575 0031678 0487602 0812225 1149880 1150635 1704680 1705212 1705213 1719918 1979842 2700256 3273202
 2267219 0205177 0439167 0441655 1561536 1547282 1710236 0086022 0442335 1705099
 0444330 1720830 1823521 1701810 1882955 0032167 0181427 1706196 0442504 1704765 1882509 3496241 0142825 3256468 0006353 0008857 0037473 0369637 0376259 0441923 0597484 1708059 0020283 0450407 0450408 0450409 0020052 0026051 1439852
 0039798 0087111 1522326 1533734 1705169 3538994 0205197 0233660 0332206 0487602 1704680 1524063 0003241
 0017626 1325793 1415042 0001128 0027836 0033684 0439267 1719918 2827734 2981698 0079240 1948037 0206243 0699809 0439583 0439787 0450376 0849355
 0597879 0442726 1511790 1524063 1318719 0005575 0027021 0031179 0487602 0812225 1150635 1704680 1705212 1705213 1719918 2700256 3273202
 0441648 0027021 0031179 1318719 0234621 0318602 0332575 0443286 1114821 1260956 1719918 0318602 0012426 0020281 0439086 2827736 2981702 0006353
 0205155 1293097 1522472 1552923 1705191 0076494 0009458 0439536 0449878 0599956 1705217 3244283
 1272570 0022885 0392366 0206243 0699809 0439787 0849355
 1274040 1546471 2825142 0520510 0023866 0034036 0521093 0750484 1883712 0392148 1260954 0392747 0443172 0543482 0007610 0013604 0038999 0332529 0439740 0700364 0733755 0020564 1184743 1522240 0884358 0449851 0332575 1260956 0052193 1412480 0003591 1260957
 1517001 1705117 0001811 0150312 0450344 1553633 0450345
 0237753 0449788 0443228 1704243 0450345 0006104 0450344 1553633
 0333735 0004112 1547282 1710082 0487602 1704680
 0487602 1704680 0205155 1293097 1522472 1552923 1705191 0007634 3282337 0805527 0007634 0205332 0205396 1550043 1551388 3282337 0015272 0392148 0678579 1260957
 0018563 1281583 1552914 1441672 0442805 0001811 0700364 1883351 0678226 0004112 2987476 3146286 0205447
 0333562 0700364 0599444 2752549 0007634 1269647 1704653 1948049 0733755 0205435 1279901 0010834 0040811 0699032 2362913 0487602 1704680 0052193 1412480 0205217 0442805
 0035696 0052193 1412480 0007634 1441672 3282337 0868928 1533148
 1710082 1883351 0522510 0007776 0001779 0001792 0150312 0449450 1176472 1999167 2700441 0681850 1550501 1706203 2349001 2697811
 0450429 1515974 0052193 1412480 1705117 0333735 0004112 0205332 1517892 1704666
 0037083 3537152 0700364 1883351 0733755 0010837 0993609 0010834 1441672 1183489 0017446 0205147 1442450
 1710082 0425382 0348078 0376315 1522492 0033684 0052193 1412480 1547282 0475264 1744691 1442450
 0449911 0333052 2607870 0557702 1272706 1704674 0557702 1272706 1704674
 1412573 2350443 3539770 0205173 1705764 1705765 0021044 0017626 1325793 1415042 0332575 1260956 0052193 1412480 0003591 1260957 0007776 1176472 2700441
 2347469 0332239 0681850 1550501 1706203 2349001 2697811
 0027882 0439178 1446409 1514241 2825490 1080898
 0333735 0004112 1441672
 0010834 0205397 0005680 0027567 0085756 0439541
 1316572 1317574 1369612 0392148 0228081 1260957
 0333463 0011389 0332461 0392079 0033684 2986582 1441672 1511276 1552825 0336721
 1832586 0205173 1705764 1705765 0449851 0035696
 0052193 0033684 1412480 0333735 0004112 0010834 0205332 1441672 0678579
 0035696 1260957 0700364 1533124 1552944 2949743 0007610 1080898
 1707156 3274014 3541345 2346751 0369637 0441923
 0369637 0441923
 0369637 0441923
 2348507 0369637 0441923
 0456715 0369637 0441923
 2348952 0369637 0441923
 0150312 1705117 0035696 0678226 0004112 0205217 0237753 0442805 0449788 0750492 3146286 3244092 0441889 0027836 1087003
 0520510 0023866 0034036 0302523 0700325 3244290 1547282 1510835 1184743 1522240 0015127 1314792 1524003 0392747 0443172 0582521
 0162340 0006104 1269537 0376554
 0392747 0443172 1705241 0027836 1087003 1709305 2745955 0001811 1864676 1879547 3550269 0017639 0205332 1272688 1280477 0871261 1704632 1706817 2911692 0027746
 0205309 1882598 0001779 0001792 0006104 0034693 0034721 1269537 1999167 1705117 0598744 0003062 0332239 1707455
 0441889 0449286 0542560 1561545 2348088 0700364 1883351 0001811 0439849 0445223 0006104 1269537
 1879547 0027836 0007634 3282337 0085732 1299581 0079189 1524094 0007578 0567416 0282554 1527036 0025543 0567416 0270611 3263722 3263723
 1441672 0001811 0242656 0449258 0700364 1883351 0442805 0392148 0185117
 1705117 0205250 1299351 2700149 0750492 0598940
 0043227 1547282 0004112 0085732 1299581 0052193 1412480 0003591 1515655 0185117 0027836 1704259 1705987 2349975 0441712
 0031843 0542341 0700205 1705273 0439673
 0035820 1705810 1705535
 0017626 1325793 1415042 0001128 0027836 0033684 0001811 0221198 0185117 0392747 0443172 1705241 0040649 1709305 2745955 0441889
 0052193 1412480 1292711 0449719 1709471 3263722 3263723
 1171362 0185117 0017626 1325793 1415042 0079189 0443264 1524094 0018284 0018270 0220844 1621966 2911660 1521761 2827422 0038317 0038317 1883351 0185117 0052193 1412480
 1864676 1879547 0127400 0332294 0678226 1627358 2349975
 0004112 0206116 0007634 3282337 0333348 1363844 0332307 0021764 1527200 0085732 1299581 0185117 0052193 1412480
 0220781 1883254 0036536 0036537 1709908 0684224 0700287 3496591
 0221193 0557651 2603343 0185117 1521713 0006104 0025914 0025929 0026809 1269537 1441547 1552240 1552264 2939425 3245521 1441672 0052193 1412480 0003591 0004112 1327616 1659466 0337174 1698986 1753314
 1441672 0439861 0046699 0020339 0182953 1704734 1704735 1512977 0007634 3282337 0085732 1299581 0036536 0036537 0052193 1412480
 1274040 1546471 2825142 1705535 0035820 1705810 1156530 0025519 0025520 0027763 0422837 1269560

 1441672 1524063 0025663 0025664 0449851 0052193 1412480 0003591 0150312 0449450
 0597879 1183489 0010834 0017446 0150312 0205147 0521449 0007603 3161472 0007634 0025255 0596901 1269647 1518422 1704653 1706182 1948049 0007610
 0221193 0684224 0700287 3496591 1710082 0332239 1707455 0205447
 0150312 0033684 0392752 0010834 0444868 3539085 0035696 0010834 0017446 0205146
 0052193 1412480 0003591 0033684 0220781 1883254 1515187 0442504 1704765 1882509 3496241
 0597198 1882330 0562342 1883351 1705117 0332152 1522538 1707478 1710082 0001811 1441672 0052193 0678226 1412480 0003591 0033268 0205227 3146286 0004112
 2607943 2926606 3539655 0025936 0003069 0025914 0025929 0026809 1552738
 0221193 1547282 0035696 0052193 1412480 0001779 0001792 0006104 0025914 0025929 0026809 0205217 0442805 1999167 1521713 0001779 0001792 1707455 1999167 0243148 1550141 1882979 2587213 3274648
 0442805 1521970 1706388 2346469 2348519 0442805 1882932 0011560 1705760 0333562
 0185117 0596546 0221505 0006104 0221198 1269537 1515981 1517586 0087111 1705535 0052193 1412480 0003591 0005516 0205263 0332307 1547052 3263722 3263723 1709305 2745955 0562342 1171285 1883351 0052193 1412480 0003591 0043240 0374711 1314939 0034963 0015252 0567416 0728940 0007587 0007634 0011065 1269647 1306577 1704653 1948049
 0018173 1521721 0332575 1260956
 0034036 0034037 1514756 1704324
 1272684 1548435
 0023866 0034036 0520510 0023866 0034036 0268060 1415529 1415842 0876934 1540677 1555824
 0027976 0205314 0016327 0439133 1553038 0027816
 0027976 0268596 1879958 2700624 3642273 0000857 0600678 1552863 0369637 0441923 0016327 0439133 1553038 0027817 0597357 0002395 1521724 0012634
 0006104 1269537 2347379 2347961 0025141 0369637 0441923 0185117 0002395 1521724 0012634
 2347379 0450388 0025141 0020564 0038869 1289557 0007610 0200760 0557651 2603343
 0002808 0034869 0025141 0597277 1708601 0369637 0441923 0011198 0017480 3541240 0016327 0439133 1553038 0021760 1527132 0021764 1527200 0018790 0237477 0392351 0521111 0441472 3266814 0001272 0017710 0021755 1522428 0021764 1527200 1171362 0185117
 0006826 0063789 0998265 1306459 3272375 0025141 1420098 1261082 1551056 2981682 2347167 0020792 0205396 1880022 0040287 0220927 0040300 0520511 1547928 1704711 0034693 0034721
 0023779 0450355 2347379 0000857 0600678 1552863 0016327 0439133 1553038 0016327 0439133 1553038 0439269 1960952 2346927 0017262 0017337 0185117 0598888 0009015 0017337 0036457 0205314 0205342 0020792 0205396 1519595
 0201682 0543483 0699748
 1417055 0025141 0021966 0221138 0016327 0439133 1553038 1261082 1551056 2981682
 0185117 0237881 0750502
 0000857 0600678 1552863 1416933 2986618 0851285 1327622 0017639

 0030664 0205469 0677042
 0027976 0205314 0205090 0684010 2603358
 1508741 2247545 0439267 0369637 0441923 0021966 0221138 0021966 0221138
 0185117 0332282 0876926 0043250 0043251 3263723 0270611 0006104 0332663 1269537 3263722
 0025141 3539879 1416933 2986618 0014038 0021368 0035820 1705810 0282554 1527036
 0450348 2347379 0025141 0439267 0205090 0684010 2603358 0042817 0007776 0234621 1176472 2700441 0243132 1554210 2745955 1517553 0334094 1514485 1707520
 0001811 0025141 1275573 0021755 1522428 0021764 1527200 0006104 0024660 1269537 1720154 0017639 0027686
 0000857 0600678 1552863 1515101 2986905 0027971 0079189 1524094 0028938 0021966 0221138 0027763 0422837 1269560 0185117 0524637
 0040833 1521798 0025141 0050942 0052193 1412480 0003591 0002395 0011265 0497327 1515981
 2347379 0025141 0012836 1419366 2347947 0487602 0025663 0449851 0871511 1524063 0042153 0457083 1947944 0018851 1883351 0028778 0332206 1533157 1706084 2828370 0010357 0872139 1880190 0003320
 0439073 0439082 0443286 1114821 0270611 3263722 3263723
 2347961 0025141 0027971 0027496 0021966 0221138 0326915 2827664 0017626 0920552 0851285 1327622 0079189 1524094 0018284 0018270 0220844 1621966 2911660 1521761 2827422
 1418764 0006104 1269537 0025141 0920532 0205263 0857127 0521115 0007589 1511938 2945687
 0201682 0439267 1864676 1879547 0035820 1705810 0033684
 0001811 0016327 0439133 1553038 0369637 0441923 0439267 1515926 0035696 0441889 1515655 0021135 1533691 2827718 0332282
 0014544 2347379 0025141 1275573 3540812 0001779 0392747 0439849 0443172 0445223
 1416870 1823249
 0596654
 0027976 0205314 0268060 1415529 0031831 1707664 2348314 3540849 0333735 0004112
 0001483 0007634 1269647 1704653 1948049 0392148 0333463 0392079
 0008628 0052193 1412480 0003591 0449774 0597879 0006104 1269537
 0025141 0027496 0871261 0005516 0001811 0006104 1269537
 0439509 0025141 0871261
 0025141 0043287 0185117 0003595 0003591
 0027910 1552241 1555991 0025141 0597277 1708601 1419366 0004112 1327616 0023688 0206243 0699809 0052193 1412480 0003591
 0025141 0039247 0369637 0441923 0030190 0055023 1336937 0021368
 0027976 0268596 1879958 2700624 3642273 0025141 0279759 0279766 1418864 3538934 3538935 0312860 1880022 0520511 1704711
 1515149 0023779 2347379 0205090 0684010 2603358 0052193 1412480 0003591
 0025141 0369637 0441923 1880022 0040287 0220927 0040300 0520511 1547928 1704711
 0006104 0027960 0324740 0439189 1269537 1456781 1824986 2347379 0205090 0684010 2603358 0011198 0017480 3541240 0016327 0439133 1553038 2259155 1292856 1948023 0038317 1156236 0596290 0007634 0021467 0021469 0334094 1269647 1514485 1628982 1704653 1948049 3463820 0427861 0334227 0007634 3282337
 0006826 0998265 1306459 2347379 0000857 0600678 1552863 0006797 2951520 1428813 1660642 0475264 1744691 0031617 0885520 0035696 0162788 0444498 0020202 1300517
 0023779 0450355 2347379 0000857 0600678 1552863 0033727 0369286 0441932 0564385 0439267 0597277 1708601 1515670 3244092 0185117 0016030 0031119 1280200 0027740 0027757 0205100 1280541
 0000857 0600678 1552863 3540812 2612180 0267971 1659464 0337174 1698986 1753314 0332281 0185117 0205217 0442805 1709694
 0025141 0439267
 0441889 0007806 0007807 0005889 0302908 0444611 1704353 0019564 0949582 1029104 1284077
 0450389 0025141 0205090 0684010 2603358 0443264 0185117 0175196 1289526 0007776 0221198 1176472 1546698 2700441
 0006104 0027960 0324740 0439189 1269537 1456781 1824986 2347379 0025141 0014963 1457900 3541314 0145779 3540468 0009079 0442805 0185117 0441712 1706376 0013216 0013217
 0025141 0014963 1457900 0439267 0441889 0681850 1550501 1706203 2349001 2697811
 0041703 0268596 1418943 2700624 3642273 0014963 1457900 0861352 1428884 1708595 3280986 1515670 0185117 0025936 0003069 0025914 0025929 0026809 0205250 3163633
 0025141 3541894 0334094 1514485 0006104 0332239 0034693 0034721
 0027836 1087003 0025141 2737230 3541314 0205090 0684010 2603358 0031831 1707664 2348314 3540849 0623362 0025543 1704640 1706515 0007682 0012634
 0040833 1521798