 0027882 0075193 0243148 1550141 1882979 2587213 3274648 0079419 1705526 0040649 0441889 0035561 0016674 0019994 1510665 0036378 0036375 0036453 0041700 1708611 0166872 0034036 0034037 1514756 1704324 0520510 0557061 2584313 1514811 1706462 1516048 1880177 0243148 1550141 1882979 2587213 3274648 1660771 0162638 0007587 0007634 0011065 1269647 1306577 1704653 1948049 0427861 0007634 3282337 0027882
 0205435 1279901 0521093 0750484 0037088 0243095 2825141 1159825 1879547 0033164 1418941 1514559 0033684 0205217 0442805 2936239 0007634 3282337
 1547282 0031437 1285572 0851827 1701901 3244310 1706449 0243148 1550141 1882979 2587213 3274648 0033164 1418941 0033684 0040649 1709305 2745955 0441889
 0543488 0033164 1418941 0033684 0243148 1550141 1882979 2587213 3274648 0031437 1285572
 0376669 0332472 1881708 0600528 0444930 2746065 1167624 1947902 2827499 0439178 0007634 3282337 0441994 1548802 2003888 0013935 0025914 0025929 0026809 1441547 3245521 0033164 1418941 0033684 0027882
 0027882 0870432 0291573 0010656 0205177 0439167 0441655 1561536 0597879 0205177 0439167 0441655 1561536 0031437 1285572 0449719 1709471 0009498 0040669 0033164 1418941
 0185117 1521713 0001675 0006104 0025914 0025929 0026809 0392756 1269537 1418941 1706450
 0033164 1418941 0033684 0243148 1550141 1882979 2587213 3274648 0079419 1705526 1442161 1511760 1880274 0812222 0971008 0205250 1299351 2700149 0597879 0392756 0185117
 0007613 0031843 0542341 0700205 1705273 1883351 2754100 0007587 0007634 0011065 1269647 1306577 1704653 1948049
 0031437 1285572 0040624 0079419 0086860 0851285 1327622 1705526 1709305 2745955 0522506 0185117
 0520510 0557061 2584313 1514811 1706462 0030664 0332272 0162340 0205422 2987476 0079946 0439659 1550512 2003902 0206277 1274040 2827734 2981698 0740116 2827735 2981700
 0030664 0205435 1279901 0700364 1883351 0015127 1524003 0038164 0033684 1710548 0004897 3245505 0868928 1533148 0012634
 1948052 0184666 0040722 0242781 1521797 1709305 2745955 0028606 0001128 0007610 0202406 0042760 1883540 0521026 0597177 2827734 2981698 0439086 2827736 2981702
 0205436 0457385 0565930 1561503 1705190 0543488 1515981 0036457 0074204 2827734 2981698 0180093 0205543 1691010 1883351 0033164 1418941 0033684 0033164 1418941 0033684 0439084 0728893
 1547011 1879746 0033164 1418941 0033684 1883351 0079613 0036457 0003062 0011155 1636779 0699759 2987620 0231175 1883351 0332289 0012634
 0302523 0700325 1964257 1518422 0441889 0456079 1521991 1547707 2946261 0162340 0441712 0036457
 1518422 0205393 0205422 0868928 1533148 1279941 0205087 1306673 1880022 0333562 0074204 0332197 1689985 1705920
 0162340 0030664 0033164 1418941 0038164 0031842 0031843 0033684 0332272 0376554 0031847 0277785 1273518
 0679133 0557061 2584313 0007587 0007634 0011065 1269647 1306577 1704653 1948049 0549178 0175566 1882151 0440042 1521738 2346620 2349184 3539073
 2963144 0162638 0683337 1279941 0699749 1306673
 0332282 1512612 0441833 0687744 1257890 1552516 1552839 1705428 1705429 0036849 1442518 1705195 0439787 0849355 1292732 0035820 1705810 0243148 1550141 1882979 2587213 3274648 0007587 0007634 0011065 1269647 1306577 1704653 1948049
 1552961 2347617 0449911 0032027 2986514 0012634 0031843 0542341 0700205 1274040 1546471 1705273 2825142
 0030664 0678226 0031437 0205463 1285572 2987476 3146286 0033164 0332281 1418941 0033684
 0947630 0206243 0699809 0449475 0969625 3266812 0449445 1292724 1708698 1707478
 0947630 1547282 1514559 0427861 1947950 0553257 0007634 3282337 0027882 0007600 0007634 0205132 0205170 0205263 0669372 1269647 1550648 1552960 1704653 1948049 3146287 0861064 0012655 0023175 0181586 0205217 0220898 0442805 1264642 1442948 1522538 1547045 2348269 3275067 0234402 0558058 1150132 0291573 1150130 1707919 0010656 0205177 0439167 0441655 1561536 2349975
 1517331 0027882 0599177 1159825 1879547 0332281 0079419 0185117 0851285 1327622 1705526 0205177 0439167 0441655 1561536
 0700364 1883351 0678226 0812222 0971008 2987476 3146286 0439849 0445223 0392747 1554963
 0150312 0449450 0557651 2603343 0205435 1279901 0443211 0033164 1418941 0033684 0439849 0445223 0007587 0007634 0011065 1269647 1306577 1704653 1948049 0851827 1701901 3244310
 1442161 1511760 1880274 0291573 0010656 0441655
 1547282 1883712 1552738 1514248 1158770 0243148 1550141 1882979 2587213 3274648 0033164 1418941 0033684 2349975 0040624
 0033164 1418941 0033684 0521093 0750484 1456348 0815043 1527118 0031843 0542341 0700205 1705273
 0332128 1880177 0243148 1550141 1882979 2587213 3274648 2754100 0007587 0007634 0011065 1269647 1306577 1704653 1948049 0027882 0025914 0025929 0026809 1441547 3245521 0475311 1418941 1418941 0025914 0025929 0026809 0033164 1418941 0033684
 1547282 0027882 0013935 0025914 0025929 0026809 1441547 3245521 0332324 1550474 1705417 0376669 0332472 1881708 0291573 0010656 0441655 0185117 0812222 0971008 0597879
 0033164 1418941 0033684 0243148 1550141 1882979 2587213 3274648 2754100 3546446 0007587 1326120 0007634 0011065 1269647 1306577 1704653 1948049 0027882
 0520510 0520510 0557061 2584313 1514811 1706462 0027882 2936239 0007634 3282337 0027882 0228174 1707523 0033164 1418941 0033684 1568447 1334805 0920499 0013935 0025914 0025929 0026809
 0007634 3282337 0182301 1706407 0009458 0439536 1705217 3244283 0015965 0229671 0230445 0521457 1305418 1546774 1550100 0242295 1947943 2348609 0017725
 0007634 3282337 1883708 0162339 1166718 0007634 0178587 3282337 0005971 1139930 0020498 1300565 1719918 0004178 0678214 2347816 0001861 3536832
 0040669 0027882 0884358
 2936239 0007634 3282337 1552738
 1516828 1522260 0016030 1301820 1552738 0025914 0025929 0026809 0443211 1272684
 0005863 0949466 0184933 0444082 0006353 0024348 1536403 1882074 0020283 0450407 0450408 0450409 0037494 1959973 0013618 0332256 2700400 0146951 0133689 0242759 0037500 0037473 0086123 0597484
 1265611 0439267 0025663 0449851 0871511 0600209 0086972 0443299 0687118 1704732 0079419 0936012 1705526 0291573 0010656 0812222 0971008 0597879 0020202 1300517 0005574 0291573 0010656 0205090 0684010 2603358 0449913 1553451 1704459 0812222 0971008 0072149 0033164 1418941 0033684
 0016263 0806140 0814048 0205170 3146287 0005971 1139930 3537155 0033727 0369286 0441932 0564385 1439852 0392148 0332197 1689985 0369637 0441923 0444499 1719918 1883708 1720830 1823521 1701810 1882955 0006353 1553389 1553403 1705537 0008857 0376259 0814229 0146951 0133689 0242759 0332256 2700400 0033470 0021966 0033468
 0007634 3282337 0205091 1552822 0439583 1883708 0016315 0444706 3541902 1552738
 1167624 1947902 2827499 0007634 3282337 0231441 0443218 0702093 2827483 0070066 0991865 0006353 0031603 0031701 0036082 1601799 0991865 0006353 0031603 0031701 0036082 1601799 1701810 1882955 0205091 1552822 1381542 0001962 0439583 1883708 0057470 0444930 0449851 0600528 1167624 1522240 1947902 2746065 2827499 0034866 0812225 1150635 1705212 1705213 3273202
 0487602 1704680 0003241 0021027 0027021 0031179 0522529 1318719 1516048 0443289 1710236
 0291573 0010656 0205170 3146287 0010453 0220814 0430400 2242979 0005971 0033727 0369286 0441932 0564385 1139930 3537155 0332197 1689985 0392148 0444499 0369637 0441923 0868928 1533148 0007634 3282337 0033727 0369286 0441932 0564385 1412573 2350443 3539770
 0007634 3282337 1883708 1701810 1882955 1638411 0184933 0444082 0007703 0441436 0993610 1998480 0006353 0024348 0439509 1536403 0936012 1522508
 0205177 0439167 0441655 1561536 0439267 2827421 1552738 0450348 0720544 0009219 0016955 0086022 0439267 0442335 1705099 1883351 1882115 0013682 2936239 0007634 3282337 0032027 0027882
 0439227 0024075 1150051 0441655 0449768 0025664 0184661 0444706 0680240 1552738 2700391 3541902 0450348
 0086860 0009013 1552738 0332300 0033413 0017446 0086860 0205147 0009013 0024075 0522505 0008169 0001068 0001390 0008168
 2827421 0332268 0004793 0162326 0162327 1519249 0243148 1273517 1550141 1882979 2587213 3274648
 0871424 0002778 0936012 1524024 0037585 0814195 0884358 0037585 1826357 1524063 0022885 0039593 0392366 1710574 0022885 0038492 0039593 0392366 1551041 1552573
 0520510 0557061 2584313 1514811 1706462 0031437 1285572 0851827 1701901 3244310 0427861 0007634 3282337 0443211 1272684 0033164 1418941 0033684 1159825 1326120 1879547
 0031437 1285572 0079419 0205227 0333668 1705526 1524063 0449445
 1524063 0449445 0443211 1272684 3245505 1999216 0909264 0205197 0020115 0205177 0439167 0441655 1561536 0450345
 0909264 1518422 0243071 0450344 1553633 0018790 0237477 0392351 0521111 0442805
 0449911 0333052 2607870 0557702 1272706 1704674 0557702 1272706 1704674 0349966 1337208
 2827734 2981698
 1280500 2348382 1150132 1150130 0205177 0439167 0441655 1561536 2936239 0007634 3282337
 0562577 2936239 0007634 3282337 0033727 0332293 0369286 0441932 0564385 1522326 0075193 0332197 1689985 3540513 0243148 1550141 1882979 2587213 3274648 0392148 0243071 3540812 1150132 1150130 0205177 0439167 0441655 1561536 0444706 3541902 0520510 1552738 0025663 0025664 0449851
 1707156 3274014 3541345 1704970 0680730
 0369773 2603361

 2347469 0012634 0348080 1705253 0909264 0205177 0439167 0441655 1561536 0444706 3541902 0520510 1552738 0025663 0025664 0449851
 1301725 1609436 0033164 1418941 0033684 0442805 0597879 0243148 1550141 1882979 2587213 3274648 0205360 2347098
 1547282 0040649 0687676 1280500 1704687 2348382 0033164 1418941 0033684 0015264 1158770 0243148 1550141 1882979 2587213 3274648
 2936239 0007634 3282337 1705417 0040624 1151115 0024075 0205177 0335038 0439167 0441655 1444656 1522485 1561536 1705915 1709908 0349966 1337208
 0449911 0333052 2607870 0557702 1272706 1704674 0557702 1272706 1704674 0349966 1337208
 0740116 2827735 2981700
 1171362 0185117 0033164 1418941 0442805 0040624
 0040624 0444706 3541902 0520510 1552738 0025663 0025664 0449851 2936239 0007634 3282337
 1707156 3274014 3541345 1704970 1151115 0441655 0243148 1550141 1882979 2587213 3274648 1151115 0205177 0439167 0441655 1561536 1719767 2348589 0085862 0444706 0680730 1299583 3541902
 0369773 2603361
 0443211 1272684 1517892 1704666 0031437 1285572 1524063 0016030 0079419 1705526 0017337 0475311 0026882 1705285
 1883351 0521093 0750484 1456348 0037088 0243095 2825141 0243041 0079419 1705526 1948052 0682524 0007600 0016030 0007634 0205132 1269647 1550648 1552960 1704653 1948049 1707719 0079419 1705526 0332128 0031437 1285572 0033164 1418941 1444748 1514559 0033684 0032930
 0332197 1689985 0079419 1705526 1159825 1879547 0450365 1706097
 1150130 0205177 0439167 0441655 1561536 1518422 0033164 1418941 0033684 2349975 0450365 1706097 0205195 1947911 1150132 0291573 1150130 0010656 0205177 0439167 0441655 0442805 1524062 1561536 1708698 0450365 1706097
 0040669 0006556 0205177 0439167 0441655 1561536 0006556 0040669 0079419 1705526 0015272 0205171 0439044 0679994
 1511726 3245479 0205195 1441672 0021467 0021469 1628982 3463820 0031437 1285572 0851827 1701901 3244310 0033164 0332298 1418941 0033684 2587213 0040649 0349966 1337208 0040649 0687676 1704687 0441889 0007634 3282337
 0449911 0333052 2607870 0557702 1272706 1704674 0557702 1272706 1704674 0349966 1337208
 0439086 2827736 2981702
 1280500 2348382 0291573 0010656 0441655
 0205177 0439167 0441655 1561536 0030695 0150369 0181904 0596972 1521743 1704646 0520510 1552738 0025663 0025664 0449851 0040669 0086022 0442335 1705099 0033164 1418941 0033684 0205171 0439044 0679994 0205195 1947911 0080055 0079419 1705526 0033164 1418941
 2347469 1150132 1150130 0205177 0439167 0441655 1561536 0291573 0006556 0040669 0040704 0205280 0205374 0444706 1444656 3541902 0016030 0332293 1522326 0075193 1518422
 1707156 3274014 3541345 1882932 1704970
 0369773 2603361
 0027882 1705417 0012655 0220898 1264642 1547045 0007600 0007634 0205132 1269647 1527178 1704653 1705938 1948049 1514559 0033164 1418941 0033684
 1516048 1880177
 0444706 3541902 0012655 0220898 1264642 1547045 0013935 1418941 0017337 0332454
 1517001 0027882 1518422 1705417 0033164 1418941 0033684 0597879 0450373 1553636
 0027882 0015272 0871261 0600528 0332120 0349966 1337208 2347469 1553033 0376669 0332472 1881708 0002778 0936012 1524024
 0442805 0027882 0032027 1441672 0027882 0441994 1272755 2003888 0349966 1337208 2347469 1553033
 0012655 0220898 1264642 1547045 0027882 0032027 0205225 0439631 0015272 0291573 0010656 0441994 1272755 2003888 0597879 1553637 0205177 0439167 0441655 1561536
 1280500 2348382 1512045 0178602 0851827 0869039 1114758 1701901 3244310 0007634 3282337 0007745 0349966 1337208
 1280500 2348382 1444748 0031330 0205464 2003902 1254351 0032930 0450442 1521826 0441994 1548802 2003888 0027882
 0449911 0333052 2607870 0557702 1272706 1704674 0557702 1272706 1704674 0349966 1337208

 0027882 0441994 1548802 2003888 0027882
 0033164 1418941 0033684 0597879 0032027 0234621 0027882 0520510 1552738 0025663 0025664 0449851
 2347469 1167624 1947902 2827499 0332197 0444706 1689985 3541902 0392148 0075193 0027882
 0007587 0007634 0011065 1269647 1306577 1704653 1948049 0005680 0027567 0085756 0234621 0439541 1882443 1553033 0520510 1522508 0025663 0025664 0449851
 0449911 0039224 1706073 1706074 0557702 1272706 1704674 0557702 1272706 1704674 0021966 0221138 0205112 0243126 0007600 0007634 0205132 0444706 1269647 1444656 1704653 1948049 3541902 1511726 3245479 1704970
 0449911 0333052 2607870 0557702 1272706 1704674 0557702 1272706 1704674 0349966 1337208
 0439084 0728893
 0333668 0441994 1548802 2003888 0075193
 0027882 0013935 0025914 0025929 0026809 0332173 0439228 0439505 0580836 1301820 1520150 1883559 0025914 0025929 0026809 0332307 0445392 1547052 0032027 0025914 0025929 0026809 1418941 0017337 1880274 0032027 0010453 0220814 0430400 2242979 0520510 1552738 0025663 0025664 0449851
 0291573 0010656 0597879 0205177 0439167 0441655 1561536 2347469 0007600 0007634 0205132 0444706 1269647 1444656 1704653 1948049 3541902 0243148 1550141 1882979 2587213 3274648 1948023 0012634 0348080 1705253
 1707156 3274014 3541345 0205177 0439167 0441655 1561536 1704970 0681814 0680730
 0073187 0032027 0027882 0075193 0086045 0442808 1439852 1553033 0291573 0010656 0444706 3541902 1552738
 1707156 3274014 3541345 1547282 0439165 1150130 0010656 0205177 0439167 0441655 1561536 0027882 0032027 0332155 0521108 1882932 1704970 0681814
 1159825 1879547 0040669 0027882 0006556 0033164 1418941 0033684 1708698 2349975 0597879 1553638 0441833 1999270 3537156
 0039798 0087111 1522326 1533734 1705169 3538994 0075193 0442805 0291573 0010656 0597879 0031437 1285572 0027882 0205225 0439631 2349975 1553638 0441994 1548802 2003888 0441833 1999270 3537156
 1159825 0010656 0075193 0205263 0332290 0439775 0702240 1879547 0040669 0027882
 1511726 3245479 0027882 1514559 0393040 1176299 0031437 1285572 0027882 0205225 0439631 1441672 0042789 1947903 0349966 1337208
 0449911 0333052 2607870 0557702 1272706 1704674 0557702 1272706 1704674 0349966 1337208

 0040669 0442805 1150130 0205177 0439167 0441655 1561536 0597879
 0040669 0027882 0032027 0086022 0442335 1705099 1880497 0033164 1418941 0033684 0291573 0010656 0291573 0597879 1150130 0205177 0439167 0441655 1561536 2347469 0243148 0444706 1550141 1882979 2587213 3274648 3541902 1948023 0012634 0348080 1705253 0520510 0025663 0025664 0449851 1522508
 0681814 0040669
 1515187 0441994 2003888 0027882 0032027 0205225 0439631 1441672 1514559
 0349966 1337208
 1571602 1547282 0033164 1418941 0033684 0597879
 0728938 1550516 0237820 1555688 2004454 0027882 0032027 0870432
 0032027 0205171 0562577 1705417 1720467 0027882 0075193 0040669 1159825 1879547 0243148 1550141 1882979 2587213 3274648

 0680240 0750489 0013682 0205251 1299352 1550472 0040669 0033164 1418941 1171362 0033684 0185117 0205101 0205228 0027882 3641827 0205170 1511726 3146287 3245479 1552738 1282910 1552828
 0449911 0333052 2607870 0557702 1272706 1704674 0557702 1272706 1704674 0349966 1337208

 0040669 1159825 1879547
 0040669 0027882 0442805 0597879 0033164 1418941 1159825 1879547 2347469
 1707156 3274014 3541345 1150132 0291573 1150130 0010656 0075193 0205177 0205263 0439167 0441655 0442805 1561536 0243148 0439165 1550141 1882979 2587213 3274648 1883559 0682689 0027882 0032027 0075193 0332307 0445392 1292856 1547052 1948023 0086022 0442335 1705099 1880497 1704970 0006556
 0027882 1705417 0185117 0332128 0443264 0033164 1418941 0033684
 0027882 1553640 0205177 0439167 0441655 1561536 1424736 0033164 1418941 0033684 0243148 1550141 1882979 2587213 3274648 0185117 0205177 0439167 0441655 1561536
 0543488 0302523 0700325 1964257 0185117 0441994 1548802 2003888 1520150 1883559 0025914 0025929 0026809 0332307 0445392 1547052 0033164 1418941 0033684 0243148 1550141 1882979 2587213 3274648 0185117 1515655
 0449911 0333052 2607870 0557702 1272706 1704674 0557702 1272706 1704674 0349966 1337208

 0033164 1418941 0033684 0443264 0079419 1705526 0597879 0205177 0439167 0441655 1561536
 0079419 1705526 0597879 1553033 0205177 0439167 0441655 1561536 2347469 0030695 0150369 0181904 0596972 1521743 1704646 0520510 1552738 0025663 0025664 0449851 0032027 0027882 2347469 1521713 0001675 0006104 0025914 0025929 0026809 1269537 1515981 1706450 1553033
 1707156 3274014 3541345 1882932 1704970 0681814 0680730
 0812222 0971008 0597879 1120843 0032027 0444706 3541902 0027882 0520510 1522508 0025663 0025664 0449851
 0033164 1418941 0033684 0243148 1550141 1882979 2587213 3274648 1709060 0040649 0079419 0205177 0439167 0441655 0687676 1561536 1704687 1705526 1706202 0032027 0205227 0243148 1550141 1882979 2587213 2987476 3274648 0027882
 0812222 0971008 0332185 1547282 1883351 0392756 0547047 0205360 2347098 0441994 2003888 0205177 0439167 0441655 1561536
 0597879 0205250 1299351 2700149 0027882 0031437 1285572 1521805 0079419 0597879 1441672 1705526 0042789 1947903 1553637
 1456380 1120843 0684224 0700287 3496591 1883351 0547043 1282911 0205177 0439167 0441655 1561536 0185117 0332128 0441889
 0597879 0205250 1299351 2700149 0027882 1705535 0033164 1418941 0033684 0243148 1550141 1882979 2587213 3274648 0031715 1158886
 0520510 0557061 2584313 1514811 1706462 0162534 0085584 2700400 0441835 0441833 0687744 1257890 1552516 1705428 1705429 0040223 0205166 0205309 1706317 3541383 0001721 0003062 2003902 1279941 0205087 1306673 1880022 0011065 1306577 2827734 2981698
 0030664 0543488 0205250 1299351 2700149 0700364 0012634 0205392 3540770 0001721 0242114 0332152 1522538 1512513 0030664 0205469 0677042 0332289 0003062 0242781 1521797 0015450 1281591 0033213
 1511253 1874596 0205314 0679622 0332307 1547052 0205234 1285542 0332272 0376554 1532717 1305923 0679006 1947967 0033164 0700364 1883351 0335083
 0450442 1254351 1521826 0449432 1705248 0033684 0679006 1947967 0036457 0074204 0004793 0162326 0162327 1519249 0033164 0033164 1418941 0033684 2827734 2981698
 0074204 0870432 1705417 0359583 0678594 0332325 2827757 0033422 2827734 2981698
 0074204 1706701 0026377 1518422 0443211 1272684 0009450 2987620 0012634 0033164 1418941 0033684 0878517 1883351 1555325 0423896 0456205
 1518422 0162340 1521761 1548602 1704686 1184743 1522240
 0162340 0332148 0750492 0033164 1418941 0038164 0815043 1527118 0031843 0033684 0205463 0332272 0376554 0542341 0700205 1705273 0031847 0277785 1515187 0442504 1704765 1882509 3496241 0012634 1709305 2745955
 1551338 0205309 2699424 0815043 1527118 0031843 0542341 0700205 1705273 0205132 0033164 1418941 0033684 0443264 0007587 0007634 0011065 1269647 1306577 1704653 1948049
 0026882 0032930 1444748 1159825 1879547 0450355 0036457 0700364 1883351 0007587 0332281 0699040 0007634 0011065 1269647 1306577 1704653 1948049
 0009450 2612716 1155312 1516374 0149784 1425942 0871261 1704632 1706817 2911692 0032930 1444748 1660771 0162638
 1511726 3245479 1705535 0085732 0443264 0007587 0007634 0011065 1269647 1306577 1704653 1948049 0678226 0031843 0542341 0700205 1705273 3146286 1515926 0031437 1285572
 0023866 0034036 1518422 0870392 1511726 3245479 0183683 1521721 0332149 1705910 2362652
 0018563 1281583 1552914
 1547282 0007587 0007634 0011065 1269647 1306577 1704653 1948049 0019564 0027882 0436331 1444749 0025914 0025929 0026809 1418941 1521827
 0018563 1281583 1552914 0033164 1418941 0033684 0700364 1883351 2754100 0027882 1444748 0029016 0219474 0812198 1514559 0032930
 0030351 1547566 0033164 1418941 0033684 1363844 0040300 1547928
 0205447 1280500 2348382 0031437 1285572
 1518422 0868928 1706255 1706256 0025914 0025929 0026809 0018684 0031206 0750541
 1706852 1442161 1511760 1880274 0392747 0235169 1518422 0205263 0027746
 0443211 1272684 1514559 2349975 0040539 0600688 0376669 0332472 1881708 1515877 1879547 0291573 0010656 0027882 0007600 0007634 0205132 1269647 1704653 1948049
 1547282 0599177 1159825 1879547 2984374 0079419 0086597 0127400 0812222 0851285 0851827 0971008 1701901 1704259 1705526 1705987 3244310 0027882
 1511726 3245479 0680240 0043227 0025936 0003069 0025914 0025929 0026809 1514559 0033164 1418941 0033684 0015272 0027746
 0031437 1285572 0868928 1533148 1514559 0033684
 1512571 0557651 2603343 0443211 1272684 0815000 0007634 0026809 0027819 0445079 0591833 0700095 3282337 3540583 0235032 0027746 0033164 0332281 1418941 0033684 1383501
 1511726 3245479 3641827 0185111 0947647 0001721 0007587 0007634 0011065 1269647 1306577 1704653 1948049
 1514526 0021467 0021469 1628982 3463820 0033164 1418941 0861064 0023175 0033684 0181586 0205217 0442805 1442948 1522538 2348269 3275067 0597879 1159825 0010656 0279023 1879547 2936239 0007634 3282337
 0333668 0025255 0596901 1706182 0031437 1285572
 0150312 0449450 0557651 2603343 0521093 0750484 1456348 1514559 2349975 1150132 1150130 0205177 0439167 0441655 1561536 0040223 0205435 1279901 3541383 2936239 0007634 3282337 0031437 0851827 1701901 3244310
 1511726 3245479 0302523 0700325 1964257 0033164 1418941 0033684 0225332 0205254
 0443211 1272684 0443264 0079419 1705526 0033164 1418941 0033684 2349975 0040624
 0205393 0443211 0031437 1285572 0007613 0678226 1325880 0007634 0031842 0031843 0332453 1269647 1518422 1704653 1948049 3146286 1514559 0033684 0015127 1524003
 0449255 0542559 0332128 1880177 0871261 1704632 1706817 2911692 0007587 0007634 0011065 1269647 1306577 1704653 1948049 0027882 0013935 0025914 0025929 0026809 1441547 3245521 1418941 0017337
 1511726 3245479 1547282 1442161 1511760 1880274 0031437 1285572 1708698 1521805
 0027882 0332324 1550474 0439178 0007634 0600528 1446409 1514241 2825490 3282337 0030695 0150369 0181904 0596972 0376669 0332472 1881708 1150130 0205177 0439167 0441655 1561536 0597879
 0031437 1285572 0700364 2267000 0079419 0205177 0301630 0392756 0439167 0441610 0441655 1561536 1705526 1517892 1704666 0597879
 1120843 1999216 0812222 0971008 0597879 0392756
 0033164 1418941 0033684 0243148 1550141 1882979 2587213 3274648 0079419 1705526 0439092 0547044 0449719 1709471 0441889 0456079 1547707 2946261 0027882 0449445
 0557651 2603343 0033164 1418941 0033684 0243148 1550141 1882979 2587213 3274648 1150130 0205177 0439167 0441655 1561536 1184743 1522240 0031437 1285572 1518422 0015127 1524003 1514559 0033684
 0332185 0443211 1272684 0002395 1521724 0012634 0528480 1418986 0872078 0033684 1705285 0002395 1521724 0012634 0030664 0439849 0445223 1880177 0243148 1550141 1882979 2587213 3274648 3548732 0871261 1704632 1706817 2911692 0441712 1706376
 0302523 0700325 1964257 0031847 0277785 1709305 2745955 0162534 1705535 1521970 1706388 2346469 2348519 1517892 1704666 0524851 0012634
 0205238 0205447 0750591 0030664 0205469 0677042 0031437 1285572 0013081 0079419 0332281 0851285 1327622 1705526 0013030 1415602 0040549 0332281 0030664 0205469 0677042
 0302523 0700325 3244290 1705535 0079419 1705526 0679199 0030664
 2825232 0043227 1521721 1515981 0033164
 0010186 0220812 0449719 1709471 0220808 0680264 0007961
 1706852 0522501 1706089 0949214
 0205155 1293097 1522472 1552923 1705191
 0221193 1880177 0043227
 0282413 0376649 1442065 0016674
 0254343 0796520 3272379

 0085205 1549619 1880669
 0013849 1705961 0024492 1538057 1547565 2348513 3538902 0000723 1273517 0032027 0033164 1418941 0033684
 0600528 0872284 0600528 1167624 1947902 2827499
 2936239 0007634 3282337 0427861 1947950 0553257 0007634 3282337
 0752312 1979930 0033640 0018284 0026249 0031727 0033684 1879547

 0557806 0023973 0025914 0025929 0026809
 0006556 0031831 1707664 1999230 2348314 3540849
 2347469
 0021622 0205476 1272753 1551730 0004716
 2986676 0031831 1707664 2348314 3540849
 0021622 1272753 0022271 0423899 0024075


 0016674 0746619 0031831 1515981 1707664 2348314 3540849
 0205090 0684010 2603358

 2986676 0031831 1707664 2348314 3540849
 0369637 0441923
 1074110 1955974 0004716 1999230 0909264 0243071
 1514811 1706462 0520510 0557061 2584313 1514811 1706462 2603362
 2347469
 1418943

 0268596 2700624
 3642273

 2603362

 0016327 0439133 1553038 0369773 2603361
 2603362

 2347961
 0027960 0324740 0439189 1456781 1824986

 0740116 2827735 2981700 0025141 1553033 0369773 2603361

 1417055
 0025141 2603362
 0040833 1521798
 3642273
 0025141 2347469 0369773 2603361 2347469 0439114 0439267 0332239 0597277 1708601 0016327 0439133 1553038 0369637 0441923
 0205090 0684010 2603358 2603362
 0205090 0684010 2603358 0016327 0439133 1553038

 0025141 0033727 0369286 0441932 0564385 0205090 0684010 2603358 0369773 2603361
 0007634 1269647 1704653 1948049 0025141 1553033
 0349590 1262865 0025141 1553033
 2603360 0597277 1708601 0597277 1708601 2603360 2603360
 0349590 1262865 0025141
 0439267


 0201682
 0439394 1706495 3642217
 2347469
 0205090 0684010 2603358
 0439114 2603362
 0205090 0684010 2603358
 0205090 0684010 2603358
 0205090 0684010 2603358 0771627 1024812 0205090 0684010 2603358

 2603362
 0242298 0344349 2945617 0439394 2603362 0439267
 2603362
 2347469
 0007634 1269647 1704653 1948049 0025141 0439267
 0205090 0684010 2603358
 0021966 0221138
 0439267
 0205090 0684010 2603358

 0035561 1553033 0016327 0439133 1553038


 0025141 0205090 0684010 2603358 0016327 0439133 1553038


 0201682
 0033727 0369286 0441932 0564385 0033727 0369286 0441932 0564385 0033727 0369286 0441932 0564385 2603362
 2347469
 0349590 1262865 0025141 2347469 0369773 2603361
 0369773 2603361 0016327 0439133 1553038


 0597277 1708601 0452259 0369718 0441922 1553036 0439267 0331781 2603360 0597277 1708601 2347469 1708586 2603360

 0439394 1706495 3642217
 2347469


 0349590 1262865 0025141 0369637 0441923
 0369637 0441923
 0003461 2939124

 0025141 2945618 0369637 0441923
 0439267 0205090 0684010 2603358


 0025141
 0439267 1553033 0016327 0439133 1553038 1553033


 2347379

 0025141 0035561 1553033 0597277 1708601 0016327 0439133 1553038


 0201682
 0597277 1708601 2347469

 0325074
 2827734 2981698 0025141
 0029016 0025141

 0369718 0441922 1553036 0369773 2603361 0597277 1708601 0439267


 0025141
 0439114 0038817 0376223



 0201682
 2347469
 0027882 0025141


 0025141
 0205090 0684010 2603358 0205090 0684010 2603358
 0205090 0684010 2603358

 0063789 3272375
 1414371 0597277 1708601
 0021966 0221138 0021966 0221138 2603362 0597277 1708601 0007284 0328038 0677526 0205090 0684010 2603358
 0021966 0221138


 0025141

 0205090 0684010 2603358
 0025141 2347469 0205090 0684010 2603358 1332260 1553033 0016327 0439133 1553038 0021966 0221138

 0025141 0439114 2603362
 2347379
 2347379
 2347961
 0025141 0033727 0369286 0441932 0564385
 0439394 1706495 3642217
 2603362
 0205090 0684010 2603358
 0021966 0221138
 1553033 2603362
 2347469

 0965991
 0450389 0000857 0600678 1552863 0205090 0684010 2603358 2603362
 0036397 0035561 1553033 0369637 0441923
 0369773 2603361 0205090 0684010 2603358 0597277 1708601 0016327 0439133 1553038
 1418943

 0268596 2700624
 3642273

 2603362

 0016327 0439133 1553038 2347469
 0040833 1521798
 0025141 0035561 1553033 2347469 0016327 0439133 1553038


 0201682
 1527021 1554111 1705606 3541382 0333052 0441061 0179636 1824528 0239110 1706852 0239110 1705565 1947976 0687676 1704687 0557854 0013849 1705961 1706852 0282420 1706852 1138432 0239110 0162443 0205314 0033213 1706387 1706852
 1706852 0016327 0439133 1553038
 1706852
 1706852 0016327 0439133 1553038
 0039224 1706073 1706074 0162443 1521991 0162443 0026376 0005532 0009993 0013621 0013622 0013658 0037455 0039401 0596070 1521991 1552856 0005477 0026376 0005532 1521991