 0244989 0206354 0017932 0017911 0031727 0132555 0032214 0600138 0035820 1705810 0520511 1704711 0002395 1521724 0012634
 0369637 0441923
 0327149

 0037747 0205090 0684010 2603358 0038995 0034036 0034037 1514756 1704324 0348078 0376315 1515981 1522492 1527075
 0557061 2584313 1514811 1706462 0949664 0332257 0002395 1521724 0012634 0524851 1522560 0012634 0686907 1515926 0025519 0025520
 0332307 1515926 1552738
 0868928 1533148 0086934 0035687 2610186 1709305 2745955
 0868928 1533148 0012634 0686907 0868928 1533148 1515187 0442504 1704765 1882509 3496241
 0244989 0206354 0017932 0017911 0031727 0132555 0031727 0085732 1299581 0033684 0002395 1521724 1314792 0012634 0015127 1314939 1524003 0949664
 0220825 0244989 0206354 0017932 0017911 0031727 0132555 0085732 1299581 0443264 0086934 0035687 2610186
 1511726 3245479 0021467 0021469 1628982 3463820 0234074 0001721 0035687 2610186 0332294 0442805 0678226 0015295 0035696 0332256 1720655 1947974 2700400
 1622990 0086934 0035687 2610186 0026661 0035695 0439855 1704241 0332257 0086282 0035687 2610186 1521761 2827422
 0016318 0079603 0947630 1547282 0021467 0021469 1628982 3463820 0244989 1419992 3538863 0086282 1611821 0680022 2698041 1750270 0359583 0521447 0031727
 1419992 3538863 0244989 0206354 0017932 0017911 0031727 0132555 1514798
 0031715 1158886 1880389 1883221 3541951 0244989 0206354 0017932 0017911 0031727 0132555 0443289 0030956 0027552 0686904 1883351 1705535 1314939
 1274040 1546471 2825142 0244989 0206354 0017932 0017911 0031727 0132555 0032214 0600138 0035820 1705810 0244989 0949664 1880177 0035687 2610186
 0557061 2584313 1514811 1706462 1720655 1947974 0026045 0026046 0033684 0332281 0033414 0205360 2347098 2827734 2981698 0740116 2827735 2981700
 1720655 1947974 0032214 0600138 0035820 1705810 0439792 0547044 1515981 1156238 0026559 0150312 0205251 0441889 0449450 1299352 1550472 0439086 2827736 2981702
 0314604 0017337 0332256 2700400 0015295 0002345 0035687 1523987 2610186 3146294 0439084 0728893
 0205392 0597298 3540770 0013935 1135598 0243107 0443281 0678723 1527148 0439084 0728893 0927232 1269563 0027763 0422837 1269560 0001675 0027769 0205099 0449913 0599851 1553451 1704459 1706450 1879652 0597298 0392148 0332197 1689985 0439086 2827736 2981702
 0015295 2700640 0205447 0348078 0376315 1522492 1149274 0026046 0243122 1145667 1167622 1880389 1883221 3541951
 0392148 1720655 1947974 0162326 0597298 0162326 0205171 0205449 1720467
 0441835 0441833 0687744 1257890 1552516 1705428 1705429 0205543 1691010 1883351 0949664 0085401 2700455 0033684 1720655 1947974 0205418 0443127 1706853 0006104 0027361 0237401
 0205447 0338451 0349081 0236642 0011265 0497327 0008659 0008633 0332281 0338451 1446659 2697954 2827734 2981698 0011265 0497327 0686907 0026882 1709305 1720655 1947974 2745955 0009219 0079941 0009219 1518422 0017446 0205147
 0026882 0525038 1555721 1706204 0085732 0392756 1274040 1546471 1720655 1947974 2825142 0026046
 0018563 1281583 1552914 0015295 1881250 0026882 0001721 1158728 1709694 0332294 0442805 0678226 0597298 1554961 1705847 0026882 1705285 1274040 1546471 2825142 0597298
 1515926 0205410 0032930 1444748 0027746 0750492 0032214 0600138 0035820 1705810 0205858 0522224 0393570 0011164 1880269 0442805 1880022 0597298
 1517378 0233820 0543488 1511545
 0035687 0035668 2610186 0441712 1706376 0142661 0449432 0032214 0600138 0035820 1705810 0450348
 1521761 2827422 1335532 0015576 1704727 0679006 1947967 0033684 0332256 2700400 0003765 1880389 1883221 3541951 1327242 1327244 0036576
 0206354 0017932 0017911 0031727 0132555 0244989 0206354 0017932 0017911 0031727 0132555 0031727 0085732 1299581 0033684 0002395 1521724 1314792 0012634 0015127 1314939 1524003 0205214 1522138 3245511 0949664
 0244989 0206354 0017932 0017911 0031727 0132555 0072402 1414387 0031727 0678226 0035820 0205396 1550043 1551388 1705810 3146286 1159402 0851285 1327622 0599784 2346714
 0244989 0206354 0017932 0017911 0031727 0132555 1178979 0010834 0027882 1515981 1720655 1947974 0333562 0949664 0520511 1704711 0679846 0392747 0443172 0205390 1300072 1306673 0205420 0450355
 0244989 0206354 0017932 0017911 0031727 0132555 1547282 1883351 1720655 1947974 1720655 1947974 0007634 3282337
 1514559 0244989 0006104 1269537 0025936 0003069 0025914 0025929 0026809 1720655 1947974 1274040 1546471 2825142 0475264 1744691
 0040539 0600688 1547282 1883351 0086597 0127400 0442805 1150570 2261482 1152133 1150423 0205177 0439167 0441655 1561536 0244989 0206354
 1511726 3245479 0244989 0206354 0017932 0017911 0031727 0132555 1552961 2347617 0014442 0025519 0025520
 0557651 2603343 1150570 2261482 1152133 1150423 0205177 0439167 0441655 1561536 0244989 0206354 0031715 1158886 0001721 0851285 1327622 1515926 0025519 0025520 0150312 1720655 1947974 0524851 1522560 0012634
 0557061 2584313 1514811 1706462 0332282 0003241 1273517 0449788 0597298 0002520 0003241 0021027 0597162 0085401 2700455 0033684 1720655 1947974 0036720
 0449424 1516719 0449416 0244989 0206354 0017932 0017911 0031727 0132555 0022877 1619828 0244989 0206354 0017932 0017911 0031727 0132555 1419992 3538863 1719918 0041348 2937342 1719918
 0001613 0007776 0010453 0022655 0027882 0220814 0430400 2242979 0025664 0184661 0443211 0680240 1272684 2700391 0392747 1521827 1554963
 0332173 0439228 0439505 0443281 0681205
 0040300 1547928 1883708 0205239 0449913 1553451 1704459 0683758
 0027882 0009458 0439536 1314677 1705217 3244283 0242295 1947943 2348609 0015965 0229671 0230445 0521457 1305418 1546774 1550100 0017797 0030842 0220892 0038425 1300565 1719918 1139930
 0007634 3282337 0001861 1439852 3536832 2347816
 0087111 0007585 0007634 0010453 1269647 1704653 1948049 0991865 0006353 0031603 0031701 0036082 0070066 0231441 0332256 0443218 1601799 2700400 2827483 0456693 1442458 0702093
 0441648 0991865 0006353 0031603 0031701 0036082 1601799 0007634 3282337 0991865 0006353 0031603 0031701 0036082 1601799 0332256 2700400 0146951 0133689 0242759 0015965 0229671 0230445 0521457 1305418 1546774 1550100
 0441648 0991865 0006353 0031603 0031701 0036082 1601799 0700308 0033727 0369286 0441932 0564385 1439852 0003241 0079240 1419992 3538863 2827734 2981698 0016955 2827734 2981698 0244989 0206354 0017932 0017911 0031727 0132555 2827734 2981698 0597162 2827734 2981698 0244989 0206354 0017932 0017911 0031727 0132555 2827734 2981698
 0010453 1548982 1883708 0003241 0021027 0027627 0175668 0205436 1439852 1548787 0522529 0060520 0124209 0206359 0022877 1619828 0702093 3541314
 0681814 0031312 0026381 0182400 0175668 0003241 0021027 0027627 0205436 0332257 3538986 1180307 1622186 0001271 0016327 0439133 1553038
 0441648 0205548 0449878
 0016318 0079603 0884358 1524063 0242841 0242842 0026018 0026018 0205128 1948027
 1419992 3538863 0439267 0025914 0025929 0026809 0439267 0746619 1419992 1439852 3538863 0006353 0146951 0133689 0242759 0037494 1959973 2678549 1882074 0020283 0450407 0450408 0450409 0013618 0013714 0029366 0037473 0597484 0031493 0016327 0068941 0068940 0439509 0439583 0085631
 2828366 0034493 0439267 1439852 0025914 0025929 0026809 0011744 0033727 0369286 0441932 0564385 0075172 0038164 0033684 0036681 1883708 1719918 0033727 0369286 0441932 0564385
 0003313 0439662 0439855 1704241 1548982 0006353 0021069 0024348 1536403 1720725 1948050 1883708 0006353 0031727 1882074 0020283 0450407 0450408 0450409 0012789 0069389 0001128 0202406 1883351 0009264 0009443 0031603 0031701 0234192 1601799 0205145 0031727 1705242 0244989
 0370003 2347026 1439852 0456693 1442458 0702093 0040822 1883708 0439267 1185738 1706132 2828386 0456389 0849355 1883720 3244314
 0370003 2347026 0006353 0031727 0445247 0233535 0369637 0441923 1553631 0010536 0244989 0206354 0017932 0017911 0031727 0132555 1719918
 0370003 2347026 0702093 1439852 0258024 0006353 1524062 1883351 1947925 2746065 0443286 1114821
 0370003 2347026 0702093 0242301 1546559 0033684 0071500 0017243 0071499 0086972 0443299 0687118
 0017243 1512080 2827485 2986957
 0175723 0180321 1706216
 0030956 0033684 1419992 3538863 1709915 1882936 0348078 0376315 1522492 0369773 0597277 1708601 2603361 0220806 1883254
 0016674
 0005507 0243073 1510438 0206243 0699809 0205088 0439787 0449468 0849355 1546485 1690016 1705102 2700258 2678549 1882074 0020283 0450407 0450408 0450409 0013618 0012789 0037494 1959973
 0031715 1158886 0244989 0206354 1415377 0017932 0439294 0010536 0720544 0017911 0031727 0132555 0439267 1514798 1548602 1704686 1553631 0004221 0024472 0086045
 0006353 1524062 1883351 1947925 2746065 0443286 1114821 0370003 2347026 0017243 1382104 0013855
 0017243 1512080 2827485 2986957
 0175723 0180321 1706216
 1705241 1705242 0392148 0332197 1689985 0750591 1883351 0079809 0242485
 0035380 0040649 1555029 0032520 0337112 0443286 1114821 1335439 1524075 0035687 2610186 0599161 0032520 0677874 0005507 0243073 1510438 0684224 0700287 3496591
 0035668 1521827 1524063 0916178 0332282 0442711 1507394 1522729 2348563
 0035380 0040649 1555029 0884358 1524063 0681834 0036397 0185125 0439267 0035668 0206415 0069417
 0032520 0677874 0028953 0884358 1335648 1824685 2697937 0439084 0728893 0439084 0728893
 1517480 1521871 1705759 0884358 0442711 1507394 1522729 2348563 0332283 1719822 1511572
 1514468 1706746 0017243 0036681 1382104 1514893 2699488 0019873 0006222 0015008 2986582
 0032659 1257890 0085401 0332256 2700400 0205449 1514562 0442726 1511790
 0015295 0015295 1514468 0599161 0032520 0677874
 0243148 1550141 1882979 2587213 3274648 0599161 0032520 0677874 0370003 0884358 2347026
 0206415 0439084 0728893 0439084 0728893
 0442711 1507394 1522729 2348563 1511572
 1705241 1705242 1710574 0022885 0038492 0039593 0392366 0936012 1551041 1552573 2700112 1705241 1705242
 0557061 2584313 1514811 1706462 1274040 1546471 2825142 0035687 2610186 0015295 0001613 0007776 0022655 0027882 1292732
 2348205 0242656 0449258 0185117 1720655 1947974 1720655 1947974 0450344 1553633
 0021135 1533691 2827718 0332173 0439228 0439505 0035696 0599161 0032520 0442726 0677874 1511790 1720655 1947974 0349966 1337208 2347469
 0392747 0443172 1705241 1515187 0442504 1704765 1882509 3496241 0597298 0599161 0032520 0442726 0677874 1511790
 0205172 0015295 0150312 0449450 0250875 0035668 0349966 0439175 0439810 1337208 1720655 1947974 2347469
 0947630 0441712 1706376 0001613 0007776 0022655 0027882 0150312 0449450
 0205117 0332282 1883708 0557651 2603343 1280500 2348382 0023870 0244989 1432891 1709707
 0205435 1279901 1711411 0311403 0244989 0206354 0017932 0017911 0031727 0132555
 0349966 1337208 1547282
 2827734 2981698 0073187 0031715 1158886 0003241 0021027 0597162 0439509 0392756 0441889 1706907
 0039798 0087111 1522326 1533734 1705169 3538994 0021547 0392148 1272695 2746065 1280500 2348382 0163342 0021467 0021469 0021547 1628982 3463820 0015127 1524003
 0002778 0936012 1524024 0206243 0699809 0369637 0439787 0441923 0849355 0086045 1446561 0018790 0237477 0392351 0521111 0031715 1158886
 1883708 0936012 0021467 0021469 1628982 3463820 0023870 0087111 0001721 0185117 0040223 1632851
 0349966 1337208 1547282
 2827734 2981698 2347469 0200931 0599161 0872262 0002778 0032520 0677874 0936012 1524024 0205409 0243148 1548221 1550141 1882979 2587213 3274648 0023870 0010453 1547282 0021467 0021469 1628982 3463820 0244989 0205217 0442805 0597298 1709707 1274040 1546471 2825142
 1511726 3245479 0002345 0035687 2610186 0244989 0206354 0017932 0017911 0031727 0132555 0851285
 0449911 0333052 2607870 0557702 1272706 1704674 0557702 1272706 1704674 0349966 1337208
 2827734 2981698
 0002778 0936012 1524024 0599161 0032520 0677874
 1547282 0035668 0021135 1533691 2827718 0332173 0439228 0439505 0439086 2827736 2981702 1521827
 0042444 0348005 0065088 0008203 0023870 0596019 1524062 0033727 0369286 0441932 0564385
 0599161 0032520 0677874 0015295 0043194 0258432 1421478 1720655 1947974 0015295 1514468 1514468
 0017243 1382104 1547282
 0599161 0032520 0677874 0243148 1550141 1708715 1882979 2587213 3274648 1547282 0441833 1999270 3537156
 2347469
 0687760 1551065 1882932 0444504 2347634 2348143 0681814 1515051 0015295 1720655 1947974 0015295 1720655 1947974
 0743559 0687760 1551065 1707156 3274014 3541345 0871420 1442989 2828392 0012727 0205419 1705236
 1522609 1705242 0369773 2603361 0679860 0332293 1518422 1522326
 0243148 1550141 1882979 2587213 3274648
 0240341 0596928 1547282 0027882 0010453 0220814 0430400 1314677 2242979 1442459 0439228 0205173 1705764 1705765 0003250 0003241 0021027 0746619 1708632 1720655 1947974 0597162 0332583 0031312 0332575 1260956
 0073187 1280500 2348382 1418486
 1280500 2348382
 0027882 0033727 0369286 0441932 0564385 1439852 1999216
 0027882 0231441 0443218 2827483 0016318 0079603 1522240 0025664 0184661 1517586 1552738 2700391
 0687760 1551065 0369637 0441923
 0520511 1704711 0332324 1550474 0439855 1704241 0332257 0086282
 0035687 2610186 1521761 2827422 1750270 0521447 1880310 2003864
 1551359 2741673 2981730 0205447 0015295 0150312 0449450 1720655 1947974 2986841 0013879 0243122 0332529 1145667 1167622 1419992 1705248 3245505 3538863 1150570 2261482 1152133 1150423 0205177 0439167 0441655 1561536 0244989 0206354 0001721 1622990 0086934 0035687 2610186 0936012 1280500 0475264 1744691 1419992 3538863
 0027882 0870432 1333299 0449774 0242842 0002778 0026018 0936012 1524024 0332120
 0021467 0021469 1628982 3463820 1419992 3538863 1750270 0521447 0450354 1706096
 1280500 2348382 0244989 0206354 0017932 1171350 3537023 3537035 0017911 0031727 0132555 1441672 1999216
 0449911 0333052 2607870 0557702 1272706 1704674 0557702 1272706 1704674 0349966 1337208
 0740116 2827735 2981700
 0475264 1744691
 0027882 0033727 0369286 0441932 0564385 1439852 0332197 1689985 0392148 0016327 0439133 1553038
 0010453 0231441 0443218 2827483
 0475264 1744691 0282646 0016318 0079603 0439852 1419992 3538863 0003250 0003241 0021027 0332583
 0001271 0031312 1708632 0332575 1260956 0016327 0439133 1553038
 0027882 0231441 0443218 2827483 0016318 0079603 1522240 0025664 0184661 1517586 1552738 2700391
 0687760 1551065 0369637 0441923
 1419992 3538863 0244989 0206354 0017932 0017911 0031727 0132555 1280500 2348382 1150570 2261482 1152133 1150423 0205177 0439167 0441655 1561536 0244989 0206354 0475264 1744691 0442818 0033684 1710236 0244989 0206354 0017932 0017911 0031727 0132555
 0392366 0085732 1419992 3538863
 1419992 3538863 0006104 1269537 0301871 0301871 0244989 0206354 0017932 0017911 0031727 0132555 1439852 1514798 0392148 0332197 1689985
 1514893 0370003 2347026 0332157 0004400 1441672 0243126 0332462 1880834 0349966 1337208 2347469 1553033
 0243126 0244989 0206354 0017932 0017911 0031727 0086597 0127400 0132555 0065088 0008203 0023870 0311403 0596019
 0449911 0333052 2607870 0557702 1272706 1704674 0557702 1272706 1704674 0349966 1337208
 0439086 2827736 2981702
 0031715 1158886 1515653 0021135 1533691 2827718 0005507 0031727 0243073 1510438
 1547282 0439177 0555903 1261360 0033684 1439852 1708639 1708639 1419992 3538863 0079240 1948037 2827734 2981698
 0034760 1273517
 0370003 2347026 1883708 0071500 0017243 0071499 1382104 1514893 2699488 0025255 0348011 0596901 0600190 1706182 0392366 0746619 1419992 3538863 2827734 2981698 0003241 0021027
 1547282 0033684 0332197 1439852 1689985 0392148 0332287 1553631 0025664 0184661 1517586 1552738 2700391
 0005507 0243073 1510438 0332197 1272695 1689985 2746065 0392148
 0370003 2347026 0071500 0017243 0071499 1382104 1514893 2699488 0332157 0004400
 1511726 3245479 1547282 0243126
 1514562 1442061 1442442 1608330 2603360 0205145 1515974 2825164 0244989 0206354 0017932 0017911 0031727 0132555 0150312 0332285 2603360
 1514562 2945843 0075804 0150312 0205088 0205145 0449450 1419992 1515974 1705314 1705315 2825164 3538863 0349966 1337208 1705535 0017446 0205147 0244989 0206354 0017932 0017911 0031727 0132555
 0030956 0031715 0162326 0681842 1158886 1882327 1883254 0450373 1553636 1709915 1882936
 0349966 1337208
 2347469 1547282 0030956 1710236
 0442711 1507394 1522729 2348563 0206243 0699809 0030956 0439787 0849355 0871133 0243126 0023870 0311403 1441672 0349966 1337208 2347469 1553033
 0030956 1710236 0205170 0030956 0030952 0030956 1273517 1883351 0557651 2603343 1150570 2261482 1152133 1150423 0205177 0439167 0441655 1561536 0244989 0206354
 0034553 0030956 1520795 1553589 1517586 0012634 0348080 1705253 2827910 0439191 0702093 0034553 0030956 1300564 2827910 0439191 0702093
 0449911 0333052 2607870 0557702 1272706 1704674 0557702 1272706 1704674 0349966 1337208

 1880389 1883221 3541951 1158886 0031715 0205145 1519063
 0031715 1158886 0244989 1547282
 0179400 1533124 1880389 1883221 3541951
 0179400 1533124 0017446 0205147 0457406 1706053
 0179400 1533124 1522002 3178797 0035668 0524637 1514562
 0002520 0031715 0205145 1158886 1519063
 0030956 1547282
 1511726 3245479 1419992 3538863 0025914 0598211 1547282 0244989 0206354 0017932 0017911 0031727 0132555 0030956 0369773 2603361 0439792 0030956
 0243148 1550141 1882979 2587213 3274648 0244989 0206354 0017932 0017911 0031727 0132555 1439852 1710236 0205170 3146287 0030956
 1280500 2348382 0005507 0243073 1510438 1547282
 1547282 0034553 1099798 0030956 0392148 0444706 3541902 0679214 1698987 0332197 1515981 1689985 0679214 1698987 0065088 0008203 0023870 0596019 0031843 0542341 0700205 1705273 0040223 3541383
 1419992 3538863 0244989 0206354 0017932 0017911 0031727 0132555 0017446 0205147 0010357 2986468 0037817 0234856 0600118 2828360 1419992 1709305 2745955 3538863 0244989 0206354 0017932 0017911 0031727 0132555 0681814 0003241 0021027 0884358 1419992 3538863 0312586 0003241 0021027 0244989 0348078 0376315 0244989 0206354 0017932 0017911 0031727 0132555 0002778 0936012 1524024 0242842
 0332197 1689985 0039798 0087111 1522326 1533734 1705169 3538994 0487602 1704680 1553637 0007610 1515981 1704711
 0039798 0087111 1522326 1533734 1705169 3538994 1883708 1750270 0521447 1419992 3538863
 1274040 1546471 2825142 0021467 0021469 1628982 3463820 0244989 2349975 0244989 0206354 0017932 0017911 0031727 0132555 0475264 1744691
 0449911 0333052 2607870 0557702 1272706 1704674 0557702 1272706 1704674 0349966 1337208
 0439084 0728893
 0348078 0376315 1522492 1419992 3538863 0017446 0205147 0007610 0039798 0087111 1522326 1533734 1705169 3538994
 0240341 0596928 1547282 0027882 0010453 0220814 0430400 1314677 2242979 1442459 0439228 0205173 1705764 1705765 0003250 0003241 0021027 0746619 1708632 0244989 0206354 0017932 0017911 0031727 0132555 1419992 3538863 2347469 1547282
 1280500 2348382 1553033 1419992 3538863 1547282
 0027882 0033727 0369286 0441932 0564385 1439852 1999216
 0027882 0231441 0443218 2827483 0016318 0079603 1522240 0025664 0184661 1517586 1552738 2700391
 0687760 1551065 0369637 0441923
 0336721 1547282 1553033 1419992 3538863 0039798 0087111 1522326 1533734 1705169 3538994
 0243148 1550141 1882979 2587213 3274648
 1514811 1706462 1274040 1546471 2825142 1999230 0205435 1279901 0439851 1947931 0332120 0086934 0035687 2610186 2924612 0035820 0205314 0679622 1705810 1552961 2347617 0244989 0206354 0017932 0017911 0031727 0132555
 0441712 1706376 1999230 1511726 3245479 1547282 0244989 0206354 0017932 0017911 0031727 0132555 1419992 3538863 1150570 2261482 1152133 1150423 0205177 0439167 0441655 1561536 0244989 0206354 0001721 0475264 1744691
 0205172 1547282 0021467 0021469 1628982 3463820 0040649 0475264 1744691 0439691
 0441712 1706376 0001721 1622990 0086934 0035687 2610186 0026661 0035695 1883351
 1515187 1551359 2741673 2981730 0087044 0033684 0040627 2826298 0079613 1521761 2827422 0032214 0600138 0035820 1705810 0243122 1145667 1167622 0086222 0086597 0872079 0033684 1704675
 0033684 1521840 1698986 0233426 0700364 0439691 1880389 1883221 3541951
 0439070 1705160 0391871 1283071 0031715 1158886 1512571 1419992 3538863 0391871 1283071 0031715 1158886 0244989 0206354 0017932 0017911 0031727 0132555
 0031715 1158886 1883351
 0033640 0031727 0033684 0033684
 1335532 0031727 0015576 1704727 0031727 0015576 1704727 0031727 0162808
 0084653 0031727 0002345 0015295 0035687 0086418 1523987 1720655 1947974 2610186
 1314939 0520511 1704711 0002345 0035687 2610186
 1551359 2741673 2981730 0244989 0206354 0017932 0017911 0031727 0132555 0301871 1419992 3538863 0681841 0750501 1705535 0439849 1705630 1706279 3540605 1158886 0031715 0033684 0244989 0206354 0017932 0017911 0031727 0132555
 0033684 0391871 0682537 1283071 0085732 1299581 0002345 0035687 2610186 0679006 1947967 0162771 2984264 0449432 0142661 0033684 0033684
 0021467 0021469 1628982 3463820 0244989 1709305 2745955 1419992 3538863 0332148 0750492 0033684 1880165 0086934 0332294 0021467 0021469 0035687 0035696 0678226 1628982 1720655 1947974 2610186 3463820
 1511726 3245479 1522634 2347946
 1552738 0244989 0206354 0017932 0017911 0031727 0132555 0174680 0031715 0072108 0079183 1150565 1158886 1314939 1416886 1415749 0282498 0018837 0036974 1521761 2827422 0288011 0521447 1521761 2827422 0056695 3158668 1511573 1148918 0242210 0600508 0013879 0033684 0050063 0243122 0871261 1145667 1167622 1704632 1705248 1706817 2911692 0450382
 1883712 0234402 0205263 0544910 0085262 0007634 3282337 1515655
 0684224 0700287 3273238 0244989 0206354 0017932 0017911 0031727 0132555 1419992 3538863 1750270 0439691 0021467 0021469 1628982 3463820 0085732 1299581 1419992 3538863 0021135 1533691 2827718 0035820 1705810 0002345 0035687 2610186
 1514562 1442061 1442442 1608330 2603360 0205145 1515974 2825164 0244989 0206354 0017932 0017911 0031727 0132555
 1514562 2945843 0075804 0150312 0205088 0205145 0449450 1419992 1515974 1705314 1705315 2825164 3538863 0349966 1337208 0030956 0017446 0205147 0031727 0205171 1720467 0030956 1705535 1514873
 1514562 0205435 1279901 0031727 0871133 1707271 0205088 1705314 1705315 0871133 1710236 0244989 0206354 0017932 0017911 0031727 0132555
 1880389 1883221 3541951 1956034 0872079 0038164 0162808 0815043 1514562 1527118 0031843 0033684 0542341 0700205 1704675 1705273 1880389 1883221 3541951
 0036720 0597704 1159772 0033684 0475264 1744691 2987476 0851827 1701901 3244310
 0872079 1704675 0031715 0392747 1158886
 0012920 1458146 0012854 0021966 0221138 1336767 2257142 0031727 0015576 1704727 0033640 0031727 1420412 0740116 2827735 2981700 0015576 1704727 0031715 1158886 1314939 1880389 1883221 3541951 0282443 1552617 0033684 0042789 1947903 1425988
 1274040 1546471 2825142 0031727 0244989 0206354 0017932 0017911 0031727 0132555 0031715 1158886 1158886 0031715
 2347946 0524851 0012634 0949664 1880177 0243107 0678723 1527148 0027746 1883351
 2707520 1511726 3245479 0026882 0150312 0001721 0035687 2610186 0442805 0456603 1547037 0597298
 1979874 0236642 0012634 1707391 1826583 0597298 0150312 0205341 0205449 1705914
 1397014 0750492 0682689 0332307 1547052 1314939 2347946
 0868928 1706255 1706256 1515187 1551359 2741673 2981730 0243122 1145667 1167622 0026046 0007603 0031715 0851285 1158886 1720655 1947974 0205250 1145667 1167622 1299351 1510827 2700149 0026046 1720655 1947974 0150312 0449450 1547282 1516240 0026046 1145667 1167622 1883351 0021467 0021469 1628982 3463820 0244989 0309049 0185117 0085732 1299581 0184512 0026046 0332272
 1552616 1706244 0244989 0206354 0017932 0017911 0031727 0132555 0014442 0150312 0443193 1446614 1704259 1705987 2700387 0392747 0949664
 0244989 0206354 0017932 0017911 0031727 0132555 0035820 0949664 0332257 0443264 0450385 0040539 0600688
 0244989 0206354 0017932 0017911 0031727 0132555 0443264 0035687 2610186 0392747 0949664 0033684 0332148 0750492 1419992 3538863 0086282 1611821 0680022 2698041
 2825232 0043227 0018173 1521721 0037747 0018173 1515981 1548284
 0010186 0220812 0449719 1709471 0220808 0680264 0007961
 1706852 0522501 1706089 0949214
 0205155 1293097 1522472 1552923 1705191
 0376649 1442065 0037747
 0282413 0376649 1442065
 0254343 0796520 3272379

 0085205 1549619 1880669
 0013849 1705961 0000723 1273517 0338451 1446659 2697954 0338451 0349081 0236642 0011265 0497327 0008659 0008633 0332281
 0244989 0206354 0017932 0017911 0031727 0132555 0206354 0017932 0017911 0031727 0132555
 0002395 1521724 0012634
 0699759
 0035380 0040649 1555029
 0991865 0006353 0031603 0031701 0036082 1601799 0991865 0006353 0031603 0031701 0036082 1601799
 0332849 0021135 1533691 2827718 0439228

 1514811 1706462 0557061 2584313 1514811 1706462
 0439267 0369637 0441923



 0000857 0600678 1552863 0597277 1708601
 2603362
 0349590 1262865 0025141 2603360
 0205090 0684010 2603358

 0063789 3272375
 2347961

 0025141 0678579
 0597277 1708601
 2603362
 0005477 0450355 0025141 0369637 0441923
 0439267 0205090 0684010 2603358 0205090 0684010 2603358

 0027882 0025141
 0033727 0369286 0441932 0564385
 0027910 1552241 1555991 0025141 0369637 0441923
 0439267 0205090 0684010 2603358 0205090 0684010 2603358




 0025141 0369637 0441923
 0439267



 0369637 0441923
 0439267 0369637 0441923
 0205090 0684010 2603358


 0000857 0600678 1552863



 2347961

 0025141 0439394 1706495 3642217 2603360 1538150 0369773 2603361
 0205090 0684010 2603358
 2347379
 2347379
 2347961
 0025141
 0369773 2603361 0238749 0033727 0369286 0441932 0564385 0678579 0369773 2603361 0205090 0684010 2603358
 1551756
 0369773 2603361 0039021 0439394 1706495 3642217
 0597277 1708601
 0439394 1706495 3642217
 0033727 0369286 0441932 0564385 0439394 1706495 3642217 1823105 0332582 0016327 0439133 1553038 2603360 0369773 2603361
 0205090 0684010 2603358 0369718 0441922 1553036
 2347469
 0369773 2603361
 0205090 0684010 2603358 0016327 0439133 1553038 2347469

 2603360 0369773 2603361
 0349590 1262865 0025141 0369773 2603361 0005595 2603360
 0205090 0684010 2603358
 0439394 1706495 3642217
 0439267



 0025141 0369637 0441923
 0439267
 0205090 0684010 2603358 0369637 0441923
 0205090 0684010 2603358 2347469
 1418943

 0268596 2700624
 3642273

 2603362

 0021966 0221138 0439267



 0201682
 0369773 2603361
 0554210
 0439267

 0369773 2603361
 0033727 0369286 0441932 0564385 0205090 0684010 2603358

 2347469 0369773 2603361
 0205090 0684010 2603358
 0006104 1269537 0554249 0369637 0441923
 0369637 0441923

 0025141 0439394 1706495 3642217
 0369773 2603361
 0033727 0369286 0441932 0564385
 0402830 2347469 3495095 0033727 0369286 0441932 0564385 0016327 0439133 1553038 0597277 1708601 0021966 0221138
 0439394 1706495 3642217
 0005595 2603360 0439267 0597277 1708601

 1418943

 0268596 2700624
 3642273

 2603362

 0439394 1706495 3642217 0402830 2347469
 0021966 0221138
 0033727 0369286 0441932 0564385 0005595 2603360

 0597277 1708601
 0439267


 0369637 0441923
 0036397 0439394 1706495 3642217 0369637 0441923
 0439267 0554249 0369637 0441923

 0205090 0684010 2603358 2347469 0439267
 1418943

 0268596 2700624
 3642273

 2603362

 0369773 2603361
 1551756 0369637 0441923
 0016327 0439133 1553038 0205090 0684010 2603358 2347469

 0369773 2603361



 0325074
 0025141 0021966 0221138 0439267



 0201682

 0021966 0221138



 0439086 2827736 2981702 0025141 0332583 0369637 0441923
 0205090 0684010 2603358

 2347961

 0025141 0016360 1424823
 2603360
 0205090 0684010 2603358
 1418943

 0268596 2700624
 3642273

 2603362

 0000857 0600678 1552863
 0597277 1708601
 1708639
 0369637 0441923
 2347469
 0036397 0025141
 0205090 0684010 2603358
 2603362


 0450385 0025141
 0205090 0684010 2603358

 0000857 0600678 1552863 0021966 0221138 2347469


 0025141 0205090 0684010 2603358
 0597277 1708601 0597277 1708601
 2603360 0205090 0684010 2603358 2603360
 0205090 0684010 2603358 0033727 0369286 0441932 0564385 0597277 1708601 0205090 0684010 2603358

 2347379
 0025141 0814202 1880568
 0033727 0369286 0441932 0564385 0021966 0221138 0597277 1708601 2347469 0205090 0684010 2603358
 0016327 0439133 1553038


 1417055

 0450318 0025141
 0033727 0369286 0441932 0564385
 0205090 0684010 2603358 2347469
 0033727 0369286 0441932 0564385 2347469
 0205090 0684010 2603358 0402830




 0025141
 0016327 0439133 1553038 0369773 2603361 2945650 0369637 0441923
 0205090 0684010 2603358




 0369773 2603361
 2603362
 0349590 1262865 0025141
 0205090 0684010 2603358 0016327 0439133 1553038


 0025141 0450955 0016327 0439133 1553038 0205090 0684010 2603358



 0439394 1706495 3642217
 0021966 0221138

 0025141 0369773 2603361


 1418943

 0268596 2700624
 3642273

 2603362

 0205090 0684010 2603358 1412647 1418186 1699468 0369773 2603361 2603360 0016327 0439133 1553038



 0201682 0439394 1706495 3642217 1708595 3280986 0439394 1706495 3642217 0439267
 0021966 0221138
 0369637 0441923


 2347379
 0025141
 0033727 0369286 0441932 0564385 0439267



 0201682
 0080089 0180979 1705858 0369773 2603361 0205090 0684010 2603358
 0369637 0441923
 0027960 0324740 0439189 1456781 1824986
 0007634 1269647 1704653 1948049 0025141
 0439394 1706495 3642217 2603360

 0003461 2939124

 0025141 2347469
 0205090 0684010 2603358
 1419492
 0369637 0441923
 0033727 0369286 0441932 0564385 2603360
 1418943

 0268596 2700624
 3642273

 2603362

 0000857 0600678 1552863 2603360
 0016327 0439133 1553038
 0439394 1706495 3642217
 0349590 1262865 0025141
 0016327 0439133 1553038 1708639
 0016360 1424823

 0349590 1262865 0025141 2603360


 0025141
 2603360

 2603362
 0027960 0324740 0439189 1456781 1824986

 0439083 0439087 0025141
 0369637 0441923
 0016327 0439133 1553038


 2347469
 0033727 0369286 0441932 0564385 0369718 0441922 1553036
 0016327 0439133 1553038
 0027960 0324740 0439189 1456781 1824986
 0007634 1269647 1704653 1948049

 0439267
 0369718 0441922 1553036 0205090 0684010 2603358
 2603362


 0025141 0021966 0221138
 0369773 2603361


 0205090 0684010 2603358 0369718 0441922 1553036


 0201682

 0205090 0684010 2603358

 0369773 2603361 0439267
 0205090 0684010 2603358
 0036397 2347469
 0369773 2603361
 0016327 0439133 1553038
 0005477 0025141 0439267
 0369718 0441922 1553036 0205090 0684010 2603358
 2603362


 0201682
 0205090 0684010 2603358
 0369637 0441923
 0369773 2603361
 0205090 0684010 2603358


 0369637 0441923
 1418943

 0268596 2700624
 3642273

 2603362

 0439073 0439082 0369773 2603361

 0027960 0324740 0439189 1456781 1824986
 0325074
 0439267 0205090 0684010 2603358



 0201682


 2347379
 0025141 0597277 1708601
 2603362
 0036397 0025141 0021966 0221138


 0201682
 0024171 0024176 2697939 0597277 1708601
 2603362
 0027960 0324740 0439189 1456781 1824986

 0007634 1269647 1704653 1948049 0597277 1708601 2603360 0597277 1708601

 0025141 0439114 2603360 2603360 0597277 1708601 0369718 0441922 1553036 0033727 0369286 0441932 0564385 2347469
 1418943

 0268596 2700624
 3642273

 2603362

