 0872078 0205250 0441889 1515655 0332120

 0369637 0441923
 0002716 0011560 0611285
 0439267
 0597277 1708601
 0033727 0369286 0441932 0564385

 0439267
 0205090 0684010 2603358
 0740116 2827735 2981700 0036375 0041740 0004716 0041703 0442650 0041703 0587081 1826357 1710133 1555265 0041703 0694768 0017398 0017399 1709697 2728259 3484370 1516225 0006826 0035168 0242481 0998265 1306459 0205099 0041703 0442650 1553446 1555265 0041703 1514756
 1272684 1548435 0520510 2936424 0520510 1514811 1706462 0085151 3538722 1456454 0033665 0002716 0011560 0033684 0611285 1709634 1412727 1522240 0171484 0030685 0391871 0439180 0680255 1283071 1963578 0002716 0011560 0030956 0611285 0205418 1883351 0348078 0376315 1522492 0333463 0392079 0002395 1521724 0012634
 0171484 3146294 0205177 0439167 0441655 1561536 0851827 1701901 3244310 0299212 1418867 1518860 1552158 0740116 2827735 2981700
 0599155 0026882 0030705 1709305 2745955 0947630 3161035 0007635 0205419 0333051 2347509 0456603 1547037 0309049
 1512571 1274040 1418867 1518860 1552158 0392747 0171484 0309049 0033268 0680864
 1883351 0022885 0039593 0392366 1512571 1515655 0557651 2603343 0441889 0026882 1705285 0205419 0521110 0006119 0030664 0205469 0677042
 1707520 0871208 1521828
 1517331 1547282 0333051 2347509 0456603 1610540 0299212 0332281 1418985 0015576 0185117 0205419 0241888 0872078 0678226 0205369 0439775 0702240 1552740 3146286 0678587 0683927 0205361 0441889 1301808 1442792 3148680 0024501 0441889 0456079 1547707 2946261
 1511726 3245479 1705535 0205419 0299212 1418985 1518422 0392747 0205145 1515974 2825164 1280500 0444454 1554204
 0520510 2936424 0520510 1514811 1706462 0030664 0205469 0677042 0002716 0011560 0221198 0611285 1880022 0030956 0205431 0332621 0002716 0011560 0611285 0002716 0011560 0611285 0085151 3538722 0033665 1456454 0002716 0011560 0033684 0611285 1441547 1709634 3245521 0085151 3538722 1456454 0033665 0002716 0011560 0033684 0611285 1709634 0010813 0596311 1330957 1412727 0171484
 0085151 3538722 1456454 0033665 0002716 0011560 0033684 0611285 1709634 1710236 0171484 1412728 0010813 0596311 1330957 1514721 2348147 3542016 0282443 1552617 0042789 1947903 2827734 2981698
 0450254 0237876 2827734 2981698 0205448 1709915 1882936
 0026882 0015576 0205396 0241888 0598429 1550043 1551388 0392747 0033666 1709694 0678227 0033268 0439775 0702240
 0030956 0033422 0205418 0021135 1533691 2827718 1705920 0442726 1511790 0006104 0030705
 0596611 0026882 0299212 1418985 0872078 0015127 1524003 1833334 0015576 0241888 0332162 1279919
 0947630 0021948 1705535 0299212 1418985 0872078 1179436 1179435 0449432 0332256 2700400 1538050 1332101 1705550 3541303 3273588
 0439855 1704241 0178555 0205177 0439167 0441655 1561536
 1442161 1511760 1880274 0023175 0171484 0181586 0205177 0205197 0439167 0441655 0725685 1442948 1517945 1522538 1561536 2348269 3275067
 0007634 3282337 0011155 1636779 1547282 0000768 0000769 0021699 1513112 0025252 0599895 1159772 0025255 0033684 0443238 0596901 0599896 1706182 0332257 0085151 3538722 1456454 0033665 0002716 0011560 0033684 0611285 1709634
 1704675 0085151 3538722 1456454 0033665 0002716 0011560 0033684 0611285 1709634 0205435 1279901 0302523 0700325 1964257 1705535 0032105 1550098 0026882 0299212 1418985 0872078 0456603 1610540 0080103 0205345 1547039 0030705 0205422
 3161035 0185117 0085151 3538722 1456454 0033665 0002716 0011560 0033684 0611285 1709634 0080103 0205345 1547039 0030705 0205397 0299212 1418985 0332281 0872078
 0333051 2347509 0456603 1547037 0025936 0003069 0006104 0025914 0025929 0026809 0150312 1521713 0205447 0026882 1705285 0085151 3538722 1456454 0033665 0002716 0011560 0033684 0611285 1709634
 0333051 0025914 0025929 0026809 1316572 1317574 1369612 0299212 1418985 0872078
 0025936 0003069 0025914 0025929 0026809 0299212 1418985 0872078 0085151 3538722 1456454 0033665 0002716 0011560 0033684 0611285 1709634 0030664 0205469 0677042 1279919 0085151 3538722 1456454 0033665 0002716 0011560 0033684 0611285 1709634
 0000894 0392747 0443172 1705241 1707520 0456603 1610540
 1979874 0185117 1564139 0085151 3538722 1142652 1456454 0033665 0002716 0011560 0033684 0611285 1709634 1825598
 0947630 0171484 0332120 1285553 0299212 1418985 0872078 2700400 0205681 2945843 0205145 0205177 1515974 2825164 0450355
 0205392 0243077 3540770 0033268 3242379 0026741 0014442 0439855 1704241 1273518
 0542559 1318139 0026882 0392747 0456603 1547037 0085151 3538722 0033665 1456454 0002716 0011560 0033684 0611285 1709634 0333051 0171484 0309049 0010813 0596311 1330957 0439509
 0683579 0026882 0442805 1709366 0392756 0547047 0079411 3146294
 0043227 1515187 0969625 3266812 0441889 0299212 1418985 0015576 0205419 0205448 0241888 0872078
 0205419 0299212 1418985 0521110 0871208 1521828 0439792
 1709793 0441889 0150312 0185117
 1511726 3245479 1704788 3539106 1707520 0441889
 0043227 1527178 1705938 3161035 0007635 1705535 0299212 1418985 0872078 0392747 0033268 0917903 0443172 0392747 0025936 0003069 0025914 0025929 0026809 0678226 0750501 0205393 0332148 0750492 3146286 1515926 1709694 0085151 3538722 1456454 0033665 0002716 0011560 0033684 0611285 1709634
 1705535 0205419 0442805 0814423 0171484 1709915 1882936
 0520510 2936424 0520510 1514811 1706462 0185117 0557651 2603343 1273517 0205132
 2827421 2700640 0004793 0162326 0162327 1519249 0017446 0205147 0004793 0162326 0162327 1519249
 0205132 0475311 2827421 1880022
 0205132 0205437 1550648 1552960 0869040 0557651 1273517 2603343 0205132 1550648 1552960 2827421 0205419 1311407 0299212 1418985 0872078 0299212 1418985
 0205132 1550648 1552960 0021485 1272883 1533685 1828121 0086022 0442335 0332298 0013879 0033164 0086860 1705248 2587213 0332282 2937283 0025664 0184661 2700391 0450382
 0020985 1514534 0002778 0936012 1524024 0086972 0443299 0687118 3244092 0441889 0205132 0349966 1337208
 0003250 0003241 0021027 0746619 0182400 1704681 2347609 3536729 0442726 0003316 0085151 3538722 1142652 1456454 0033665 0002716 0011560 0033684 0611285 1709634 1547282 0003069 0205132 1457900 0740116 2827735 2981700 0085151 0555903 1261360 3538722 1456454 0033665 0002716 0011560 0033684 0611285 1709634 0003069 0003062 0450345
 0020985 0003250 0003241 0021027 0746619 0182400 1704681 2347609 3536729 0442726 1880389 1883221 3541951 0428479 0033684 0441889 1522410 0205132 1550648 1552960
 0185117 0699794 0450344 1553633
 0449911 0333052 2607870 0557702 1272706 1704674 0557702 1272706 1704674
 0185117 0557651 2603343
 1273517 1883351 0442726 0085151 3538722 0033665 1456454 0002716 0011560 0033684 0611285 1709634 0205132 1550648 1552960 0003062
 0368720 1273517 1883351 0442726 0085151 3538722 1334805 1456454 0033665 0002716 0011560 0033684 0611285 1709634 1412467 1412466 0085151 3538722 1456454 0033665 0002716 0011560 0033684 0611285 1709634 0243148 1550141 1882979 2587213 3274648 0085151 3538722 1456454 0033665 0002716 0011560 0033684 0205227 0238767 0611285 1706086 1709634
 0020985 0002778 0936012 1524024 0443289 0185117 0205132 1522410 1550648 1552960 0205132 1550648 1552960 1708760 0085639 0205132
 0299212 1418985 0299212 1418985 0850310 3154893 3245505 1955473 1547282 0299212 1418985 0872078 0521110 0871208 1521828
 1979874 0185117 0442804 0205250 0441889 0442824 1299351 2700149 1301751 1280500 2348382
 0231448 0439792 0043227 1707455 1883473 1280500 0332162
 1547282 0025936 0003069 0025914 0025929 0026809 1518422 2936349 0333562 1510828 0001779 0205170 0349966 0439231 1337208 3146287
 0185117 0205132 1550648 1552960 0040223 3541383 0025914 0025929 0026809 0002716 0011560 0611285 0333562 0439231
 2828008 0001779 0332271 1279889 0439231 1515981 0019564 0949582 1029104 1284077 0007776 1176472 2700441 1547282 2828008
 0000894 1316572 1317574 1369612 3657569 0025914 0025929 0026809 0205132 1550648 1552960 0025914 0025929 0026809 0205203
 0025914 0025929 0026809 0025914 0025929 0026809 0205203 0205419 0205132 1550648 1552960 0011560 1705760 0333562 0205379
 0299212 1418985 0872078 2828008 0376558 0442805 1292425 0021966 0221138
 0233426 0700364 0025914 0025929 0026809 0680063 1441672 3657569 0299212 1418985 0025914 0025929 0026809 0205132 0205448 0872078 1254211 1260875 1705242 0205132 1550648 1552960 1547282 0205132 1550648 1552960 1511726 3245479 1518422 1547282 0521093 0750484 1280500 2348382 0299212 0678226 1418985 0043194 0258432 0282641 0872078 1421478 3146286 2945843 0085089 0205145 1158478 1515974 1518422 1705422 1879740 2825164
 0449911 0333052 2607870 0557702 1272706 1704674 0557702 1272706 1704674
 0185117 0521110 0030664 0205469 0677042
 0025914 0025929 0026809 0003069 0205132 1550648 1552960 0002716 0011560 0611285 0001779 0205087 0333562 0442824 1318876 0037125 0038128 0947651 1305285 1547282
 0333463 2936349 0332197 2699517 0205847 0003062 0700364 0025914 0025929 0026809 0205171 1720467 0439231 0001779 1553033
 0185117 0521110 0233426 0700364
 0333562 0205435 1279901 1441672 0205173 1705764 1705765 0025936 0003069 0025914 0025929 0026809 1550025 1704782 1708715 0001779 0016327 0332271 0439133 1279889 1553038
 0185117 0025914 0025929 0026809 0233426 0700364
 0205173 1705764 1705765 0025936 0025914 0025929 0026809 0237753 0449788 0439231 0439267 2828008 0442805 0040223 3541383 0033727 0369286 0441932 0564385 0021966 0221138
 0019564 0949582 1029104 1284077 0441833 1999270 3537156 1547282 1331418 1707455
 0333463 0007776 0205094 0205124 0934502 1176472 1441672 2700441 0205420
 0242485 0021069 0003241 0002716 0011560 0611285 0332283 0020985 0003241 0205369 1552740 0456603 1547037 0017431
 0025914 0025929 0026809 0456603 1547037 0439086 2827736 2981702 2827734 2981698
 0205216 0392756 0442797 0456603 1547037 2827734 2981698 1705648 0456603 1547037 2827734 2981698
 0441889 0449286 0542560 1561545 2348088 0456603 1610540 0205351 0011560 1705760 0333562 0017431 0450365 1706097
 0449911 0333052 2607870 0557702 1272706 1704674 0557702 1272706 1704674
 0299212 1418985 0872078 0333051 2347509 0456603 1547037
 0021069 0020985 0042789 1947903 0025663 0025664 0449851 1273517 1883351 0079809 0242485 0456603 1610540
 0025914 0025929 0026809 0205132 1550648 1552960 0006104 0332256 2700400 0740116 2827735 2981700
 0043227 0205156 0684224 0700287 1552607 3496591 0185117 0456603 1547037
 1547282 0392747 0441889 1705920
 0034980 0002778 0684320 0684321 0936012 1524024 0443289 1707520 0456603 1547037 0003069 0205549 2348044
 0237881 1709380 0038215 0750502 0022885 0038492 0039259 0039593 0205448 0392366 1551041 1552573
 0332120 0205397 0231448 0231449 0439792 0557651 2603343 0441889
 0025914 0025929 0026809 1518422 0030664 0205469 0677042 1510828 0001779 0349966 0439231 0450373 1337208 1553636 1720302
 1883351 0022885 0039593 0392366 0185117 0205263 0333463 0333562 0205132 1550648 1552960 0205203 0025914 0025929 0026809 0205132 1550648 1552960 0299212 1418985 0205132 1550648 1552960
 0085732 0521110 0025914 0025929 0026809 0185117 0006119 0030664 0205469 0677042 0439231 0450375 0016327 0439133 1553038
 1979874 0680063 0030664 0205469 0677042 0450376 0439267
 0333562 0750492 0439231
 0040223 3541383 0439231 0003062 2828008 0333463 0007776 1176472 2700441
 0205263 0030664 0205469 0677042 0299212 1418985 0450254 0015127 1524003 0220781 0439634 1522492 0332296 1880497 1996904
 0449911 0333052 2607870 0557702 1272706 1704674 0557702 1272706 1704674
 0185117 0205263 0220781 0439634 1522492 0333562 0205132 1550648 1552960
 0003062 0002716 0011560 0611285 0333562 0001779 0205087 0442824
 1547282 0205155 1293097 1522472 1552923 1705191 0007776 1176472 2700441
 2347469 0185117 0205410 1518422 0205263 0002726 0205132 1550648 1552960 0439231 0001779
 0185117 0333463 2936349 0002716 0011560 0023175 0181586 0220781 0439634 0611285 1442948 1522492 1522538 2348269 3275067 0025914 0025929 0026809 0439231 0001779
 0205219 0333562 0150312 0019564 0949582 1029104 1284077 1553033 0007776 1176472 2700441 0439267
 0073187 0025914 0025929 0026809 0282641 1720154 1707455 1547282
 0003062 0441889 0025914 0025929 0026809 1833334 0030664 0205469 0332152 0332162 0677042 1522538
 0333463 2346714 0007776 1176472 2700441 0648345 0033727 0369286 0441932 0564385 0439231 0001779
 0002778 0936012 1524024 1707531 1706214 1720154 2827421 0521093 0750484 3245505
 0003062 0441889 0205103 1550465 2827755 0349966 1337208
 0025914 0025929 0026809 0002716 0011560 0611285 0333562 1279919 0349966 1337208 0450377 2986754 0033727 0369286 0441932 0564385
 0333562 0150312 0025914 0025929 0026809 0439231 0001779 0003062 0439231 1515981 2828008 0019564 0949582 1029104 1284077 0349966 1337208 0450377 2986754 0033727 0369286 0441932 0564385
 0205419 0700364 1883351 0026882 1705285 1280500 0333562 0002716 0011560 0030956 0611285
 0205177 0439167 0441655 1561536 0185117 0205171 0439044 0679994 0205410 1518422 0205263 0002716 0011560 0611285 0085151 3538722 0033665 1334805 1456454 2936349 0002716 0011560 0025914 0025929 0026809 0033684 0205227 0333562 0611285 1709634 1518422 1547282 0332290
 0299212 1418985 0872078 0442805 0678587 0683927 0205361 0441889 1301808 1442792 3148680 0449445 1292724 0233426 0700364 0025914 0025929 0026809 0205132 1550648 1552960 0299212 1418985 0205132 1550648 1552960 0299212 1418985 0205132 1550648 1552960 0332281 0392747 0443172 1705241 0456603 1547037 0309049 0349966 1337208
 0947630 1711260 2348152 0021069 0014441 1881534 0332218 0441889 0205217 0442805 0680864 0441889 0456079 1547707 2946261 0205217 0442805 0442739 2346711
 0750729 0557651 2603343 0449445 0683607 1883351 0376649 1442065 0033213 1706387
 1524063 0014441 0005507 0243073 1510438 0557651 2603343 0441889 0006104 0598744 0003062 0003069 0205132 1552738 1282910 1552828 0349966 1337208
 0040300 1547928 1522240 1524063 0449341 0025663 0449851 0871511 0332282 0037680 0007703 0002716 0011560 0611285 0521108 1550101 0441436 0993610 1998480 1883708 0016576 0885348 0001128 0185115 0202406 2986904 3541890 0521108 2004454 1705920
 1264633 0005507 0243073 1510438
 1511726 3245479 0057938 0444686 1441506 1443182 1883712 0042295 0003062 1301820
 1316572 1317574 1369612 0332232 0057938 0185115 3541890 0441994 1548802 2003888 0439165 1549488 1561533 0037638 0185115 3541890 0039224 1706073 1706074
 0444868 3539085 0370003 2347026 0598744 0003062 0332152 0332239 0333562 0740175 2257086 1521827 0025914 0025929 0026809 0868928 1706255 1706256 0003069 1518422 0678226 0030956 0043194 0258432 1421478 3146286 1705241 1705242 0037628 0030956 0057938
 1707455 0205234 1285542 0042295 0057938 1264633 0037628
 0449911 0333052 2607870 1413114 0557702 1272706 1704674 0557702 1272706 1704674
 0299212 1418985 0872078 0205250 0441889 0392756 0547047 0001779 0333562 0205435 1279901 0025936 0003069 0025914 0025929 0026809 0700364
 0441889 0006104 0025914 0025929 0026809 0444706 3541902 1521713 0017431 0681493 2698021 1316572 1317574 1369612 0014441 0520510 1552738 0025663 0025664 0449851
 0042295 0017431 0441889 1882115 0025936 0003069 0025914 0025929 0026809 0037640 1522609 0025914 0025929 0026809 0036849 1442518 1705195 0042295 0017431 0025914 0025929 0026809 0439849 0445223 0042789 1947903 0039224 1706073 1706074
 0237881 1709380 0038215 0750502 0444686 1441506 1443182 1427738 1709450 1524063 0022885 0038492 0039593 0392366 1551041 1552573 1709450 0179407 1316572 1317574 1369612
 2945706 1705241 1705242 0369773 2603361
 1705241 1705242 1709450
 1979874 0441889 0025914 0025929 0026809 0205217 0442805 0299212 1418985 0872078
 2347469 0086045 1446561 0206132 0001779 0017431 0936012 0002716 0011560 0611285
 0002716 0011560 0611285 0042295 0441889 1882115 0003069 0003062 0037179 0087136 0205171 0444706 3541902
 0185117 0205263 0442805 0392756 0547047
 1316572 1317574 1369612 0332162 0205132 0221198 1546698 1550648 1552960 0804404 0001779 0750572 0333463 0003062 0700364 0332218 0025914 0025929 0026809 0205307 0439166 0870809 2347086
 1553033 0441889 1310510 0006104 0025914 0025929 0026809 1521713 3657569 0299212 1418985 0025914 0025929 0026809 0205203 0872078 0014441 0005507 0243073 0443299 0444706 1510438 3541902
 0086045 1446561 1522609 1882115 0025936 0003069 0025914 0025929 0026809 0037179 0087136 0205171 0444706 3541902 0036849 1442518 1705195
 0205549 2348044 0185117 0205250 3163633 0441889 0456079 1547707 2946261 0442797
 2945706 0700321 1705241 1705242 0150312
 0456148 0549184 1527428 1709450 1547282 1705241 1705242
 0449911 0039224 1706073 1706074 0557702 1272706 1704674 0557702 1272706 1704674 0039224 1706073 1706074
 1264633 0057938 0185115 3541890 0205549 2348044 0884358
 0205549 2348044 1707455 0446413 0456949 0441889 0441889 0205132 1550648 1552960 0025914 0025929 0026809 1553637 0039224 1706073 1706074
 0205549 2348044 0042295 0002716 0011560 0441889 0611285 1882115 0025914 0025929 0026809
 0681493 2698021 0441889 0003062 0443289 1883712 0442805 0086045 1446561 0678227 0392756 0547047
 0868928 1706255 1706256 0442821 1552738 0205549 2348044 0242485 1547282 0025936 0003069 0025914 0025929 0026809 0037179 0087136 0205171 1707455 0185117 0015127 1524003 0442805 0299212 1418985 0442805 0086045 1446561 0441994 2003888 0441889 0456079 1547707 2946261
 0025914 0025929 0026809 0205419 0441889 0349966 1337208 0332218 0332268 0441889 0678226 0205108 0443228 1704243 2346714 2987476 3146286 0080103 0205345 1547039
 1707455 0001779 0002716 0011560 0611285 0333562 0205435 1279901 0017431 0700364 1705535 0439849 1705630 1706279 3540605
 0206132 0001779 2828360 1947931 0086045 1446561 0006104 1269537
 1707520 0205549 0231448 0439792 2348044
 0025914 0025929 0026809 1881534 1720154 0086022 0442335 2348205 0441889 0206132 0001779 0002716 0011560 0332162 0611285 1515981 1553637 2347469
 0444930 2746065 0025936 0003069 0025914 0025929 0026809 1547282 0311392 1547188 0001779 0333562 0003062 0439659 1553637 2347469
 0681814 1706386 0444706 3541902 0456948 0441889
 0086045 0017431 0441889 1882115 0003069 0003062
 0150312 1883712 0205250 0039224 1706073 1706074
 1511726 3245479 0299212 1418985 0872078 0150312 0449450 1883708 0442805 0392756 0547047
 1511726 3245479 0086045 1446561 0441722 0563538 0871208 1521828 0011560 1705760 0333562 0025936 0003069 0025914 0025929 0026809 0205173 1705764 1705765 1709305 2745955
 0025936 0003069 0025914 0025929 0026809 0299212 1418985 1518422 0333463 0026882 1705285 0332281 0030664 0205469 0677042 0426980 0683368 1457887 0205182 0741302
 0031809 0206243 0026882 1705285 0002716 0011560 0611285 0007776 0205418 1176472 2700441 0332197 1689985
 0030664 0205469 0677042 1518422 0299212 1418985 0150312 0598429 0872078 1518422 0025914 0025929 0026809 1441672 0282641
 0205173 1705764 1705765 0003069 0003062 0870432 0444669 1167518 1706352 1882467 3274653 0007776 0333562 1176472 2700441 0019564 0949582 1029104 1284077 0009742 0009738 0332575 1260956 2986582 0349966 1337208
 0449911 0333052 2607870 0557702 1272706 1704674 0557702 1272706 1704674
 1836162 2936349 0333562 0025914 0025929 0026809 0150312 0299212 1418985
 0025914 0025929 0026809 0026882 1705285 0205219 0333562
 0441833 1999270 3537156 1547282 0333463 0002716 0011560 0611285 0439267 0599025 0023693 1306462 1515981 1881376 2347469 0073187 0016327 0439133 1553038 0033727 0369286 0441932 0564385
 0333463 0700364 0205280 1833334 0205250 0332162 1279919 1299351 2700149 0205132
 1547282 0205155 1293097 1522472 1552923 1705191 0002716 0011560 0611285 2347469 0016327 0439133 1553038 0025914 0025929 0026809 1553033 0073187 0439267 0033727 0369286 0441932 0564385
 1836162 0333562 0150312 0007776 0238767 1176472 1706086 2700441 0019564 0949582 1029104 1284077 1515981 1520135
 0520510 2936424 0520510 1514811 1706462 0557651 2603343 0205419 0205250 0441889 0521110 0011560 1705760 0333562 0025936 0003069 0025914 0025929 0026809
 0242485 0205173 1705764 1705765 0025936 0003069 0025914 0025929 0026809 0205171 0439044 0679994 0299212 1418985 0026882 0450254 0872078 1705285 0233820 0026882
 1511726 3245479 1547282 0205419 0442805 0441889 0441889
 0185117 0442805 1265611 0038164 0428479 0033684 0441889 0456079 1441547 1547014 1547707 1948059 2946261 3245521 1705535 0299212 1418985 0872078 1947931 1881534 1710236 0470187 1710236 0205242 0333853 1709915 1882936
 1517331 0392747 0443172 0700321 1825598 0039796 0302350 0814225 0441889 0441994 2003888 0449259 0205210 0750729 1279919
 0332162 0441889 0456079 1547707 2946261 0947630 1955473 0185117 0025936 0003069 0025914 0025929 0026809 0085151 3538722 0333051 2347509 0456603 1547037 0333051 2347509 2936349 0002723 0002716 0011560 0233426 0333562 0439831 0611285 0700364
 1979874 0185117 1825598
 0947630 1707455 0025914 0025929 0026809 0085151 3538722 1564139 0025914 0025929 0026809 0205419
 0150312 0449450 0557651 2603343 0205435 1279901 0453882 0205419 0299212 1418985 1547282 0750729
 1511726 3245479 0001779 0333562 0205435 1279901 0700364 0006104 1269537
 0025914 0025929 0026809 0205132 1550648 1552960 1518422 0003062 0205136 0085151 3538722 1456454 0033665 0002716 0011560 0033684 0611285 1709634 0299212 1418985 0872078 0348078 0376315 1522492 0002716 0011560 0611285 0333562 0439234 0439508
 0185117 0085732 1299581 0521110 0233426 0700364 0025936 0003069 0025914 0025929 0026809 1280500 2348382 0442821 1518422 0205263 0333463 0025914 0025929 0026809
 0333463 0205171 1720467 0025914 0025929 0026809 1441672 0205132 1550648 1552960 0205419 1292748
 0002778 0936012 1524024 0017431 0443289 0205419 0299212 1418985 0392747 0086045 1446561 0006104 1269537 0003062 0205419 0332256 2700400
 0185117 1708698 0441889 0299212 1418985 0332290 0205263 0220781 0439634 1522492 1279919
 0947630 0021135 1533691 2827718 0220781 0439634 1522492 0332283 1719822 0022702 0220865 2825046 0205390 1416797 1979936 0205390 0332283 0205390 0220781 0225328 0439634 1522492 1552645 1948066 0015347 1710236 0450385
 1444754 1706316 0205351 0450385 0871208 1521828 0017431 1441672 1882932 0392747 0443172 1705192 1515655
 0919386 1512513 0030664 0205469 0677042 0006119 0030705 0026882 1705285 0684224 0700287 3496591 0237753 0449788 0332256 2700400 0333463 0392079 0205182 0741302
 0868928 1533148 0205418 0440207 0010196 0043220 0330523 0330524 0333562 1095832 1552738 1561494 0332268 0444669 1167518 1706352 1882467 3274653 1518422 1547282 0005597 0009742 0009738 0332575 1260956 2986582
 0030664 0205469 0677042 1518422 0299212 1418985 0150312 0598429 0872078
 0025914 0025929 0026809 0206243 0026882 1705285 1518422 0333463
 0205132 0332128 0557651 2603343 0333463 0392079 0349966 1337208
 0086045 0027552 0686904 1883351 0220781 0439634 1522492 0013126 0333463
 1521970 1706388 2346469 2348519 0299212 1418985 0026882 0872078 1705285 0015127 1524003 0233426 0700364
 0522476 0030705 0015272 0575081 0016928
 1518422 1547282 1314939
 0332120 0025914 0025929 0026809 0299212 1418985 0205171 0439044 0679994 2699427 1515023
 1836598 0524899 0234131 0031847 0277785 0332268 1519606 0003069 1521970 1706388 2346469 2348519 3161035 1705535 1708726 0185117 0086418
 0872078 0337051 1704259 1705987 0205250 0033268 0005532 0557651 0872078 0947630 2603343 1705535 0299212 1418985 0872078 1512693 1180347 1523872 0033684 0439855 1704241 0332256 2700400 1538050 1332101 1705550 3541303 3273588
 0439855 1704241 0171484 0205177 1514873 1273518
 0947630 1547282 0597304 0010813 0596311 1330957 0205145 1515974 2825164 0205145 1260953 1705535 0205177 0439167 0441655 1561536 1273518
 0542559 1318139 0681841 0080103 0205345 1547039 0392148 0299212 1418985 0872078 0333051 2347509 0309049 0010813 0596311 1330957 0392747 0443172 1705241 1265611 0002716 0011560 0611285
 1274040 1546471 2825142 0185117 0205369 0442805 0441889
 0185117 0023175 0181586 0442805 1442948 1522538 2348269 3275067 0439739 0002716 0011560 0611285
 0037088 0243095 2825141 1709908 0684224 0700287 3496591 0003069 1547282 0442805
 0007585 0010453 1547282 0185117 0085151 3538722 1456454 0033665 0002716 0011560 0033684 0611285 1709634 0392747 0456603 1547037 0009458 0439536 1705217 3244283
 0681814 3242379 0205419 0299212 1418985 0392747 0033268 0036536 0036537 0392747 0449297 1382187 2825073 0543484 0699900 1516314
 0681797 0007585 0205173 0205341 1883725 0003737 0449774 0006104 1269537
 0010453
 0450389 0332185 0205177 0439167 0441655 1561536 0036536 0036537 0015352 1883067
 1515655 0599779 0003062 3161035 0869040 0947630 1273517 0332218 0443299 0392747 0443172 0392747 0443172 0543484 0699900 1516314
 0085151 3538722 0681854 0007585 0033665 0033666 0018956 0230625 1456454 0002716 0007634 0010453 0011560 0033684 0220814 0430400 0611285 0947630 1269647 1527178 1704653 1705938 1709634 1709694 1948049 2242979 0332148 0750492 0442805 0440746 0459385 0006104 0040300 0444706 1269537 1547928 3541902 0025914 0025929 0026809 0558058 0033268 0392747 0443172 0449297 1382187 2825073
 0947630 1514873 0031843 0542341 0700205 1705273 0332290
 0684224 0700287 0299212 1418985 0872078 0085151 3538722 0033665 0599893 1456454 0002716 0011560 0033684 0040715 0611285 1514873 1709634 2987521 0007603 0025255 0032105 0596901 1550098 1706182 0034850 0010813 0596311 1330957 0002716 0011560 0611285 0039869 1883351 1709305 2745955 0026882 0392747 0026649
 1955473 0007634 3282337 0011155 1636779 1547282 1515926 1513112 0025252 0599895 1159772 0025255 0033684 0205369 0596901 0599896 1552740 1706182
 0681854 0007600 0007635 3282338 1705535 0085151 3538722 1456454 0033665 0002716 0011560 0033684 0611285 1709634 1518422 1710236
 0700364 0171484 1707271 0033621 1168438 1418943 3540567 1335533 0205088 0332255 0486805 1705314 1705315 0171484 3146294
 0332255 0486805 1518422 0033684 0205250 0441889 1299351 2700149 0171484 0311403 0450355
 1280500 0442726 1511790 0678226 0392747 0443172 1551058 3146286 0085151 3538722 1456454 0033665 0002716 0011560 0033684 0611285 1709634 0599896
 1316572 1317574 1369612 0002778 0936012 1524024 1412727 3146294 0231175 1883351 0442726 1515926 0520510
 1511726 3245479 0309049 0299212 1418985 0299212 1418985 0013682 0442504 1704765 1882509 3496241 1265611 0171484 1709915 1882936
 0441712 1706376 0439775 0702240 0332197 1689985 0441889
 0683579 0205296 0205419 0001721 0597304 0010813 0596311 1330957 1235660 0171484
 1316572 1317574 1369612 0960914 0207890 1180347 1523872 0033684 0439855 1704241 1273518 1518422 0597304 0021467 0021469 1628982 3463820 0205216 0205177 0439167 0441655 1561536
 0039869 0332149 1705910 2362652 0205447 1883351 0205217 1265611 0171484 0205369 0449450 1552740
 0520510 2936424 0520510 1514811 1706462 0947630 0392747 0443172 0700321 0443264 0871208 1521828
 0439801 0025914 0025929 0026809 0870809 0392747 0443172 0700321 1881534 1705241 1705242 0332197 1689985
 1547282 0086045 0449864 1446561 1524031 1552614 2826545 0702240 0079613 1883351 0332162
 2607943 2926606 3539655 1705535 0301630 0441610 1254351 0450442 1521826 0205421 0332162 0030705 0221198 1546698 1444641 0035647 1516077
 0557651 2603343 0205435 1279901 0392148 0442808 0086045 1446561 0392747
 1705535 0299212 1418985 0872078 0079613 1883351 0337051 0171484 0010813 0596311 1330957
 0392747 0085151 3538722 0033665 0599895 1159772 1456454 0002716 0011560 0033684 0599896 0611285 1709634 1710236 0449445 0205216 0086045 1446561 0006104
 0520510 0520510 2936424 0520510 1514811 1706462 0079411 3146294 1554961 1705847 0205132 1550648 1552960 0025936 0003069 0025914 0025929 0026809 0869040 0557651 1273517 2603343 1552738 0034036 1880022
 0282641 1568447 0033164 1418941 1334805 0025914 0025929 0026809 0033684 0086860 0243148 1550141 1882979 2587213 3274648 0013126 1171362 0185117 0004112
 0205132 1880389 1883221 3541951 0475311 1710263 0026882 1705285 1552738

 0205132 1550648 1552960 1311407 1552738


 0205132 0439114 1311407 1552738

 0205132 1550648 1552960 0205132 1550648 1552960 0025914 0025929 0026809 0022877 0333562 1619828
 0205132 1550648 1552960 0335343 0682323 1552738
 0450382
 0205132 1707531 0008109 0021485 0025914 0025929 0026809 0086418 1272883 1533685 1706214 1828121 0086022 0442335 1568447 0033164 0332298 1418941 1334805 0013879 0025914 0025929 0026809 0033684 0085862 0086860 1299583 2587213
 0282641 1158478 1705422 0037179 0087136 0205171 1708726 0450382
 1171362 0185117 0205132 1550648 1552738 1552960 0450382
 0025914 0025929 0026809 0022877 0333562 1619828
 0003062 0869040 0557651 1273517 2603343 0020205 1314677 1706907 0004600 0025914 0025929 0026809 0205095 0460009 1995000 2828360 0022877 1301820 1619828 0475311 0041703
 0680063 0282641 0392148 0017431 1517480 1521871 1705759 3272453 0012854 0017428 0887950 0039259 0185115 1546575 3541890 1552738
 0450382
 0443286 1114821 0332256 2700400 0206415 0004793 0162326 0162327 1519249 0150312 0449450 0206415 0205369 1552740 0439267
 0085151 3538722 1456454 0033665 0002716 0011560 0033684 0611285 1709634 0206415 0205369 1552740 0086022 0442335 0849355 1705099
 1864172
 0443286 1114821 1947971 0033684 1704222 1514468 1704444 0243148 1550141 1882979 2587213 3274648 0205266 0872403 1947912 1517480 1521871 1705759
 0370003 2347026 0175723 0439645 1521913 0085151 3538722 1456454 0033665 0002716 0011560 0033684 0611285 1709634 0299212 1418985 0872078
 0003062 0020056 0337189 0444454 1554204 0016452 0043047 0599638 1550678
 0025664 0184661 2700391 1314939 0003062 0178478 0868975 0003062 0205540 1947933 2699414
 0020985 0002778 0936012 1524024 0440746 0459385 1521713 0006104 0040300 1269537 1547928 0884358 1552738

 0370003 2347026 0493160 0040300 1547928 0449468 0560268 1690016 0036082 0332256 2700400 0047101 0064858 0003641 0070329
 0205430 3160715 0450376 1883708 1442450 0179834
 1550101 0003250 0003241 0021027 0746619 0301871 0205369 1552740 0030956 0041942 0067332 0086972 0443299 0687118
 0033684 0025255 0071710 0348011 0596901 1706182 0019941 0027021 0031179 0330510 0522529 0939835 1110641 1318719
 0243122 1145667 1167622 0034760 0234621 1332684 0332157 1883351 0086296 1561571 1561572 1524063 0011321 1707455 0178587 2348042 2826345
 0038215 0600673 1709320 1550369 0205447 0884358 1705241 1705242 0022885 0039593 0392366 0687676 1704687 1524063 1709697 2728259 3484370 0041703
 1709793 0017431 0369718 0441922 1553036 0037680 0185115 3541890 0057938 0057938 0037494 1959973
 0007703 1442450 0450376 1550101 0849355 0057938 2828366 2347840
 0441436 0993610 1998480 1883708 0016576 0885348 0001128 0202406 0016576 0885348 0001128 0202406 0043047 0599638 1550678 1720119 1948037 1524063 0449468 1690016 1705102 2700258 0205163 1549782
 0007703 1442450 0450376 1550101 0849355 0016576 0885348 0001128 0202406 2828366 2347840
 2828366 0014441 0444706 3541902 1552738
 2828366 0945818 1883712 0020283 0450407 0450408 0450409
 0439648 0724378 0370003 2347026 0014441 1521827 2827734 2981698 0079240 1948037 0991865 0006353 0031603 0031701 1601799 1882074 0020283 0450407 0450408 0450409 0037494 1959973 0013618 0022341 0036774 0036773 0728877 0001924 0007452 0229671 1140701 1546774 1550100 0047101 0074721 0004492
 0205134 1273517 1883351 1441506 0086045 1446561 1720005 0006353 0884358
 2828366 0016576 0885348 0014441 1521827 1720119 1948037 0006353 0470296 0020283 0450407 0450408 0450409
 0205134 0016576 0885348 0001128 0202406 0439962 0445247 0884358 0006353
 0370003 2347026 0002723 0014441 0002716 0011560 0086418 0205369 0449913 0611285 1552740 1553451 1704459 0005507 0243073 1510438 0042153 0457083 1947944 0003250 0003241 0021027 0746619 0003250 0003316 0003250
 0086045 0439192 0040300 1547928 0043101 0870228 0005910 0006104 0043100 0205313 0242485 0444686 1269537 1305866 1441506 1443182 1705104 2347409
 0038215 0600673 1709320 1550369 0205447 0884358 1705241 1705242 0022885 0039593 0392366 0687676 1704687 1524063 1709697 2728259 3484370 0041703
 0025914 0025929 0026809 0004048 0014994 0014996 0205535 1161324 1705211 0006104 1269537 0020940 0038561 0849355 2827727 0036082
 0185023 0728733 1522662 1442464 0450376 0006104 0348011 0036082 2825044 0001962 0001975 0011175 0205549 2348044 0208034 0332293 0028908 0330153 1517288 1522326 0066282 0085185 0030415 1707903 0700320
 0019638 0205462 0344441 0085185 0030415 0884358 1442446 1707903 0205155 1293097 1522472 1552923 1705191 0392747 1554963 0025663 0449851 0871511
 0205155 1293097 1522472 1552923 1705191 0043367 0001975 0361850 0037129 1161347 1321600 0028125 0037125 0037633 0443224 0525069 0699857 0947651 1305285 1318876 2827486 0442504 1704765 1882509 3496241
 0441648 0790233 0043047 0599638 0681549 1550678 0444330 0361850 0037129 1161347 1321600 0028125 0037125 0037633 0525069 0699857 0947651 1305285 1318876 0051719 0002611 0220853 0443224 2827486 1883350
 0444330 0051719 0002607 0043047 0599638 1095824 1548982 1550678 2363670 0790233 0043047 0599638 0681549 1550678 1880165 0068808 1556065 0001128 0202406 0055819 1171556 0001128 0202406 0037129 1161347 1321600 0028125 0037125 0037633 0525069 0699857 0947651 1305285 1318876 1524062 1883350
 0444330 1883708 2919405 0034115 0043047 0599638 1550678 1701810 1882955 0074774 0037473 0039950 0231441 0443218 0597484 2827483 2825044 0001975 0011175 0043367
 0009742 1293958 0487602 1704680 0025664 0449851 0680240 0884358 1442989 2828392
 0444330 0018964 1701810 1882955 0205170 3146287 1883708 0036082 0009742 0037494 0008203 0009738 0037473 0037633 0332575 0525069 0596019 0597484 1260956 0790233 0043047 0599638 0681549 1550678 0009742 0009738 0205430 0332575 1260956 3160715 1719918 3272372 3538743 0041703 0001962 1549535
 1882955 0444330 1321796 0003036 1260957 1269909 1299988 2699029 1321796 0003036 1260957 0000983 0000985 0001128 0202406 0981805 0790233 0043047 0599638 0681549 1550678 1883708 0001962 0011175 0043367
 1516048 1171362 0185117 0205132 0884358 1552738
 0450382
 0439084 0728893 0182400 1704681 2347609 3536729 1708639 1708715 0017243 1382104 0041703 0439227 0013855 0006353 0142991 0220853 0041703
 0033684 0348011 0439583 0600190 1442463 0268059 0041703 0006353
 0028778 0036082 0070066 0332206 2983591 0332256 2700400 0991850 1440965 0026131 0032861 0349374 0444318 1382110 2825079 1439852 1442460 2348236 0005903 0039476 1547703 1720119 1948037 2827734 2981698 0037633 0233660 0332206 0525069 0022877 1619828 0041703 1720119 1948037 2827734 2981698 0037633 0233660 0332206 0525069 1720119 1948037 2827734 2981698 0037633 0233660 0332206 0525069
 1548982 0040223 1632851 0332256 2700400 0041415 1883708 1439852 1456454 0002716 0011560 0027021 0031179 0033684 0522529 0611285 1318719 1719918 3272372 3538743 0041703 1720119 1948037 2827734 2981698 0037633 0233660 0332206 0525069 0439962 0002716 0011560 0611285 1720119 1948037 2827734 2981698 1555271 0041703 1720119 1948037 2827734 2981698 0037633 0233660 0332206 0525069
 0441648 0040223 1632851 0041415 0034760 0162524 1450278 2349975 0006037 0041703 0332157 1883351 0086296 1561571 1561572
 0456947 0441889 0025914 0025929 0026809 1273517 1552738
 0678587 0683927 0428479 0456947 0205361 0441889 1301808 1442792 3148680 0025914 0025929 0026809 1273517 0441889 2348205
 0520510 2936424 0520510 1514811 1706462 2936424 0520510 0470187
 2986676 0033268 0025936 0003069 0025914 0025929 0026809 0018896 0025914 0025929 0026809 1285573 1552861
 0596723 1511726 3245479 0299212 1418985 0205132 0872078 1550648 1552960 1999230
 0022877 3244292 0475311 0027976 1879958 0041703
 0003241 0021027 0031831 1515981 1707664 2348314 3540849 0036378 0036375 0237876 0003242 0003241 0021027
 0043227 0016820 0018173 0021622 1272753 0001811 1074110 1955974 1074110 1548698 1955974 1513882 0006826 0021622 0998265 1272753 1306459 3245503 0439267 0004083 0439849 0596306 0699792
 0439394 1706495 3642217 0555633 0040608 0018173 0040607 0220931 1521721 1548284 2673163 0027468 0243098 0376244 1515981 0016617 0016617
 2825232 0282413 0376649 1442065 0587487 1704729 0036375 0041740 0331968 2699100 0035168 0242481 1547706 1999269 0108844 0004716 0041703
 0254343 0796520 3272379 2827734 2981698
 0085205 1549619 1880669 2827734 2981698
 0013849 1705961 0376649 1442065 1293097 2919030 2919031 0006754 3146274 0021622 0039421 1272753 0041703
 1514811 1706462 0520510 2936424 0520510 1514811 1706462 0439267 0439267 0073187 0205090 0684010 2603358
 0025936 0003069 0025914 0025929 0026809 0524851 0683033 0684309 0012634 3161035



 1413395 1744664 0025141 1319635
 0002395 1521724 0012634 0013080 0039082 0423866 2626739 0002722 0002723 0038164 1456454 0002716 0011560 0033684 0225328 0237876 0611285 1710548 1880018 1948066


 2347379
 0025141 0444649 1553033 0439267 0002716 0011560 0611285 0439267 0597277 1708601
 0611285 1456454 0033684 0444669 1167518 1706352 1882467 3274653 0013080 0039082 0423866 2626739
 1418943
 0268596 2700624
 3642273
 0041703 0000857 0600678 1552863 0369637 0441923
 0243114 1998793 0041623 0243074 3495389 1514534 0002778 0936012 1524024
 1418943
 0268596 2700624
 3642273
 0041703 0000857 0600678 1552863 2603360 2603360 0369637 0439394 0441923 1706495 3642217 0064494 0205090 0684010 2603358 2347469 0439267 2603362
 0033268 1514570 1709694
 0036397 0025141 1553033 0439267 0544691 1823998 1553033 0021966 0221138 0033727 0369286 0441932 0564385 2347469 0073187
 0002716 0011560 0030956 0611285 0007600 0007635 3282338 0025519 0025520
 0349590 1262865 0025141 0043217 0442548 0205090 0684010 2603358 1706910
 2825879 0002716 0011560 0611285 1440087 0449432 1705248
 1418943
 0268596 2700624
 3642273
 0041703 0439083 0439087 0000857 0600678 1552863 0759909 1135895 2603360 1553033 0439394 1706495 3642217 0544691 1823998 0369773 2603361 1553033 0021966 0221138 0073187
 0026882 1705285 0033268
 0349590 1262865 0025141 0064494 2603360 0439267 2603362
 1456454 0002716 0011560 0030685 0033684 0391871 0439180 0611285 0680255 1283071 1963578 1979886 0085151 1709634 1564139
 0036397 0025141 1553033 0544691 1823998 0073187 2347469
 0026882 0332281 1708726 1274040 1546471 2825142 0276496 0277558 1709694 0085151 1709634 1456454


 0201682 0998924 0369718 0441922 1553036 2603360 0064494 0439394 1706495 3642217 1708595 3280986 1553033 2603360 0439267 2603362
 0439165 1549488 1561533 0085151 0299605 0596988
 0036397 0025141 2347469
 1706853 1879748 0871161 1292721


 0201682 0369773 2603361 1708595 3280986
 0010423 0441712 1706376 0036457
 0007634 1269647 1704653 1948049 0025141 2603360 0998924 0369718 0441922 1553036 0033727 0369286 0441932 0564385 0369718 0441922 1553036
 0175631 2827662 0439178 1446409 1514241 2825490 0333463 2936349 0392079 0332120 1705920
 0027882 0025141 0021966 0221138 0205090 0684010 2603358 0002716 0011560 0611285 0439267 3613423 1720589 0033727 0369286 0441932 0564385 0861352 1553033 0597277 1708601
 0276496 0002395 1521724 0277558 0599155 0026882 0017337 0008651 0008633 1843013 2986918 0002395 0441731 0457464 1521724 0314611 0012634 0017337 0332307 0439849 0445223 1547052 0067430 1416989 1425077
 0349590 1262865 0025141 0205090 0684010 2603358 0021966 0221138 0002716 0011560 0611285 0439267 3613423 1720589 0033727 0369286 0441932 0564385 0861352 1553033 3495095
 0598888 0009015 0750901 0679245 0276496 0277558 0002395 1521724
 0349590 1262865 0025141 0205090 0684010 2603358 1720589 0033727 0369286 0441932 0564385 0002716 0011560 0611285 0439267 0021966 0221138 0861352
 0002395 1521724 0012634 0332281 0026882 0528480 1418986 0872078 0521114 0522498 1514917

 0027960 0324740 0439189 1456781 1824986
 0325074 0439084 0728893 0439267 1553033 2603360 0016327 0439133 1553038 0080045 0073187 0205090 0684010 2603358 2603362
 0332120 0441889 0299212 1418985 0872078 0679932 0851285 1521761 2827422


 0201682 1006780 0439267 0439394 1706495 3642217 0872005 0999213 0016327 0439133 1553038
 1538050 0443264 0037083 1160185 1710082 0033666 1709694 0085151 0078939 3538722 1750295 2362547
 0349590 1262865 0025141 2348952 0369637 0441923 0439267
 1538050 0010813 0086597 0127400 0596311 0872078 1167322 1330957 1514873 2752508 0013138 1028876 1504613

 0439086 2827736 2981702 0025141 0033727 0369286 0441932 0564385
 0872078 1538050 0033268
 1418943
 0268596 2700624
 3642273
 0041703 0043402
 1538050 1143933 0010813 0013138 0171484 0596311 0597357 1028876 1235660 1330957 1504613 1514873

 0007634 1269647 1704653 1948049 0740116 2827735 2981700 0025141 0016327 0439133 1553038 2603362 3495095 0033727 0369286 0441932 0564385 1006780 1553033 1551910 1006780 0439267
 0024660 1332101 1705550 0872078 1538050 0085151 3538722 0033665 2987018 1456454 0002716 0011560 0033684 0597304 0611285 1514873 1709634 1235660


 0201682 0033727 0369286 0441932 0564385
 1538050 0205224

 0007634 1269647 1704653 1948049 0740116 2827735 2981700 0025141 0033727 0369286 0441932 0564385 0439267 0369637 0441923
 3541303 3273588 0449432 1705248 0185117 0427184 0700114 0872078 1514873 1538050


 0201682 0369718 0441922 1553036 2603360 0021966 0221138 0439267 2603360
 0035820 1705810 2753842 0439855 1704241 0379528
 0349590 1262865 0025141 0337841 0033727 0369286 0441932 0564385 3495095 0033727 0369286 0441932 0564385 2347469 0439267 1006780 0439267 0033727 0369286 0441932 0564385
 3541303 3273588 1332101 1705550 1514570 1709694


 0201682 2347469 0369773 2603361 0597277 1708601 0033727 0369286 0441932 0564385 0439267 0597277 1708601 0016327 0439133 1553038
 0011155 0162429 1623416 0018790 0237477 0392351 0521111 0597304 0010813 0596311 1330957
 0349590 1262865 0025141 0086894 0851346 2314876 0033727 0369286 0441932 0564385 0369773 2603361 0073187 0205090 0684010 2603358 0369637 0441923
 0299212 1418985 0872078 0379528 0017011 0171484 1552644 2349976 0597304 1235660


 0201682 2347469 0369773 2603361 0369773 2603361 0597277 1708601 0033727 0369286 0441932 0564385 0439493 1513009 0369637 0441923 0086894 0851346 2314876 0205090 0684010 2603358
 0171484 0030946 1947941 0086597 0030685 0391871 0439180 0680255 1283071 1963578
 0349590 1262865 0025141 0439493 1513009 0369637 0441923 2603360 0073187
 0085845 0872078 1514873 0205177 0439167 0441655 1561536 0379528
 0349590 1262865 0025141 0033727 0369286 0441932 0564385 0033727 0369286 0441932 0564385 0439267 0205090 0684010 2603358
 0299212 1418985 0872078 1235660

 0740116 2827735 2981700 0025141 0439394 1706495 3642217 0439394 1706495 3642217 2347469
 0544461 0596508 0038250 1947950 0007634 0013935 0242767 1186763 3282337

 0740116 2827735 2981700 0025141 0369773 2603361 0872005 0002716 0011560 0611285
 0872078 0085151 0171484 0699919 0010813 0596311 1330957

 0740116 2827735 2981700 0025141 0033727 0369286 0441932 0564385 0597277 1708601 0439267
 0171484 0699919 0085151 3538722 0002722 0002723 0033665 0033666 0038164 1456454 0002716 0011560 0033684 0611285 1709634 2752250 0010813 0596311 1179706 1235660 1330957 1335643 1419033
 3642273
 1413395 1744664
 0439267 0337841 2603360 2603360 0112081 0073187 0080045 0073187 0205090 0684010 2603358 0369773 2603361 2603362
 1280500 0025252 0025255 0033684 0596901 1706182 0027882 0599896
 0027882 0025141 0064494 0369773 2603361 2347469 0205090 0684010 2603358 0597277 1708601 0033727 0369286 0441932 0564385 2986502 0033727 0369286 0441932 0564385 0369773 2603361 2603362 0439267 0033727 0369286 0441932 0564385
 0299212 1418985 0872078 0175996 0178719 0599896 0011209 0559563 1705822


 0201682 1553033 0872005 0759909 1135895 0998924 0369718 0441922 1553036 0005595 2603360
 1456454 0033684 2348205 0333463 0392079 0002395 1521724 0012634 0205217 0442805 1515655 0740116 2827735 2981700 0026882 0276496 0002395 1521724 0277558

 0740116 2827735 2981700 0025141 0073187 0205090 0684010 2603358 0439267 1553033 0597277 1708601 0016327 0439133 1553038 2603360 1553033 0439267
 0205419 2931257 0205250 0456603 1547037 0021135 1533691 2827718 1515655
 0027882 0025141 0759909 1135895 0439267 2603360 0439267 0043217 0597277 1708601 0369773 2603361
 0872078 0007634 3282337 0025936 0003069 0025914 0025929 0026809

 0439086 2827736 2981702 0025141 2603360 0597277 1708601 2603360 0033727 0369286 0441932 0564385 0597277 1708601 1553033 2603360 0597277 1708601
 0026882 1705285 0528480 1418986 0276496 0002395 1521724 0277558 0015576 1704727 0442805 1159339 0036536 0036537 1709915 1882936
 1418943
 0268596 2700624
 3642273
 0041703 0452875 1123019 1145701 3496086 1538923 0002716 0011560 0611285 0439394 1706495 3642217 0439267 0439394 2603362 2603362
 0033268 0011560 0333584 1705760 0333562 0025936 0003069 0025914 0025929 0026809

 0740116 2827735 2981700 0025141 0021966 0221138 0597277 1708601 0021966 0221138 0178587 0557775 1553033 0016327 0439133 1553038
 0002395 1521724 0683033 0684309 0012634 1280500 2348382 0299212 1418985 0872078 0030664 0205469 0677042
 1417055
 0025141 0073187 0205090 0684010 2603358 0597277 1708601 0033727 0369286 0441932 0564385 2603360 0002716 0011560 0611285 0439267 0080045 0439394 1706495 3642217 2603362
 0011560 1705760 0333562 0025936 0003069 0025914 0025929 0026809 0851285

 0001811 0450348 0597277 1708601
 1519606 2986594 3161035 0001779
 0040833 1521798 0025141 0016327 0439133 1553038 0369718 0441922 1553036 0597277 1708601 2603360 1415618 2603360 0597277 1708601 2603360
 0025936 0003069 0025914 0025929 0026809 1280500 2348382 0006104 1269537

 0450389 0025141 0073187 0205090 0684010 2603358 2603360 0597277 1708601 0002716 0011560 0611285 0439267 0080045 0439394 1706495 3642217 2603362
 0011560 1705760 0333562 0299212 1418985 0872078 0085151 3538722 1456454 0033665 0002716 0011560 0033684 0611285 1709634
 0027882 0025141 0439394 1706495 3642217 1006780 0369773 2603361 1261259 0597277 1708601 0021966 0221138 0205090 0684010 2603358 0582521
 0031437 1285572 0206243 0085151 3538722 1564139 1456454 0033665 0002716 0011560 0033684 0611285 1709634 0282641 0299212 1418985

 0025141 0999213 0016327 0439133 1553038 2945617 0073187 2945617 1006780 0439267 0205090 0684010 2603358
 1335533 0332255 0486805 0443288 1185625 1382196 1948049 2349967


 0201682 2603360 0443030 1553033 2603360 0073187 0439493 1513009 0369637 0441923
 0171484 1145667 1167622 0299212 1418985 0872078 1947931

 0740116 2827735 2981700 0025141 2603360 0443030 1553033 0439493 1513009 0369637 0441923 0073187
 0026882 0085151 3538722 1456454 0033665 0002716 0011560 0033684 0611285 1709634 0392756 0547047 1280519 1707887 0332120 2753842 0439855 1704241

 0451119 1444662 0025141 0369773 2603361 0033727 0369286 0441932 0564385 0073187
 0299212 1418985 0872078 0033666 1709694 0079411 3146294 0014239 0035295 0598268 0018042
 0005477 0025141 0073187 0205090 0684010 2603358 0597277 1708601 2603360 0439267 0002716 0011560 0611285 2603362 0080045 0439394 1706495 3642217
 0086022 0442335 1705099 0006104 1512359 0018787
 0325074
 0003461 2939124
 0439267 0205090 0684010 2603358 0238749 0597277 1708601 0016327 0439133 1553038 1553033
 0026882 1705285 0681205 0887918 0000901 0205145 1515974 2825164
 0025141 2603360 0002716 0011560 0611285 0439267 0073187 0205090 0684010 2603358
 0185117 1707455

 0025141 0597277 1708601 0073187 0205090 0684010 2603358 0439267 0439267 2603360 0439394 1706495 3642217 0021966 0221138 0369718 0441922 1553036 0369718 0441922 1553036 0080045 0439394 1706495 3642217 2603362
 1515655

 0439086 2827736 2981702 0025141 1553033 0439267 0439267 0080045 0016327 0439133 1553038 2603362 0073187 0205090 0684010 2603358
 0185117 0424295 0004112 0027882 1518422 2349975 0011560 1705760 0333562

 0027960 0324740 0439189 1456781 1824986
 0325074 2603360 2346686 0033727 0369286 0441932 0564385 2603360 0033727 0369286 0441932 0564385 0439267 2603362
 0392747 0443172 3540512 0078939 1750295 2362547 3484390 0032120 0036825 1168405 1334805 1456454 0002395 1521724 0012634

 0554249 0002716 0011560 0611285 0002716 0011560 0611285 0002716 0011560 0611285 0205090 0684010 2603358 0010196 0330523 0330524 1095832 0205090 0439267 0684010 2603358 0444649 1553033 0205090 0369773 0684010 2603358 2603361
 1837514 0031437 1285572 0037771 0221166

 0025141 0033727 0369286 0441932 0564385 2603360 0033727 0369286 0441932 0564385 0439267 2347469 0002716 0011560 0611285 0205090 0684010 2603358 0033727 0369286 0441932 0564385
 1442161 1511760 1880274 0015127 1314792 1524003 0033268


 0201682 0205090 0684010 2603358 0999213 0439394 1706495 3642217 0369637 0441923 2603362 2348507 0369637 0441923
 0205419 0333463

 0025141 0021966 0221138 0205090 0684010 2603358 0033727 0369286 0441932 0564385
 0020792 0205396 1418985 0017337 0299212 0015295 0680251 1274040 1546471 2825142 2828389 0344339 0015576 1704727 0750901 0034865



 0325074 0025141 0033727 0369286 0441932 0564385 2603360
 0868928 1533148 1442161 1511760 1880274 0015295 1418985 0017337 0299212 1547282 2700116 0030664 0205469 0677042 0440207 0010196 0043220 0205309 0330523 0330524 0333463 1095832 1561494

 1858559
 0025141 0597277 1708601 0597277 1708601 2603360 2348291 0033727 0369286 0441932 0564385
 0002716 0011560 0205217 0442805 0611285 1442161 1511760 1880274 0015295 0599155 0162735 0026882 1552961 1705285 2347617 0017337 0299212

 0025141 0369773 2603361
 1708595 3280986 0596260 1511545
 0005477 0025141 0369773 2603361 1708595 3280986 3544412 0220781 0439634 1522492 0220806 0205235 0441471 0947630 0004627
 0005477 0450355 0025141 0033727 0369286 0441932 0564385 0238749 0369773 2603361 0205090 0684010 2603358 0043217
 0002395 1521724 0012634 0333463 0299212 0026882 1418867 1518860 1552158 0015127 1524003 0023175 1442948 1522538 2348269 3275067 0086045

 0025141 0439493 1513009 0369637 0441923 0759909 1135895 2603360 0073187
 0022634 0018790 0237477 0392351 0521111 0205177 0439167 0441655 1561536


 0201682 0450388 3495095 0443021 0369637 0441923 2603360 1553033
 0243077 0205681 0299212 1418985 0181496 0205145 0205177 0872078 1515974 2825164 2827499 0439851 1947931
 0349590 1262865 0025141 0033727 0369286 0441932 0564385 2945617 0016327 0439133 1553038
 0033727 0369286 0441932 0564385 0002716 0011560 0611285
 0299212 1418985 0872078 0740116 2827735 2981700 1579409 1513403 1521840 2986546


 0201682 0016327 0439133 1553038 2603360 0033727 0369286 0441932 0564385 0439267 2603360 2603362 0205090 0684010 2603358
 0033666 1709694 0085151 3538722 1456454 0031843 0542341 0700205 1705273
 0027882 0025141 0033727 0369286 0441932 0564385 0439394 2603362
 0332120 0033268 0030685 0391871 0439180 0680255 1283071 1963578 1704259 1705987


 0201682 0033727 0369286 0441932 0564385 0238705 1427484 1842839 0021966 0221138 0439267 2603362
 1280500 1709694 0085151 3538722 0033665 0599895 1159772 1456454 0002716 0011560 0033684 0599896 0611285 1709634


 0201682 1553033 0033727 0369286 0441932 0564385
 0299212 1418985 0872078 0001721 0599896 1709694 0439855 1521840 1704241 1538050 0007603 0025255 0032105 0596901 1550098 1706182

 0002716 0011560 0611285 1553033 1553033 0369637 0441923 2603360 0439394 1706495 3642217 2603360
 0035820 1705810 0011209 0559563 1705822 0699040 0205148

 0451119 1444662 0025141 1832110 0439394 1706495 3642217 1553033 0205166 1706317 0439394 1706495 3642217 2346686 0033727 0369286 0441932 0564385 0998924 0369718 0441922 1553036 0439267 2603362
 1456454 0033684 0006104 1269537 0002395 1521724


 0201682 0450955 2603360
 0009491 1579762 0557651 2603343 0038128

 1858559
 0025141 2348952 0369637 0441923
 0085400 0392747 0443172
 0557651 2603343
 0230467 0741204
 0025141 0439267 0073187 0331893 2347469 0205090 0684010 2603358
 2349975 0033666 1709694 0025914 0025929 0026809 1704689 0026882 0004793 0162326 0162327 1519249


 0201682 0439267 1553033 2603362
 0185117 0085151 3538722 1334805 1456454 0033665 0002716 0011560 0033684 0611285 1709634 0085151 3538722 1456454 0033665 0002716 0011560 0033684 0611285 1709634


 0201682