 0017337 1327760 0450477 1420713 0740116 2827735 2981700 1825809 0021966 0221138
 0439086 2827736 2981702

 1704729 0041740 0029040 1704729 0041740 0029040 1704729 0041740 0029040 1704729 0041740 0033157 0022130 0035171 0035168 0242481 1707689 2983265 0557061 2584313 1514811 1706462 0600597 1709016 1273517 1883351 0017262 0017337 0185117 0039421 0220908 1305399 1705053 0033640 1419704 0031727 0033684
 1280500 0028928 0028929 0001128 0202406 0015127 1524003 1280500 0017108 1003377 0017262 0017337 0185117 0007613 0007634 0031843 0542341 0700205 1269647 1704653 1705273 1948049 1292732
 0274281 0332157 0028928 0028929 0001128 0202406 0442805 1708698 0650607 1256369 0021641 0036536 0036537 1533581 1579433 0392756 0547047 2250323 2259158 0021467 0021469 1628982 3463820 0442805
 1883712 1882115 0021641 0423896 0456205 1533581 1579433 0439775 0702240 0162772 0231175 1883351 1719133 1256369 0021641 0036536 0036537 1533581 1579433
 0947630 2733022 0200931 0002778 0032520 0677874 0936012 1524024 1547282 0028928 0028929 0001128 0202406 0851285 0017262 0185117 0025519 0025520 1314939 0007595 0018270 0220844 1621966 2911660 0037083 1160185 1710082 0040649 0033666 1709694
 1883712 1882115 0017262 0185117 1314939 0007595 0018270 0220844 1621966 2911660 0007589 1511938 2945687 1518422 0542341
 0220908 1305399 1705053 0033640 1547282 0028928 0028929 0001128 0202406 0851285 0185117 0441889 0752312 0872280 1979930 0033640 0149784 0018850 0018284 0026249 0031727 0033684 0038435 0871261 1314939 1704632 1706817 1879547 2911692 0044602 0007586 1704259 1705987 1155872
 2607943 2926606 3539655 0274281 0332157 0007613 0007634 0031843 0542341 0700205 1269647 1704653 1705273 1948049 0441712
 0332157 0205178 0274281 0032105 1550098 1256369 0021641 0023175 0036536 0036537 0181586 1442948 1522538 1533581 1579433 2348269 2349975 3275067 0007634 3282337 1883708 0033414 0243144 0347980 0040300 2827734 2981698
 0332157 0205191 0274281 0028754 1441672 1963185 0011860 0441730 1320657 0011847 0011849 0243107 0332307 0678723 1527148 1547052 1280500 0021655 2700570 0021641 0237834 1514892 1533581 1579433 0040300 0031847 0277785 0740116 2827735 2981700 0439086 2827736 2981702
 0332157 0274281 0650607 1256369 0021641 0036536 0036537 0205112 0205250 1274040 1533581 1546471 1579433 2825142 3163633 0221103 0301625 0439181 0728721 1719133 1256369 0021641 0036536 0036537 1533581 1579433 1719133 1256369 0021641 0036536 0036537 1533581 1579433 0033268 0162772 0030054 0205332 1705920 0021467 0021469 1628982 3463820 0007587 0007634 0011065 1269647 1306577 1704653 1948049 1515655 0021135 1533691 2827718
 0021655 2700570 0021641 0237834 1514892 1533581 1579433 0040300 1280500 0678226 0231174 0680095 0039869 1883351 1882443 0243107 0678723 1527148
 0441712 1706376 0947630 0443289 0332157 0274281 0007634 0025519 0025520 0392747 0443172 1269647 1274040 1546471 1704653 1948049 2825142 0037083 1160185 1710082 1171362 0185117 0441889 0456079 1547707 2946261 0040649 0040712 0597295 1519614 0439084 0728893
 0947630 0017262 0017337 0185117 0007600 0009013 0007634 0205132 1269647 1704653 1948049 0332128 1332838 0017337 0017262 0017337 0185117
 0002778 0936012 1524024 0441468 0441469 0015688
 0332157 0274281 0392756 0547047 0017262 0017337 0185117 0001022 0442805 0017262 0017337 0185117 0007262 0085966 2258044 0015688 0030011 0205250 0332152 1522538 3163633 0007634 3282337
 1449575 0002778 0936012 1524024 0439228 0041904 0162493 1158366 0015684 0001128 0030011 0202406 0439849 0445223 0920533 0013081 0017952 1314939 0332290 1511572
 0030233 3503116 0010453 0220814 0430400 2242979 0033727 0369286 0441932 0564385 0034340 1418288 0007064 0034354 0244104 0166418 1418776 0600434 0597357 0752063 1879547 2984308 1420172 0017713 1415014 0071928 0035696 0441889 0205216 0392756 0442797 1280500 2348382 0596620 0025519 0025520 0005572 0220781
 0035696 0536847 1421314 0428479 0033684 0441889 0007634 3282337 0332282 0028928 0028929 0001128 0202406 1280500 2348382 0166418 1418776 0600434 0086597 0127400 0597357 0752063 1704259 1705987 1879547 2984308
 1547282 0441889 0456079 1547707 2946261 1157223 1510700 0220781 1883254 1256369 1719133 0021641 0036536 0036537 1533581 1579433 0162772 0030054 0033268 0205332 1705920
 0302523 0700325 3244290 0041904 0162493 1517892 1704666 0332157 0205191 0274281 1516240 1719133 1256369 0021641 0036536 0036537 1533581 1579433 1280500 2348382
 0015688 0861064 0030011 0205217 0332152 0442805 1522538 0162772 0030054 0205332 1705920 1547282 1883351 0868945 1880177 0031843 0542341 0700205 1705273 0007620 0007634 0443348 1269647 1704653 1948049
 0678226 0014440 1287349 3244092 0003402 0014442 0014445 0185117 0205251 0441889 0456079 1299352 1547707 1550472 2946261 2987476 3146286 0038838 0038836 0017822 1415275 0017817 0027021 0031179 1318719 0450348
 0947630 0003402 0001047 0010654 0282774 0205195 1947911 0439092 0547044 0449719 1709471 0028778 0332206 1533157 1706084 2828370 1280500 0007634 3282337 1280519 0010957 1883709 0439092 0547044 2963144 0205234 1285542
 0035171 0035168 0242481 1707689 2983265 0086912 0035171 0035168 0242481 1707689 2983265 0557061 2584313 1514811 1706462 0034760
 0001047 0010654 0028928 0028929 0001128 0202406 0010572 1718641 0003241 0021027 0015684 0001128 0202406 0332296 1880497 1996904 0869011 1719918 0006823
 0028928 0028929 0001128 0202406 0332297 1145667 1167622 1689898 2349209 0028928 0028929 1532563 0001128 0202406 0439190 1521827 0439084 0728893 0037494 1959973 2348935 2348935 0019215 0456693 1442458 0702093
 0037633 1882074 0020283 0450407 0450408 0450409 0456081 0369637 0441923 0180860 0581406 1522664 1704449 1704684 1875155 1698986 1514873
 0916178 1690540 0006823
 1690540 1690540 0869011 0006823
 0332583 1514468 1704444
 1690540 1709016 0869011 1551532
 0003241 0164786 0812228 0035335 0080113 3540616 0037083 0007634 0039421 0869011 1269647 1704653 1948049 3537152
 1456380 0005574 2984916 0006823
 1136240 0073337 0031727 0812215 1706586 2746015 1425569 0753114 0872043 0667720 1333692 1425983 1872959 0682972 0010536 0033640 0597357 0086376 0031727 0033684 0439267 1948027 0033634 0033621 1168438 1418943 3540567 0033640 0031727 0033684 0255652 1413288 0243045 0031727 0072108 0079183 0851827 1150565 1701901 3244310 0003241 0005574
 0248813 0872053 1334482 1367019 0031727 1445860 0003241 0021027 0380362 1334478 1455843 0248813 0005574 0043194 0258432 1421478
 0169101 0752312 1979930 0033640 0018284 0026249 0031727 0033684 1879547 0003241 0021027 0869011 0006823
 0003241 0021027 0218504 1332817 0043194 0205090 0258432 0684010 1421478 2603358 0449913 1553451 1704459
 1445860 0003241 0021027 1421472 0753571 0031831 1707664 1999230 2348314 3540849
 0033727 0369286 0441932 0564385
 0041740 0005125 0017480
 0007585 0007634 0010453 0220814 0430400 1269647 1704653 1948049 2242979 0039798 0087111 1522326 1533734 1705169 3538994
 0007634 3282337
 2603362
 0041740 0237753 0439799 0449788 0010454 0009458 0325564 0392747 0439536 1705217 3244283 0010453 0220814 0430400 0332256 2700400 0017725 0007452 0015965 0229671 0521457 1140701 1546774 1550100 0242295 1947943 2348609 0025402 0030842 0220892 0038425 0004178 0678214 2347816 0001861 3536832
 0007634 3282337 0872351 0205200 0020498 1139930
 0007634 3282337 1883708 1439852 0009458 0325564 0392747 0439536 0439583 1705217 3244283 0332256 2700400 0017725 0332283 0039798 0087111 1522326 1533734 1705169 3538994 0033727 0369286 0441932 0564385 0444499 0740116 2827735 2981700 0028928 0028929 0001128 0202406 0439086 2827736 2981702 0028928 0028929 0001128 0202406 0010654 0001047 0001047 0010654
 1256369 0021641 0036536 0036537 1533581 1579433 0202098 0242485
 0007634 3282337 0205170 3146287 0010453 0220814 0430400 2242979 0005971 1139930 3537155 0456693 1442458 0205448 0702093 1548958 1705294 0439531 1948053 0006353 0019215 1875730 0332256 2700400
 0007634 3282337 1883708 0006353 0445247 1439852 0427743 1287281 0086045 1514721 2348147 3542016 1532563 0456693 1442458 0702093
 0444930 2746065 0681814 1706386 1550101 1516695 1516698 0179834 0456692 0702093 0849355 1883720 3244314 0440266
 0086045 1446561 1550101 0034580 1552738
 0202098 0242485 1256369 0012854 0423896 0439175 0439810 0456205 1882115 0370003 2347026
 0021641 0423896 0456205 1533581 1579433 0185115 3541890 1524063 0001962 0332256 2700400 0450316 2827734 2981698
 0021641 0423896 0456205 1533581 1579433 0021641 0684224 0700287 1265611 1533581 1579433 3496591 0012854
 0523806 0242485 0162772
 0007634 3282337 1512335 0332282 0039798 0087111 1522326 1533734 1705169 3538994 0041236 0332256 2700400 0013618
 0007634 3282337 0006353 0019215 0332296 0596235 1548982 1875730 1880497 1996904 1524063 0520481 0885750 1552738
 0020281 0020275 0031180 0523702 0885426 0020281 0026237 0007634 0444706 3282337 3541902 0150369 1516647 0439836 0312860 0312860
 0443286 1114821 1532563 0017789 0220839 0439190 1272689 1883712 0220873 0003387 0052078 1999216
 0965324 0205198 0205360 0369114 0965324 1301820 1547311 1706082 0020291
 0185115 0684295 0752248 1449575
 0035668 0007634 0205409 1548221 3282337 1524063 0034760 1517331 1690540 1998793 0302828 1442085 3263700
 0006556 1521827 1524063 0206415 1548602 1704686 0035380 1158816 0040649 1555029 0370003 2347026
 0056208 1321571 1883708 1883254 1524063 0812225 1150635 1705212 1705213 3273202 1998793 1185738 1706132 0028630 0392767 0444504 0456389 1708096 2347634 2348143 1883708 0017428 0026809 0333052 0591833 2338314 2607870 1709016 0302828 1442085 3263700
 1709016 1548982 0031789 0075278 2986582 0441633 1524063 0872345 1883167 1955272 0183115 1710020
 0017262 0185117 0028928 0028929 0001128 0039798 0087111 0202406 0392747 1522326 1533734 1705169 3538994 1449575 0871424 0002778 0037585 0038215 0936012 1524024 1551532 0205449 0439092 0547044 0681814 1707391 1517331 0031845 0005532 0008902 0031843 0205460 0542341 0680240 0700205 1705273
 1709846 0032520 0677874 1550177
 0035668 0006556 1524063
 1517480 1521871 1705759 0032520 0034760 0677874 0884358 1690540 0449913 1553451 1704459 0442711 0947322 1705426 1999230 0008848 0242298 0344349 3262831
 1514468 1524063 0332583
 0185117 0243148 1273517 1550141 1882979 2587213 3274648
 0036849 1442518 1705195 1707689 2983265 0017337 1292732 1883254 0600510 0004793 0037293 0162326 0162327 0181496 1519249 1710492 1524063 0206415 0333052 2607870
 0205134 3146294 1524063 3272453 0012854 0017428 0887950
 0036849 1442518 1705195 0017337 1707391 0884358 2947996 0032520 0677874 0218063 0013682 1881379
 0162326 0686900 1272683 1522634 1999230
 0033640 0031727 0033684 1979963 2003903
 0033684 0007634 0185115 3282337 3541890 1524063 0006353 0066823 1271466 1882074 0020283 0450407 0450408 0450409 0013714 0013618 2348935 0037508 1171560 1556062 0016327 0037473 0597484 0017881 0074764 0034320 3252566 0029366 0037473 0597484 0053140 0064858 0068941 0068940 0439509 0146951 0133689 0242759
 1171362 0185117 0949466 0005863 0002778 0936012 1516048 1524024 1705493 1140694 0006823
 1979963 2003903 1550369 0884358 1519063 0031715 0205145 1158886
 3244092 0185117 0441889 0031727 0442822 0680240 0871968 1265611 1522609 1524031 1554108 1561573 1883002 1265611 1554108 1561573 0740116 2827735 2981700 0750591 0449864 1138603 1441436 1555587
 0031727 0750591 1883351 0205251 0441889 1299352 1550472 1265611 1554108 1561573 0439084 0728893 0750591 0021212 1235732 1522602
 0031727 0740116 2827735 2981700 1518422 0332257 3538986 0002778 0936012 1524024
 0243161 0031727 0441889 0392747 0443172 1705241 0332462 1880834 0243148 1550141 1882979 2587213 3274648 0441889 0456079 1547707 2946261 0205448 0681814
 0031727 0028928 0028929 0001128 0202406 0851285 1517331 1883708 0005863
 1280500 0851285 1327622 0031727 0005863
 0178587 0011321 0444706 3541902 0936012 1524063 0037585 0200765 0333052 1704254 1704922 2607870 3542466 1882115 0370003 2347026

 0010572 1999216 1273517 1883351 1292732 0597295 0040712 1519614 0205360 2347098 0450355
 0007634 3282337 0028928 0028929 0332293 0001128 0202406 1522326 0001047 0010654 0347982 0010572 0027960 0324740 0439189 1456781 1824986 0033727 0369286 0441932 0564385
 0021641 0423896 0456205 1533581 1579433 0444706 1552738 3541902
 0871424 0002778 0936012 1524024
 1511726 3245479 1704970
 0871424 0002778 0936012 1524024 0884358 1524063 0022885 0038492 0039593 0392366
 1705241 1705242 1883351 0237881 0750502 1546944 0369773 2603361
 0035171 0035168 0242481 1707689 2983265 0557061 2584313 1514811 1706462 1280500 0001047 0010654 0423896 0456205
 0028928 0028929 0001128 0202406 0205217 0442805 0650607 1256369 0021641 0036536 0036537 1533581 1579433 0012854 1371675 1256369 0021641 0036536 0036537 1533581 1579433 0017725 0205263 0450344 1553633
 1518422 1256369 0021641 0036536 0036537 1533581 1579433 0017725 1882115 1372360 0650607 1256369 0020459 1160577 0030281 1327616 0021641 0036536 0036537 1533581 1579433
 0001047 0010654 1301751 1280500 2348382
 0028928 0028929 0001128 0202406 0205216 0392756 0442797 0030281 0021641 0423896 0456205 1533581 1579433 0243148 1550141 1707455 1882979 2587213 3274648 0012854 0369773 2603361 0028928 0028929 0001128 0202406 0450345
 0021641 0423896 0456205 1533581 1579433 0007634 3282337 0012854 0007634 3282337 0369773 2603361 0028928 0028929 0001128 0202406 0001047 0028928 0028929 0001128 0202406 0369773 2603361 0028928 0028929 0001128 0202406 0001047 0129575 0369718 0441922 1553036
 0030281 0021641 0423896 0456205 1533581 1579433 0001047 0010654 0332293 1522326 0205171 0439044 0679994 1705242 0012854 0720544 0964553 1334110 1627892 0012854 0021641 0439267 1533581 1579433 1707455 0369773 2603361 0129575 0369718 0441922 1553036
 0449911 0333052 2607870 0557702 1272706 1704674 0557702 1272706 1704674 0349966 1337208
 2827734 2981698
 1280500 2348382 0039798 0087111 1522326 1533734 1705169 3538994 0205112 1719133 1256369 0021641 0036536 0036537 1533581 1579433 0021641 0423896 0456205 1533581 1579433
 0021641 1533581 1579433 0009458 0162867 0444706 1254021 3541902 0332282 0017725 0086045 0442808 1532563
 1256369 0021641 0036536 0036537 1533581 1579433 0650607 1256369 1880833 0021641 0036536 0036537 0205112 0332462 0392747 0443172 0684224 0700287 1533581 1579433 1705241 1880834 3496591 0243148 1550141 1882979 2587213 3274648
 1274040 1546471 2825142 0444504 2347634 2348143 0205173 0884358 3539942
 0028928 0028929 0001128 0202406 0369773 2603361
 0369773 2603361 0001047 0010654

 2347469 0021641 1533581 1579433 0001962 0007634 0185115 3282337 3541890 0021641 0034580 1533581 1579433 1709793
 1274040 1546471 2825142 0021641 1533581 1579433 1882115 0012854
 1274040 1546471 2825142 1704970 0205173 0884358 3539942
 0033268 0162772 0028928 0028929 0001128 0202406 0205263 0001047 0010654 0347983
 0681814 1705535 1325653 0162362 0026237 0337112 0521346 0521451 1524075 1546767 0449416 1705919 0007634 3282337 1511726 3245479 1518422 1547282
 0033268 0439070 1705160 0007634 0444706 3282337 3541902
 0028928 0028929 0001128 0202406 0205217 0442805 0033268 0028928 0028929 0001128 0202406 0369773 2603361 0001047 0010654 1883712 0309872 0369773 2603361 0001047 0010654 0349966 1337208
 0001047 0010654 0205171 0439044 0679994 1518422 0392747 0443172 1705241 0033268 0162772 0243148 1550141 1707455 1882979 2587213 3274648
 0449911 0333052 2607870 0557702 1272706 1704674 0557702 1272706 1704674 0349966 1337208
 0740116 2827735 2981700
 1280500 0033268 0162772
 0007634 3282337 0028928 0028929 0332293 1532563 0001128 0202406 0439190 1522326 0444499 0332297 1145667 1167622 1689898 2349209 0392148 0332197 1689985 0033727 0369286 0441932 0564385
 1280500 0001047 0010654 0007634 3282337
 0349966 1337208 1547282
 0017337 0600510 1522053 0017337 0936012 1709016 0028928 0028929 0001128 0202406 0205216 0392756 0442797 0185117 0017337 0600510
 0392747 0443172 0205396 1550043 1551388 0205217 0442805 0039798 0087111 0205216 0392756 0442797 1522326 1533734 1705169 3538994 0243148 1550141 1882979 2587213 3274648 1524063 1553446 1709016
 0392756 0546742 0237753 0449788 0600510 0028928 0028929 0001128 0202406 0369773 2603361 0001047 0010654
 0237753 0449788 0600510 1518422 0392756 0028928 0028929 0001128 0202406 0369773 2603361 0001047 0010654
 0001047 0010654 0017337 0600510
 0449911 0333052 2607870 0557702 1272706 1704674 0557702 1272706 1704674 0349966 1337208
 0439086 2827736 2981702
 1280500 0017262 0017337 0185117 0007634 3282337
 0237753 0449788 0600510 0220825 0205217 0442805 0205216 0392756 0442797 0449910 0012634 0348080 1705253 0243148 1550141 1882979 2587213 3274648 1553446 1709016 0369718 0441922 1553036
 2347469 0520511 1704711 1555715 1704332
 0439175 0439810 0521093 0750484 1709016 1709846 0032520 0677874 1550177 0008902 0031843 0542341 0700205 1705273
 0237753 0449788 0237753 0449788 0683312 1555713
 0007634 3282337 0028928 0028929 0332157 1532563 0001128 0202406 0439190 0444499 0332297 1145667 1167622 1689898 2349209 0392148 0332197 1689985 0001047 0010654 0205171 0439044 0679994 0681814 1706386
 1449575 0002778 0936012 1524024 0443289 0017262 0185117 0028928 0028929 0001128 0202406 0851285 0681814 0039224 1706073 1706074
 1883351 1711411 0017262 0185117 0442726 1511790 1709016 0017337 1517331 1709846 1550177 0032520 0040223 0237400 0677874 1880022 3272377 3541383
 0439175 0439810 0017337 1449575 0002778 0392747 0443172 0936012 1524024 1709016 1517331 1709846 0521093 1550177 0032520 0039224 0040223 0237400 0677874 0750484 1706074 3272377 3541383 0740116 2827735 2981700
 0032520 0677874 0521093 0750484 0017337 0392747 0443172 0332462 1880834 0680220 1547282 1883351 0392747 0443172 0332462 1880834 3541329 1449575 0002778 0936012 1524024
 1979874 0205447 0392747 0443172 0332462 1880834 1709016 0150312 1883351 0200931 0599161 0002778 0032520 0677874 0936012 1524024 0450354 1706096
 0449911 0039224 1706073 1706074 0557702 1272706 1704674 0557702 1272706 1704674 0017263 0851285 1327622 0028928 0028929 0001128 0202406 0392148 0332197 1689985 0936012 1709016 1709846 0032520 0677874 1550177 0449911 0039224 1706073 1706074 0557702 1272706 1704674 0557702 1272706 1704674 1280500 0237753 0449788 0017337 0600510 0028928 0028929 0001128 0202406 0851285 0205449 0439092 0547044 1709016 0031843 0542341 0680240 0700205 1705273 1555715 1704332 1880833 0332462 1880834
 0017337 0031843 0205309 0542341 0680240 0700205 1705273 1555715 1704332 0039224 1706073 1706074 0450365 1706097
 1280500 1882115 0017337 0039224 1706073 1706074 1547282 0039224 1706073 1706074
 0017337 0025519 0025520 1314939 1555715 1704332 0017337 0008902 0441833 0687744 1257890 1552516 1705428 1705429
 0017337 1314939 2612546 0030011 0332257 0007262 0085966 2258044 0007258 0087163 0729572 0332462 1880834 1334043 0001021 0332462 1880834 0065170 1439272 0050688 0085744 0030016 0001374 0332462 1880834 0332462 1880834 0017337 0302820 0007004 0025519 0025520 1314939 0016755 0016745 0332462 1880834 0024746 0332462 1880834
 1979874 0038233 1419846 0075202 0599871 0332462 1880834 0332462 1880834 2700640 0033684 2263126 0015690 0596562 0015684 0001128 0220781 0522535 1314939 1883254 0017337 1547699 2700640 0068341 1151383 0030016 0332462 1880834
 0017337 1555715 1704332 0028928 0028929 0001128 0202406 0851285 1518422 0001047 0010654 0039798 0087111 1522326 1533734 1705169 1882115 3538994 0039224 1706074 0740116 2827735 2981700
 0017337 0007595 0007589 1179412 0007634 0018270 0220844 1269647 1511938 1621966 1704653 1948049 2911660 2945687 1555715 1704332 0441833 0687744 1257890 1552516 1552839 1705428 1705429 0037083 1882932 1627364 0017337
 0028928 0028929 0001128 0202406 0017337 1314939 0007595 0018270 0220844 1621966 2911660 0007589 1511938 2945687 0444868 3539085 1882115 0001047 0010654
 0028928 0028929 0001128 0202406 0205217 0442805 0017262 0185117 1547699 2700640 1334478 1455843 0332462 1880834 0805431 0033684 0753571 1421472 0087044 0103404 0033684 0078351 0332462 1880834 0442797 0017262 0185117 1547699 2700640 0450344 1553633 0599220 0332462 1880834
 1883712 0231175 1883351 1882115 0017337 0205393 0086597 0037083 1160185 1710082
 0028928 0028929 0001128 0202406 0851285 0017337 0040649 1314939 0033684 0599896 0036536 0036537 1156189 1706853 1879748 1155076 1154988 0871261 1704632 1706817 2911692 0017337 0450365 1706097
 1861886 0017337 0218504 1332817 0332462 1880834 0871261 1704632 1706817 2911692 0028928 0028929 0001128 0202406 1280500 1518422 0001047 0010654 1555029
 0039224 1706073 1706074 1547282 0028928 0028929 0001128 0017337 0202406 0851285 0600510 0001047 0010654 1882115 1883712 1449575 0002778 0936012 1524024
 1709846 0032520 0677874 1550177 0521093 0750484 0017337
 0032520 0677874 0521093 0750484 0001047 0010654 0017337 1882115 0007595 0598132 0007589 2752631 0007634 0018270 0205245 0220844 0441833 0542341 0687744 1257890 1269647 1314939 1511938 1552516 1621966 1704653 1705428 1705429 1948049 2700217 2911660 2945687 0017337 0205393 0025519 0025520 0441833 0687744 1257890 1314939 1552516 1705428 1705429 1518422 0001047 0010654 1555029 0039224 1706074 0740116 2827735 2981700
 1513400 1979963 2003903
 0002778 0936012 1524024 0442726 1511790 0031727 0220908 1305399 1705053 0220908 1305399 1705053 0033640 0031727 0033684 0442822 1265611 1524031 1554108 1561573 1883002 0750591 1883351 0449864 2347469
 1171362 0185117 0441889 3244092 0428479 1707520 0041405 0220908 1305399 1705053 1824670 3272447 0007600 1414685 3538717 0007634 0205132 1269647 1515981 1704653 1948049
 0031727 1709061 0752312 1434639 0851285 0031727 0170168 0082529 1337108 1705156 1955933 0007634 0442726 1511790 3282337
 0031727 0044602 0538677 0089793 0033640 0031727 0033684 1150639 0244989 0206354 0017932 0017911 0031727 0132555 0753627 1705582 1836606 0150312 0449450
 0597298 0332257 0758621 0033634 0033621 1168438 1418943 3540567 0033640 0031727 0033684 0007586 1155839 0007634 1269647 1511572 1704653 1948049 0243045 0031727 0072108 0079183 0851827 1150565 1701901 3244310 0108855 1332733 0439084 0728893 0033640 0031727 0033684 0220908 0220909 0442726 1511790 1698960 1710031 1710477
 0442726 1511790 0026574 1334043 0080294 0031727 1518422 0007634 0030274 1552738 3282337
 0031715 1158886 0033634 0033621 1168438 1418943 3540567 0033640 0031727 0033684 1519315 0567416 0450365 1706097
 0449911 0039224 1706073 1706074 0557702 1272706 1704674 0557702 1272706 1704674 1171362 0428479 0456949 0185117 0441889 3244092 0031727 0004561 2347469 1280500 0001047 0010654 0031715 1158886
 1280500 0185117 1158886 0031715 1301808 0039224 1706073 1706074 0745732 3272378 0007634 1516048 3282337
 1511726 3245479 1547282 0028928 0028929 0001128 0202406 0851285 1171362 0185117 1158886 0031715 1301808 0332462 1880834 0039224 1706073 1706074
 0005863 0521093 0750484 0851285 1327622 1413288 1456380 0033634 0033621 1168438 1418943 3540567 0033640 0031727 0033684 1334478 1455843 1136240 2827383 0205448 0031715 1158886 1301808 0031727 0205396 0220908 1305399 1550043 1551388 1705053 1136240 2827383 0035335 0080113 3540616 0039224 1706073 1706074 0349966 1337208
 0005863 1883712 1882115 0851285 1327622 1334478 1455843 0428479 0033684 0441889 0441889
 1709016 1511726 3245479 1547282 0017262 1334478 0017337 0185117 0370003 2347026 1280500 1518422 0001047 0010654 1882115 1883712
 0001047 0010654 0205171 0439044 0679994 1518422 1280500 2348382
 0449911 0039224 1706073 1706074 0557702 1272706 1704674 0557702 1272706 1704674 0851285 1327622 0028928 0028929 0001128 0202406 0392148 0332197 1689985 0031727 0220908 0936012 1305399 1705053 0333052 2607870 0557702 1272706 1704674 0557702 1272706 1704674 0349966 1337208

 0033640 0033684 0441889 0428479 0033684
 0949466 0033640 0031727 0033684 0884358 0150312 1883351 0033640 0031727 0033684 0220908 1305399 1705053 0017337 0150312 1883351 1449575 0002778 0936012 1524024 1709016 0753571 1421472 0087044 0103404 0033684 0078351 0218504 1332817 0162597 0007634
 0949466 1705493 1547282
 1880833 0025320 0392747 0443172 1705241 0033684 0033684 0205396 1550043 1551388 1979963 2003903 0034606 0178587 0441633 0936012 2826292 0001271 0033684 1882115 0039224 1706073 1706074 1547282
 1280500 0001047 0010654 1156639 1293130
 0947630 0443289 0021641 0423896 0456205 1533581 1579433 0028928 0028929 0001128 0202406 0205216 0392756 0442797 0001047 0010654 0039798 0087111 1522326 1533734 1705169 1882115 3538994 0450345 0392747 0443172 0202098 0428405 0035696 0441889 0444706 1709016 3541902 1511726 3245479 1709846 1518422 1547282
 1705535 0030281 0021641 0423896 0456205 1533581 1579433 0851285 0028928 0028929 0001128 0202406 0001047 0010654
 1883351 1292732 1280500 0001047 0010654 1156639 0441889 0456079 1547707 2946261 0021641 0423896 0456205 1533581 1579433 0007634 0033727 0369286 0441932 0444706 0564385 3282337 3541902 0453882 0010572 1999216 0028928 0028929 0001128 0202406 0001047 0010654
 1273517 1547282 0449774 0021641 0423896 0456205 1533581 1579433 0450345 0439084 0728893
 0007634 3282337 0392756 0547047 0010572 0205397 0392148
 0007634 3282337 2825142 1274040 1546471 1521798 0392148 0010572 1705241 1705242 1273937 0237881 0750502 1546944 0010572 0010572 0442759 0442760 0439086 2827736 2981702 0012854 0069877 0369773 2603361 0349966 1337208
 0449911 0333052 2607870 0557702 1272706 1704674 0557702 1272706 1704674 0349966 1337208
 0439084 0728893
 1280500 0001047 0010654
 0007634 3282337 0332293 0205171 1522326 1720467 0028928 0028929 0001047 0010654 0332197 1689985 1999216
 1511726 3245479 1547282 1882932 0444504 2347634 2348143
 0028928 0028929 0001128 0202406
 0001047 0010654
 0028928 0028929 0001128 0202406 0010572
 0010572
 0035171 0035168 0242481 1707689 2983265 0557061 2584313 2985663 0557651 1514811 1706462 2603343 1292732 0023983 0443252 0205166 1280500 1515273 1705313 1706317 2826302 0007613 0007634 0031843 0542341 0700205 1269647 1704653 1705273 1948049
 0680240 0947630 0007600 0007634 0205132 1269647 1704653 1948049 1274040 1546471 2825142 0274281 0332157 0028928 0028929 0001128 0202406 0023175 0181586 0442805 1442948 1522538 2348269 3275067 0650607 1256369 0021641 0036536 0036537 1533581 1579433 0021467 0021469 1628982 3463820 1719133 1256369 0021641 0036536 0036537 1533581 1579433 0439093 0443228 1704243 0162772 0030054 0205332 1705920
 0039869 1883351 0031843 0542341 0700205 0868945 1705273 1880177 0007634 1269647 1704653 1948049 0003402 0205195 1947911 0441889 0449286 0542560 1561545 2348088 1280500
 0947630 0162772 0030054 0205332 1705920 0028928 0028929 0001128 0202406 0205250 3163633 0001047 0010654 1882115 1883712 0231175 1883351 1719133 1256369 0021641 0036536 0036537 1533581 1579433 0332282 0039798 0087111 1522326 1533734 1705169 3538994 0028928 0028929
 1705535 0442805 0028928 0028929 0332281 0699040 0001128 0007634 0039798 0087111 0202406 0205191 1522326 1533734 1705169 3282337 3538994 1518422 1947931 0028928 0028929 0001128 0202406 1280500 1719133 1256369 0021641 0036536 0036537 1533581 1579433
 0031847 0277785 0237753 0449788 1441414 1553874 1578820 2827734 2981698 0030011 0596620 0025519 0025520 0678226 0679932 1710236 0740116 2827735 2981700 0033268 0041004 0439086 2827736 2981702 0185117
 0274281 0332157 0439590 0007634 3282337 0028928 0028929 0001128 0202406 1441672 0041904 0162493 1314939 2612546 0030011 0332257 0007262 0085966 2258044 0007258 0087163 0729572 1334043 0001021 0065170 1439272 0050688 0085744 0030016 0001374
 1979874 1419846 3540808 2700640 0014442 0014445 0015687 0596562 0015684 0001128 0220781 1314939 1883254 0871261 1704632 1706817 2911692 0039798 0087111 1522326 1533734 1705169 3538994 0028928 0028929
 2607943 2926606 3539655 0332157 0274281 1704259 1705987 0033268 0015264 0311403 1882115 0441889 0456079 1547707 2946261 0028928 0028929
 0017262 0185117 0017952 1314939 0030011 0442739 2346711 1979874 0947630
 0558058 1705241 1705242 0007600 0007634 0205132 1269647 1704653 1948049 1273517 0205419 0683585 0040223 1632851 1442103 1547049
 0557651 2603343 0183683 1521721 1511726 3245479 0030011 0205171 1720467 0205191 0221099 0274281 0332157 0684336 0015688 0439509 1705535 0392747 0443172 0441889 0456079 1547707 2946261 0017262 0017337 0185117 1518422 0007634 3282337
 0332157 0274281 0439590 0018790 0237477 0392351 0521111 0005572 0220781 1709694 0021641 0205216 0392756 0423896 0442797 0456205 1274040 1533581 1546471 1579433 2825142 0678723 0870861 1254042 1515655 0021135 1533691 2827718 0439084 0728893
 0557651 2603343 1547282 0030281 0021641 0423896 0456205 1533581 1579433 0028928 0028929 0332157 0001128 0202406 0033727 0369286 0441932 0564385 0205216 0392756 0442797 0007634 0243148 1550141 1707455 1882979 2587213 3274648 3282337 0009429 0814472 0001047 0010654
 0013081 0028928 0028929 0001128 0202406 1518422 0040649 0441889 0456079 1547707 1709305 2745955 2946261 3180941 0021966 0221138 0202098 0428405 0441926 0035696 0441889 0442739 2346711 1449575 0002778 0936012 1524024 1709016 1547282 0040227 0681367 0947630 1511726 3245479 1518422 1547282
 0443264 0028928 0028929 0001128 0202406 0001047 0010654 0441889 0456079 1547707 1709305 2745955 2946261
 1512571 0681814 1521721 1524063 0010572
 0947630 0443289 0243077 0392747 0449719 1709471 0441472 0001047 0010654
 0028928 0028929 0001128 0202406 0001047 0010654 0085862 1280500 1299583 1704259 1705987 3547574 0243125 0699900
 3534339 1704259 1705987 0086597 0025320 0392747 0443172 1704259 1705987
 1136240 2827383 0031727 0039869 0597295 0040712 1519614 1547282 1883351 0086597 0127400 0443264 1136240 1307407 1414805 1704259 1705987 2827383 0007634 3282337
 0947630 0033684 0441889 0028928 0028929 0001128 0039798 0087111 0202406 0205216 1522326 1533734 1705169 3538994 0007634 3282337 0349966 1337208 0039224 1706073 1706074 1280500 2348382 0001047 0010654 0001554 0521115 1533734 1882115
 0031715 0392747 0443172 1136240 1158886 1705241 2827383 0021641 0392756 0423896 0456205 1533581 1551359 1579433 2741673 2981730 0007634 3282337 2986411
 1280500 0220781 1883254 1705535 1879547 1879547 1514873 0332290 0243148 1550141 1882979 2587213 3274648 0597295 0040712 1519614
 0947630 0017337 0033684 1314939 0007595 0018270 0220844 1621966 2911660 0038952 0220921 1547282 0449774 0871261 1704632 1706817 2911692 0039798 0087111 1522326 1533734 1705169 3538994
 0017337 1314939 1155872 0851285 1327622 0007589 1511938 2945687 0007620 0007634 0038952 0220921 1269647 1704653 1948049 0871261 1704632 1706817 2911692 0039798 0087111 1522326 1533734 1705169 3538994 0028928 0028929 1280500 2348382 0001047 0010654 1555029
 1442162 1550718 3244317 0028928 0028929 0001128 0202406 1260953 0031715 1158886 0221103 0301625 0439181 0728721 0013879 1705248 0007634 0205432 1269647 1517945 1704653 1948049 0014406 1441672
 0237753 0449788 1155872 0007586 1155839 0007634 0851285 1269647 1292856 1314939 1327622 1511572 1704653 1948023 1948049 0007595 0018270 0220844 1621966 2911660 0028928 0028929 0001128 0039798 0087111 0202406 1522326 1533734 1705169 1948023 3538994 0332257 1413288 0035335 0080113 3540616 1705535 2244506 0007595 2249825 0018270 0220844 1621966 2911660 0015688
 1704259 1705987 0752312 1979930 0334094 1514485 0038952 0220921
 0521093 0750484 0392148 0041405 0442726 1511790 1824670 3272447 0007600 1414685 3538717 0007634 0205132 1269647 1515981 1704653 1948049
 0237753 0449788 0031727 0871261 1704632 1706817 2911692 0205250 3163633 0015688 0162772 0030054 0205332 1705920 0332257 1704259 1705987 0752312 1979930
 0332185 0557651 2603343
 1547282 1879547 1456380 0033634 0242606 0038435 0311404 0920533 0013081 0036536 0036537
 0150312 0449450 0557651 2603343 0042789 1947903 0041904 0162493 1334478 1708803 0033634 0033621 1168438 1418943 3540567 0033640 0031727 0033684 0428479 0441889 1456380
 0028928 0028929 0001128 0202406 0205263 0751455 0017337 1421472 0753571 1547699 2700640 0033684 0205449 0037088 0243095 2825141 0005863 0521093 0949466 0750484 1705493
 0753571 1421472 0087044 0103404 0033684 0078351 0038164 1335532 0015576 0033684 0183210 0596235 1704727 1705193 0332257 0183210 0521390 0596235 1705193 1547282 1883351 2349975 0015283 1518275 0007634 0027912 3282337
 0753571 1421472 0087044 0103404 0033684 0078351 0050063 0443264 0027792 0037080
 0205435 1279901 0007634 0030274 0205396 1269647 1550043 1551388 1704653 1948049 0007613 0031843 0542341 0700205 1705273 0439673
 0017262 1861886 0017337 0185117 0205448 0428479 0033684 0441889 0039224 1706073 1706074 0349966 1337208
 0041904 0162493 0871261 1704632 1706817 2911692 0015688 1316572 1317574 1369612

 0218504 1332817 0162597 0007634 0008013 3641721 0039194 0007634 3282337 0004561 0007634 2949735 3282337 0243107 0678723 1527148 0011854 1320657 0441729 0011847 0011849 0332307 1547052
 0442805 0218504 1332817 0436331 0007634 3282337 0011860 0441730 1320657 0011847 0011849 0205397 0242656 0332307 0449258 1547052
 0684224 0700287 0441889 1719133 1256369 0021641 0036536 0036537 1533581 1579433 0332120 0332282 0332157 0205191 0274281
 0947630 1524063 0599862 0020202 1300517 0005861 1621557 0150312 3244092 0441889 0274281 0332157 0015684 0001128 0007634 3282337
 0017262 0185117 0557651 2603343 0684224 0700287 3273238 0871261 1704632 1706817 2911692 0441889 0947630 1524063 0449851
 1709846 0032520 0677874 1550177 0442726 1511790 1519595 3244092 0441889 0456079 1547707 2946261 0205217 0442805 0332462 1880834 1511726 3245479 1518422 1547282
 1274040 1546471 2825142 0449295 1511790 0205251 0441889 1299352 1550472
 1552616 1706244 2607943 2926606 3539655 1705535 0332157 0205191 0274281 0007613 0007634 0031843 0542341 0700205 1269647 1704653 1705273 1948049 1704259 1705987
 0920533 0013081 1314939 0007589 1511938 2945687 0597295 0033684 0220781 1883254 0449719 1709471 0021641 0023175 0205216 0392756 0423896 0442797 0456205 1442948 1522538 1533581 1579433 2348269 3275067 1704259 1705987 0162772
 0242606 0038435 0311404 0443264 0037080 0037083 0086982 1704259 1705987 0332257 0544461 0041904 0162493 1456380 1334478 1708803 0033634 0033621 1168438 1418943 3540567 0033640 0031727 0033684 0007634 0868945 1880177 3282337
 1883727 1883357 0037088 0243095 2825141 0567416 0441712 1706376 0007634 3282337
 0557651 2603343 0035172 0681805 0016820 0018684 0021622 0035168 0238884 0242481 0369637 0441923 1553033 0004083 0439849 0596306 0699792
 0035172 0021622
 1568415 0035172 0035176 0018684 0021622 0035168 0238884 0242481 1521721 0018173 1548284 2346686 0011847 0011849 0041740 0205099 1521721 1522427
 2986676 1704729 0041740 1880177 0043227 0011847 0011849 0205099 1522427 0243098 0376244
 2825232 2346686 1880177 0557651 2603343
 0282413 3273171 0686900 1272683 1522634
 0041740 1704729 1547703
 0013849 1705961 0024492 1538057 1547565 0034036 0034037 1514756 1704324 0348078 0376315 1272684 1522492 1527075 1548435 0010572 0010572

 0600510 0004793 0037293 0162326 0162327 0181496 1519249 1710492 0600510 0004793 0037293 0162326 0162327 0181496 1519249 1710492
 0015688 0015688 2698488 0015684 0001128 0202406 0332296 1880497 1996904
 0206354 0017932 0017911 0031727 0132555 0206354 0017932 0017911 0031727 0132555
 1719133 1256369 0021641 0036536 0036537 1533581 1579433 1719133 1256369 0021641 0036536 0036537 1533581 1579433
 0006353 0019215 1875730 0006353 0019215 1875730
 0752312 1979930 0033640 0018284 0026249 0031727 0033684 1879547 0752312 1979930 0033640 0018284 0026249 0031727 0033684 1879547
 0752313 0169101 0752312 1979930 0033640 0018284 0026249 0031727 0033684 1879547
 0001047 0010654 0001047 0010654
 0028928 0028929 0001128 0202406 0028928 0028929 0001128 0202406
 1150639 0538677 0089793 0033640 0031727 0033684
 0164786 0285558 0377800 0033640 0031727 0033684
 0033634 0033621 1168438 1418943 3540567 0033640 0031727 0033684 0033634 0033621 1168438 1418943 3540567 0033640 0031727 0033684
 0166418 1418776 0600434 0597357 0752063 1879547 2984308 0166418 1418776 0600434 0597357 0752063 1879547 2984308
 0035335 0080113 3540616 0035335 0080113 3540616
 0162772 0030054 0205332 1705920 0162772 0030054 0205332 1705920
 0038233 1419846 0075202 0599871 0038233 1419846 0075202 0599871
 0162597 0162597
 1265611 1554108 1561573 1265611 1554108 1561573
 0033684 0033684
 0753571 0033684 0078351 0753571 0033684 0078351 1514811 1706462 0035171 0035168 0242481 1707689 2983265 0557061 2584313 1514811 1706462 1708595 3280986 2945675 1280500 1372798 0302820 0025519 0025520
 0021966 0221138
 1280500 2348382 0599782 0017725 0205054 1709366 0042153 0428357 1261415 0021641 1533581 1579433 1278023 0337437 0441889
 0025141 1549972 2364111
 0205143
 0025141 0035493 2699077 2699078 0017296 0314603
 0000857 0600678 1552863 0023031 0142904 0030233 3503116 0205263 0026237 0521451 0162772 0030054 0205332 1705920 0021135 1533691 2827718
 0145779 3540468 0205090 0684010 2603358 0026691 1705240 1839259 0333668 0133788 0220884 0678226 0220781 0311403 1883254 3146286 0036536 0036537 0205217 0442805 1518422
 0025141 0001905 1412243 0039247 1513400 1979963 2003903 0017337 0359589 1999230 0233820 0232786 0007613 0007634 0031843 0542341 0700205 1269647 1704653 1705273 1948049
 3537453 0597277 1708601 0369637 0441923 0035820 1705810 0037083 1160185 1710082
 0025141 0021966 0221138 0369637 0441923 0030233 3503116 0133788 0220884 0205263 1415884 0206256 0007600 0007634 0030274 0205132 1269647 1550648 1552960 1704653 1948049 2827734 2981698
 0000857 0600678 1552863 0033727 0369286 0441932 0564385 0016327 0439133 1553038 0033727 0369286 0441932 0564385 1280500 0007613 0030281 0007634 0330390 0439096 0542341 1269647 1704653 1948049 2004068 1314939 0242303 0598306
 0025141 0369637 0441923 0597277 1708601 1280500 2348382 0015684 0001128 0017262 0017337 0185117 0009013 0030281 0007634 0021641 1533581 1579433 3282337 0947630 1524063 1709016 0600597
 0016327 0439133 1553038 0369637 0441923 0522095 0015684 0001128 0205166 0337112 1524075 1706317 0018790 0237477 0392351 0521111 0017262 1861886 0017337 0185117 2827734 2981698
 0000857 0600678 1552863 0016327 0439133 1553038 1549972 0369637 0441923 0015684 0001128 0205263 1861886 0017337 2827734 2981698
 0205090 0684010 2603358 0016327 0439133 1553038 0369637 0441923 0439267 0369637 0441923 0016327 0439133 1553038 0332157 0274281 0439590 0010858 1280500 0332120 0007587 0007634 0011065 1269647 1306577 1704653 1948049 0010656 0086597 0127400 0851827 1701901 3244310 0376515 0851285
 1520214 0042469 0274281 0332157 0015684 0001128 0018790 0237477 0392351 0521111 1719133 1256369 0021641 0036536 0036537 1533581 1579433 0596562 2981166 0017715 0005572 0220781
 0025141 0439267 0015684 0001128 0392756 0547047 0185117 1420172 0017713 1415014 0021641 1533581 1579433 0441889
 1261082 1551056 2981682 0017263 0851285 1327622 0030281 0007634 0330390 0439096 2004068 3282337 0028928 0028929 0001128 0202406
 0439267 0369637 0441923 0205090 0684010 2603358 0016327 0439133 1553038 0035820 1705810 0536847 1421314 0597427 0033684 0205191 0205263 0274281 0332157 0860803 0017725 0015688 1280500
 1514559 0018790 0237477 0392351 0521111 1256369 1719133 0021641 0036536 0036537 1533581 1579433
 0000857 0600678 1552863 0016327 0439133 1553038 1412999 1418867 1518860 1552158 0205217 0442805 0007634 3282337 0332281 1256369 1719133 0017725 0021641 0036536 0036537 0221099 0684336 1533581 1579433 1948023 0031327 1524059 0441712 1706376
 0010622 0332298 0439267 0230613 0450371 3539617 0004739 0332297 0536847 1421314 0033684 1256369 0021641 0036536 0036537 1533581 1579433 1517892 1704666 1969875 0031847 0277785 0011860 1320657 0441730 0011847 0011849 0332307 1547052
 0025141 0033727 0369286 0441932 0564385 0024554 0025266 0086418 0369637 0441923 0205090 0684010 2603358 0016327 0439133 1553038 0332453 0025914 0025929 0026809 0443289 0035820 1705810 0033268 0162772
 0025141 0369637 0441923 2603362 1280500 1256369 0021641 0036536 0036537 1533581 1579433 0028754 1963185
 1419347 0025141 0369637 0441923 0080103 0869014 0449438
 0000857 0600678 1552863 0033727 0369286 0441932 0564385 0369637 0441923 3179302 1280500 0011847 0011849 0524828 1545588 0040539 0600688
 0000857 0600678 1552863 2827664 0442027 1552154 1538326 3541325 0199176 1706420 2700409 0007634 3282337 0034719 0034693 0034721
 0038817 0376223 1539791 0020283 0450407 0450408 0450409 0680022 0597277 1708601 0439799 1706095 0015576 1704727 1256369 0021641 0036536 0036537 1533581 1579433
 0042658 1336937 0027971 0597277 1708601 1412999 0369637 0441923 1159402 0851285 1327622 0021399 1710236 0523452
 0025141 0439254 0002778 0936012 1524024
 0025141 0369637 0441923 0369637 0441923 1704675 0033414 0079411 3146294 0162772
 1332786 0025141 0022337 0061355 1333664 0014361 0017687 0030956 0876232 0040648 0040649 1521761 2827422 1826562 0332134 0879404 0007634 3282337
 0022337 0369637 0441923 0061355 1333664 0014361 0017687 0030956 0876232 0001721 0040649 0205360 2347098 0007634 3282337
 0000857 0600678 1552863 3538806 0558269 1552984 0017132 0061126 1415067 0017725 0851827 1305923 1701901 3244310 1515877 1879547 1709061 1704259 1705987 0010531
 0369637 0441923 0016327 0439133 1553038 0536847 1421314 0033684 1517892 1704666 1719133 1256369 0021641 0036536 0036537 1533581 1579433
 1549972 1419337 3539667 0015684 0001128 1256369 0021641 0036536 0036537 1533581 1579433
 0025141 0062941 1384665 1414862 0033727 0369286 0441932 0564385 0162772 0302912 0043317 1421531 0014442 0043314 0043318 0242417 3146294 0024348 0734999 0022131 0021135 1533691 2827718
 0025141 0597277 1708601 0033727 0369286 0441932 0564385 0033727 0369286 0441932 0564385 0033727 0369286 0441932 0564385 0020456 0015127 1314792 1524003 0242606 0038435 0311404 3161035
 0000857 0600678 1552863 0369637 0441923 3642216 1275573 0439849 1705630 1706279 3540605 0734999 0022131
 0022337 0851285 1327622 0032615 0015684 0001128 0008377
 0242397 0145779 3540468 0003695 2316832 0001128 0202406 2263126 0596562 0220781 1883254 0017262 0017337 0185117
 0025141 0011318 3540627 0205191 1280500 2348382 0021641 0030685 0391871 0439180 0680255 1283071 1533581 1579433 1963578 1382395 0596620 0017725 0025519 0025520 1515926 1518422 0007600 0205132 1550648 1552960 0030281 1419006
 0025141 0016327 0439133 1553038 0369637 0441923 0023779 0596620 0025519 0025520 1256369 0021641 0036536 0036537 0392747 1533581 1579433 0133788 0220884 0015127 1524003 0007634 3282337
 0025141 0035493 2699077 2699078 0024548 0026385 0556966 1549972 0332157 0205191 0274281 0020459 0030281 0650607 1256369 1372360 0021641 0423896 0456205 1533581 1579433 1518422 0205432 0442805 0040712 0597295 1519614
 0033727 0369286 0441932 0564385 0062941 1384665 1414862 0439775 0702240 0023175 0033362 0181586 0205421 1442948 1522538 1709694 2348269 3272602 3275067 0083957 1258132 0301817 0007600 0007634 0030274 0205132 0439086 1269647 1550648 1552960 1704653 1948049 2827736 2981702
 0000857 0600678 1552863 0439267 0031715 1158886 1136238
 0000857 0600678 1552863 0369637 0441923 0439267 0441889 0427184 0700114 1707511 0220781 1883254 1256369 0030296 0232787 0030281 1327616 0021641 0036536 0036537 1533581 1579433 0000857 0600678 1552863
 1261082 1551056 2981682 3539059 0004739 0332297 1708595 3280986 1819042 1819041 0599177 1879547 0753627 1705582 1836606 1419024 1419741 1861424 2348600 0597277 1708601 0021665 0202220 0037657 1753359 2714958 0018284 0007595 0030281 0018270 0021641 0220844 1521761 1533581 1579433 1621966 2827422 2911660 2827734 2981698
 0033727 0369286 0441932 0564385 0439267 3537453 1314939 0221103 0301625 0439181 0728721 0017262 1337112 0017337 0185117
 1707968 1962945 0021966 0221138 0025424 2347108 2347109 2348272 0205090 0684010 2603358 0006732 1822659 0805431 0242210 1516144 0006675 0006726 0033684 0243122 1145667 1167622 2936886 0443264 1280519 1707887
 0025141 0006797 3538926 0078351 0443264 0598434 0205177 0439167 0441655 1561536
 0025141 0006797 0369637 0441923 0369637 0441923 0205090 0684010 2603358 3538926 0529863 1414814 1421472 0087044 0103404 0078351 0443264 0027792 0037080 0037083 1704259 1705987 0027882
 0025141 3538933 0369637 0441923 0033727 0369286 0441932 0564385 0021966 0221138 1506978 1705538 0218504 1332817 0065337 1334106 1522250 0162597 0007634 1269647 1441547 1521761 1704653 1948049 2827422 3245521 0023688 0028778 0332206 1533157 1706084 2828370 1705654 0019704
 0025141 0597277 1708601 0033727 0369286 0441932 0564385 0035820 1705810 0218504 1332817 0243107 0678723 1527148 0004364 0012634 0443146 0085243 1513853 0025933 0025914 0025929 0026809 0028754 0241863 1518422
 0025141 0441916 0560137 0016327 0439133 1553038 0597277 1708601 0205263 0857127 0030281 0007634 0330390 0439096 2004068 3282337 1158366 0015684 0001128 0030011 1948023 0678695 1518422 2347375
