 3536614 0796451 0002778 0936012 1524024 0123658 1334140 0034818 1334133 0021641 0597357 1533581 1579433 1710236 1416578 0314611 1335671 0017337 1653801 0369637 0441923



 0369637 0441923

 0439086 2827736 2981702



 0022877 3244292 0035172 0021622 1272753 0041740 0011847 0011849 2826314 0439148 1519795 1704753 1880519 0872180 0027468 0021622 1272753 0041740 0034019 0699943 3244304 0018684 1704729 0041740 0021622 1272753 0020028 0019994 0041740 1510665 0041740 0022877 3244292 1293097 2919030 2919031 0034019 0699943 3244304 0018684 0021622 0337812 1272753 0002424 0442592 0021622 1272753 0028707 0392209 1442959 0025517 0012634 0311400 1524026 2707259 0587450 0587466 1704729 0020029 0019994 1510665 0035171 0035168 0242481 1707689 2983265 0025663 0025664 0449851 1514811 1706462 1441414 1553874 1578820 0441729 0332307 1547052 0011847 0011849 0237876 1704259 1705987 0439792 0017296 0314603 1706907
 0011008 2348077 1511726 3245479 0443211 1517892 1704666
 0017431 0752046 0028630 0032529 0037179 0087136 0205171 0011860 0332281 0441730 1320657 0011847 0011849 0332307 1547052 2700055 1516698 1704814 0680043 1334140 1416578
 1299582 0521093 0750484 1456348 0004083 0439849 0596306 0699792 0011854 1320657 0441729 0011847 0011849 0332307 1547052
 1547282 3645563 0004083 0439849 0596306 0699792 0369773 2603361
 0205419 1547282 0332120 0242492 0966318 0035647 0080103 0205345 1547039 0369773 2603361
 0947630 0027552 0686904 1883351 0004927 1883351 0521093 0750484 1456348 1274040 1546471 2825142
 0441729 0332307 1547052 0011847 0011849 0750591 0012634 1998882 0332218 0027361 0237401 0011155 1636779 1256369 0021641 0036536 0036537 1533581 1579433 1521970 1706388 2346469 2348519 0205214 1522138 3245511
 0332120 2987476 1705535 0237876 1522138 1521970 1706388 2346469 2348519
 1998882 0027361 0237401 0011847 0011849 0150312 0449450 2348205 0011860 1320657 0441730 0011847 0011849 0332307 1547052 0231174 0680095 0022131 3645613 1521970
 0205734 0271650 0011847 0011849 0205275 0443146 1705535 0185027 1948020 0011847 0011849
 0557651 2603343 0684224 0700287 3496591 1279919 0027361 0237401 0860800 0015663 0017725 1550565 0235401 0178665 0013220 0020963 0220929 0231197 1704410
 0449774 0871261 1704632 1706817 2911692 0006777 1512806 0332183 0011860 0441730 1320657 0011847 0011849 0332307 1441672 1547052 0205170 3146287
 0332120 0011847 0011849 0439084 0728893
 0017446 0205147 1708726 0205171 0521114 1720467 0011860 0332281 0441730 1320657 0011847 0011849 0332307 1547052
 0012634 0332281 0205419 1337112 0017337 0012655 0220898 0233535 0242827 1710347 3179163 0039290 0002085 0075804 0205341 0237753 0439828 0449788 1521805 1547730 1705914 1708726
 0332185 2827447 0035171 2985227 0947630 0439659 1883351 0443289 0032529 0443211 1272684 0441889 0456079 1547707 2946261 0681367 0085862 0205173 0947630 1299583
 0032529 0205170 0443211 1272684 3146287 0011860 0332281 0441730 1320657 0011847 0011849 0332307 1547052 0752046 0166418 1418776 0600434 1335671 0017337 0597298 0597357 0752063 1879547 2984308 1335671 0017337 0439267 0599157 0678226 0017337 1416578 0439267 0599156 0678226 2700061
 0814843 0456389 0028873 0456603 1547037 0920317
 0445613 2700055 1516698 1704814 0470187 0032863 0442726 1280500
 0684224 0700287 3273238 1292732 0752046 0028630 0032529 0037179 0087136 0205171 0011854 0332281 0441729 1320657 0011847 0011849 0332307 1547052 0015264 0439659 1883351 0443211 0185027 1948020 1511986 0012634 0205448 1704259 1705987 2987476
 0392366 0123658 1334140 0034818 1334133 0021641 0597357 1533581 1579433 1710236 0123658 1334140 0034818 1334133 0021641 0597357 1533581 1579433 1710236 0032529 1882417 0684224 0700287 3496591 1883351 0011854 0332281 0441729 1320657 0011847 0011849 0332307 1547052 0205170 0443211 1272684 1518422 3146287 0011860 1320657 0441730 0011847 0011849 0332307 1547052 1335671 0017337 0752046 0028630 0032529 0037179 0087136 0205171
 1335238 0017337 2700640 0166418 1418776 0600434 0597357 0752063 1879547 2984308 0680022 2698041 0542341 2752631 1326961 0019868
 0166418 1418776 0600434 0597357 0752063 1879547 2984308 0085104 1521840 2986546 1257987 0166418 1418776 0600434 0079613 0243192 0597357 0752063 1879547 2984308 2987634 0442805 0205054 0457592 0021641 0205100 0441472 1533581 1579433 3266814
 0282458 0920317 0002778 0936012 1042496 1524024 0947630 0028873 0456603 1547037 0002085 0033382 0597298 0750572 2987124 1709380 1522609 0740116 2827735 2981700 0011860 1320657 0441730 0011847 0011849 0332307 1547052
 0004083 0439849 0596306 0699792 0205245 0542341 1511726 1521721 2700217 3245479 0681828 0947630 1547282 0002085 0392756 0547047 1510827 0392756 0205177 0439167 0441655 1561536
 0205419 0684224 0700287 3496591 1883351 0011860 0332281 0441730 1320657 0011847 0011849 0332307 1547052
 1416578 1416578 2700640 2700400 0205447 1256369 0021641 0036536 0036537 1533581 1579433
 0007328 0872128 0085973 0243148 0868928 0947630 1550141 1706255 1706256 1882979 2587213 3274648 1947971 0028873 0456603 1547037 0369773 2603361 0002085 1705535 0002085 0011860 0332281 0441730 1320657 0011847 0011849 0332307 1547052
 1883712 1511726 3245479 1547282 0205419 0392747 0012655 0220898 1264642 1547045 0086045 1446561 0205263 0474395 1536696
 0442808 0007634 3282337 0012655 0220898 1264642 1547045 0205170 3146287
 2350409 0597357 0033684 0123658 1334140 0034818 1334133 0021641 0597357 1533581 1579433 1710236 1334141 1334191 0030281 0007634 0021641 0205342 1533581 1579433 1883525 2346866 3282337 0040300 0086597 0311400 1524026 2707259 2911660 0441472 0021665 0037657
 0302523 0700325 3244290 1705535 0035820 1705810 0007613 0007634 0031843 0542341 0700205 1269647 1704653 1705273 1948049 0205419 0123658 1334140 0684224 0700287 3496591 1883351 0011860 0332281 0441730 1320657 0011847 0011849 0332307 1547052
 0282458 0920317 0002778 0936012 1042496 1524024 0868928 1527178 1705938 1706255 1706256 0243148 1550141 1882979 2587213 3274648 0681850 1550501 1706203 2349001 2697811 0028873 0456603 1547037 1274040 1546471 2825142
 2347946 0557651 2603343 0557651 2603343 0700287 0004083 0439849 0596306 0699792 0011854 1320657 0441729 0011847 0011849 0332307 1547052 0028873 0456603 1547037 0450346 0740116 2827735 2981700 0369773 2603361 0007328 0085973 0872128 0243148 0557651 0868928 1550141 1706255 1706256 1882979 2587213 2603343 3274648 0022885 0039593 0040722 0242781 0281825 0392366 0394006 1521797 1947971 1709380 1522609
 0017431 0032529 0680043
 0439603 0150312 1883351 0332290
 0681925 0034980 0002778 0936012 1524024 0884358 1274040 1546471 2825142 0039224 1706073 1706074
 0150098 1706233 0015576 1704727 1299582 0521093 0750484 1456348 0004083 0439849 0596306 0699792 0032863 0442726 1280500 2348382 0028873 0456603 1547037 0369773 2603361 0017270 0376249 0439603 0871396 1561548 1705502
 0205419 1518422 0011854 0332281 0441729 1320657 0011847 0011849 0332307 1547052 0012727 0205419 1705236 0040722 0242781 1521797 1441672
 0449911 0039224 1706073 1706074 0557702 1272706 1704674 0557702 1272706 1704674 0002778 0936012 1524024 0752046 1527094 1547282 0332120 0035647 0011854 1320657 0441729 0011847 0011849 0332307 1547052 0242492 0966318 0035647 0080103 0205345 1547039 0369773 2603361 0868928 1706255 1706256
 1274040 1546471 2825142 1444656 0040722 0242781 1521797 2986490 0040722 0242781 1521797 0369773 2603361
 1883351 0521093 0750484 1456348 1274040 1546471 2825142 0678226 0743559 1285573 1518422 1608199 3146286 0752046 1527094 1301820 0680240
 0680240 0684224 0700287 0011860 1320657 0441730 0011847 0011849 0332307 1547052 0002085 0439267
 1849334 0681925 0034980 0206031 0002778 0242415 0444686 0684320 0684321 0936012 1441506 1443182 1524024 1701901 1963686 0752046 1527094 1947971 0042295 0369773 2603361 0369773 2603361 0439267 0017431 1319635 0080103 0205345 1547039
 0080103 0205345 1547039 0439267 0017431 1849334 2827734 2981698
 1274040 1546471 2825142 0035647 0080103 0205345 1547039 0332148 0750492 1274040 1546471 2825142
 0231174 0680095 0205173 0205341 1883725 0557651 2603343 0684224 0700287 3496591 0004083 0439849 0596306 0699792 0011854 1320657 0441729 0011847 0011849 0332307 1547052 1518422 1442162 1550718 3244317 0242618 0456389 0557651 2603343
 0017431 0752046 1527094 0015576 1704727 0205419 0521114 0522498 0557651 0947630 1514917 2603343 2945640 0678226 0743559 1285573 1441672 3146286
 0680240 0871208 1521828 0017431 1441672 0025663 0025664 0205448 0449851 3146294
 0750558 1710571 0752046 1527094 0011854 0332281 0441729 1320657 0011847 0011849 0332307 1547052 0022277 0454713 0239307 0454664 1518422 1535514
 1511726 3245479 0150312 0332120 0740116 2827735 2981700 0369773 2603361 0032659 1257890
 0557651 2603343 1292732 1527178 1874451 0011860 1320657 0441730 0011847 0011849 0332307 1547052 0012634
 0004083 0439849 0596306 0699792 0521093 0750484 0947630 1883708 1517892 1704666 0441729 0332307 0443211 1272684 1547052 0011847 0011849 1314939 1280500 2348382 0702172
 0947630 0684224 0700287 3496591 1257987 0850310 3154893 0871161 1292721 0021149 0220856 0450348
 1659987 0199176 1706420 2700409 0085243 0025914 0025929 0026809 0241863 1257987 0063695 1334074 0242565 0007578 0332281 0001511 0175633 0185117 0221103 0301625 0439181 0567416 0728721 1515926 2936375
 0332185 0684224 0700287 3496591 0004083 0439849 0596306 0699792 0011854 1320657 0441729 0011847 0011849 0332307 1547052
 0332149 1705910 2362652 0243192 2987634 0166418 1418776 0039593 0392366 2987476 0199176 1706420 2700409 0035015 1548437 1882923 2700401
 0035171 0035168 0242481 1707689 2983265 0086912 0035171 0035168 0242481 1707689 2983265 0025663 0025664 0449851 1514811 1706462 0015576 1704727 0007457 0043157 0030551 0205448 0008059 0205447 0392760 0680063 1314939 1515981
 0015576 1704727 0011847 0011849 0597277 1708601 2700400

 2338991 2338991 0597277 1708601 2338991 2338991 2338991
 0370003 2347026 0026531 0205540 1516695 1516698 1548787 2346845 0021430 1511481 1522154 1554192
 1285573
 0752046 0028630 0032529 0037179 0087136 0205171 0005507 0243073 0597094 1510438 0017431 0302828 1442085 3263700 0597277 1708601
 0206415 0182400 0185125 1707689 2983265
 0752046 1527094 0457499 0005507 0243073 0597094 1510438 0332307 1547052 1704972 1704973
 0123658 1334140 0012906 0014442 0443288 0017431 0868946 0684224 0700287 3496591

 1511726 3245479 0205173 1705764 1705765 0449820 1883351 0743559 1608199
 0871424 0002778 0936012 1524024
 0871424 0002778 0936012 1524024 0884358 1555015 1524063 0013194 2700580 1555015
 0022885 0039593 0392366 1273517 1883351 0220825 0014653 1547026 0017270 0439603 0683607 1257890 0032659 0205309 0441833 0687744 1552516 1552839 1705428 1705429
 0004083 0439849 0596306 0699792 0392366 1524063
 0243148 1550141 1882979 2587213 3274648 0681850 1550501 1706203 2349001 2697811 0009647 3146294 0017431 0683607 1883351 0022885 0039593 0392366 0004083 0439849 0596306 0699792
 0683607 1883351 0086833 0019409 0022885 0032659 0039593 0392366 1257890 1704675 1515273 1705313 2826302 0552449
 0750572 1524063 0042295 1273517 1441506 1709380 1504308 2349182 0040722 0242781 1521797 0015576 1704727 0205172 0680063
 0079809 0242485 0034378 1561524 1610034 0040722 0242781 1521797 0680063 0220825 0150312 1883351 1511726 3245479 1518422 1547282 1446409 0439787 0849355 1285573 0743559 1608199 0004083 0439849 0596306 0699792 0011854 0441729 1320657 0011847 0011849 0332307 1441672 1547052
 2986676 2986512 0016617 0237935 3245466
 2986676 0596723 0597277 1708601 0041703 0015576 1704727 0441833 0557651 0687744 1257890 1552516 1705428 1705429 2603343 0200345 1516698 1704814 0370003 2347026 0440042 1521738 2346620 2349184 3539073 0335912
 0282413 3273171 0686900 1272683 1522634
 0011847 0011849 0022877 3244292 0035172 0021622 1272753 1547706 1999269 0597277 1708601
 0013849 1705961 0024492 1538057 1547565 0034036 0034037 1514756 1704324 0348078 0376315 0450355 1272684 1522492 1527075 1548435 0063695 1334074 0242565 0007578 0001511 0175633 0567416 0063695 1334074 0242565 0007578 0001511 0175633 0567416
 0123658 1334140 0034818 1334133 0021641 0597357 1533581 1579433 1710236 0123658 1334140 0034818 1334133 0021641 0597357 1533581 1579433 1710236
 1416578 0032821 0597277 0017337
 0166418 1418776 0600434 0597357 0752063 1879547 2984308 0166418 1418776 0600434 0597357 0752063 1879547 2984308 1335671 0017337 1335671 0017337 0166418 1418776
 0752046 1527094 0752046 0028630 0032529 0037179 0087136 0205171 1882417
 0022885 0039593 0040722 0242781 0281825 0392366 0394006 1521797 1514811 1706462 0035171 0035168 0242481 1707689 2983265 0025663 0025664 0449851 1514811 1706462 0597277 1708601 0127400 0333348 0231174 0680095 0022131 1522529 1517892 1704666 0011860 1320657 0441730 0011847 0011849 0332307 1547052
 2346604 0025141 0007587 0011065 1306577 0011847 0011849
 0025141 0039247 1512571 0043094 2911647 0005910 0043100 1305866 1517378 1705104 0441729 0021966 0221138 0011860 1320657 0441730 0011847 0011849 0332307 1547052
 0025141 1419337 3539667 0221099 0684336 0007613 0007634 0031843 0542341 0700205 1269647 1704653 1705273 1948049 3179504 1280500 2348382 0221103 0301625 0439181 0728721 0011854 1320657 0441729 0011847 0011849 0332307 1547052 0860800 0015663 0017725 1550565
 0439267 0011847 0011849 0557651 2603343 1274040 1546471 2825142 0007328 0085973 0557651 2603343 0011854 1320657 0011849 0441729 0011847 0021641 0332307 0851827 1533581 1547052 1579433 1701901 3244310 0332281 0441730 0332307 1547052 0011860 2697407 0011854 0011849 0011847 0021641 0851827 1518422 1533581 1579433 1701901 3244310 0004364 0012634
 0740116 2827735 2981700 0025141 0033727 0369286 0441932 0564385 1704675 0011860 1320657 0441730 0011847 0011849 0332307 1547052
 0439254 0314657 0012655 0017296 0220898 0314603 1264642 1547045 2827756 0011860 2697407 0271650 0017725 0231199 1744706 2355652 0017446 0205147
 0025141 3272372 0011854 1320657 0441729 0011847 0011849 0332307 1547052 1337112 0017337
 0025141 1527178 1874451
 0022773 0439254 0439267 0369637 0441923 0369637 0441923 0145779 3540468 0004083 0439849 0596306 0699792 0205419 0557651 0947630 2603343 0017337 1547699 2700640 1416578 0007634 0030274 0439799 1269647 1704653 1706095 1948049 1711351 1416578 1412082 1412082 0521093 0750484 1456348 0205419 0011860 0332281 0441730 1320657 0011847 0011849 0332307 1547052
 0021966 0221138 1947960 0205090 0684010 2603358 0016327 0439133 1553038 0033727 0369286 0441932 0564385 0449381 1328885 0004083 0439849 0596306 0699792 0012634 0205214 0557651 0947630 1522138 2603343 3245511
 0025141 0369637 0441923 0205090 0684010 2603358 0021966 0221138 0369637 0441923 0369637 0441923 0439267 0205090 0684010 2603358 0205090 0684010 2603358 0205419 0011854 0332281 0441729 1320657 0011847 0011849 0332307 1547052 0022277
 0558269 1552984 2951520 0598783 1517898 0023779 0025519 0025520 0025517 0012634 0311400 1524026 2707259 0166418
 0166418 1418776 0600434 0597357 0752063 1879547 2984308 0182953 1704734 1704735 0166417 0597357
 0450381 0000857 0600678 1552863 0369637 0441923 0369637 0441923 1555721 1706204 0332281 1152633 0086439 0205177 0205216 0392756 0439167 0441655 0442797 0597357 1561536 0441994 1548802 2003888 0005893 1305855 0518010 0242821 0460148 0577559 0918012 1268086 1306372 1552854 1637833 3152252 0920563 0021641 0036667 0312418 0427965 1511883 1522640 1533581 1579433 2346484 2349185
 0025141 1515101 2986905 0205090 0684010 2603358 1419366 0004083 0439849 0596306 0699792 0205419 0557651 0947630 2603343 0086860 0009219 1268228 0079941 0017446 0205147 0011860 2984301 0011849 1416578 0441730 1320657 0011847 0332307 1547052
 1537679 0025141 1520135 0033727 0369286 0441932 0564385 0439267 0599155 0026882 0017337 1416578 3272365 0282458 0920317 0002778 0936012 1042496 1524024 1705535 0035820 1705810 0007457 0043157
 0025141 0369637 0441923 0032529 1882417 0011860 0441730 1320657 0011847 0011849 0332307 1547052 0474395 1536696 0332324 0597277 1550474 1708601 0439799 1706095
 0035253 1622890 0030281 0237820 1555688 2004454 0030705 0001675
 0012836 0033684 0007613 0007634 0031843 0542341 0700205 1269647 1704653 1705273 1948049
 0025141 1718783 3540812 1538326 3541325 0205419 3645563 0004083 0439849 0596306 0699792 0282458 0920317 0002778 0936012 1042496 1524024
 0025141 0205090 0684010 2603358 0597277 1708601 0245514 0309872 1292733 0011860 0011854 0421248 0011847 0011849 0021641 0851827 1533581 1579433 1701901 3244310
 0025141 1257987 0241863 0085243 0025914 0025929 0026809 0241863
 0439267 1659987 0199176 1706420 2700409 0085243 0025914 0025929 0026809 0241863 0245514 0063695 0332281 1334074 0185117 0443264 0598077 0734999 0022131 0185117
 0025141 0205090 0684010 2603358 0033727 0369286 0441932 0564385 3541894 1719788 0012836 3538933 0002085 0011854 0332281 0441729 0966318 1171304 1320657 0011847 0011849 0035647 0332307 0392756 1547052
 0025141 1836672 0004083 0439849 0596306 0699792 0872261
 0025141 0439267 0205090 0684010 2603358 0007600 0007634 0205132 1269647 1704653 1948049 0470187
 0025141 3538933 0012836 0031831 1707664 2348314 3540849 0441833 0687744 1257890 1552516 1705428 1705429 0014507 0014508 0699910 0028415 0022067 1709269 0021149 0220856 0032665 0178587 0010383 0040433
 0025141 0205090 0684010 2603358 0014963 1457900 0019907 2681927 2987742 0011847 0011849 0441833 0557651 0687744 1257890 1552516 1705428 1705429 2603343 0014507 0014508 0699910 0016132 1706907 0011854 1320657 0011849 0441729 0011847 0021641 0332307 0851827 1533581 1547052 1579433 1701901 3244310
 0025141 1275573 0184661 1948041 2700391 3274430 3538935 3539779 1280500 0017337 1524063 0872128 0243148 1550141 1882979 2587213 3274648 1511726 3245479 0185125 1947919 2347934 3539080 0011854 1320657 0441729 0011847 0011849 0332307 1547052
 0025141