 0282458 0920317 0796451 0002778 0936012 1042496 1524024 0035647 0002395 0012634

 0740116 2827735 2981700 0205210 0439148 1519795 1704753 1880519 0206173 1704729 0014507 0014508 0699910 0036375 0018226
 0005540 0035172 0021622 0035168 0242481 1272753 1879848 2986512 0016617 0018226
 0035172 0021622 1272753 0947630 1704729 0027965 0565990 1552471 0014282 0205099 0205314 0205476 0036375 0006037
 0034036 0034037 1514756 1704324
 0034036 0034037 1272684 1548435 1704324
 0871511 0022885 0039593 0392366 0683443 1514811 1706462 0032529 1882417 0035648 0960756 0035647 1521761 2827422 0002395 0012634
 0221193 0884358 0282458 0920317 0002778 0936012 1042496 1524024 1707455 1285573 0007427 1332805 0868928 1533148 0243148 1550141 1882979 2587213 3274648
 0282416 1561607 0028873 0456603 1547037 0002085 2827734 2981698 0009667 0237529 1272706 1552654 1552713 1704725 1704726 2827734 2981698 0019409 0369773 2603361
 0237881 0750502 1546944 0332120 0557651 2603343 1554077 2828389 0028873 0456603 1547037 2827734 2981698 0009667 0237529 1272706 1552654 1552713 1704725 1704726 2827734 2981698
 0369773 2603361
 0028873 0456603 1547037 1552616 1706244 2986416 2348205 0206243 1518422 0206243 3642141 0002085 0052201
 0012655 0220898 1264642 1547045 3642141 0052201 0003595 0002085 0003591 1883351 0205402 0028873 0456603 1547037 0009667 0237529 1272706 1552654 1552713 1704725 1704726 0028873 0456603 1547037 0009667 0237529 1272706 1552654 1552713 1704725 1704726 0439086 2827736 2981702 0439084 0450355 0728893 0007294 2986416
 0282458 0920317 0002778 0936012 1042496 1524024 1547282 0032529 1882417 0007427 1332805 1518422 0850664 0035648 0050325 0679238 0960756 1281905 0035647 1521761 2827422 1280500 2348382 1627358 2349975 1554077 2828389
 0002395 1521724 0012634
 0007427 1332805 0007428
 0007427 1332805 0007428
 0014507 0014508 0699910
 0017398 0017399
 0282458 0920317 0002778 0936012 1042496 1524024
 0032529 1882417 0017398 0017399 0000723 0000723 0009667 0237529 1272706 1552654 1552713 1704725 1704726 0009667 0237529 1272706 1552654 1552713 1704725 1704726
 0028873 0456603 1547037 0028873 0456603 1547037
 0871511 0022885 0039593 0392366 0683443 1514811 1706462 1707884 1316572 1317574 1369612 0030351 1547566 0470187 1555015
 0871511 0022885 0039593 0392366 0683443 1514811 1706462 0007427 1332805 0007428 0030946 1947941 0015272 0205177 0439167 0441655 1561536 1412727 1454853 0021135 1533691 2827718 0085151 3538722 0033665 0033666 1456454 0002716 0011560 0033684 0611285 1709634 1709694 0085401 2700455 0033684 1720655 1947974 2827734 2981698 0740116 2827735 2981700
 0017337 0007427 1332805 0007427 1332805 0007428 0457309 1520354 0449721 0008653 0426857 0008633 0446516 1269078 1269612 1282927 1806781 2350002 1520373 1520364 0015295 0205455 0332529
 1327133 1518961 2945683 0220781 1883254 0441471
 2825879 0002716 0011560 0611285 0033665 0033684 1709634 0010813 0596311 1330957 0171484
 0205419 0009219 0014442 0014445 0085151 3538722 0033665 0597304 1456454 0002716 0010813 0011560 0033684 0596311 0611285 1314939 1330957 1709634 1947941 0243125 0699900 3269198 0449297 1382187 2825073 0927232 1269563 0027763 0422837 1269560 0850664 0035648 1553898 0679238 1281905 0035647 1521761 2827422
 0871511 0022885 0039593 0392366 0683443 1514811 1706462 0017337 0007427 1332805 0332256 2700400 0205145 1515974 2825164 0015295
 0032529 1882417 0042285 1274040 1546471 1555721 1706204 2825142 0007427 1332805 0439086 2827736 2981702
 0032529 1882417 0332281 0036536 0036537 0205217 0442805 0678723 0870861 1254042 0557651 2603343 0439086 2827736 2981702
 0002085 0332281 0392756 0439165 0547047 0441889 0007806 0007807 0005889 0302908 0444611 1704353 0030705 0002395 0012634
 0032529 1882417 0332185 0684224 0700287 3496591 1883351 0332281 0021704 0205246 1553889 0027361 0439084 0728893
 0002783 0206173 0014507 0014508 0947630 0449450 1274040 1546471 2825142 2699424 0035820 1705810 0002395 0012634
 0680243 0032529 1882417 3642141 0052201 0003595 0002085 0003591 3642141 0002085 0052201 1521761
 0947630 0442726 1704675 1280500
 1442162 1550718 3244317 1265611 0884358 2947996 0220781 1883254 1524063 0025663 0025664 0449851
 0004927 0282458 0920317 0002778 0936012 1042496 1524024 0163712 0032529 1882417
 0871511 0022885 0039593 0392366 0683443 1514811 1706462 0002395 0012634 0015127 1524003 0001792 1999167 0021149 0220856 0439165 0439234 0439165 0439509 0442808 0001792 1999167 1510829 0439234
 0026882 0299212 1418985 0872078 0017337 0528480 1418986 0439165 0868928 1533148 1551359 2741673 2981730 1274040 1546471 2825142 0449774 1840470 0205197 0524899 0725685 0205319 1280464 0450348
 0002395 0012634 0205214 1522138 3245511
 0456369 0035648 1553898 0035647 1521761 2827422 0332257 1552866 2700399 0018674 0018670 1281590 1706305 3263722 3263723 0024554 0086582 0241889 1705495 0015576 0019664 0019665 0262512 0262926 1704727 1705255 2004062 0032854 0302604 1331016 0021162 0013621 0013622 0013658 0039401 0014006 0449438 0011570 0011581 0344315 0349217 0460137 0332157 0274281 0599638 0001948 0043047 0684271 1550678 0020538 1963138 0013080 0039082 0423866 2626739
 1524063 0242510 0042153 0457083 1947944 1292734 1522326 0003864 0332281 0243083 1281905 0012634 0035647 0392756 0239301 0042153 0457083 1947944
 0026606 0031809 0205177 0205485 0439167 0441655 1509143 1561536 0012155 1417635 1420797 3538796 0178638 0349371 0043188 0332575 1260956
 0033105 0220900 1548673 1257890 0032659 0441833 0687744 1552516 1552839 1705242 1705428 1705429
 0439092 0547044 0002395 0012634 0080103 0205422 0332128 0869014 0282443 0470187 0450348
 0332120 0282458 0920317 0002778 0936012 1042496 1524024 3642141 0002085 0052201 0850664 0035648 0050325 0679238 0960756 1281905 0035647 1521761 2827422 0024554 0086582 1706180 1706428 1706429 0681850 1550501 1706203 2349001 2697811 1833334 0332162 1279919 1515981 0439234 0012634 0205087 0332162 0442805 0002395 0012634
 0947630 0032529 0028873 0456603 1610540 0547044 0700321 3642141 0052201 0003595 0002085 0003591 0205397 0598312 1516084 1883725 0035168 0242481 1518422 2828146
 0920317 0032529 0023866 0034036 0700364
 1705535 0004083 0332257 0678951 0032529 1882417 0021920 0032529 0012634 0205087 0332162 0450355 0021107 0032529 0441587 1442161 1511760 1512796 1880274 1882417 1883719 0599155 0596611 0026882 1705285 0678951 0032529
 0004083 0028873 0456603 1610540 2827734 2981698 0920317 0678951 0032529 1882417 1416915 1366529 0021107 0032529 0441587 1442161 1511760 1512796 1515981 1880274 1882417 1883719 1333402 0017337 0022709 0003006
 0871511 0022885 0039593 0392366 0683443 1514811 1706462 0020792 0205396 0013893 0750591 0557651 0947630 2603343 0332128 0004083 0439849 0596306 0699792 0002395 0012634
 0449416 0332257 3538986 0025141
 0679199 0002395 0012634 0453882 1527178 1705938 0007427 1332805 0007428 0007427 1332805 0007428 0032529 1882417 0002085 0017398 0017399
 1514811 1706462 0220908 1305399 1705053
 0007328 0085973 0872128 0243148 0868928 0947630 1550141 1706255 1706256 1882979 2587213 3274648 1548635 0520511 1704711 0868928 1533148 0001779 0332162 0009932 0441835 0011265 0205420 0243148 0332296 0441833 0497327 0687744 1257890 1515981 1550141 1552516 1705428 1705429 1880497 1882979 1996904 2587213 3274648 0681850 1550501 1706203 2349001 2697811 1524063 0025663 0449851 0871511
 0868928 1533148 1548635 0850707 0241889 1705495 0683519 0344339 0015576 0019664 0019665 0262512 0262926 1704727 1705255 2004062 1518422
 1554077 2828389 0199236 0947630 0868928 1533148 0015576 1704727 0002778 0936012 1524024 0023745 0518609 1527178 1705938
 0376298
 1533716 0684224 0700287 3273238 0221193 0162443 0439234 0439508 1300001 1549631 3262211 0454664 0036576 0599878 1521970 0243148 1550141 1882979 2587213 3274648 0011292 0011298 1704791 2348561 0015031 1879937 1257890 0441833 0680174 0687744 1552516 1705428 1705429 1548635 0868928 1533148 0243148 1550141 1882979 2587213 3274648 0237753 0449788 0007427 1332805 0007428 0017431 0243148 1550141 1882979 2587213 3274648
 0947630 0332257 0681850 1550501 1706203 2349001 2697811 1511726 3245479 0185115 3541890 0015031 0243103 0332149 1705910 2362652
 0332128 0150103 1708943 1273517 0884358 1285573 0025663 0449851 0871511
 0282458 0920317 0002778 0936012 1042496 1524024 0002778 0936012 1524024 1707455 0872128 0868928 1533148 1979874 2603360 0002085
 0002778 0936012 1524024 1947946 2948600 3540471 3540472 3540473 1883351 0442726 1705241 1705242
 0332128 1979874 0019904 2603360 1553033
 0332128 1979874 1553033 1553033 1553033
 1979874 1280500 0002085
 0028873 0456603 1547037 1524063 0008300 0699680 1273517 1707391
 1979874 0750572 0019409 0557651 2603343 1707455 1524063 2348149 2828391
 0019409 0750591 0237881 0750502 1546944
 1511726 3245479 0205195 1524063 0231441 0443218 2827483 1280500 0034656 0439605 1280500 3161035
 0034656 0439605 1280500 0750572 1883351 1999230 0009667 0237529 1272706 1704725 1704726 0683954 1274040 1546471 2825142
 0332197 1689985 0019409 0025663 0025664 0449851 1999230 1274040 1546471 2825142
 0034656 0439605 1280500 1548787 0019409 0150312 0449450
 0884358 0282458 0920317 0002778 0936012 1042496 1524024 0282458 0920317 0002778 0936012 1042496 1524024 0439509 1883351 0220825 0028873 0456603 1547037 1552616 1706244 1979874 0040223 0392747 0443172 3541383 1511726 3245479 0237897 0808080 1705922 0392747 0443172 0557651 2603343 1554077 2828389
 0034036 0034037 1704324 0242568 1504315 0011900 0348026 1707429 1707520 0220825 0449286 1704240 0439849 0445223 0557651 1711260 2348152 2603343 0947630 1947971 1274040 1546471 2825142 0547044 0700321 1707455 0205447
 0220825 1274040 1546471 2825142 1705242 0002778 0936012 1524024 0439801 0947630 3542948 0015264 0332196 2828389 0002395 0920467 0012634 0884358 0027902 1272570 0039593 0392366
 1261322 0002085 3642141 0052201 0003595 0002085 0003591 0012655 0220898 1264642 1547045 0002395 0012634
 0220825 1280500 2348382 0035647 0002395 0012634 0439178 1446409 1514241 2825490 3642141 0052201 0681850 1550501 1706203 2349001 2697811 3642141
 0220825 1280500 2348382 3642141 0052201 0003595 0002085 0003591 0392148 0681850 1550501 1706203 2349001 2697811 0206243 0002085 1518422 0206243 0002085
 0028873 0456603 1610540 0205195 0231441 0443218 2827483 0034656 0439605 1280500 3161035
 1511726 3245479 1518422 0684224 0700287 3496591 0035173 0205225 0439631 0566001 1301820 1706701 1533716 0332149 1705910 2362652
 0002778 0936012 1524024 0884358 0008044 0020898 0870132 0006037 0024874 0037585
 0042295 1524062 0444499 0007634 0205450 3282337 0037640 0028873 0456603 1547037 0444686 1441506 1443182
 1709380 0042295 0039259 0205448
 0871511 0022885 0039593 0392366 0683443 1514811 1706462 0419358 0080103 0869014 0012655 0220898 1264642 1547045 0205396 1550043 1551388 0039224 1706073 1706074 1979963 2003903
 0205448 0681850 1550501 1706203 2349001 2697811 0439175 0439810 0750591
 1880371
 0947630 0868928 1533148 0027765 0002395 0012634 0004083 0439849 0596306 0699792 0947630 0868928 1533148 1136324 0599833 0004936 0011900 0012634 0024763 0038215 0175674 0229992 0348026 0243161 0220952 0557651 2603343 1518422 2986669 0243161 0002395 1524063 0011900 0012634 1273517 1704338 1704656
 0947630 0868928 1533148
 0947630 0332257 3538986 0085970 0868928 1533148 0947630 1554077 2828389 0030705 1527428 1518422 2986669 0237490 1706907
 0557651 2603343 0439165 0012634 0205087 0332162 0206132 0001779 0439234 0947630 0332257 3538986 0868928 1533148 0557651 2603343 1554077 2828389 0030705 1527428 1518422 2986669 0206132 0001779 0332162
 0243148 1550141 1882979 2587213 3274648 1518422 0011900 1704338 1704656 1265611 0031809 0205485 1509143 0027853 0204480 0021822 0205487 0935630 0027902 0039593 0392366 0005767 0005768 0229664 0947630 0040405 1552357 0034606 0040395 0441633 1441526 1880157 2826292 2960235 1532985 0449820 0451306 0850338 1883351 0332196 2828389 0002395 0012634 0947630
 0449911 0039224 1706073 1706074 0557702 1272706 1704674 0557702 1272706 1704674 0039224 1706073 1706074
 1568011 1521970 0282458 0920317 0002778 0150103 0205369 0332257 0936012 1042496 1524024 1552740 1708943 3538986 0001779 0205451 0947630 1552738
 0205447 0557651 2603343 0009253 0036864 0079399 0150103 1314687 1522384 1708943
 0557651 2603343 0024752 0150108 0700103 1527117 0884358 1285573
 0025663 0025664 0449851 1273517
 0557651 0947630 2603343 0032520 0337112 0443286 1114821 1335439 1524075 0947630 1273517 0020202 1300517
 0242356 0993637 0282458 0920317 0947630 0039224 1706073 1706074 0332257 3538986 0439175 0439810 0002395 0012634 0243148 1550141 1882979 2587213 3274648 0439086 2827736 2981702 0439086 2827736 2981702 1511726 3245479
 0002085 0205172 0205250 0596070 0680043 0243148 1550141 1882932 1882979 2587213 3274648 0033105 0220900 0009667 0237529 1272706 1552654 1552713 1704725 1704726 0009667 0237529 1272706 1552654 1552713 1704725 1704726 0243148 1550141 1882979 2587213 3274648 0239307 1535514 0439165 0009667 0237529 1272706 1552654 1552713 1704725 1704726 0078988 0439165 0009667 0237529 1272706 1552654 1552713 1704725 1704726 0450316 2827734 2981698 0680043
 0019409 2986469 0243148 1550141 1882979 2587213 3274648 0681850 1550501 1706203 2349001 2697811 0680043 0871208 1521828 0439165 0019576 0086409 0596070 0439165 0439165 0871208 1521828 0439165 0439165 0439165 1518029 0033105 0220900 0871208 1521828 0220896 0032659 1257890
 0282416 1561607 0033105 0220900 0439165 0439165 0439165 0239307 1535514 0680043
 0033105 0220900 0871208 1521828 0439165 0439165 0439165 0450316 0871208 1521828 0439165 0439165 0439165
 0520511 1704711 0009932 0243148 0441833 0687744 1257890 1550141 1552516 1552839 1705428 1705429 1882979 2587213 3274648 0332290 0947630
 0449911 0039224 1706073 1706074 0557702 1272706 1704674 0557702 1272706 1704674 0039224 1706073 1706074
 0520511 1704711 0868928 1533148 0243148 0282416 0332257 0947630 1280500 1550141 1561607 1882979 2587213 3274648 3538986 1521798 1705535 0002085 0012655 0220898 1264642 1547045
 0039224 1706073 1706074 1547282 0028873 0456603 1547037 1552616 1706244 0034656 0439605 1280500 2827734 2981698 0369773 2603361 0019409 0019409 0369773 2603361
 0150312 0332120 0035647 0002395 0012634 0080103 0205345 1547039
 0237881 0750502 1546944
 0332120 0012634 3161035 0332128 1280500 2348382 1521798 0205397 1527180 3161035 0034656 0439605 1280500 0028873 0456603 1547037 2827734 2981698 0009667 0237529 1272706 1552654 1552713 1704725 1704726 0439073 0439082 2827734 2981698
 0369773 2603361
 0019409 0557651 1298908 1549444 2603343 1979874 0019409 0369773 2603361 0205397 1527180 1979874 3161035
 0002778 0936012 1524024 0868928 1533148 0239307 0243148 1535514 1550141 1882979 2587213 3274648 0680043 1274040 1546471 2825142 1707455 0002085 0028873 0456603 1547037 2827734 2981698 0009667 0237529 1272706 1552654 1552713 1704725 1704726 2827734 2981698
 0369773 2603361 0019409 0369773 2603361
 0449911 0333052 2607870 0557702 1272706 1704674 0557702 1272706 1704674
 0282458 0920317 0002778 0936012 1042496 1524024 0002085
 1707455 0805191 1443235 1716526 0027365 0205435 0221193 0449450 1279901 1547383 0439234 0439508
 0033727 0369286 0441932 0564385 0681850 1550501 1706203 2349001 2697811 0681850 1550501 1706203 2349001 2697811
 1707455 0750572 1552961 2347617 0009667 0237529 1272706 1552654 1552713 1704725 1704726 0009667 0237529 1272706 1552654 1552713 1704725 1704726 1547282
 1882932 0034656 0439605 1280500 0750572 1707455 0009667 0237529 1272706 1552654 1552713 1704725 1704726
 0042295 1281905 0035647 0205217 0442805 0277564 0002085
 0449911 0039224 1706073 1706074 0557702 1272706 1704674 0557702 1272706 1704674 0039224 1706073 1706074
 0028873 0456603 1552616 1610540 1706244 0242568 1504315 0011900 0348026 0282458 0920317 0002778 0936012 1042496 1524024 0449286 1704240 1518422 0205360 1547311 0392747 0443172 0439234 0439508 1280500 2348382 0034656 0439605 1280500 0028873 0456603 1547037 1552616 1706244
 0444930 0740116 2746065 2827735 2981700 0444930 2746065 2827734 2981698 0444930 2746065 2827734 2981698 0444930 2746065 2827734 2981698 2827734 2981698
 0332196 2828389 0557651 2603343 0150312 0028873 0456603 1547037 1552616 1706244 2827734 2981698 0009667 0237529 1272706 1552654 1552713 1704725 1704726 2827734 2981698
 0369773 2603361 0237881 0750502 1546944 0019409 0369773 2603361 0332120 1707455 0019904 2603360
 1553033 0028873 0456603 1547037 0009667 0237529 1272706 1552654 1552713 1704725 1704726 0439083 0439087 2827734 2981698
 0369773 2603361 0019409
 0080103 0869014 1711260 2348152 1705535 0947630 0683954 0547044 0700321 0947630
 0002778 0936012 1524024 0439801 0947630 3542948 0015264 0332196 2828389 0002395 0920467 0012634 1274040 1546471 2825142 1707455 0002085 0028873 0456603 1547037 2827734 2981698 0009667 0237529 1272706 1552654 1552713 1704725 1704726 2827734 2981698
 0369773 2603361 0019409 0369773 2603361
 1704675 1511726 3245479 0017431
 0557651 2603343 0024554 0086582 1706180 1706428 1706429 0681850 1550501 1706203 2349001 2697811 1707455 0470187
 0009491 1947971 1280500 2348382 0282458 0920317 0002778 0443225 0936012 1042496 1524024 1707455 0028873 0456603 1547037 1552616 1706244 0450348 2827734 2981698 0282458 0920317 0002778 0205197 0725685 0936012 1042496 1524024 1704629 1704752
 0679201
 0007294 3642141 0007294 0028873 0456603 1547037 0009667 0237529 1272706 1552654 1552713 1704725 1704726 0740116 2827735 2981700 0002395 0012634 1707455 0681850 1550501 1706203 2349001 2697811 1518422 0206243 0002085
 0681850 1550501 1706203 2349001 2697811 1518422 0206243 3642141 0052201 0028873 0456603 1547037 2827734 2981698 0009667 0237529 1272706 1552654 1552713 1704725 1704726 0439083 0439087 2827734 2981698
 0237881 0750502 1546944 0441833 0687744 1257890 1552516 1705428 1705429 3642141 0369773 2603361
 0814843 0456389 0185027
 0007294 0002085 0392148 0205217 0442805 1281905 0035647 0009667 0237529 1272706 1552654 1552713 1704725 1704726 0019409
 0681850 1550501 1706203 2349001 2697811 0002085 0392148 0205217 0442805 1281905 0035647 0009667 0237529 1272706 1552654 1552713 1704725 1704726 0439086 2827736 2981702 0439084 0450355 0728893 0237881 0750502 1546944 0019409 0369773 2603361
 0750572 0185027 0027361 0237401 0947630 0282416 1561607 0028873 0456603 1610540 0679991 0443228 0549177 1704243
 0449911 0333052 2607870 0557702 1272706 1704674 0557702 1272706 1704674
 0282458 0920317 0002778 0936012 1042496 1524024 0007294 1515981 2986416 0035647 0002395 0012634
 1707455 0805191 1443235 1716526 0027365 0205435 0221193 0449450 1279901 1547383
 0681850 1550501 1706203 2349001 2697811 0016327 0439133 1553038 0681850 1550501 1706203 2349001 2697811
 1707455 0750572 1552961 2347617 0009667 0237529 1272706 1552654 1552713 1704725 1704726 0009667 0237529 1272706 1552654 1552713 1704725 1704726 1547282
 0205120 1552595 1882932 0007294 1282913 1551714 1882932 2986416
 1882932 0034656 0439605 1280500 0750572 1707455 0009667 0237529 1272706 1552654 1552713 1704725 1704726
 2827734 2981698 0332283 1514811 1706462 1719822
 0871511 0022885 0039593 0392366 0683443 1514811 1706462 0282458 0920317 0002778 0936012 1042496 1524024 0332257 1552866 2700399 0681873 1511726 3245479 0205136 0017431 0868928 1533148 0243148 1550141 1882979 2587213 3274648 0032529 1882417 0007427 1332805 1518422 0850664 0035648 0050325 0679238 0960756 1281905 0035647 1521761 2827422
 0332120 0332196 2828389 0002085 0442805 1281905 0035647 0019409
 0150312 0242568 1504315 2987476 0814843 0456389 1511726 3245479 0040223 3541383
 0282458 0920317 0002778 0936012 1042496 1524024 0332196 2828389 0392148 2349975 0012655 0220898 1264642 1547045 3642141 0052201 0003595 0002085 0003591
 0205238 0679993 0441833 0687744 0700321 1257890 1552516 1705428 1705429 0681850 1550501 1706203 2349001 2697811 0206243 0699809 3642141 0002085 0052201 0002085 0054875
 1825598 0032659 0441889 0456079 1257890 1547707 2946261 0700321 0150312 0449450
 2607943 2926606 3539655 0007427 1332805 0007428 0032529 0205460 0449255 0542559 1285553 1882417 2979985
 0007427 1332805 0007428 1150095 0030946 1947941 0021135 1533691 2827718 2827734 2981698 0740116 2827735 2981700 0085151 3538722 1456454 0033665 0002716 0011560 0033684 0611285 1709634 0085401 2700455 0033684 1720655 1947974 0332255 0486805 0032214 0600138 0035820 1705810
 0557651 2603343 1547282 0032529 1882417 0007427 1332805 0332281 0036536 0036537 0205217 0442805 0678723 0870861 1254042 0439086 2827736 2981702
 1316572 1317574 1369612 1518422 2963144 0032529 1882417 0007427 1332805 0686907
 0332196 2828389 1280500 2348382 2607943 2926606 3539655 1517519 1548201 0017428 0034606 0332185 0441633 0443225 1551058 2338314 2826292 1274040 1546471 2825142 1547282 0023745 0426857 0446516 1269078 1269612 1282927 1806781 2350002 0008653 0008633 0017446 0205147 0017337 0007427 1332805
 0004268 0035171 2983265 2986888 0027361 0237401 0947630 1442162 1550718 1707689 3244317
 1274040 1546471 2825142 0392760 1314939 1546466 0242568
 0743559 1720119 1948037 0237897 0808080 1705922
 0868928 1533148 0243161 0680240 1548787 1707391
 0243148 1550141 1882979 2587213 3274648 0681850 1550501 1706203 2349001 2697811 0002395 0012634
 0008300 1707391 1516048 0814299 0850664 0035648 0050325 0679238 0960756 1521761 2827422 0332218
 0681850 0947630 0814120 1833334 0277793 0679245 0012634 0332162 1274040 1279919 1546471 2825142
 0949543 0036576 1548787
 1280500 0392747 1280500 1554963 2348382 1280500 1279919 0868928 1533148 0494463 0015576 0241888 0012634 0596610 1704675 0027552 0686904 1883351 0750591
 0002778 0936012 1524024 0376649 1442065 1704675 3642141 1521761
 1704675 1516998 1518422 0557651 2603343
 1521798 0392148 0023693 0543488 1306462 1511726 1881376 3245479 1705535 0001721 0021704 0439084 0728893
 1079230 1515021 0237688 0002778 0936012 1524024 1285553 1705241 1705242 0237506 1709305 2745955 1519941 0947630 1883310 0282458 0920317 0002778 0332257 0936012 1042496 1524024 3538986
 1514983 0392760 1314939 1274040 1546471 2825142 0282458 0920317 0002778 0557651 0936012 0947630 1042496 1524024 2603343 1301725 1609436 0017270 0376249 0439603 0871396 1561548 1705502 0015031 0015031 0239307 0441833 0680043 0680174 0687744 1257890 1535514 1552516 1552839 1705242 1705428 1705429
 0947630 1704788 3539106 1280500 2348382 0750558 1710571 0449286 1704240
 0033105 0220900 0002395 0012634 0814299 0850664 0035648 1553898 0679238 1521761 2827422
 0745732 3272378 1281905 0035647 0205229 0450348 1332838 0004083 0017337 0205393 0684224 0700287 3496591 0011008 2348077 1261322 1552578
 1279919 2717878 2827447 0947630 2607943 2926606 3539655
 1328885 0004083 0205173 1518422 1825598 0524167 1327695 0150600 0023175 0034866 0220908 0220909 1442948 1522538 1698960 1710031 1710477 2348269 3275067
 0376554 0162340 0002395 0012634
 0022885 0683443 0871511 0039593 0392366 1514811 1706462 0025663 0025664 0449851 0007427 1332805 0007428 1273517 1285573 0947630 1272701 0332257 1552866 2700399 0032520 0337112 0443286 1114821 1335439 1524075 0020202 1300517
 0743559 0871208 1521828 1608199 0332148 0750492 0700321
 0947630 0218063 0684224 0700287 3273238 1261322 1516048 0884358 0449440 0449437 0030705 0150108 0205210 0449438
 1514811 1706462 0683443 0011008 2348077 0039593 0392366
 0282458 0920317 0002778 0936012 1042496 1524024 1527178 1705938 0039593 0392366 1518422 1444656 1442162 1550718 3244317 1511726 3245479
 0221193 2986676

 0947630
 1316572 1317574 1369612 0282413


 1704729 0014507 0014508 0699910 0036375 0018226 0013849 1705961 0024492 1538057 1547565 1552950
 1514811 1706462 0871511 0022885 0039593 0392366 0683443 1514811 1706462 1708595 3280986
 0597297 0597304 1623036 0243125 0699900 0007427 1332805 0007428
 0025141
 0007427 1332805 0007428 0870432 1705417 1412727 1454853 0171484 0330390 0439096 2004068 0037791 1511884
 0006104 1269537 2347379 0025141 0021966 0221138 0016327 0439133 1553038
 0032529 1882417 0033382 0332255 1708096 2987124 0337112 1335439 1524075 1704972 1704973 0796451 0002778 0936012 1524024 0686907
 0006826 0998265 1306459 1553668 0025141 0369637 0441923
 0002716 0011560 0611285 0030705 0002395 0012634 0007427 1332805 0678951 0007428 0015295 0017337 0032529 0439849 0445223 1882417
 0025141 0016327 0439133 1553038
 0032529 1882417 0332281 0021704 0205246 1553889 1518563 0032659 1257890
 0027960 0033872 0033873 0324740 0439189 1456781 1824986 0025141 2983605 0439254
 1328885 0004083 0439849 0596306 0699792 0002395 0012634
 0025141 0369637 0441923
 0042333 0205419 0850664 0035648 0050325 0679238 0960756 1281905 0035647 1521761 2827422
 0025141 0439267
 0598312 1518422 1883725 0017431 0007427 1332805 0494463 0002395 1521724 0012634
 0325074 0025141 0369637 0441923
 0032529 0017296 0314603 1882417 0332281 0035647 0002395 0012634
 0025141
 0678951 0032529 1882417 0002395 0012634
 0025141 0021966 0221138 0369637 0441923
 0332268 0032529 0017296 0314603 1882417 0002395 1521724 0012634
 0325074 0025141 0439267
 0032529 1882417 0494463 0002395 0012634
 0860630 0025141 0039247 3272372 0369637 0441923
 0032529 1704829 1334205 0017337 0021760 1527132 1281905 0035647
 0025141
 0332268 0012634 0796451 0002778 0936012 1524024 1332838 0017337 0002395 0012634
 0325074 0025141 0369637 0441923
 0032529 1882417 0007427 1332805 1518422 0002395 0332281 0243083 0012634 1556094


 0032529 1882417 0276496 0277558 0002395
 0025141
 0332120 0023745 0007427 1332805 0007428 0032529 1882417 0002395 1521724 0012634
 0025141 0369637 0441923
 0004083 0439849 0596306 0699792 0002395 0012634 0557651 0947630 1546466 2603343 0002778 0936012 1524024
 0040833 1521798 0325074 0025141 0369637 0441923
 0085801 0679560 0796344 0814767 0002778 0936012 1524024 0030705 0002395 0012634
 0025141 0023031 0023031
 1280500 0009253 0036864 0079399 1314687 1522384 0015031 0243103 0017431 0003595 0002395 1521724 0012634
 0282458 0920317 0002778 0936012 1042496 1524024
 0003595 0523511 1412481 1513822 1880171
 1422839 0000857 0600678 1552863 0439090 1423767 3541314 0023031
 0021149 0220856 0032659 1257890
 1422839 0000857 0600678 1552863 0439267
 0002395 1521724 0012634
 1422839 0020283 0450407 0450408 0450409
 0086345 0019247 0017398 0017399 1521991
 0033872 0033873 0025141 0020268 1413512 3541894
 0439849 0009253 0036864 0079399 1314687 1522384 0021149 0220856 0002395 1521724 0012634 0282458 0920317 0002778 0936012 1042496 1524024
 0033872 0033873 0230467 0741204 1704351 2239486 0450382 3642216
 0018674 0582456 0018670 1281590 1706305 3263722 3263723 0002395 0012634 0439234
 0598312 1883725
 0033872 0033873 0597277 1708601
 0871208 1521828 0035648 1553898 0035647 1521761 2827422 0002395 0012634
 0027855 0021966 0221138
 0002395 0012634 0233820
 0001811 0025141 0020268 1413512 3541894
 0021149 0220856 0002395 1425076 0012634
 1422839 0369637 0441923
 0004083 0439849 0596306 0699792 1332838 0002395 0012634 0205422 0557651 0947630 2603343
 0860630 0025141
 1417245 1416989 0017337 0007328 0085973 0872128 0243148 0557651 0868928 1550141 1706255 1706256 1882979 2587213 2603343 3274648 0282458 0920317 0002778 0936012 1042496 1524024
 0025141 0439267
 1868500 0185117 1518422 1521761 0494463 0002395 0012634
 0025141 0369637 0441923
 0017337 1416989 1709599 0681876 0557651 2603343 0282458 0920317 0002778 0936012 1042496 1524024
 0027855 0450382
 1446659 0751455 0017337 2700455 0085401 0026045 0557651 2603343 0282458 0920317 0002778 0936012 1042496 1524024
 0025141 0369637 0441923
 0007328 0085973 0872128 0243148 0557651 0868928 1550141 1706255 1706256 1882979 2587213 2603343 3274648 0282458 0920317 0002778 0936012 1042496 1524024 0678951 0032529 1882417 1416915 1366529 0002395 0012634
 0025141 1266240 0033727 0369286 0441932 0564385
 0018591 0439792 0002395 0332281 0243083 0012634
 0027960 0324740 0325074 0439189 1456781 1824986 0558269 1552984
 0220781 1883254
 1144859
 0282458 0920317 0002778 0936012 1042496 1524024 0011108 0002778 0679006 0936012 1524024 1511536 0010171 0010181 0002778 0010186 0220812 0936012 1280519 1524024
 0027976 0205314 0027976 1879958 0041740

 0282458 0920317 0002778 0936012 1042496 1524024 0027051 0428953 2926063 0021308 0027061 1522564
 0369718 0441922 1414400 1553036 0000857 0600678 1552863 1275573
 0282458 0920317 0002778 0936012 1042496 1524024 0011900 0348026 0441833 0687744 1257890 1552516 1705428 1705429 2707520 0027361 0030705 0237401 1511726 3245479
 1315013 0025141
 0015219 0040223 3541383 0233820
 0041703 0268596 1418943 2700624 3642273 1506978 1705538
 2349101
 0325074 0025141 0369637 0441923
 1521970 0206086 0242568 1504315
 2718322 0025141 1506978 1705538
 1328885 0004083 0947630 1261322 1516048
 0777169 0025141 1415842
 0243125 0699900 0007427 1332805 0007428
 0450388 0025141 0016327 0439133 1553038 0205090 0684010 2603358
 1517519 0017428 0034606 0441633 2338314 2826292
 0027960 0324740 0325074 0439189 1456781 1824986 1552154 1708595 3280986
 0004083 0439849 0596306 0699792 0041368 1323304 1456820 0333516 0027540 0027651 1334928 1521761 1578706 2827422 3273930 0037047 0494463 0002395 0012634 0424093
 0325074 0025141 0023031 1538326 3541325
 0020792 0205396 0002395 1521724 0012634 0009462
 0027960 0324740 0325074 0439189 1456781 1824986 0012836
 1524063 0282458 0920317 0002778 0936012 1042496 1524024 1880371 2827447 0947630 0494463 0002395 0012634 1883351 1079230
 0027910 1552241 1555991 0025141 0002395 0012634 0033993 3539616
 1707496 3273186 0181090 0302614 1079230 1515021 1706050 0002778 0936012 1524024
 1144859 0025141 0023617 2986899
 1514983 0004083 0439849 0596306 0699792
 0777169 0025141 0022558 0596019 0369637 0441923
 0282458 0920317 0679560 0796344 0002778 0936012 1042496 1524024 0183683 1521721 1880177 0012655 0220898 1264642 1547045 0012634
 0325074 0025141
 1328885 0004083 0205237 0205238
 0040833 1521798 0027960 0324740 0439189 1456781 1824986 0025141 0439254
 0020125 0017429 0017428 0086418 1709701 2338314 0205197 0725685
 1562931 1708320
