 1439337 0033681 0031727 0041485 1135629 0033684 0037083 3537152


 1305702 1547134 2355574 0369637 0441923


 0402830 1704729 0027910 1552241 1555991 0205155 1293097 1522472 1552923 1705191 0021622 1272753 0023973 0562547 3160718 0442532 0041700 1708611 0166872 0034036 0034037 1514756 1704324 0348078 0376315 1515981 1522492 1527075
 0557061 2584313 1514811 1706462 0085151 3538722 1456454 0033665 0002716 0011560 0033684 0611285 1709634 1522240 1883351 0030685 0391871 0439180 0680255 1283071 1963578 1880389 1883221 3541951 1710082 0040649
 0085151 3538722 1518827 1514535 1323325 0242210 0205447 1412459 0037083 3537152 0085151 3538722
 1412459 1135629 0033684 0332256 2700400 0237753 0449788
 0332257 1552866 2700399 1518827 1880389 1883221 3541951 0205436 0457385 0565930 1561503 1705190 1145667 1167622 0085151 3538722 1456454 0033665 0002716 0011560 0033684 0611285 1709634 1861696 1880389 1883221 3541951 1145667 1167622 0023688
 0023688 1704928
 1547282 1704928 0040649 1280500 2348382 0031715 0086597 0127400 1158886 1412459 0041485 1518827 1880389 1883221 3541951
 0041485 0125601 0387019 0017890 0639683 1518827 1323325 0070948 0243122 1145667 1167622 1883525 2346866 1880389 1883221 3541951 1705535 1519726 0031715 1158886 0033684 1709305 2745955
 0031715 1158886 1518827 1882932 0441712 1706376 0815043 1527118 0031843 0542341 0700205 1705273
 0557061 2584313 1514811 1706462 0085151 3538722 1456454 0033665 0002716 0011560 0033684 0611285 1709634 0085151 3538722 1456454 0033665 0002716 0011560 0033684 0611285 1709634 2827734 2981698 0025252 0038164 0025255 0033684 0596901 1706182 0175996 0178719 1880389 1883221 3541951
 0085151 3538722 1456454 0033665 0002716 0011560 0033684 0611285 1709634 1514570 1709694 1515273 1705313 2826302 0171484
 0171484 0205145 0205088 1705314 1705315 0171484 0085151 3538722 0033665 0025252 1456454 0002716 0011560 0033684 0611285 1709634
 1274040 1546471 2825142 1327616 1514468 0332257 1552866 2700399 0162808 1514562 1517050 0521119 1880389 1883221 3541951 1709915 1882936 0030956 0006104 0030705 0333562 0002395 1521724 0012634 0162808 1514562 1880389 1883221 3541951 2827734 2981698
 1707271 0205088 0332255 1705314 1705315 1708096 0332256 2700400 1514562 1515981 0085151 3538722 1456454 0033665 0002716 0011560 0033684 0611285 1709634 1323325 0070948 0237753 0243122 0449788 1145667 1167622 1323325 0243122 1145667 1167622 0033684
 0332257 1552866 2700399 0649046 0054966 0033684 0205309 0522467 0248813 0380051 1367731 0872123 0872053 1334482 1367019 1707271 0162508 0031727 0205088 1553033 1705314 1705315 3536909 1417024 1422725 0087044 0103404 0033684 1150587 1367731 1705632 1417024 0345893 1417890 1709287 1312062 1335821 1705297 0018576 1880351
 0815043 1527118 0542341 1518422 0162340 0332185 1880389 1883221 3541951 1547282 1883351 0007610 0040649
 1883351 1880155 1704241 1180347 1523872 0205447 1412459 1135629
 1412459 0332256 2700400 1883525 2346866 0332257 1518827 1880389 1883221 3541951 1149341 0205436 0457385 0565930 1561503 1705190 1145667 1167622 0085151 3538722 1456454 0033665 0002716 0011560 0033684 0611285 1709634 1861696 1880389 1883221 3541951 0023688 0033382 0699759
 1518827 1880389 1883221 3541951 0040648 0040649 0205448 1145667 1167622 1521761 2827422 1333931 1336632 1705504 0062773 1333931 1336632 1705504 1325278 1537044 0205177 0439167 0441655 1561536
 1523308 0009498 1880389 1883221 3541951 1518422 0205309 0332257 1552866 2700399 1334043 0562342 1425409 2348366 1439337 0033681 0031727 0041485
 0441712 0243148 1550141 1882979 2587213 3274648 0037083 3537152 1518422 0162340 0085151 3538722 1456454 0033665 0002716 0011560 0033684 0611285 1709634 0031843 0542341 0700205 1705273 1883351 0018790 0237477 0392351 0521111 1518440 0040715 2987521
 1880389 1883221 3541951 0085151 3538722 0033665 1456454 0002716 0011560 0033684 0040649 0086597 0127400 0611285 1412459 1514873 1709634 1518440 0040715 0521447 1412459 2987521
 1705535 0243122 0682323 1145667 1167622 0040649 0086035 0439855 1704241 1880177
 0682323 0079050 1412097 1704928 1553033 0205309 1883351 0150312 0449450 1547282 1883351 0085151 3538722 0033665 1456454 0002716 0011560 0033684 0611285 1709634
 1704928 1412459 0031715 1158886 0031843 0542341 0700205 1705273 1883351 1325278 1537044 0205177 0439167 0441655 1561536
 0557061 2584313 1514811 1706462 0681814 1314939 0021069 0580846 0423866 2626739 0017837 1167624 1947902 2827499 0040223 0205449 0884358 1632851 1274040 1546471 2825142
 0040649 0005507 0243073 1510438 0205341 1444656 1527021 1554111 1705606 3541382
 0007585 0007634 0010453 0220814 0430400 1269647 1704653 1948049 2242979 0040669 1257858 0376702 0007634 3282337 0117953 0016327 0439133 1553038 0009458 0325564 0392747 0439536 1551720 1705217 3244283 0332256 2700400 0007452 0015965 0229671 0521457 1140701 1546774 1550100 0017797 0242295 1947943 2348609 0030842 0220892 0038425
 0007634 3282337 1524063 0253711 0302828 1442085 3263700
 0487602 1704680 0007634 3282337 0017596 1947936 1883708 0231441 0443218 2827483 0242349 1522240 1552738 0450355
 1704254 1704922 3542466 0871362 0303920 0522510 0936012 1710082 1524063 0037585
 0032136 1412459 0597298 1515981 1552738
 0041485 1412459 0031453 1705285 1524063 0302828 1442085 3263700
 0028953 0439084 0728893 0439084 0728893
 0439084 0728893 0439084 0728893
 0439084 0728893 0439084 0728893
 0439084 0728893 0439084 0728893
 0439084 0728893 0439084 0728893
 0439084 0728893 0439084 0728893
 0439084 0728893 0439084 0728893
 0439084 0728893 0439084 0728893
 0439084 0728893 0439084 0728893
 0085151 3538722 0033665 1456454 0002716 0011560 0033684 0041485 0611285 1709634 0031453 1705285 1524063 0028953 0439084 0728893
 0032136 0597298 1880389 1883221 3541951 1880274 1552738
 0162768 0033684 0332466 1293131 0017837 0332256 2700400 1880389 1883221 3541951 1880389 1883221 3541951 1707531 1706214 0162326 1524063 0136227 1335439 0009015 1514468 0332255 0486805
 0206415 1273517 0439084 0728893 0439084 0728893 1880389 1883221 3541951 0439084 0728893 0439084 0728893 1880389 1883221 3541951
 0051069 0051078 1705285 1524063 0028953 0439084 0728893
 0032136 1301820 0072149
 0032136 1511662 1148673 0012854 0243122 1145667 1167622 1880389 1883221 3541951 0085151 3538722 1707271 1874187 0002520 0033665 0033621 1168438 1418943 1456454 3540567 0001128 0002716 0011560 0033684 0205088 0611285 0699952 1705314 1705315 1709634 0052145 1515655 0332255 1708096 0010813 0596311 1330957 3146294 1707531 0052145 0162326 1547699 1706214 2700640 0456957 1823304
 0085151 3538722 0033665 1456454 0002716 0011560 0033684 0611285 1709634 1511662 1148673 0012854 0243122 1145667 1167622 1880389 1883221 3541951 0878517 0085151 3538722 1456454 0033665 0002716 0011560 0033684 0611285 1709634 1552738
 0085151 3538722 1456454 0033665 0002716 0011560 0033684 0611285 1709634 0332256 2700400 1511662 1148673 0012854 0243122 1145667 1167622 1880389 1883221 3541951 1707531 0004793 0162326 0162327 1416832 1519249 1706214 1709915 1882936 1513776 0242611 0009221 1095825 1416832 0085151 3538722
 1416832 0085151 3538722 2700640 0162768 0033684 1416832 0085151 3538722 0033665 0033621 1168438 1418943 1456454 3540567 0002716 0011560 0033684 0611285 0699952 1709634
 0026882 1705285 0004793 0162326 0162327 1519249 0037640 0332256 2700400 0205171 1720467 1511662 1148673 0012854 0243122 1145667 1167622 1880389 1883221 3541951
 0028953 0439084 0728893 0439084 0728893
 1883351 0162808 1514562 1880389 1883221 3541951 0162326 1547699 2700640 1709915 1882936 0009013 0086022 0442335 1705099
 0600209 1704732 0600209 1522240 1704732 1883712 0006353 0018851
 0370003 2347026 0086972 0443299 0687118 0560267 0017243 0025255 0348011 0600190 1524063 0449913 1553451 1704459
 0332282 0233660 0332206 0419358 1548982 0019941 0027021 0031179 0034493 0330510 0522529 0939835 1110641 1318719 1439852 1524063 0449913 1553451 1704459 0302828 1442085 3263700
 1412459 0085151 3538722 1456454 0033665 0002716 0011560 0033684 0611285 1709634 0003241 1552738 0439509
 0003242 1412459 1371607 0037083 0007634 0039421 1269647 1301820 1704653 1948049 3537152 0368815 1963095 0003241 0021027 0079050 1412097 1704928 0005574 0043194 0258432 1421478 0085151 3538722 0681834 0036397 0043194 0185125 0258432 0331965 1421478 0037083 0007634 0043194 0258432 1269647 1421478 1704653 1948049 3537152 0244989 0022877 0043194 0258432 1160185 1421478 1619828 0043194 0258432 1421478 1719918
 0021069 0005507 0243073 1510438 0884358 1552738
 0005507 0243073 1510438 0007634 3282337 0456963 0006353 0009264 0009443 0020746 0024348 0234192 1536403 1882074 0020283 0450407 0450408 0450409 0037494 1959973 0146951 0133689 0242759 0013618 0013714 0029366 0037473 0597484 0037508 1171560 1556062 0016327 0037473 0597484 0033607 0681834 0036397 0185125 1883708 0521097 0007703 0439267 0456693 1442458 0702093
 1881488 1883708 0038164 0033684 0991566 1719918 0033684 0301871
 0332282 0441648 0006353 0033684 0600209 1514893 1704732 2699488 0020985 0442726 1511790
 0017837 0017817 0040676 0033684 0014834 0014833 0450615 1521827 0302828 0680240 0947322 1442085 1705426 3263700
 1265611 0580846 1273517 0005507 1881488
 1881488 0007634 3282337 0006353
 0033684 1883708 0205409 1548221 0242301 0006353 0600209 0936012 1704732 0020985
 1553778 1561491 0872318 0599748 0008565 0037813 2945612 0008550 0075804 0205132 0302908 0436196 0577559 1304698 1306372 1546699 1550648 1552960 1561501 3152252 0004793 0162326 0162327 1519249 0332185 1552738
 1412459 0021069 0205409 1548221 1412459 0007634 3282337 1524063 1412459 0600209 1514893 1704732 2699488
 0175723 1412459 0392756 0041236 0868946 0008742 0681834 0036397 0185125 0017243 0185115 1382104 3541890 0441648 1511572 0050456
 0237868 0884358 1524063 0449913 1553451 1704459
 0030956 1516801 0596801 1979910 1524063 0449416 1705919 0036572 0085672 0424576 1553035 2349186
 0348000 0036849 1442518 1705195 3274438 0035953 0600140 1704688 2346414 0205554 1707719 1513371 1705738 2347637 2348146 1707391 0022023 0522510 1527178 1705938 1301808 1442792 3148680 1553778 1561491 0332472 1881708
 0002778 0936012 1524024 0599748 0004927 1524063 1979963 2003903 1707391 0007961 0577559 1306372 1527178 1705938 1706211 3152252 1301808 1442792 3148680 1519061 0030956
 1511726 3245479 0444505 1522240 0745732 0332256 2700400 1522609 0042295 0522510
 1511726 3245479 0242356 0993637 0002055 0162343 0178499 1511726 1706202 1880202 1880279 3245479 0332256 2700400 0004793 0162326 0162327 1519249 1524063 0002045 1553907 0036397
 0030956 0031684 0150103 0205396 1550043 1551388 1708943 1704610 1511726 3245479 0030956 0332472 0871935 1881708 3146294 0683454 1710036 0021966 0036849 0221138 0243161 1442518 1527178 1552603 1705195 1705938 1706202 0014442 1273517 0010813 0596311 1330957 0392747 1554963 0025646 0872015 1330964 1709915 1882936 1521754 0001038
 1519061 0030956 0205396 1550043 1551388 1707391 0040005 1519726 0031715 1158886
 0450429 1515974 0030956 1708097 0022023 0332255 0449774 1708096
 0005507 0243073 1510438 0884358 1524063 0449913 1553451 1704459 0072149
 0007634 3282337 0006353 0024348 1536403 1512335 0072149 0033727 0369286 0441932 0564385 1881488 0005971 0205170 0348011 1139930 3146287 3537155
 0449468 1690016 1705102 2700258 1524062 1324397 1151115 0441655 0311727 0024075 0032136 0162328 0335038 0851827 1522485 1701901 1705915 1709908 3244310 0444706 3541902 1524063
 1151115 0441655 0013682 0032136 0040669 0220928 0243148 1550141 1882979 2587213 3274648 1883708 0005507 0243073 1510438 1883712 0449468 1690016 1705102 2700258 0037633 0525069 1710236
 0040669 1514756 0237753 0449788 1265611 0017397 0007450 0040669 0086022 0325090 0442335 0524517 1705099 1548787
 0086022 0442335 1705099 1524063 0185117 1273517 1412459 0005507 0243073 1510438
 1324397 1151115 0441655 1151115 0024075 0441655 1093003 0871424 0002778 0936012 1524024 0884358 1524063 1709320 0002780 0002778 0936012 1524024
 1274040 1546471 2825142 1547282 1301820 1524063 0085080 0007634 3282337 1511726 3245479 1301820 1524063 1257858 0376702 0007634 3282337
 0031715 1158886 0085080 0007634 0205409 1548221 3282337 0021069 1524063 0368815 1963095 0079050 1412097 1704928 0003241 0021027 1553033
 0031715 1158886 0021135 1533691 2827718 0034857 0034861 0033684 0332466 1293131 0162768 0060916 0720544 1424668 0439267 0031727 1439852 0301871 0439267 1881488 1521827 1882074 0019215 0020283 0450407 0450408 0450409 0332256 2700400 0024472 0017881 0068854 0029366 0037473 0597484 0012789 0556640 1553631 0449468 1690016 1705102 2700258
 0443286 1114821 0006353 0370003 1272691 1883712 2347026 0018851
 0370003 2347026 0086972 0443299 0687118 0560267 0017243 0017243 0004400 0681850 1550501 1706203 2349001 2697811
 0557061 2584313 1514811 1706462 0205265 0521093 0750484 1412459 1704928 0596988 1524063 0021069 0005507 0243073 1510438
 0301871 1524063 0037293 0181496 1710492 1704928 0442726 1511790 0020985
 1412459 1704928 0243122 1145667 1167622 0442821 0450344 1553633
 0681814 0017837 0017817 0040676 0580846 1273517 0005507 0079050 1412097 1704928 1553033 0229579 0085080 0007634 3282337
 0079050 1412097 1704928 1553033 0332297 1145667 1167622 1689898 2349209 1412459 0442821 0450345
 0026882 1705285 1880389 1883221 3541951 0051069 0051078 0311403 0243122 1145667 1167622
 0185117 1704928 1257858 0376702 0007634 3282337
 1412459 0079050 1412097 1704928 1553033 0150312 0449450 0010834 0007610 1412459 1547282 0185027 1948020 1416886 1442449
 1274040 1546471 2825142 0680240 1551058 0302523 0700325 3244290 1412459 1145667 1167622 1704928 1861696 1880389 1883221 3541951 1704675 0442821 1709707 0079050 1412097 1704928 1553033 0150312 0449450
 0449911 0333052 2607870 0557702 1272706 1704674 0557702 1272706 1704674 0349966 1337208
 2827734 2981698
 1412459 1145667 1167622 1704928 1412459 0079050 1412097 1704928 1553033 0150312 0449450
 0392148 0301871 1412459 1704928 0007634 3282337
 1412459 0301871 1524063 0301871 1883708 0020985 0182400 1704681 2347609 3536729 1412459 1524063 0312586 0003241 0021027 0079050 1412097 1704928 1553033 1444656
 0370003 2347026 1547282
 0205543 0392148 0332197 1689985 0037293 0181496 1710492 0021069
 2347469 0580846 0229579 0007634 3282337 1524063 1265611 1444656
 0033684 1704928 0182400 1704681 2347609 3536729 0020985
 0370003 2347026 1547282
 1316572 1317574 1369612 1412459 1145667 1167622 1709707 0079050 1412097 1704928 1553033 0005507 0243073 1510438
 0580846 0017837 1524063 0017817 0040676 1265611 1880389 1883221 3541951 0017837 0596988 0017837 1314939 0392747 1514562
 0033684 1704928 0182400 1704681 2347609 3536729 0020985
 0370003 2347026 1547282
 0017837 1145667 1167622
 0073187 0183489 0487602 1704680 0007634 3282337
 0025255 0596901 1706182
 0205117 0332282 1883708 0332128 1280500 2348382 0040649
 1883351 0449913 1553451 1704459 0150369 1516647 1325278 1537044 2266866 0205177 0439167 0441655 1561536 1524063 0335038 1522485 1705915 1709908
 0332466 1293131 0085151 3538722 1314939 1511662 1148673 0012854 0243122 1145667 1167622 1880389 1883221 3541951 0085151 3538722 0033665 1707271 0033621 0162808 1168438 1418943 1456454 1514562 3540567 0002716 0011560 0033684 0205088 0611285 0699952 1705314 1705315 1709634 1880389 1883221 3541951 0052145 0085151 3538722 0033665 1456454 0002716 0011560 0033684 0611285 1709634 1511662 1148673 0012854 0243122 1145667 1167622 1880389 1883221 3541951 0878517 0085151 3538722 1456454 0033665 0002716 0011560 0033684 0611285 1709634
 0052145 0040649 0085151 3538722 0040669 1412459 1948023 1292856 1948023 2349975 0040669 1517331 0349966 1337208
 0040649 0332197 1689985 1412459 0439792 0547044 0349966 1337208
 1280500 2348382 0332197 1689985 1412459 0205170 3146287 1412459 1412459 1257858 0376702 0007634 3282337
 0026882 1705285 1880389 1883221 3541951 0051069 0311403 1280500 2348382 0349966 1337208
 0037088 0243095 2825141 0332290 1547282 0026882 1705285 0311403 1323337 0243122 1145667 1167622 1861696 1880389 1883221 3541951
 0449911 0333052 2607870 0557702 1272706 1704674 0557702 1272706 1704674 0349966 1337208
 0740116 2827735 2981700
 1412459 0040649 1511662 1148673 0012854 0243122 0699952 1145667 1167622 1416832 1880389 1883221 3541951
 0040649 1533585 1511662 1148673 0012854 0243122 1145667 1167622 1880389 1883221 3541951 0085151 3538722 0033665 1707271 0033621 0162808 1168438 1418943 1456454 1514562 3540567 0002716 0011560 0033684 0205088 0611285 0699952 1705314 1705315 1709634 1880389 1883221 3541951 0052145 1412459 1948023
 1412459 0040649 0369773 2603361 0026882 0311403 1705285 1880389 1883221 3541951 1412459 0369773 2603361
 0040649 0750532 2945599 1948023 0205171 0439044 0679994 0369773 2603361 1412459 1948023 0369773 2603361
 0026882 1705285 0018790 0237477 0392351 0521111 1280500 2348382 0369773 2603361
 2347469 0681814 1706386 1524063 0751455 1533585 0017337 0013126 0017262 0206414 0017337 0185117 0085151 3538722 1456454 0033665 0002716 0011560 0033684 0611285 1709634
 1412459 0040649 0369773 2603361 0026882 0311403 1705285 1880389 1883221 3541951 1412459 0369773 2603361
 0040649 0750532 2945599 1948023 0205171 0439044 0679994 0369773 2603361 1412459 1948023 0369773 2603361
 0026882 1705285 0018790 0237477 0392351 0521111 1280500 2348382 0369773 2603361
 1274040 1546471 2825142 1547282 1551058 0040669
 1707156 3274014 3541345
 0869040 0557651 1273517 2603343 0085151 3538722 1456454 0033665 0002716 0011560 0033684 0611285 1709634 0598267 1511625 1880389 1883221 3541951 0052145 1511662 1148673 0012854 0243122 1145667 1167622 1880389 1883221 3541951 0025255 0596901 1706182
 0085151 3538722 0033665 1707271 0033621 0162808 1168438 1418943 1456454 1514562 3540567 0002716 0011560 0033684 0041485 0175996 0178719 0205088 0611285 1705314 1705315 1709634 1880389 1883221 3541951 1547282 1883351 0205177 1704928 0332149 1705910 2362652 1280500 2348382 0040649 0678226 0031715 1158886 1709915 1882936 3146286
 0521093 0750484 0150369 1516647 1564139 0596988 0041485 0031453 0392747 0442726 0070948
 0085151 3538722 1456454 0033665 0002716 0011560 0033684 0611285 1709634 0085151 3538722 0033621 0033665 1168438 1418943 3540567 1456454 0002716 0011560 0033684 0611285 1709634 0301871 0018956 0007634 3282337 0205332 0205332 0026882 1705285
 0521093 0750484 0085151 3538722 0033621 0033665 1168438 1418943 3540567 0018956 1456454 0002716 0007634 0011560 0033684 0611285 1709634 3282337 1552738
 0449911 0333052 2607870 0557702 1272706 1704674 0557702 1272706 1704674 0349966 1337208
 0439086 2827736 2981702
 0085151 3538722 1456454 0033665 0002716 0011560 0033684 0611285 1709634 1412459
 0031715 1158886 0007634 3282337 0085151 3538722 0033665 1456454 0002716 0011560 0033684 0611285 1709634
 0085151 3538722 1456454 0033665 0002716 0011560 0033684 0611285 1709634 0085151 3538722 0033665 1456454 0002716 0011560 0033684 0205171 0611285 1709634 1720467 0301871 0018956 0007634 3282337
 0370003 2347026 1883708 0020985 0182400 1704681 2347609 3536729 0442726 0070948 0085151 3538722 1456454 0033665 0002716 0011560 0033684 0611285 1709634 0368815 0003241 0021027 1704928
 1883559 0332307 0445392 1547052
 0205543 0392148 0332197 1689985 0021069
 2347469 1883073 2827424 2347167 1709915 1882936
 0022023 1700702 0205263 0332472 0337196 1881708 0004793 0162326 0162327 1519249
 0522510
 0577559 1306372 3152252 0205549 2348044 2346898 0600281 1524067 1425988 1552738 1547282 1519061 0030956 0041484 0041485 1421250 0041484 0041485 1421250
 0332197 1689985 1883073 2827424 0309872 1292733 1516050 1709915 1882936
 1519726 0031715 1158886 0007634 3282337 1412459
 1412459 0007634 3282337 0301871 1883559 0332307 0445392 1412459 1547052 1412459 0596988 0041485 0031453 1705285 0205171 0439044 0679994 1444656
 0370003 2347026 1883708 0020985 0182400 1704681 2347609 3536729 1412459 0301871 1519726 0031715 0041485 1158886 1515981 1524063
 1519726 0031715 1158886 0442726 1511790 0205171 0392148 1720467 0026882 1705285 0031715 1158886
 3271785 0813988 1552738 0205397
 0073187 0031715 1158886 0041485 0475311
 0017837 0017817 0040676 1880389 1883221 3541951 0017837 1553631
 2951520 0443286 1114821 0205430 1421951 1720722 0205171 1710236 1720467
 0017837 1710236 0017837 1444656
 0205543 0392148 0332197 1689985 0021069
 0441833 1999270 3537156 1547282 2986957 0441833 1999270 3537156 0017243
 0332149 1705910 2362652 0079050 1412097 1704928 1553033 1412459 1280500 2348382 0040649 0031715 1158886 1412459 0015127 1524003
 1412459 1412459 0007634 3282337 0037813 0436196 0577559 1306372 3152252 0004793 0162326 0162327 1519249
 0004793 0162326 0162327 1301820 1519249 1551362 1999244 1519061 0030956 0450365 1706097
 0030956 0332256 2700400 0041485 0041485 0004793 0162326 0162327 0205341 0600140 1519249 1299582 0041485
 0596988 0041485 0031453 1705285 0031715 1158886 0332128 0007634 3282337
 0205332 0005507 0243073 1510438 0450366
 1883351 0521093 0750484 1456348 0041485 1412459 0007634 3282337 1705285 0369827 3536767 0041485 1515981 2348205 0030695 0150369 0181904 0596972 1521743 1704646
 0026882 1705285 0041485 1301751 1280500 2348382 0450366
 1412459 0037179 0087136 0205171 1709915 1882936 0041485 0229579 0007634 3282337
 0947630 0332290 1518422 1515877 1879547 0033681 0031727 0041485 1883708 1412459
 1883351 1947931 1412459 0884358 1515653 0005507 0243073 1510438 1524063 1518827 1880389 1883221 3541951 0332256 2700400 0041485 0017837 0162768 0038164 0072393 1418948 0017817 0033684 0040676 0332466 1293131 1710236 1521827
 0005507 0243073 1510438 0443289 1947931 1412459 0450363 2986797
 1704928 1947931 0085151 3538722 1456454 0033665 0002716 0011560 0033684 0611285 1709634 0041485 1412459 0041485
 1883351 1280500 2348382 0040649 0031715 1158886 0884358 0040649 0005507 0243073 1510438 1524063 0596988 1709915 1882936 0031453 0392747 0031715 1158886
 1412459 0040649 1292856 1948023 0439093 0443228 1704243 0450373 1553636
 1955473 1547282 0026882 1705285 0031453 2349975 1325278 1537044 0205177 0439167 0441655 1561536
 0441712 1280500 2348382 1518422 0205309 0026882 1705285 0031453 1518422 1412459 0085151 3538722 0872079 1704675 1425988 0042789 1947903
 1280500 2348382 0040649 0085151 3538722 0031715 1158886 2987476
 0449911 0333052 2607870 0557702 1272706 1704674 0557702 1272706 1704674 0349966 1337208

 0031715 1158886 1518422 0040649 0085151 3538722
 0040649 0052145 0205263 1412459 1416832 1948023 0026882 1705285 1518422 0238767 1706086 1883351 0031715 1158886 0028778 0332206 1533157 1706084 2828370 1280500 2348382
 1518422 0392747 1292856 1948023
 0028778 0332206 1533157 1706084 2828370 1280500 2348382 1705241 1705242 0369773 2603361
 0040649 0392148 0332197 1689985 0369773 2603361 0332197 1689985 0369773 2603361 0392148
 2347469 0681814 1706386 1524063 0085151 3538722 0033665 1456454 0002716 0011560 0033684 0611285 1709634 1511662 1148673 0012854 0243122 1145667 1167622 1880389 1883221 3541951 0878517 0085151 3538722 1456454 0033665 0002716 0011560 0033684 0611285 1709634
 0040649 1280500 2348382 0596988 1705241 1705242 0369773 2603361
 1274040 1546471 2825142 1547282 1551058 0040669
 1707156 3274014 3541345
 0205117 0332282 1883708 0392366 1280500 2348382 0040649 0085151 3538722 0031715 0043194 0258432 1158886 1421478
 0026882 1705285 0031453 0031715 1158886 0205197 0849355 1280500 2348382 0450373 1553636
 0450373 1553636
 0302523 0700325 1964257 1705535 0449432 1705248 0040649 0851827 1701901 3244310
 1705535 0026882 1705285 0031453 1518422 0205263 0301641 0392747 0443172 1705241 0085732 0040649
 1517331 0521093 0150369 0750484 1516647 1280500 2348382 0041485 0031453
 0596988 2348205 1412459 1883559 0450373 1553636
 0392366 0026882 1705285 0311403 0040649 1274040 1546471 2825142 0450375
 1280500 2348382 0040649 0085151 3538722 0031715 1158886
 0041485 1518827 1323325 0070948 0205436 0243122 0457385 0565930 1145667 1167622 1412459 1561503 1705190 1880389 1883221 2982691 3541951 1880389 1883221 3541951 1145667 1167622 0085151 3538722 1456454 0033665 0002716 0011560 0033684 0611285 1709634 0332149 1705910 2362652 0031715 1158886 0872079 1704675
 0005507 0243073 1510438 0392747 0033618 0242210 0243122 1145667 1167622 0052145
 1412459 0085151 3538722 0033665 1456454 0002716 0011560 0033684 0205409 0611285 1412459 1548221 1709634 0018956 0007634 3282337 0332297 1145667 1167622 1689898 2349209 1265611 1553637
 0392148 1518422 1265611 0332297 1145667 1167622 1412459 1689898 2349209
 1883351 0033618 0242210 0243122 1145667 1167622 1412459 0301871 0018956 0007634 3282337 0332297 1145667 1167622 1412459 1689898 2349209 0182400 1704681 2347609 3536729
 0442726 1705241 1705242 0301871 1412459
 0182400 1704681 2347609 3536729 0370003 2347026 1709707 0085151 3538722 0033665 0522527 1456454 0002716 0011560 0033684 0332297 0611285 1145667 1167622 1689898 1709634 2349209 0041485
 0449911 0333052 2607870 0557702 1272706 1704674 0557702 1272706 1704674 0349966 1337208
 0439084 0728893
 0026882 1705285 0392747 0872079 1704675 0085151 3538722
 1265611 1412459 0085151 3538722 0033665 1456454 0002716 0011560 0033684 0301871 0611285 1412459 1709634 0018956 0007634 3282337
 2347469 0681814 1706386 0007634 3282337
 2347469 1412459 0301871 1524063 0037293 0181496 1710492 0052145 0442726 1511790 0368815 1963095 0003241
 1412459 0442726 1511790 1524063 0312586 0003241 0021027
 1265611 0085151 3538722 0033665 0522527 1456454 0002716 0011560 0033684 0332297 0611285 1145667 1167622 1689898 1709634 2349209 0085151 3538722 1456454 0033665 0002716 0011560 0033684 0611285 1709634 0018956 0085080 0007634 3282337
 0085151 3538722 1456454 0033665 0002716 0011560 0033684 0611285 1709634 0301871 0003241 0021027 0442726 1511790 1412459 0442726 1511790
 1412459 0003241 0021027 0442726 1511790
 0073187 1265611 1412459 0085151 3538722 0033665 1456454 0002716 0011560 0033684 0301871 0611285 1412459 1709634 0085151 3538722 1456454 0033665 0002716 0011560 0033684 0611285 1709634 0085151 3538722 1456454 0033665 0002716 0011560 0033684 0611285 1709634 0085151 3538722 1456454 0033665 0002716 0011560 0033684 0611285 1709634 0085151 3538722 1456454 0033665 0002716 0011560 0033684 0611285 1709634 0007634 3282337
 1412459 0085151 3538722 1456454 0033665 0002716 0011560 0033684 0611285 1709634 0301871 0442726 1511790 2347469
 0205543 0392148 0332197 1689985 0005507 0243073 1510438
 0205117 0332282 1883708 0392366 0026882 0392747 0085151 3538722 0033665 0033618 0242210 1456454 0002716 0011560 0033684 0243122 0611285 1145667 1167622 1709634 1412459 0681814
 0596988 3274651 0871161 1292721
 1547282 1883351 1145667 1167622 1412459
 1412459 1325278 1537044 0205177 0439167 0441655 1561536 1292856 1948023 1518422 0700364 1883351 1280500 2348382 2987476 0872079 1704675 0085151 3538722
 0332185 0052145 1547282 1883351 0205263 0017262 0185117
 1948023 0185117 0428479 0033684 0441889 0007634 3282337 0052145 0205171 0439044 0679994 1412459 1524063 0020985 0025664 0449851
 1301820 1706701 0013682 0040669 0392747 0443172 1709595 1441672 2349200 0007634 3282337 0332148 0750492 0439092 0547044 0007634 0027361 0205397 0237401 3282337
 1441672 0392747 0443172 1705241 0332282 0040669 1412459 0205171 0439044 0679994 0442726 1511790 0442805 0007634 3282337 0032136 0205449 1553638
 0557651 2603343 1280500 2348382 0428479 0033684 0441889 0443289 0040669 0205217 0442805 1710082 0007634 1518422 1707455 3282337
 0449911 0333052 2607870 0557702 1272706 1704674 0557702 1272706 1704674 0349966 1337208

 0185117 0085080 0007634 3282337
 0020985 0086022 0442335 1705099 1880497 0052145 0205171 0439044 0679994 1412459 1444656
 0041348 2937342 0182400 1704681 2347609 3536729 1708715
 2347469 1167624 1947902 2827499 0052145 1412459 0205173 1705764 1705765 0244989 1708632 0079050 1412097 1704928 1553033 1444656
 0025255 0596901 1706182
 1514811 1706462 0815043 1527118 0542341 1518422 0162340
 0947630 0162808 1514562 1880389 1883221 3541951 0171484 0205177 0439167 0441655 1561536 0007610 0441471 3541888
 0033618 0243122 0682323 1145667 1167622 1184743 1314939 1522240 1412459 1135629
 1412459 0150312 0449450 0085151 3538722 1456454 0033665 0002716 0011560 0033684 0611285 1709634 1145667 1167622 0040648 0040649 0205448 1883351 1521761 2827422 1333931 1336632 1705504
 1880389 1883221 3541951 1280500 1514873 2348382 0040649 0085151 3538722 1518440 0040715 0521447 1412459 2987521
 1705535 0023688 0521447 0542341 1412459 1514873
 0023688 0033681 0031727 0041485 1704928
 0079050 1412097 1704928 1553033 0085151 3538722 0033665 1456454 0002716 0011560 0033684 0611285 1709634 1412459
 1547282 1704928 0040649 0031715 1158886 1518422
 1519726 1158886 0031715 1518422 0033618 0443264 1704675 0205448 0242210 0033684 1518827 0439084 0728893
 1709915 1882936 0205177 1704928 0041485 1518827 1323325 0070948 0205436 0243122 0457385 0565930 1145667 1167622 1561503 1705190 1880389 1883221 2982691 3541951 1880389 1883221 3541951 0085151 3538722 0033665 1456454 0002716 0011560 0033684 0611285 1145667 1167622 1709634
 1412459 0085151 3538722 0033665 0522527 1456454 0002716 0011560 0021069 0033684 0205170 0238767 0332297 0611285 0681814 1145667 1167622 1689898 1706086 1709634 2349209 3146287 0442726 0442739 1548568 0392747 0443172 0007582 1704675
 0031715 1158886 0205177 1704928 0700364 1518422 0872079 1704675
 1280500 2348382 0040649 0085151 3538722 0031715 0086597 0127400 1158886 1518422 0392747 0443172 1412459
 0032200 1979795 0018284 0005821 0018270 0220844 1441547 1521761 1621966 2827422 2911660 3245521 0332185 1547282 1883351 0205263 0597304 0010813 0596311 1330957 0150369 1516647 1880022 1325278 1537044 0205177 0439167 0441655 1561536 2348205 1273517
 0750729 0557651 2603343 1704928 1547282 1883351 1301751 1280500 2348382
 0332466 1293131 0085151 3538722 1273517 0043227 1416832 0332256 2700400 1148673 0012854 0243122 1145667 1167622 0040624 1880389 1883221 3541951 0040649 1514873 0597304 0010813 0596311 1330957 0085151 3538722 1456454 1518422 2698977
 1979874 0085151 3538722 1456454 0033665 0002716 0011560 0033684 0611285 1709634 0332466 1293131 0205171 1720467 1511662 1148673 0012854 0243122 1145667 1167622 1880389 1883221 3541951 0162808 1514562 1880389 1883221 3541951 0205224 0042789 1947903 1425988
 2607943 2926606 3539655 0205393 0750492 1274040 1546471 2825142 0869040 0205448 0947630 1273517
 0043227
 0557651 2603343 0162340 1947946 2948600 3540471 3540472 0441712 0597304 0010813 0596311 1330957 0085151 3538722 1456454 0040649 0043227
 0392366 0205177 0439167 0441655 1561536 0085151 1511662 3538722 0012940 0812382 1514535 0033665 1148673 0033618 0058610 0162768 0162808 0242210 0682990 1456454 1514562 0002716 0011560 0012854 0033684 0243122 0332466 0611285 1145667 1167622 1293131 1416832 1709634 1880389 1883221 3541951 0013126 0162326 0085151 3538722 0033665 0033621 1168438 1418943 1456454 3540567 0002716 0011560 0033684 0611285 0699952 1709634 1416832 0085151 3538722 1456454
 0040649 1416832 0085151 3538722 1456454 0040649 2827734 2981698 0450385 2827734 2981698
 0369773 2603361
 0441712 0079050 1412097 1704928 1553033 0205177 0439167 0441655 1561536 1518422 2963144
 1709915 1882936 0041485 1518827 1323325 0070948 0205436 0243122 0457385 0565930 1145667 1167622 1412459 1561503 1705190 1880389 1883221 3541951 0205265 0872079 1704675
 0005507 0243073 1510438 1518422 1999230 0332120 0183683 1521721
 0332148 0750492 0031715 1158886 0085151 3538722 1456454 0033665 0002716 0011560 0033684 0611285 1709634 0079050 1412097 1704928 1553033 0392747 0872079 0033684 1704675 1180347 1523872 0439855 1704241
 0205447 1517378 0233820 1883351 0678594 1412459 0085151 3538722 0033665 0033621 0522527 1168438 1418943 1456454 3540567 0002716 0011560 0033684 0332297 0611285 1145667 1167622 1689898 1709634 2349209
 0041485 1518827 1323325 0070948 0243122 1145667 1167622 1412459 1880389 1883221 3541951 0125601 0614361
 1514562 1323325 0242210 0332257 1515981 0332256 2700400 0387019 0017890 1412456 3538726 1412456 3538726 1312062 1705297 1417890 1709287
 0150114 0242210 0033684 1518827
 0037088 0243095 2825141 1518827 1880389 1883221 3541951 0033684 0041485 1518827 1323325 0070948 0243122 1145667 1167622 1880389 1883221 3541951
 1519726 0031715 1158886 0441712 1706376 0815043 1527118 0031843 0542341 0700205 1705273
 1327340 0597299 0025519 0025520 0687670 1333208 1412384 3538735 1883351 0205099 1879652
 0033666 1709694 0085151 3538722 0861064 0033268 0205217 0332152 0442805 1522538 0205447 0309049 0441471 0392747 0443172 0332148 0750492 0037083 3537152 1184743 1522240 1880177
 2931257 1425075 0299212 1418985 0872078 0332185 1547282 1883351 0031843 0542341 0700205 1705273 0276496 0002395 1521724 0277558 1832428 0012634 0015576 0241888 0348078 0376315 0439849 0445223
 0031715 1158886 1704928 0392747 0037083 3537152 0002395 1521724 0012634 1880177
 2825232 0043227 0018173 1521721 0079816 1556038 0035168 0205476 0242481 1551807 0237935 3245466 0035168 0242481
 0010186 0220812 0449719 1709471 0220808 0680264 0007961
 1706852 0522501 1706089 0949214
 0205155 1293097 1522472 1552923 1705191
 0282413 0376649 1442065 0027910 1552241 1555991 0369773 2603361
 0439114
 0021622 1272753 0023973 0562547 3160718 0442532
 0254343 0796520 3272379

 0085205 1549619 1880669
 0013849 1705961 0024492 1538057 1547565 0219333 0402830 1412573 2350443 3539770 0000723 1273517 0085151 3538722 1456454 0033665 0002716 0011560 0033684 0611285 1709634 0085151 3538722 1456454 0033665 0002716 0011560 0033684 0611285 1709634
 0244989 0244989 0206354 0017932 0017911 0031727 0132555
 0018555 0008120 0018557 0029939 0152035 0227898 1278992
 0017837 0017817 0040676 0017837 0017817 0040676
 1323325 0243122 1145667 1167622 1323325 0243122 1145667 1167622
 0052145 0162808 1514562 1880389 1883221 3541951
 2986676 0039711 0041740 0041740 0006037 0085151 3538722 1456454 0033665 0002716 0011560 0033684 0611285 1709634 0032136 0079050 1412097 1704928
 1514811 1706462 0557061 2584313 1514811 1706462 2347469

 3642273
 0016327 0439133 1553038 0369718 0441922 1553036 0439267 2603360


 0201682

 0402830



 0025141 2603362
 0556636 1269776 0369637 0441923
 2347469

 2347469 0369637 0441923
 0439267
 0439267 0369637 0441923
 2347469 0597277 1708601
 0021966 0221138 2603362
 0402830 0369637 0441923

 0439267
 0369637 0441923

 0027960 0324740 0439189 1456781 1824986
 0325074
 0439084 0728893 2347469
 0027960 0324740 0439189 1456781 1824986
 0007634 1269647 1704653 1948049

 0000857 0600678 1552863 2603362
 0999213 0369773 2603361
 0205090 0684010 2603358

 1418943

 0268596 2700624
 3642273

 2603362

 0205090 0684010 2603358 0439267 0369718 0441922 1553036 2603360


 0025141 2347469 0439482


 0201682
 2603360 0033727 0369286 0441932 0564385 0998924 2603360


 0201682
 2347469
 0439394 1706495 3642217
 0205090 0684010 2603358 0016327 0439133 1553038
 2347469 0335912

 0027960 0324740 0439189 1456781 1824986
 0007634 1269647 1704653 1948049

 2603360 1415618 2603360 2603360 1415549 0597277 1708601 0450955 2603360
 0021966 0221138


 0205090 0684010 2603358 0369718 0441922 1553036 0369637 0441923
 0033727 0369286 0441932 0564385 2347469
 0369773 2603361
 0439114
 0369773 2603361 0439394 1706495 3642217
 1418943

 0268596 2700624
 3642273

 2603362

 0369637 0441923
 0033727 0369286 0441932 0564385 0205090 0684010 2603358 0369773 2603361 0369773 2603361
 0439394 1706495 3642217


 0201682
 0369773 2603361
 0205090 0684010 2603358 0439267 0369773 2603361
 0439267 0439394 1706495 3642217


 0201682
 0033727 0369286 0441932 0564385 0597277 1708601 0998924 2603360


 0201682
 0205090 0684010 2603358 0035567 1140671 1509547 3484401
 2603360


 2603362
 0033727 0369286 0441932 0564385 0597277 1708601
 0035853 0995005

 0033727 0369286 0441932 0564385 0017596 1947936
 0597277 1708601 0369637 0441923
 0439267
 0007634 1269647 1704653 1948049 0450382 0025141 2603362

 1418943

 0268596 2700624
 3642273

 2603362

 2603360

 0036397 0369773 2603361 0021966 0221138 0597277 1708601 2347469


 0025141
 2603360 2986502
 2347469 2603362




 0201682

 0554249
 0439114 2347469
 2603360


 0025141 0369637 0441923
 0033727 0369286 0441932 0564385 0597277 1708601 2347469
 0439394 1706495 3642217


 0201682


 0369637 0441923
 3284170 0597277 1708601
 2603360

 0005477 0025141 0369718 0441922 1553036 0439267 0369773 2603361 2603360


 0201682
 0597277 1708601
 0369718 0441922 1553036 0033727 0369286 0441932 0564385 0439267 0016327 0439133 1553038 2603360 0369637 0441923


 0201682
 0369718 0441922 1553036 0369773 2603361 0439267 0205090 0684010 2603358 1553033 0439267 2603360


 0201682
 0439267 0369773 2603361 0205090 0684010 2603358 0369718 0441922 1553036 2603360


 0201682

 0007587
 0025141 0205090 0684010 2603358

 0040833 1521798
 0025141
 0369718 0441922 1553036
 0439267 0597277 1708601 0402830





 0025141 0016327 0439133 1553038

 0369718 0441922 1553036
 0439267 0402830


 0439394 1706495 3642217
 0205090 0684010 2603358 0439267
 1431628
 0439394 1706495 3642217
 0016327 0439133 1553038
 2347469 0205090 0684010 2603358
 2346686 0033727 0369286 0441932 0564385
 0027882 0025141
 0033727 0369286 0441932 0564385 2603360 0369718 0441922 1553036 0597277 1708601


 0201682
 0033727 0369286 0441932 0564385 0597277 1708601 0439267 0369637 0441923

 2347469
 1744664
 0740116 2827735 2981700 0016327 0439133 1553038
 2347469 3284170 0597277 1708601 0439267 0444649
 0597277 1708601 0439267
 0005477 0025141 0021966 0221138 1706917 2347469 0332464 0369773 2603361 1256218 0369637 0441923
 0017337
 0025141 0369718 0441922 1553036 0439267 0439394 1706495 3642217 0016327 0439133 1553038 2603360


 0201682
 0016327 0439133 1553038
 1553033 0402830


 0027960 0324740 0439189 1456781 1824986
 0007634 1269647 1704653 1948049

 3273749 2603362
 0597277 1708601
 0016327 0439133 1553038
 0402830
 0335912

 0369637 0441923
 0027910 1552241 1555991 0025141

 0016327 0439133 1553038 2603360
 0369773 2603361
 0402830




 0201682

 0369637 0441923
 0033727 0369286 0441932 0564385
 0597277 1708601
 0016327 0439133 1553038 1305702 1547134 2355574 0402830

 0027960 0324740 0439189 1456781 1824986

 0025141 0369637 0441923
 0033727 0369286 0441932 0564385 0439394 1706495 3642217
 1418943

 0268596 2700624
 3642273

 2603362

 0033727 0369286 0441932 0564385


 0369773 2603361 0562547 3160718
 0033727 0369286 0441932 0564385
 0033727 0369286 0441932 0564385 0597277 1708601
 1006780 2603362

 0033727 0369286 0441932 0564385 1416171 1422188
 0033727 0369286 0441932 0564385


 0439114 2347469
 2603360


 0201682
 2603360 2603360
 1553033


 1553033 0445462 0369773 2603361 0369718 0441922 1553036 2603360 0439267

 0369718 0441922 1553036

 0268596 2700624
 3642273
 0369718 0441922 1553036
 0597277 1708601
 0002716 0011560 0611285 0025141 0369773 2603361 0014511 0086809 1547963 0369773 2603361
 0033727 0369286 0441932 0564385 0205090 0684010 2603358 0369718 0441922 1553036
 0597277 1708601
 0007634 1269647 1704653 1948049 0369773 2603361
 0332030

 0025141