 1956267 0025936 0003069 0025914 0025929 0026809 0085151 3538722 1159402 0041904 0162493 0547043 0851285 1282911 1327622 0017337 0392747 0443172 1705241

 1418271 1865581
 0022877 3244292 0036397 0021622 1272753 0444669 1167518 1706352 1882467 3274653 1522053 1709016 0237876 1522138 0035201 0018684 0041740 0041703 1511168 0444669 1167518 1706352 1882467 3274653 1522053 1709016 0237876 1522138 0035201 0034019 0699943 3244304 0018684 1704729 0033110 1555852 0013227 0025118 0445202 1456501 0018684 0041740 0041703 0565990 1552471 0042610 0205099 0205476 3245459 0018684 0041740 0041703 0450348 1514756
 1272684 1548435 0520510 2936424 0520510 1514811 1706462 0002395 1521724 0012634 0677932 1335499 3539781 0524851 0012634 0392335 0338656 0542341 0684336 1516691 1880022 0333463 2825879 2936349 0007776 1176472 2700441 0019564 0949582 1029104 1284077
 0018017 1571702 1883351 0017337 1511545 0242656 0449258 0392747 0443172 0242656 1947900 0449258
 1292732 1519606 2986594 3161035 2986594 3161035 1956267 1306673 0242656 1947900 0449258 0205166 1706317 1442456 1510828 0439231 0205548 0439231 0439231 0233426 0700364
 1524063 0025664 0449851 0887808 1609488 0444706 3541902 0035696 0441889 1522579 0007776 0009013 0025914 0025929 0026809 1176472 1522642 2700441 1520150 1883559 0025914 0025929 0026809 0332307 0445392 1547052 2348792 0040223 3541383 1552961 2347617
 1880945 0002778 0936012 1524024 0017262 0443289 0017337 0014272 0025519 0025520 0026237 0424589 0439849 0445223 0521451 0542479 1442080 0162638 0025914 0025929 0026809 0439231 0439507 0547043 0580836 0851285 1282911 0017337 0547043 0851285 1282911 1510828 0439231
 1274040 1546471 2825142 0521093 0750484 1524063 0005861 0002778 0936012 1524024 1621557
 1274040 1546471 2825142 0018850 0282498 0018837 0033684 0036974 0162638 0007634 0010837 0993609 3282337 0027882 0007776 1176472 2700441 0025914 0025929 0026809 0547043 0851285 1282911 1520150 1883559 0025914 0025929 0026809 0332307 0445392 1547052 1707455
 1274040 1546471 2825142 1705535 0025914 0025929 0026809 0205136 0027882 0010957 1883709
 1274040 1546471 2825142 1705535 0014272 0025519 0025520 0424589 0542479 1442080 0085151 3538722 0033665 1171362 1456454 1564139 0002716 0011560 0033684 0185117 0221099 0596988 0611285 0684336 1709634 0017263 0851285 1327622 0871261 1704632 1706817 2911692
 2607943 2926606 3539655 0441712 1706376 0039796 0302350 0679199 1515981
 0520510 2936424 0520510 1514811 1706462 0002395 1521724 0012634 0439855 1704241 1864985 0524851 0012634 1880022 0002622 0751295 0025260 0700327 1517945 1706377 0338656 0684336 0542299 0004927 0392747 0443172 1705241 2707008 0003944 0031208
 0030664 0205469 0677042 2825879 0333463 0085400 0027746 0011164 1880269 0392747 0443172
 0543483 0699748 1518422 0205423 0443211 1272684 0000768 0000769 0311448 0085151 3538722 1456454 0033665 0002716 0011560 0033684 0611285 1709634
 0026882 0150312 1883351 0205410 0205210 1521970 1706388 2346469 2348519
 0348078 0376315 1518422 0332281 0026882 1512571 1553387 1948035 0439660 0348078 0376315 0678226 0235032 0002716 0011560 0611285 1280500 1551058 3146286 2827734 2981698
 1512571 0680243 0237753 0449788 0392360 0332257 1707520 3494652 0439793 2983285 0030705 0050718
 1512571 0080194 0007585 0007634 0010453 0220814 0430400 1269647 1704653 1948049 2242979 0683949 0003062 0947630 2699424 0040539 0600688
 0596402 0021135 1533691 2827718 0450387 0021485 1272883 1533685 1828121 0683213 0006104 1547282
 1171362 0185117 0002716 0011560 0611285 0231175 1883351 2754100 0011065 1306577 0392148 0333463 0003069 0205132
 0003069 0205132 0205392 3540770 1547282 0220912 0220913 0311392 0348078 0376315 1522492 0233794 1963167 0684336 2598156
 0441712 0031847 0277785 1512571 1514721 2348147 3542016 0450348 1980011 1280500
 1517331 0242656 0449258 0185117 0205136 0085151 3538722 1564139 1456454 0033665 0002716 0011560 0033684 0611285 1709634 1518422 2963144
 0332185 0684224 0700287 3496591 1280500 0002716 0011560 0611285 0023175 0242656 0449258 1442948 1522538 2348269 3275067
 0002716 0011560 0611285 1883351 0032214 0600138 0035820 1705810 1522634 0242656 0449258 0163712 0027552 0686904 1883351 0376649 1442065 0332257 0392747 0443172 1709305 2745955 0242656 0449258 1279919 1521970 1706388 2346469 2348519 0205319
 0085151 3538722 1564139 1456454 0033665 0002716 0011560 0033684 0611285 1709634 0002716 0011560 0611285 0015127 1524003 0392747 0443172
 0508431 1706817 0005516 0018896 0243107 0678723 1279919 1527148 1552861 1533716 0039796 0243107 0302350 0678723 0679199 1527148 0039795 1258064 1524063 0205421 0237477 0392351 0242656 0449258 0085151 3538722 0033665 1456454 1564139 0002716 0011560 0033684 0596988 0611285 1709634 0015127 1524003 0002716 0011560 0030956 0611285
 1273305 0947630 0023636 0329040 2827655 0175566 1272693 2746065 0449445 1883351 1706817 1522634 0392747 0085151 3538722 0033665 1456454 0002716 0011560 0033684 0611285 1709634 0185117
 0018017 1571702 1883351 0392747 0443172 0023675 0376558 1511572
 1273517 0025664 0449851 0017337 1511545 0243107 0678723 1527148 0242656 0449258 2986594 3161035 0085151 3538722
 0444706 3541902 1515563 0185117 0007776 1883559 0009013 0332307 0445392 1176472 1522642 1547052 2700441 1520150 1883559 0025914 0025929 0026809 0332307 0445392 1547052 0025914 0025929 0026809 0205166 1706317 0580836 1442456 0205548 0439231 0580836 0439231 0580836 0233426 0700364 0338656 0684336
 0017262 1417166 0017337 0185117 1520150 1883559 0025914 0025929 0026809 0332307 0445392 1547052 1316572 1317574 1369612 0442805 0085151 3538722 1456454 0033665 0002716 0011560 0033684 0611285 1709634 0205136 0003062 0001779 0333463 2936349 0332120
 0442805 0017263 0017337 0521115 0851285 1327622 0332281 0010957 0311404 1883709 1705535 0025320 0392747 0443172 1705241 1882932 0871261 1704632 1706817 2911692
 0520511 1704711 0017262 0017337 0185117 0162788 0444498 0020202 0332128 1300517 0021044 0019635 0392752 0035668 0033684 0025914 0025929 0026809
 0520510 2936424 0520510 1514811 1706462 1519516 1705241 1705242 0441729 1520150 1883559 0025914 0025929 0026809 0039224 0332307 0445392 1547052 1706073 1706074 0220908 0220909 1698960 1710031 1710477 0025914 0025929 0026809 1520150 1883559 0025914 0025929 0026809 0332307 0445392 1547052
 0237753 0449788 0025914 0025929 0026809 1520150 1883559 0025914 0025929 0026809 0332307 0445392 1547052 0001779 0205217 0442805 0442805 0439231 0349966 1337208
 0449911 0039224 1706073 1706074 0557702 1272706 1704674 0557702 1272706 1704674 0039224 1706073 1706074
 1552616 1706244 1883559 0457464 1520150 0025914 0025929 0026809 0332307 0445392 1547052 0449911 0333052 2607870 0557702 1272706 1704674 0557702 1272706 1704674
 0179400 1533124 0017262 0017337 0185117 0456603 1547037 1708728 1882115 2986775 1306673 0242656 1947900 0449258 0025914 0025929 0026809 1520150 1883559 0025914 0025929 0026809 0332307 0445392 1547052
 1706992 1547282 0444598 0549183 1511726 1552826 3245479 0179400 1533124 1521970 1706388 2346469 2348519 0332257 1282910 0441994 1548802 2003888 2698674
 0037775 0205390 1300072 1306673 0445247 0444598 0549183 1552826 0037775 1547282 0205419 0042295
 1880945 0683941 0002778 0936012 1524024 1520150 1883559 0025914 0025929 0026809 0332307 0445392 1547052 1880833 0392747 0443172 1705241 0443289 0547043 0851285 1282911 0017337 0851285 0423866 2626739 0017337
 0025914 0025929 0026809 0150312 0017337 0547043 0851285 1282911 0017337 0851285 0423866 2626739 0237753 0449788 0025914 0025929 0026809 0205217 0439231 0439507 0442805 0580836 0017337 0547043 0851285 1282911 0017337 0851285 0423866 2626739 0039224 1706073 1706074
 1883712 0025914 0025929 0026809 0150312 0017337 0014272 0025519 0025520 0026237 0424589 0439849 0445223 0521451 0542479 1442080 0017337 0030013 0031715 0311404 0439849 0445223 1158886 0162638
 0017337 0547043 0851285 1282911 0025914 0025929 0026809
 1522508 0851285 1306673 0242656 0449258 2936424 0520510 1442162 1550718 3244317
 1519941 0521093 0750484 1456348 1274040 1546471 2825142 1273517 0005861 0002778 0936012 1524024 1292732 0040649 0185117 0547043 0851285 1282911 0017337 1563761 0017337 0007776 1176472 2700441 0392760 1314939 0007765 1268981 1707522 2986417 1883559 1520150 0025914 0025929 0026809 0332307 0445392 1547052 0242656 0449258
 1511726 3245479 0887808 1609488 0006556 0205313 1709016 2347409 1274040 1546471 2825142 3641827 0349966 1337208 0039224 1706073 1706074 1707478 0947630 1709016 0013113
 0449911 0333052 2607870 0557702 1272706 1704674 0557702 1272706 1704674
 0005861 0002778 0936012 1524024 0547043 0851285 1282911 0017337 0085151 3538722 0033665 1456454 1334805 0002716 0011560 0025914 0025929 0026809 0033684 0611285 1519355 1709634 1520150 1883559 0025914 0025929 0026809 0332307 0445392 1547052
 1708639 1708639 0740116 2827735 2981700 0439086 2827736 2981702 1882932 0740116 2827735 2981700 0439084 0728893 1520150 1883559 0025914 0025929 0026809 0332307 0445392 1547052 1708639 0439084 0728893 1882932 0740116 2827735 2981700 0439084 0728893 0025914 0025929 0026809
 1265611 1708639 1708715
 0441833 1999270 3537156 1882932 0175723 1708715
 0449911 0039224 1706073 1706074 0557702 1272706 1704674 0557702 1272706 1704674 0039224 1706073 1706074
 0547043 0851285 1282911 0017337 1520150 1883559 0441730 0025914 0025929 0026809 0332307 0445392 1547052 1707455 0439084 0728893 1510828 0439231
 0017337 0745732 3272378 0005861 0521093 1621557 0002778 0750484 0936012 1524024 1709269
 1705654 0017337 0005861 1621557 0002778 0332128 0936012 1524024 1709269 0006556 0600596 1518422 1515670 0185117 0007776 1176472 2700441 0007765 1268981 1518422 1707522 0004927 0005861 0002778 0936012 1524024 1621557 1524063 0035668 0025914 0025929 0026809 1883559 1520150 0025914 0025929 0026809 0332307 0445392 1547052 0242656 0449258
 0040300 1518422 0243095 1705241 1705242 0025914 0025929 0026809 1883559 1520150 0025914 0025929 0026809 0332307 0445392 1547052 0039224 1706073 1706074 2936424 0520510 1179705 1419032 1419718 1705535 0547043 0851285 1282911 0017262 1417166 0017337 0185117 0439849 0445223
 0162788 0444498 0020202 1300517 0751455 0017337 1417166 1520150 1883559 0025914 0025929 0026809 0332307 0445392 1547052 0008630 1657244 0475264 1744691 1883351 0162340 0032659 1257890 1524063 0025664 0449851 0162788 0557651 2603343 0030013 0069436 1537983 0001473 0031715 0311404 0439855 1158886 1704241 1706373 1826618 0162638 1861886 0007587 0007634 0011065 0017337 1269647 1306577 1704653 1948049 0018850 1292690 0282498 0006104 0018837 0033684 0036974 0370003 1269537 0025914 0025929 0026809 1520150 1883559 0025914 0025929 0026809 0332307 0445392 1547052
 0002778 0936012 1524024 0162788 0443289 1537983 0001473 1706373 1826618 0162638 1861886 0007587 0007634 0011065 0017337 1269647 1306577 1704653 1948049 0018850 0282498 0018837 0033684 0036974 0441889 0205250 1299351 2700149 1883559 1520150 0001779 0025914 0025929 0026809 0150103 0332307 0445392 1547052 1707455 1708943
 1517331 0205136 0035696 0150312 1883351 1178979 0010834 0019564 0027882 0392752 0949582 1029104 1284077 0007776 1176472 2700441 1705535 0185117 1826618 0162638 1861886 0007587 0007634 0011065 0017337 1269647 1306577 1704653 1948049 0018850 0282498 0018837 0033684 0036974 0332281 0002716 0011560 0040539 0600688 0611285 0025914 0025929 0026809
 1441672 0010837 0007634 0993609 3282337 0017337 0205136 0025914 0025929 0026809 0332128 1705535 0152314 1281026 0392760 1314939 0205082 0205172 0017446 0205147 0085151 3538722 0033665 0678226 1171362 1456454 0002716 0011560 0033684 0040539 0185117 0600688 0611285 1709634 2987476 3146286 0025914 0025929 0026809
 1518422 0185117 0069436 0030013 0031715 0311404 1158886 0016327 0439133 1553038 1826618 0162638 1861886 0007587 0007634 0011065 0017337 1269647 1306577 1704653 1948049 0450378 0016327 0439133 1553038 0018850 0282498 0018837 0033684 0036974 0016327 0439133 1553038 0332461 0040300 1547928 1705535 0017262 0185117 0011389 0332461 0333463 0017446 0205147 0025914 0025929 0026809
 0449911 0333052 2607870 0557702 1272706 1704674 0557702 1272706 1704674
 0162788 0444498 0020202 1300517
 1515670 0185117 0016315 0019564 0949582 1029104 1284077 1547282 1522579 0007776 1176472 2700441 1707455 0205155 1293097 1522472 1552923 1705191 0019564 0949582 1029104 1284077 2347469 0007776 1176472 2700441 0073187 0205155 1293097 1522472 1552923 1705191 0025914 0025929 0026809
 1515670 0185117 0442739 2346711 0025914 0025929 0026809 0016327 0439133 1553038 1520150 1883559 0025914 0025929 0026809 0332307 0445392 1547052
 0336721 0185117 0152314 1281026 0017446 0205147 2337405 0934502
 0205155 1293097 1522472 1552923 1705191 0441468 0007776 1176472 2700441 0205155 1293097 1522472 1552923 1705191 0441468
 0449911 0333052 2607870 0557702 1272706 1704674 0557702 1272706 1704674
 0162788 0444498 0007597 0020202 1300517
 1515670 0017262 0185117 0016315 0019564 0949582 1029104 1284077 1547282 0007776 1176472 2700441 1520150 1883559 0025914 0025929 0026809 0332307 0445392 1547052 1707455 0205155 1293097 1522472 1552923 1705191 0019564 0949582 1029104 1284077 2347469 0007776 1176472 2700441 0205155 1293097 1522472 1552923 1705191
 1515670 0185117 0442739 2346711 0025914 0025929 0026809 0016327 0439133 1553038 1520150 1883559 0025914 0025929 0026809 0332307 0445392 1547052
 0336721 0017262 0185117 0152314 1281026 0017446 0205147 2337405 0934502
 0205155 1293097 1522472 1552923 1705191 0441468 0007776 1176472 2700441 0205155 1293097 1522472 1552923 1705191 0441468
 0449911 0333052 2607870 0557702 1272706 1704674 0557702 1272706 1704674
 0162788 0444498 0033630 0020202 1300517
 1515670 1171362 0185117 0016315 0019564 0949582 1029104 1284077 1547282 0007776 1176472 2700441 1520150 1883559 0025914 0025929 0026809 0332307 0445392 1547052 1707455 0205155 1293097 1522472 1552923 1705191 0019564 0949582 1029104 1284077 2347469 0007776 1176472 2700441 0205155 1293097 1522472 1552923 1705191
 1515670 0185117 0442739 2346711 0025914 0025929 0026809 0016327 0439133 1553038 1520150 1883559 0025914 0025929 0026809 0332307 0445392 1547052
 0336721 1171362 0185117 0152314 1281026 0017446 0205147 2337405 0934502
 0205155 1293097 1522472 1552923 1705191 0441468 0007776 1176472 2700441 0205155 1293097 1522472 1552923 1705191 0441468
 0002778 0936012 1524024 0370003 0025914 0025929 0026809 1520150 1883559 0025914 0025929 0026809 0332307 0445392 1547052 0439849 1705630 1706279 3540605 0010957 1883709 0557651 2603343 0050092 0005516 0025914 0025929 0026809 0129575 0369718 0441922 1553036 1520150 1883559 0025914 0025929 0026809 0332307 0445392 1547052 0129575 0369718 0441922 1553036 0370003
 0002778 0936012 1524024 0443289 0185117 0019564 0949582 1029104 1284077 0205155 1293097 1522472 1552923 1705191 1883559 1520150 0001779 0025914 0025929 0026809 0150103 0332307 0445392 1547052 1707455 1708943 1553638 1705535 0010957 1883709
 0449911 0333052 2607870 0557702 1272706 1704674 0557702 1272706 1704674
 0597879
 0205217 0442805 0050092 0019564 0949582 1029104 1284077 1547282 1522579 0007776 1176472 2700441 1707455 0205155 1293097 1522472 1552923 1705191 0019564 0949582 1029104 1284077 2347469 0007776 1176472 2700441 0205155 1293097 1522472 1552923 1705191
 0336721 0185117
 0205155 1293097 1522472 1552923 1705191 0441468 0205155 1293097 1522472 1552923 1705191 0007776 0441468
 0205173 1167624 1705764 1705765 1947902 2827499 1537983 0001473 1706373 0050092 1520150 1883559 0025914 0025929 0026809 0332307 0445392 1547052 0027882 1547282 1537983 0001473 0205217 0442805 1706373 0004927 0205173 1167624 1705764 1705765 1947902 2827499 0205195 1947911 0002778 0936012 1524024
 0205173 1167624 1705764 1705765 1947902 2827499 0018437 1537983 1563761 0001473 0017337 0026237 0521451 1706373 0002778 0936012 1524024 0332583 1571602 0050092 0332575 1260956 0443289 0006104 1269537 0205155 1293097 1522472 1552923 1705191 0025914 0025929 0026809 0205136 0027882 1547282 0597879 0444456 1706359 1537983 0001473 1706373 0050092
 0449911 0333052 2607870 0557702 1272706 1704674 0557702 1272706 1704674
 0162788 0444498 0020202 1300517 0002778 0936012 1524024 0025914 0025929 0026809
 1515670 0185117 0025914 0025929 0026809 0085151 3538722 1456454
 0597879 1708632
 0444456 1706359 0597879
 0336721 0185117 0050092
 0520510 2936424 0520510 2985663 0150312 0449450 0557651 1514811 1706462 2603343 0557651 2603343 1956267 0025914 0025929 0026809 1520150 1883559 0025914 0025929 0026809 0332307 0445392 1547052
 0038951 0392747 0443172 1552961 2347617 0026237 0521451 0017262 0017337 1171362 0185117 0085151 3538722 0025914 0025929 0026809
 1711411 0392747 0443172 0005861 0002778 0936012 1524024 1621557
 0917903 1171362 0185117 0085151 3538722 0033414 0017263 0851285 1327622 0010957 1883709 0441712 2347946
 1519516 0017262 0185117 1171362 1515670 0185117 0220908 1305399 1705053 0025914 0025929 0026809 0150312 0680220 0547043 0851285 1282911 0017337 0014272 0332281 0025519 0025520 0026237 0424589 0521451 0542479 1442080 0010853 0994452 0162638 0007587 0007634 0011065 1269647 1306577 1704653 1948049
 0543488 1883351 1316572 1317574 1369612 0237753 0449788 1563761 0017337 1273518 0025519 0025520 0025914 0025929 0026809
 1515670 0017262 0185117 0547043 0851285 1282911 0025914 0025929 0026809 1883559 1520150 0001779 0025914 0025929 0026809 0150103 0332307 0445392 1547052 1707455 1708943
 1518422 0017263 0851285 1327622 0014272 0025519 0025520 0424589 0439849 0445223 0542479 1442080 0205155 1293097 1522472 1552923 1705191 0025914 0025929 0026809 1306673 0242656 1947900 0449258 1705535 0085151 3538722 1564139 1456454 0033665 0002716 0011560 0033684 0611285 1709634 0002716 0011560 0611285 1521840 2986546 1563761 1417166 0017337
 1711411 0547043 0851285 1282911 1563761 0017337 0005861 0002778 0936012 1524024 1621557
 0282416 1561607 0005861 1621557 1709269 0025663 0025664 0449851 1547282 0017262 1563761 0017337 0185117 1272706 1552654 1552713
 0150312 1519516 1705241 1705242 1274040 1546471 2825142
 0392360 0025663 0025664 0449851 1265611 1273517 0036667 0312418 0427965 1511883 1522640 2346484 2349185 0332324 0442726 0035696
 0005861 0002778 0936012 1524024 1522278 0007765 1268981 1707522 1707455 1520150 1883559 0025914 0025929 0026809 0332307 0445392 1547052 1705535 0017262 1563761 0017337 0185117 0007776 1176472 2700441
 0684224 0700287 3496591 0282641 1564139 0007765 0205136 1268981 1707522 0007776 1176472 2700441 0019564 0949582 1029104 1284077 0025914 0025929 0026809 0011560 1705760 0333562 0007776 0443288 1176472 2700441 0019564 0949582 1029104 1284077
 1171362 0185117 0007765 1268981 1707522 0007776 1176472 2700441 1523990 0019564 0949582 1029104 1284077 0150312 0017263 0851285 1327622 0007776 1176472 2700441 0019564 0949582 1029104 1284077 0007765 1268981 1518422 1707522 1705535 0017262 1563761 0017337 0185117 2347946 0025914 0025929 0026809
 0947630 0005861 0002778 0936012 1524024 0443289 0442805 1563761 0017337 0332257 0027289 1711351 0027289 1711351 0010760 0010798 0242417 1325304 0010760 0010798 0242417 1325304 1883559 0025936 1520150 1513853 0003069 0025914 0025929 0026809 0030190 0132332 0332307 0445392 1418552 1518422 1547052 1705535 0001811 0001783 1521761 2827422
 0332149 1705910 2362652 1705535 1171362 0185117 0392747 0443172 1705241 2348205 1709305 2745955 0001811
 0017337 0025936 1513853 0003069 0025914 0025929 0026809 0547043 1282911 1518422 0871261 1704632 1706817 2911692 0332621 0439168 0309872 0220781 0439634 1522492
 0025936 0003069 0025914 0025929 0026809 0392747 0443172 1705241 0205289 0806909 2362652 0309872 0220781 0439634 1522492 0338656 1947971 0439787 0849355
 0017337 0026237 0521451 1151028 0205177 0439167 0441655 1561536 0162638 1314939 1518762 1704259 1705987 0242606
 0150312 1515670 1171362 0185117 1421262 0017337 0007776 1176472 2700441
 0851285 1327622 0017337 1705535 0025914 0025929 0026809 0441712 1706376 0040539 0600688 0085151 3538722 0033665 1456454 1564139 0002716 0011560 0033684 0596988 0611285 1709634 3146294
 0018850 0282498 0018837 0033684 0036974 0243041 1521991 0007634 3282337
 1442162 1550718 3244317 0871161 1292721 0442808 0543488 1254351 0450442 1521826 2698977 0282498 0871261 1704632 1706817 2911692
 0208355 0439855 1704241 0243125 0699900 1314939 0032400 0041538 0071360 0747726 0033684
 1441672 0002716 0011560 0611285 0017337 0208355 1145667 1167622 0007382 0014442 0014445 0205102 1185625 2986730 0032930 1444748 1704241 1710236
 0557651 2603343 1705535 0002716 0011560 0611285 0309872 1292733 1157991 0597297 0597304 1623036 0243125 0699900
 1883351 0040539 0205432 0600688 0002716 0011560 0175996 0178719 0611285 3146294 0017337 0018850 0282498 0018837 0033684 0036974 0025914 0025929 0026809 0547043 0851285 1282911
 0557651 2603343 0002318 0439095 2003941 2350010 0041348 2937342 0005290 1421231 3539817 0330390 0439096 2004068 0041348 2937342 0001271 0010834 0521449 1333200 0017337 0010803 0022564 0085151 3538722 0033665 1456454 1334805 0002716 0011560 0025914 0025929 0026809 0033684 0547043 0611285 0851285 1282911 1709634 1705535 0025914 0025929 0026809 0010853 1748451 0392747 0678226 0002716 0011560 0040539 0600688 0611285 0750492 3146286
 1515670 0185117 0150312 0017337 1621916 0010852 1414120 0010853 0033684 0205177 0332281 0439167 0441655 0851285 1561536 1711351 0027758 0006732 1822659 0805431 3272083 0242210 1516144 0006675 0006726 0033684 0243122 1145667 1167622 1441165 2936886 3273837 3274824 0087044 1420543 0085252 0042172 0694872 0006631 1413274 0025914 0025929 0026809 0439231 0439507 0580836 0851285
 0150312 1521798 0025914 0025929 0026809 1520150 1883559 0001779 0025914 0025929 0026809 0150103 0332307 0445392 1547052 1707455 1708943 2936424 0520510
 0150312 0237753 0449788 0007634 0178539 0439064 0439849 0445223 1704259 1705987 0025914 0025929 0026809 0439231 0439507 0580836 0851285
 0543488 1883351 1316572 1317574 1369612 1519516 0017262 0185117 1441672 0025914 0025929 0026809 0220781 0439634 1522492 0333463 2936349 1705535 0085151 3538722 1564139 1456454 0033665 0002716 0011560 0033684 0611285 1709634 0002716 0011560 0611285 1273518
 1517331 0150312 0237753 0449788 0025914 0025929 0026809 0439231 0439507 0580836 1705535 1279941 0205087 1306673 0017337 0007634 0178539 0439064 0439849 0445223 1704259 1705987 0392747 0680240 0557651 2603343

 1519516 1705241 1705242 0150312 0449450 0557651 2603343 1518422 0684224 0700287 3496591 0017262 0017337 0185117 0557651 2603343 0025914 0025929 0026809 0025663 0025664 0449851
 1883712 0557651 2603343 0017262 0025936 0003069 0025914 0025929 0026809 0439231 0001779 0035173 0150312 0017262 0185117 0205224 0220781 0439634 1522492 0392747 0443172 1705241 0017262 1563761 0017337 0026237 0185117 0439849 0445223 0521451
 0947630 0150312 0205447 0449450 0449719 0440746 0459385 0006104 0040300 1269537 1547928 0332128 0557651 2603343 0019564 0949582 1029104 1284077 0699749 0205390 1300072 1306673 0969625 3266812 1273517 0557651 2603343 1273517 0449913 1553451 1704459 1514861 1882932 1709016
 1273723 0006104 0017446 0205147 1269537 0557651 2603343 1551359 2741673 2981730 1274040 1546471 2825142
 0162788 0444498 0020202 1300517 1274040 1546471 2825142 0021044 1705535 1096176 0010957 1883709 1861886 0017337 0162638 0205396 1550043 1551388 0019564 0949582 1029104 1284077 0007776 1176472 2700441
 0392747 0443172 0030705 1515981 2607943 2926606 3539655 0332290 0684224 0700287 3496591 0441889 0243102 0014442 0205177 0439167 0441655 1561536 0006104 0025914 0025929 0026809
 0428460 0441889 0025914 0025929 0026809 1316572 1317574 1369612 0001779 0332152 0233426 0700364 0332290 1316572 1317574 1369612
 2348552 0557651 2603343 0085151 3538722 1456454 0033665 0002716 0011560 0033684 0611285 1709634 0205136 0025914 0025929 0026809 0580836 0333463 2936349
 1709793 1707455 0243102 0014442 0205177 0439167 0441655 1561536 0150312 0441889 0025914 0025929 0026809 1520150 1883559 0025914 0025929 0026809 0332307 0445392 1547052 1707455
 0870731 0332529 1547017 1274040 1546471 2825142 0332529 1547017 0023866 0034036 1274040 1546471 2825142 0700364 0205310 2986594 3161035 0012634 0014272 0025519 0025520 0221099 0424589 0542479 0684336 1442080 1880022 0006104 1269537 0332281 1563761 0017263 0017337 0026237 0521451 0851285 1327622
 0017263 0851285 1327622 0332281 0010957 0311404 1883709 1705535 0017263 0851285 1327622 0231186 0033414 0010957 1883709
 0475264 1744691 0050092 0183683 1521721 0349966 1337208
 1511726 3245479 0017262 1563761 0017337 0185117 0033414 0010957 1883709 0031847 0277785 0010957 1883709 0851285 1327622
 1511726 3245479 1705241 1705242 0085151 3538722 0033665 0678226 1456454 0002716 0011560 0033684 0611285 1551058 1709634 3146286 1705920 1514468 1704444
 0681828 0947630 0183683 1521721 1512571 0002716 0011560 0611285 0015127 1314792 1524003 0031847 0277785
 1707959
 0026237 0002716 0011560 0611285 0028128 0030015 2986642 0205309 1883351 0006104 0030705 0205250 1269537 3163633
 0150312 0002716 0011560 0611285 0015127 1524003 0301630 0392756 0441610 0026237 0035203 0282636 0521451 1160636 0035203 0282636 1160636 1517331 0028128 0030015 0205216 1883712 2986642
 0150312 0002716 0011560 0611285 0311403 0010760 0010798 0242417 1325304 0022626 1417943 0599061 1291208 0030016 0439095 2003941 2350010 1151688 0441655
 0332120 0015450 1281591 0392747 0443172 1705241 0085151 3538722 0033665 0678226 1171362 1456454 1564139 0002716 0011560 0033684 0185117 0596988 0611285 1709634 3146286 0086272 3161035 1882365 2347946 0086418
 0332120 0031847 0277785 0683946 0004398 0580205 0848632 0178693 0006104 0086418 0557651 0687676 0947630 1704687 2603343 0030705 0243095 0013081 0851285 1327622
 0947630 0017262 0017337 0185117 0030705 0681850 1550501 1706203 2349001 2697811 0683946 0004398 0580205 0848632 0178693 0006104 0086418 0557651 0687676 0947630 1269537 1704687 2603343 0439801 3542948 0392360 2827734 2981698 2827666 1868500 1881534 0030705 0032662 0032659 0243148 1257890 1550141 1882979 2587213 3274648 0740116 2827735 2981700 0332268
 1457900 1546466 0599779 1524063 0003062 0042153 0457083 1548787 1947944 3161035 0243107 0678723 1527148 0086418 0087130
 2986594 3161035 1882932 0441471 3541888 1883708 1274040 1546471 2825142 1279919 0441471 3541888
 1274040 1546471 2825142 1826618 0162638 1861886 0007587 0007634 0011065 0017337 1269647 1306577 1704653 1948049 0018850 0282498 0018837 0033684 0036974 1705535 0027882 0019564 0949582 1029104 1284077 0007776 1176472 2700441 0547043 0851285 1282911 1518422 2986417 0017446 0205147 0010097 0162512 0025914 0025929 0026809 1520150 1883559 0001779 0025914 0025929 0026809 0150103 0332307 0445392 1547052 1707455 1708943
 1274040 1546471 2825142 1537983 0001473 1706373 0050092 0002778 0016318 0079603 0936012 1515981 1524024 0005516 1705535 0205423 0439543 0205136 0027882 0010957 1883709
 1512571 0332291 0681367 0085862 0205448 0947630 1279919 1299583 1521721 0440744 0440746 0459385 0006104 0040300 1269537 1547928
 0205435 1279901 0022877 3244292 1292732 1515670 0185117 1524063 1709846 1550177 0032520 0040223 0237400 0392762 0677874 3272377 3541383 0557651 2603343 1563761 0017337 1273518 0370003 0030705
 0150312 1515670 0185117 1167295 1176474 0439070 1705160 0030705
 0150312 0851285 1327622 0005516 0010957 0311404 0392752 1883709 0027882
 1883351 0035820 1705810 1524063 0162788 0444498 0020202 1300517 0026019 2984656 0013852 0026018 3463986 0025664 0449851 0021044 0557651 2603343 1292690 1292459 0370003 0243148 1550141 1882979 2587213 3274648 0681850 1550501 1706203 2349001 2697811
 0150312 0010957 1883709 0038452 0442805 0027882 0010760 0010798 0242417 1325304 0040649 0185117 1274040 1546471 2825142 0027882 0010957 1883709
 1517331 0150312 0442805 0949610 1142652 0033684 0678226 0043194 0258432 1421478 1514468 3146286 0026237 0012929 1819717 0033684 0010837 0230820 0010834 0023789 0150312 0521449 0993609 0678226 0442805 1518422 3146286 0026237
 2348205 0150312 0035696 0012860 0010957 0012854 1883709 1705535 0017262 1563761 1417166 0017337 0185117 2347946
 1517331 0947630
 1705535 0004083 0439849 0596306 0699792 0010957 1883709 0441471 0030705
 2607943 2926606 3539655 0680240 1551058 1274040 1546471 2825142 0025936 0003069 0025914 0025929 0026809
 0947630 1705920 1273518 0017262 0017337 0185117 1883351 0392747 0443172 0205349 0039796 0302350 0392747 0679199 0026237 0031843 0521451 0542341 0700205 1705273 1947946 2349975 2948600 3540471 3540472
 1261322 3161035 0349966 1337208 0205136 0085151 3538722 1564139 1456454 0033665 0002716 0011560 0033684 0611285 1709634 1749467 1948047 2987487 0085151 3538722 0007776 0033665 1522579 1456454 0002716 0011560 0025914 0025929 0026809 0033684 0040300 0611285 1176472 1515981 1709634 2700441 1334805
 1883351 0015672 0205216 0205432 0392756 0424589 0442797 0542479 1442080 0085151 3538722 0002722 0002723 0033665 0038164 1456454 1564139 0002716 0011560 0033684 0596988 0611285 1709634 0015127 1524003 1749467 1948047 0002716 0011560 0611285 1563761 0017337 1879547 0242656 0449258 1279919 0025914 0025929 0026809
 1397014 0152057 0152058 0220808 0041904 0162493 0547043 0851285 1282911 1327622 1563761 0017337 0023175 1442948 1522538 2348269 3275067 0679846 0392747 0443172
 0017262 0185117 1280500 0233794 0025260 0700327 1273518 1706377 2987487 0027746
 0449911 0333052 2607870 0557702 1272706 1704674 0557702 1272706 1704674
 0002716 0011560 0611285 1441414 1553874 1578820 3161035 0025914 0025929 0026809
 3161035 0205136 0085151 3538722 1564139 1456454 0033665 0002716 0011560 0033684 0611285 1709634 1749467 1948047 0002716 0011560 0611285 0015127 1524003 2987487 1522579 0007776 0025914 0025929 0026809 0040300 1176472 1515981 2700441
 1883351 0015672 0205216 0205432 0392756 0424589 0442797 0542479 1442080 0085151 3538722 0002722 0002723 0033665 0038164 1456454 1564139 0002716 0011560 0033684 0596988 0611285 1709634 0015127 1524003 1749467 1948047 0002716 0011560 0611285 1563761 0017337 1879547 0242656 1947900 0679245 0012634 0449258 1279919 0025914 0025929 0026809
 1397014 0152057 0152058 0220808 0041904 0162493 0547043 0851285 1282911 1327622 1563761 0017337 0023175 1442948 1522538 2348269 3275067 0679846 0392747 0443172
 0017262 0185117 1280500 1273518 0027746
 0520510 2936424 0520510 1514811 1706462 1292732 1956267 1306673 0242656 1947900 0449258 0205166 1706317 1442456 0439231 0205548 0439231 0439231 0233426 0700364 0338656 0684336 1520150 1883559 0025914 0025929 0026809 0332307 0445392 1547052
 1956267 0017263 0017337 0851285 1327622 0014272 0025519 0025520 0026237 0424589 0439849 0445223 0521451 0542479 1442080 0162638 0017262 0017337 0185117 1520150 1883559 0025914 0025929 0026809 0332307 0445392 1547052
 1705241 1705242 1442456 0439231 0001779 1279941 0205217 0442805 1306673 0205087 0439084 0728893 1510828 0439231
 1517331 1524063 0002778 0936012 1524024 1537983 0001473 1706373 1826618 0162638 1861886 0007587 0007634 0011065 0017337 1269647 1306577 1704653 1948049 0018850 0282498 0018837 0033684 0036974 0150312 0027882 0019564 0949582 1029104 1284077 1519355 0007776 1176472 2700441 0025914 0025929 0026809 0547043 0851285 1282911 1883559 1520150 0001779 0025914 0025929 0026809 0150103 0332307 0445392 1547052 1707455 1708943
 1883712 1274040 1546471 2825142 1537983 0001473 1706373 0002778 0936012 1524024 0005516 1705535 0205171 1720467 0205136 0027882 0010957 1883709
 2607943 2926606 3539655 0014272 0025519 0025520 0424589 0542479 1442080 0085151 3538722 0033665 1171362 1456454 1564139 0002716 0011560 0033684 0185117 0221099 0596988 0611285 0684336 1709634 0017263 0851285 1327622 1882932 0871261 1704632 1706817 2911692
 2607943 2926606 3539655 0684224 0700287 3496591 0039796 0243107 0302350 0678723 0679199 1515981 1527148
 0520510 0520510 2936424 0520510 1514811 1706462 0015320 0035171 1517586 1707689 2983265 1273517 1883351 1449575 1956267 1979963 2003903 1306673 0242656 1947900 0449258 1520150 1883559 0025914 0025929 0026809 0332307 0445392 1547052 0349966 1337208
 0449911 0333052 2607870 0557702 1272706 1704674 0557702 1272706 1704674
 0015320 0035171 1517586 1707689 2983265 0002778 0936012 1524024 2984648 1519941 1306673 0242656 1947900 0449258 0025914 0025929 0026809 1520150 1883559 0001779 0025914 0025929 0026809 0150103 0332307 0445392 1547052 1707455 1708943
 0025914 0025936 0003069 1520150 1883559 0025914 0025929 0026809 0332307 0445392 1547052 0020056 0036397 0205494 2707261 0018684 0021622 0029195 1272753 0041740 0565990 1552471 0042610 0205099 0205476 1515981 3245459
 0025914 0025929 0026809 0026183 0041740
 3161035 0085151 3538722 1874187 0002520 0033665 0751455 2917660 0314604 0597298 0678941 1142652 1456454 1564139 0001128 0002716 0011560 0017337 0033684 0086418 0202406 0596988 0611285 1709634 3146294 0026882 0205173 1515981 1705285 1705764 1705765
 0205250 0003069 0205132 1550648 1552960 0015272 0333463 2936349 0442805 0442805
 1883712 1707520 0025914 0025929 0026809 0150312 0205132 1550648 1552960 1265611 0025914 0025929 0026809 0205132 1515981 1550648 1552960 0013621 0023185 0233794 2987487
 0025914 0025929 0026809 0333463 2936349 0002716 0011389 0011560 0205170 0332461 0520511 0611285 1704711 3146287 0007776 1176472 2700441 0019564 0949582 1029104 1284077 0010097 0162512 0556636 1269776 0007610 0006121 1306665 0006104 0242767 1186763 1269537
 2986594 3161035 2348042 2826345 0333463 2936349 0443286 1114821
 2348205 2986594 3161035 0085151 3538722 0332268 2754100 0011065 1306577
 0025914 0025929 0026809 1520150 1883559 0025914 0025929 0026809 0332307 0445392 1547052 0681205 1516077 0439084 0728893 1510828 0439231 0007776 1176472 2700441 0040300 0205239 0849355 0013239 0011682 0020746 0205222 1512080 1698986 0040300 1547928 1522240
 2348792 0040223 1552961 2347617 3541383 1292732 0017262 0017337 0185117 0025914 0025929 0026809 1520150 1883559 0025914 0025929 0026809 0332307 0445392 1547052
 1709595 2349200 0035668 1883559 1520150 0025914 0025929 0026809 0332307 0445392 1547052
 0557651 2603343 0017262 0025914 0025929 0026809 1520150 1883559 0025914 0025929 0026809 0332307 0445392 1547052 2827666 1524063 1510828 0439231
 1261322 1516048 1511545 0679201 0003062 0027361 0237401 0392747 0443172 1705241 1527178 1705938 1303103 0002778 0936012 1524024 1709595
 0040300 1547928 0007776 0205409 1548221 0040300 1520150 1883559 0025914 0025929 0026809 0332307 0445392 1547052 1524063 0812225 1150635 1705212 1705213 3273202 1217267 0041703
 0006353 0024348 1536403 1524063 0181200
 1381542 0001962 1524062 0370003 2347026 1883708 0185125 1185738 1706132 0035668 0035191 1145667 1167622 1185738 1706132
 0035668 0014241 0035541 0035542 0043047 0332296 0599638 1550678 1880497 1996904
 0086045 1446561 2348149 0370003 0444706 2347026 3541902 1524063 0183400
 0370003 2347026 0332293 0011519 0011522 0012854 0332296 1522326 1880497 1996904 0849355 1883720 3244314 2936628 0259846 1881659 2349974
 0455052 1521827 0444669 1167518 1706352 1882467 3274653 0237876 1522138 0018741 0035201 0041740 1301820 0006556 0009013 0027468 1074110 1522642 1955974 0004716 0041703
 0009013 1527178 1705938 0006556 0009013 0600510 1510941 0035668 1521827 0021289 0021270 2239178 2939425
 0009013 0332281 0007634 0178539 1704259 1705987 0332257 1704640 1706515 0582263 0033684 0014272 0025519 0025520 0424589 0542479 1442080 0040648 0040649 1521761 2827422 0597295 0033684 0220781 1883254 0243148 1519614 1550141 1882979 2587213 3274648 0037083 1160185 1710082 0282498 0018837 0036974 0017337
 0009013 1332838 0557651 2603343 0017337 0543488 0007634 0178539 0439849 0441471 0445223 1279919 3541888 0242656 1947900 0449258
 0023621 0751608 0872147 1527178 1705938 0444669 1167518 1706352 1882467 3274653 1706214 0349380 1510451 0332256 2700400 0439175 0439810
 0009013 1711411 1882932 1704837 0444930 2746065 0025914 0025929 0026809
 0444669 1167518 1706352 1882467 3274653 1273517 0444330 1705201 0683454 0021966 0221138 0017337 0205173 3539942 0015230 0329155 0848332 1427618 1705203 0205173 3539942 0444330 1705201 1883351 0347985 0444330 1705201 2827666
 0025663 0449851 0871511 0042295 0332152 0740175 1709694 2257086 1882115 0042789 1947903
 1167624 1947902 2827499 0020202 1300517 0020202 1300517 0035668 0444330 1705201 1273517
 1708632 0035668 1524063 0025663 0449851 0871511 1552738
 0750482 0392747
 0812225 1150635 1705212 1705213 3273202 1524063 0006556 0175631 1273517 1521840 2827662 2986546
 0137714 0035668 1555029 1524063 0206415 0069417
 0392747 0028630 0439792 1704972 1704973
 0015252 0728940 0028630 0205430 1421951 1720722 1524063 0180231 0205430 1421951 1720722 1510941 1548787
 1510941 1548982 0028778 0332206 2983591 1524063 0233660 0332206 0450442 1254351 1521826 0229671 1546774 1550100 1883708 1624602 0019941 0027021 0031179 0330510 0939835 1110641 1318719 1517892 1704666
 1548982 1883351 0849355 1883720 3244314 0444330 0041479 1439852 1527240 1514468 1704444
 0019941 0027021 0031179 0330510 0939835 1110641 1318719 0205197
 1510941 1883708 0019941 0027021 0031179 0075278 0330510 0939835 1110641 1318719 1439852 1517892 1704666 0332283 0039798 0041479 0087111 0250829 1522326 1533734 1705169 3538994 1517892 1704666 0332294 0250829 0678226 1514468 1704444 0205145 1515974 2825164 0020202 1300517
 1512080 2827485 1510941 0441633 1553019 2348636 0016094 0180853 1522646 1698986
 0016094 0180853 1522646 1524063 0041703
 0016094 0180853 1522646 0332256 2700400 0444504 1522609 2347634 2348143 0444504 1522609 2347634 2348143 0871420 0012727 0205419 1442989 1705236 2828392 0237753 0449788
 0868941 0332152 0740175 1709694 2257086 1882115 1441526 1880157 0522510 1710082 0871362 0871362
 1710082 1708067 0002778 0332282 0849355 0936012 1524024
 1511726 3245479 0180860 0581406 1522664 1704449 1704684 1875155 1524063 0449864 1522609 0015230 0329155 0750479 0848332 1264641 1427618 1527178 1705203 1705938
 0017337 0449851 0205173 0205341 1883725
 0017262 0017337 0449864 0449851 0205173 0205341 1883725 0750591 0332197 2699517 1518422 1518422 0002778 0332257 0936012 1517331 1524024 3538986
 1882115 0884358 1524063 0444330 1705201 0025663 0449851 0871511
 0450385
 1883351 0376649 1442065 0033213 1706387 0017337 1609982 0740116 2827735 2981700 0012751 0205450 0449851 0740116 2827735 2981700 0205173 0205341 1883725 0522501 1706089 2698674 0180860 0581406 1522664 1704449 1704684 1875155 0439787 0849355 0180860 0581406 1522664 1704449 1704684 1875155
 1511726 3245479 1514873 1883351 2828386 0180860 0581406 1522664 1704449 1704684 1875155 0002778 0332257 0936012 1524024 3538986
 0243161 1527178 1705938 0017337 0557651 1517331 2603343
 0042295 0684224 0700287 1883661 3496591 0456603 1610540 0456603 1547037 1708728 1882115 2986775
 1261322 1516048 2827666 1868500 0035668 1273517 0035668 0007776 1883559 1520150 1522579 0025914 0025929 0026809 0205450 0332307 0445392 1547052 1176472 1521827 2700441 1708632
 0035668 0205214 1273517 1514811 1522138 1706462 3245511 0250829 1708632
 1707520 1707429 1514721 2348147 3542016 1514863 0003062 2936424 0520510
 0175631 2827662 0036576 2828386 0180860 0581406 1522664 1704449 1704684 1875155 1883708 1881045 0009085 0002778 0332128 0936012 1524024 1555715 1704332
 1707689 2983265 0557651 2603343 0009085 0205397 0336791 0678257 2827396 0018896 0449435 3540469 0150098 1706233 0036849 1442518 1511726 1705195 3245479 1883351 0018896 0449435 3540469 0017337 1707391 0947630
 0017337 1138831 0017337 1518584 1552657 1552720 0031845 0005532 0031843 0205460 0542341 0700205 1705273 1184743 1522240 1148560 0542341 1185625 1382196 0683607 0020792 0205396 0449774 1705810 0035820
 1527178 1705938 1706814 3539095 0205447 1563761 0017337 0026237 0086045 0205250 0205396 0521451 1299351 1446561 1550043 1551388 2700149 1880833 0392747 0443172 1705241 1510992 2825518 2983605
 0017258 0017337 1517331 1519941 0005861 0002778 0936012 1524024 1621557
 1519941 1274040 1546471 2825142 0887808 1609488 1524063 0005861 0002778 0936012 1524024 1621557 0444706 3541902 1515670 0185117 1522278 0007765 1268981 1707522 1883559 1520150 0025914 0025929 0026809 0332307 0445392 1547052 0314611 1417166 1306673 0242656 0449258 1880833 0392747 0443172 1705241 1325014 1711351 2245017 0021966 0221138 1711351 2245017 0021966 0221138 1711351 2245017 0021966 0221138 1711351 2245017 0021966 0221138 1711351 2245017 0021966 0221138 1711351 2245017 0021966 0221138 0211547 0211548 1167295 1176474 0439070 1705160 1325014 0242417 1711351 0010760 0242417 1711351 0010760 0242417 1711351 0010760 0069436 0524914 0282554 0439855 0597357 1704241 0250501 1332823 1707171 3539513 1328865 1826618 0162638 1861886 0007587 0007634 0011065 0017337 1269647 1306577 1704653 1948049 0030190 0132332 1418552 0077246 0661884 0030940 1947941 0018850 0282498 0018837 0033684 0036974 0002318 0041348 0439095 2003941 2350010 2937342
 1883351 0392747 0443172 0205171 1720467 1883351 0017446 0205147 0557651 2603343 1522278 0007765 1268981 1707522 1520150 1883559 0314611 1417166 0025914 0025929 0026809 0332307 0445392 1547052 0007776 1176472 2700441 0557651 2603343
 0009013 0598079 0869011 0041703
 1882932 1883633 0017446 0205147 0040710 0600680 0017446 0205147
 0332256 2700400 0003232 0598240 1711411 0439751 0444667
 0813036 0391871 0443288 1283071 0868946 0002778 0936012 1524024 1524063 0012906 0014442 0014445 0443288
 0813036 1706746 0017243 0036681 0050572 0205251 0599882 1299352 1382104 1540179 1550472 0013855 1998793 1524063 0043193 0041703 1883708 0182400 1273517 1704681 2347609 3536729 0005861 0002778 0936012 1524024 1621557
 0035668 0006104 0025914 0025929 0026809 0185115 3541890 1521713 1520150 1883559 0025914 0025929 0026809 0332307 0445392 1547052 1524063 0034760 0039421 0041703
 0005861 0002778 0936012 1524024 1621557 1521827 0242493 0035668 1520150 1883559 0025914 0025929 0026809 0332307 0445392 1547052 2348792 0040223 3541383 1552961 2347617 0869040 0947630 1273517 1709016 0025914 0025929 0026809 0233535 1705242
 1265611 0456389 1706746 0017243 0036681 1382104 1979893 1524063 0034760 0012634 0348080 1705253
 0035668 0025255 0028736 0348011 0740034
 0441587 1743766 1883719 0045191 1553631 1708632 0331955 1551491 0027971 0041703
 0025255 0332152 0740175 2257086 0011198 0017480 1979910 3541240 0006353
 1883708 0025255 0439583 0034546 1304639 1708632 0182400 1704681 2347609 3536729 2348236 0005903 0039476 1547703 1548982 1419782 1515981 3538774 0043303 0034571 0043299 0043309 0332157 1306645 1962945 0086296 0086894 0851346 1561571 1561572 2314876 0439583
 0175723 0183115 0441633 1710020 0037585 0036397 0041703
 1708639 0522501 1706089 1883351 0733755 0017446 0205147
 1883708 1273517 1883351 0175723
 0175723 0441633 0034754 0034869
 0162788 0444498 0020202 1300517 1417166 0017337 1520150 1883559 0025914 0025929 0026809 0332307 0445392 1547052 0475264 1744691 0547043 0851285 1282911 0017337 0332257 0069436 1537983 0018437 0001473 0026237 0439855 0521451 0679058 1704241 1706373 2700640 1826618 0162638 1861886 0007587 0007634 0011065 0017337 1269647 1306577 1704653 1948049 0018850 0282498 0018837 0033684 0036974 1524063 0025664 0449851 0162788 0557651 2603343 1537983 0001473 1706373 1826618 0162638 1861886 0007587 0007634 0011065 0017337 1269647 1306577 1704653 1948049 0018850 0282498 0006104 0018837 0033684 0036974 0370003 1269537 0025914 0025929 0026809 0129575 0369718 0441922 1553036 1520150 1883559 0025914 0025929 0026809 0332307 0445392 1547052 0129575 0369718 0441922 1553036
 0025914 0025929 0026809 2983594 0012691 0027530 0205064 0681205 0006104 0205239 0016701 0677542 3541314 0041703 1698986
 0000925 1883724 0205123 0205155 1293097 1522472 1552923 1705191 0449878 0444330 3541314 0041703 1698986 0042153 0457083 1947944
 0006556 1537983 0018437 0001473 0009013 0026237 0521451 0679058 1522642 1706373 2700640 1826618 0162638 1861886 0007587 0007634 0011065 0017337 1269647 1306577 1704653 1948049 0018850 0282498 0018837 0033684 0036974 0598079 0869011
 0040223 3541383 0006556 0332256 2700400 0450548 1422729 0086860
 0035683 0182400 0006556 0032136 0813036
 0029266 1704322 1704972 3539923 0332283 1719822 1704837 0444930 2746065 0441987 1704837 0444930 2746065 0450548 1422729 0441987
 0012854 0021135 1533691 2827718 0040649 0037640 0052908 0035681 3146294 0036658 1883001 1704972 1704973
 0443286 1114821 0450548 1422729 1708632 1883001 1704972 1704973 1883001 1704972 1704973 0035681 2984241 0035668 1335439 0072149
 0439861 0449468 0439175 0439810 1690016 1705102 2700258
 0456205 1552853 1292425 1439852
 0016741 1280412 0025914 0025929 0026809 1520150 1883559 0025914 0025929 0026809 0332307 0445392 1547052 0231441 0443218 1292425 2827483 0070066 1710378 0205155 1293097 1522472 1552923 1705191
 0205155 1293097 1522472 1552923 1705191 1548982 0040223 1632851 2678549 1882074 0020283 0450407 0450408 0450409 1948050 0006353 0038522 0040223 0205448 1632851
 0205155 1293097 1522472 1552923 1705191 1442450 0006353 0332256 2700400 0016568 0038522 0012789 0439583 0439526
 0205155 1293097 1522472 1552923 1705191 1548982 0040223 1632851 0038522 1720092 1948045
 1883708 0205155 1293097 1522472 1552923 1705191 1548982 0991865 0006353 0031603 0031701 0036082 1601799 1720092 1948045 2678549 1882074 0020283 0450407 0450408 0450409 0028778 0332206 2983591 2348236 0005903 0039476 1547703 0006353 0026381 0182400
 0205155 1293097 1522472 1552923 1705191 0312586 0332293 0003242 0432616 0003241 0021027 0036945 1123019 1321878 1522326 1442450 1548982 0040223 1632851 2678549 1882074 0020283 0450407 0450408 0450409 1883708 0016320 0332293 0013343 0303920 1071616 1522326 0332583 0009393 1550604 1705245 0026381 0182400 2348236 0005903 0039476 1547703 1441607 0677601 1705206 2986582 2827734 2981698 1260957 0009393 1550604 1705245 1167624 1947902 2827499
 0002778 0936012 1524024 0017337 1417166 1520150 1883559 0025914 0025929 0026809 0332307 0445392 1547052 0439849 1705630 1706279 3540605 0010957 1883709 0557651 2603343 0050092 0005516 0025914 0025929 0026809 0129575 0369718 0441922 1553036 1520150 1883559 0025914 0025929 0026809 0332307 0445392 1547052 0129575 0369718 0441922 1553036 0370003
 0016741 1442447 1280412 0025914 0025929 0026809 1520150 1883559 0025914 0025929 0026809 0332307 0445392 1547052 0231441 0443218 1292425 2827483 0070066 0205155 1293097 1522472 1552923 1705191 2584321 2348236 0005903 0039476 1547703
 1883351 0028778 0332206 1533157 1706084 2828370 0027021 0031179 1318719 0205155 1293097 1522472 1552923 1705191 0332293 1522326 0020281 0133689 0444499 0242759 1883708 1882074 0991865 2678549 0492253 0006353 0020283 0031603 0031701 0036082 0450407 0450408 0450409 1601799 1549535
 0205155 1293097 1522472 1552923 1705191 0028778 0037633 0332206 0525069 2983591 0133689 1883708 1439852 2348236 0005903 0039476 0439583 1547703 0050092 0312586 0003241 0021027 2827734 2981698 0079240 1948037 0011900 0348026 1826357 0041703
 0332173 0439228 0439505 0205155 1293097 1522472 1552923 1705191 0006353 0441648 1548982 0133689
 0050092 0205155 1293097 1522472 1552923 1705191 0003242 0432616 0003241 0021027 0025914 0025929 0026809 0027627 0175668 0205436 1439852 2827734 2981698 0022877 1619828 0041703 1442450 2348236 0005903 0039476 1547703
 0205155 1293097 1522472 1552923 1705191 0991865 0006353 0031603 0031701 0036082 1548982 1601799 2678549 1882074 0020283 0450407 0450408 0450409 0040223 1632851
 0028778 0332206 1442450 2983591 0006353 0026381 0182400 1883708 0037633 0525069 1439852 1708632 1442450 0026381 0182400
 0205155 1293097 1522472 1552923 1705191 0991865 0006353 0031603 0031701 0036082 1548982 1601799 2678549 1882074 0020283 0450407 0450408 0450409 0040223 1632851 1457900 1883708 0016320 0332293 0013343 0303920 1071616 1522326 0332583 0009393 1550604 1705245 0026381 0182400 2348236 0005903 0039476 1547703 1441607 0677601 1705206 2986582 2827734 2981698 1260957 0009393 1550604 1705245 1167624 1947902 2827499
 0441468 1548899 1883727 1524063 1626420 0181839 1706379
 0002778 0936012 1524024 0050092 1520150 1883559 0025914 0025929 0026809 0332307 0445392 1547052 0027882 1547282 0185117 0004927 0205173 1167624 1705764 1705765 1947902 2827499 0162788 0444498 0020202 1300517 1524063 1537983 0002778 0936012 1524024 1524063 0003242 0003241 0021027 0011900 0348026
 1167624 1947902 2827499 0205155 1293097 1522472 1552923 1705191 0070066 0231441 0443218 2827483 2348236 0005903 0039476 0439583 1547703 0439526
 0332173 0439228 0439505 0205155 1293097 1522472 1552923 1705191 0003242 0003241 0021027 1321878 1439852 0011900 0348026 0041703 0079240 1948037 1442450 2348236 0005903 0039476 1547703 1883708 0016320 0332293 0013343 0303920 1071616 1522326 0332583 0009393 1550604 1705245 0026381 0182400 2348236 0005903 0039476 1547703
 1167624 1947902 2827499 0205155 1293097 1522472 1552923 1705191 0332293 0020281 1522326 0028778 0034493 0229671 0332206 1546774 1550100 2983591 1883708 1439852 0312586 0003242 0432616 0003241 0018019 0021027 0205225 0439583 0439631 1265549 1510458 2827734 2981698 0011900 0348026
 0332173 0439228 0439505 0444330 0003242 0432616 1979003 0003241 0018019 0021027 0027627 0034493 0175668 0205436 1265549 1439852 1510458 0079240 1948037 0022877 1619828 1442450 2348236 0005903 0039476 1547703 1883708 1439852 0079240 1948037 2348236 0005903 0039476 1547703 0026381 0182400
 0444330 0016320 0962948 0013343 0303920 1071616 1439852 0332575 1260956 0009393 1550604 1705245
 0441468 1548899 1626420 0181839 1706379 1883727
 0520510 2936424 0520510 1514811 1706462 2936424 0520510 0470187
 0221193 2986676 0036397 0021622 1272753 0018684 0041740 0034754 1705179 0600659
 0035168 0242481 0449719 1521721 1709471 0004083 0439849 0596306 0699792 0029195 0016617 2986512 0018173 1548284 0205090 0684010 2603358 1704729 0205179 0004446 0035170
 2825232 0282413 0376649 1442065 0022877 3244292 0036397 0021622 1272753 0018684 0041740 0041703
 0254343 0796520 3272379 2827734 2981698
 0085205 1549619 1880669 2827734 2981698
 0013849 1705961 0059804 1514811 1706462 0520510 2936424 0520510 1514811 1706462 0073187
 0002395 1521724 0012634 0017337 0033684 0039798 0087111 1363945

 2347961 0439394 1706495 3642217

 0027882 0025141
 0017431 0031437
 1704648

 0033872 0033873 0073187
 1512571 1272688 1280477 1546466 0039796 0723712
 0036397 0205090 0684010 2603358 0002716 0011560 0611285 1540677 0876934 1555824 1527178 1874451
 0205090 0684010 2603358 0205090 0684010 2603358
 0002395 1521724 0012634
 0027976 0205314

 0369773 2603361 0439267
 0078939 0611285 3484390 0002716 0011560 0030956 0330390 0439096 2004068 0205263 0441471 3541888 0011305
 0006104 1269537
 2347379
 0002716 0011560 0611285 2347469 0007776 1176472 2700441
 0441712 0611285 0085151 3538722 1955168 0002395 0033665 1521724 0002726 0065011 1456454 1314792 0002716 0011560 0012634 0033684 1709634 1710263 0015127 1517892 1524003 1704666


 0201682 2347469 0007776 1176472 2700441 0033727 0369286 0441932 0564385
 0205263 0007587 0007634 0011065 1269647 1306577 1704653 1948049 1159825 1879547 0026882 1705285 0085151 3538722


 2347379 0025141 2603362
 0079411 3146294 0019564 0949582 1029104 1284077 0027793 0040722 0242781 1521797 0678558 0015127 1314792 1524003 0233794 2987487

 0002716 0011560 0611285
 0001554 1533734 0030956 0205263 0684336 0423909 0443252 0025260 0205166 0700327 1515273 1705313 1706317 1706377 2826302
 0006104 1269537
 2347379
 0007452 0025141 0597277 1708601 0369773 2603361 0007776 1176472 2700441 2945617 0016327 0439133 1553038 0439267

 0439775 0702240 3484390 0333463 2936349
 0036397 0597277 1708601 0007776 1176472 2700441 0007776 1176472 2700441 1006780 0439394 1706495 3642217
 0002716 0011560 0205217 0442805 0611285 0006104 0025914 0025929 0026809 0299212 1418985 0872078
 0349590 1262865 0025141 0150593 0331762 0205090 0684010 2603358 0205090 0684010 2603358 0369773 2603361 0007776 1176472 2700441 2603360 2603360 0016327 0439133 1553038
 0876934 1540677 1555824 0205136 0085151 3538722 1456454 0033665 0002716 0011560 0033684 0611285 1709634
 0349590 1262865 0073187 0205090 0684010 2603358 2603360 0597277 1708601 0002716 0011560 0611285 0439267 0080045 0439394 1706495 3642217 2603362
 0011560 1705760 0333562 0299212 1418985 0872078 0085151 3538722 1456454 0033665 0002716 0011560 0033684 0611285 1709634
 0027882 0025141 0452875 1123019 1145701 3496086 1538923 0679006 1292769 1947967 0369637 0439394 0441923 1706495 3642217 0002716 0011560 0611285 0439267 2603362 0439267 0439394 1706495 3642217 0080045
 1327340 0597299 0025519 0025520 0025936 0003069 0025914 0025929 0026809 0206665

 0027960 0324740 0439189 1456781 1824986
 0325074 0452875 1123019 1145701 3496086 1538923 0002716 0011560 0611285 0439394 0439267 0439394 2603362 2603362
 0033268 0011560 0333584 1705760 0333562 0025936 0003069 0025914 0025929 0026809

 0740116 2827735 2981700 0025141 0369773 2603361 2603360 0205090 0684010 2603358 0205090 0684010 2603358 0369773 2603361 2348507 0369637 0441923
 0205174 1519606 0683033 0684309 3161035 0333463 0002716 0011560 0611285 0031847 0277785
 0027882 0025141 2603360 2346686 0033727 0369286 0441932 0564385 0007776 1176472 2700441 0033727 0369286 0441932 0564385 0439267 2603362
 0392747 0443172 3540512 0078939 1750295 2362547 3484390 0032120 0036825 1168405 1334805 1456454 0002395 1521724 0012634

 0439394 1706495 3642217 2603360 2346686 0033727 0369286 0441932 0564385 0002716 0011560 0611285 0439267 2603362 0033727 0369286 0441932 0564385
 0439849 1705630 1706279 3540605 0025260 0700327 1706377

 0016327 0439133 1553038 2347469 0016327 0439133 1553038
 0199176 1706420 2700409 1519606 2986594 3161035 0025936 0002395 1521724 0012634 0039798 0087111 1522326 1533734 1705169 3538994
 1417055
 0025141 0369718 0441922 1553036 2346601 0597277 1708601 0439267
 0010957 1883709 1864676 1879547 1515655

 1744664
 0439394 1706495 3642217 1006780 0369637 0441923 0439267 0597277 1708601 0043217 0597277 1708601
 3244092 0185117 1520150 0025936 0003069 0025914 0025929 0026809

 0073187
 0002395 1521724 0012634 0231174 0680095
 0036397 0369718 0441922 1553036 0033727 0369286 0441932 0564385 0030561 0331677 1824032 0369637 0441923
 1280500

 0027976 1879958 0268596 2700624
 3642273 0030561 0331677 1824032 0369718 0441922 1553036 0205090 0684010 2603358 0016327 0439133 1553038
 0369637 0441923
 1280500 0002395 0025936 1521724 2986594 0683033 0684309 1519606 0003069 0012634 0025914 0025929 0026809 1515981 3161035 0035820 1705810

 2347379 0025141 0033727 0369286 0441932 0564385 0439394 1706495 3642217 0452875 1123019 1145701 3496086 1538923
 0033268 0333562

 0001811 0025141 0369637 0441923 1538923
 0085151 3538722 1456454 0033665 0002716 0011560 0033684 0611285 1709634 1515670 1171362 0185117 0185027 1948020 0441889


 1513822 1880171 1138831
 1138831 1518584 0336791 2827396

 0325074 0025141 1513822 1880171 1138831
 1706214 3244320 0035201 1138831 1707689 2983265 1708476
 2347379 0442532 1512024 0073187 0002716 0011560 0611285 0443048 0369637 0441923
 0231448 1880641 1158478 1705422 0336789
 2347379 1513822 1880171 1138831
 1138831 1518584 1138831 1518584 0242356 0993637 0035201

 2347379 0369773 2603361
 0018850 0282498 0018837 0033684 0036974 0679199 0282443 1552617 1880156

 0025141 0439394 1706495 3642217 0016327 0439133 1553038 0443058 0369718 0441922 1553036
 1149161 0033618 0242210 0243122 1145667 1167622 0208355 1166808 1325620 1752727


 0201682 0016327 0439133 1553038 0014511 0086809 1547963 0205090 0684010 2603358
 1449575 1956267 1979963 2003903
 0012854
 0007634 1269647 1704653 1948049

 0002716 0011560 0611285
 0027746 0332268 0025936 0003069 0025914 0025929 0026809 1514559 1564139 0033684 0332281 0032923 0205217 0441889 0442805 1421224 1326120 1879547

 0002716 0011560 0611285 0016327 0439133 1553038 0234833 0722388 0582521
 0017262 0185117 0025936 0003069 0025914 0025929 0026809

 0450348 0554249 0597277 1708601 0597277 1708601 0439394 2603362 0369637 0441923 0439267
 0242606 0332281 0038435 0311404

 0025141 0597277 1708601 2349138 0369637 0441923
 0023775 0851043 0023779 0178796 0220781 0439634 1522492

 0007776 1176472 2700441 0007776 1176472 2700441 0369637 0441923 0205090 0684010 2603358
 2258211 1325278 0443158 1325304 1537044 0205177 0439167 0441655 1561536 0026882 1705285
 0027910 1552241 1555991 0025141
 0035820 1705810 0031847 0277785 0002395 1521724 0012634


 1515926 0205214 1522138 3245511 0027882 0007634 3282337
 0019564 0949582 1029104 1284077 0439086 2827736 2981702 0025141
 0684336 2598156
 2603360
 0002395 1521724 0012634 0015127 1524003 0011900 1704338 1704656 0039798 0087111 1522326 1533734 1705169 3538994 1947933
 0027976 1879958


 0596215 0006104 0025519 0025520 1269537 0006111 0012634 0746554 0011155 0162429 1623416 0015127 1524003


 2347379 0025141 0016327 0439133 1553038
 0151625 0000768 0000769 0002395 1521724 0012634

 0599851
 0016327 0439133 1553038
 0031847 0277785


 0025141 0369637 0441923 2603362 2603360 0205090 0684010 2603358 0443050 0205090 0684010 2603358
 0012860 0599732 1096176 0010957 1883709 0002395 1521724 0012634
 0022877
 0025141 0439394 1706495 3642217 0557668
 2825879 0002716 0011560 0611285 0018790 0237477 0392351 0521111 0035203 0282636 1160636 0243102 0014442 0441655

 0324335 0369718 0441922 1553036 0007776 1176472 2700441 0369637 0439394 0441923 1706495 3642217 0439394 1706495 3642217
 1956267 0027882 0002395 1521724 0012634
 1418943
 0268596 2700624
 3642273
 0041703 2603362 2349138 0033727 0369286 0441932 0564385

 1979963 2003903 0027882

 0025141 0205090 0684010 2603358 0033727 0369286 0441932 0564385 3495095 0016327 0439133 1553038 0033727 0369286 0441932 0564385 0450955 2603360 0033727 0369286 0441932 0564385 0597277 1708601 0369637 0441923 2603360
 0041904 0162493 0547043 0851285 1282911 1327622 0006104 1269537 0002395 1521724 1261322 1516048


 2347379
 0025141 1832110 0439394 1706495 3642217 0439394 1706495 3642217 0439114 0234833 0722388 0205090 0684010 2603358
 0185117 0597298 0332167 3272283 0035647 0205250 1299351 2700149 0002395 1521724 0012634 0600596 1522053 0012854 0449851 1516048 1709016

 0025141 0021966 0221138 0597277 1708601 0369718 0441922 1553036 0021966 0221138 0439267 0721226 1551914 0597277 1708601
 1449575 1956267 1979963 2003903 0021200 1521991 0220908 1305399 1705053
 0027960 0324740 0439189 1456781 1824986
 2347379 0025141 1706910 0439267
 0752248 1449575 0040649 0013081 0851285 1327622 0423866 2626739 1326205 1148568 0041904 0162493 0547043 0851285 1282911 1327622 0037083 3537152


 2347379 0025141 0439157
 1956267 0002395 1521724 0012634

 2347379 0025141 2603362
 0101725 0001779 0439849 0445223 0547047


 0033727 0369286 0441932 0564385
 1524063 0042153 0457083 1947944 0557651 2603343 0017262 0006104 1269537


 0025611 1152254 0025141 0562547 3160718 2347469 0033727 0369286 0441932 0564385
 1519516 0017262 0185117 0030705 0002395 1521724 0012634 0010957 1883709

 0439084 0728893 0597277 1708601 0439267 0033727 0369286 0441932 0564385 1979971 0205090 0684010 2603358
 0000768 0000769

 0144237 0369773 2603361 0002716 0011560 0611285
 0598312 1883725 1158805 0040649
 1417055
 2945617 0016327 0439133 1553038 2347469 0007776 1176472 2700441 0597277 1708601 0456715 0369637 0441923
 0871261 1704632 1706817 2911692 0025936 0003069 0025914 0025929 0026809


 0000857 0600678 1552863 0007776 1176472 2700441 0597277 1708601 0597277 1708601 1538923
 0025936 0003069 0025914 0025929 0026809 2936349 0333562 0000768 0000769 1850496


 1417055
 0025141 2603360 0449205 1538613 0597277 1708601 0205090 0684010 2603358 2348291

 1513400 1979963 2003903 0013935 1305370 1524063 0887808 1609488 1709016
 1418943
 0268596 2700624
 3642273
 0041703 0439073 0439082 2347469 0449205 1538613 0597277 1708601 2603360 0439267 1416746 1862225 0439493 1513009 0369637 0441923
 0237944 1711411 1706814 3539095

 0325074 0025141 0439394 2603362 2349138 0369637 0441923 0007776 1176472 2700441 0017558 1552935 2346686 0033727 0369286 0441932 0564385 1832586
 0220825 1261322 0003738 1554162 0231441 0443218 2827483 3489579 1519522 0040300 1547928

 2347379 0025141 2945617 0033727 0369286 0441932 0564385 0369773 2603361 0861352 0678536
 1882115 0025663 0449851 0871511 0376649 1442065 0037179 0087136 0205171 0205419

 2347379 0025141