 0013081 0851285 1327622 0205263 0031715 1158886 0021135 1533691 2827718 0035820 1705810 1705534 1704729 0030664 0205469 0677042 0013227 0025118 0475309 1512352 0009399 0018684 0036397 0041740 0205099 0009399 0022877 3244292 0035172 0021622 0035168 0242481 1272753 0030853 0034036 0034037 1514756 1704324 0348078 0376315 1515981 1522492 1527075
 0557061 2584313 1514811 1706462 0014442 0014445 1720655 1947974 1515655 0085400 0220781 0332152 0439634 1522492 1522538 0027882 0002395 1521724 0012634
 2705716 0001779 0150103 0205307 0439166 1707455 1708943 2347086 0243148 1550141 1882979 2587213 3274648 0162808 1514562 0033684 0441889 0428479 0205309 1421525 0348078 0376315 1522492 0019564 0027882 0851285 0949582 1029104 1284077
 1099354 0035668 0521102 0700321 0031715 1158886 0031715 1158886 0220781 0439634 1522492
 1149289 3270761 0243122 1145667 1167622 1720655 1947974 1517676 0007634 1421525 1441672 3282337
 1707455 0031715 1158886 0244989 0206354 0017932 0017911 0031727 0132555 0220781 0439634 1522492 0019564 0949582 1029104 1284077 1441672
 1879547 0031715 1158886 0968383 1999216 0298346 1999216 0031715 1158886 0220781 0439634 1522492
 0574895 1421525 1720655 1947974 1367731 1705632 0244989 0206354 0017932 0017911 0031727 0132555 0007600 0007635 3282338
 0014912 0019932 0205217 0442805 0243122 1145667 1167622 0244989 0206354 0017932 2362079 0017911 0031727 0132555
 0002778 0936012 1524024 1547282 1421525 0332297 1145667 1167622 1689898 2349209 1720655 1947974 1880389 1883221 3541951
 1421525 1145667 1167622 1720655 1947974 0332148 0750492 0032214 0600138 0035820 1705810 0220781 0439634 1522492 1515655
 0557061 2584313 1514811 1706462 0002395 1521724 0012634 0524851 0012634 0338656 0205329 0684336 1516691 1880022
 1833299 0332281 1850496 0017639 0031847 0277785 0333463 0392079 0002716 0011560 0611285 0332529 0085400 0085400
 0332120 0027882 0027836 0007634 3282337 0162638 0007587 0007634 0011065 1269647 1306577 1704653 1948049 3266896 1879547 0543483 0699748 1880177 0027765 0012634 0439084 0728893
 1421525 1421525 0033684
 1421525 1883559 1532717 0850310 3154893 1861696 1880389 1883221 3541951 0332256 2700400 1709915 1882936 0004793 0162326 0162327 0475264 0521447 1519249 1744691 1880389 1883221 3541951
 0004793 0162326 0162327 1519249
 0026237 1521840 0017446 0205147 0001942 0001962 0001975 0030016 0205396 1421525 1550043 1551388 1880389 1883221 3541951 0449719 0150312 0449450
 0162638 1421525 0010749 0010754 0653778 1153524 1426584 0010798 1325304 0391871 1283071 0007610
 0234402 0041625 0023693 1306462 1881376 1961129 0031715 1158886 0243122 0332152 1145667 1167622 1421525 1522538 0079419 1705526 1367731 1705632 0248813 0872123 0872053 1334482 1367019 0031727 1707271
 1421525 0205263 0162638
 0162638 1421525 1512032 0205160 1421525 1513916 1527180 2825415 2825491 0392337 1421525
 0314604 1421525 0017337 1547699 2700640 1421525 0033684 0677504 0205145 1515974 2825164 0024779 1706473 0008662 0008633 0282443 0042789 1947903 1425988
 0524869 0017337 0019425 0332232 1517945 0150312 0033572 1278980 0024109 0819757 1278908 0007137 0152018 0007097 1182670
 0035696 0205454 0443127 1519595 0334227 0006826 0007634 0150312 0998265 1306459 3282337
 1421525 0750591 1883351 0079427 1325410 0027651 1578706 1710252 2954564 3273930
 0428479 0033684 0441889 0456079 1547707 2946261 0006826 0205217 0442805 0998265 1306459 1522634 1421525 0079427 1325410 0027651 0079613 1578706 1710252 2954564 3273930
 0035820 1705810 0243107 0678723 1527148 0007613 0700630 0031843 0542341 0700205 1705273 0439673
 0557651 2603343 1421525 0332148 0750492 0032214 0600138 0035820 1705810
 1421525 1160340 0006104 0243107 0440102 0678723 1269537 1306673 1527148 0870411 0025914 0025929 0026809
 0205393 3244092 0441889 0027789 0332243 0599851 0678594 1441547 1441672 1947915 2948667 3245521 0027740 0037303 3163632 0017070 1182736 0191391 0440745 1269684 1704421 0814995 0007634 0031916 3282337 0162415 0035820 1705810 1518294 0678723 0870861 1254042
 2705716 0001779 0150103 0205307 0439166 1516691 1707455 1708943 2347086 0243148 1550141 1882979 2587213 3274648 0428479 0033684 0441889 0031715 1158886 0019564 0030705 0851285 0949582 1029104 1284077
 1979874 0031715 1158886 0244989 0206354 0017932 0017911 0031727 0132555 0220781 0439634 1522492 0019564 0547043 0851285 0949582 1029104 1282911 1284077
 0031715 1158886 0205217 0442805
 1519063 0031715 0205145 1158886 0244989 0206354 0017932 0017911 0031727 0132555 0851285 0249586 1332735 0752312 1979930 0033640 0018284 0026249 0031727 0033684 1879547
 0006104 0244989 0206354 0017932 0017911 0031727 0132555 0249586 1332735 1150587 1367731 1705632 0031727 0205309 1883351 1720655 1947974 0085400 0220781 0332152 0439634 1522492 1522538 0027882
 1883351 0013081 0851285 1327622 0423866 2626739 0205224 0221103 0301625 0439181 0728721 0031715 1158886 1720655 1947974 0031715 1158886 0244989 0220781 0439634 1522492 0016030
 0003082 0031715 1158886
 0968383 1999216 0298346 1999216 0028778 0332206 2983591 0031715 1158886 0220781 0439634 1522492 1367731 1705632 0205263 0031715 1158886 0220781 0439634 1522492
 1517331 1883351 0443211 0441712 1706376 1547282 1421525 1367731 1705632 0244989 0206354 0017932 0017911 0031727 0132555 1720655 1947974
 0014912 3539520 0014939 2936882 2349975 0243122 1145667 1167622 1720655 1947974
 0014939 2936882 1660771 0007634 3282337
 0599647 0002778 0020205 0036025 0043392 0043393 0205448 0717551 0936012 1524024 0024779 1706473 1880389 1883221 3541951 1720655 1947974
 1421525 0031715 1158886 0237881 0750502
 0557061 2584313 1514811 1706462 0007600 0007634 0205132 1269647 1704653 1948049 0205132 0869040 0947630 1273517 0427861 0815000 0007634 3282337 0016030 0016030
 0007634 3282337 0022877 1619828 0302828 1442085 3263700 0598079
 3539520 0003082 1719918
 0968383 1999216 0043194 0258432 1421478
 0298346 1999216 0043194 0258432 1421478
 0597551 0030956 1883254 0002520 0001128 0002508 0025033 0026809 0205088 0591833 1421525 1705314 1705315 0884358 1552738
 0003241 0021027 1883559 0034693 0026809 0034721 0332307 0445392 0591833 1547052 1421525 0033684 0850310 3154893 1861696 1880389 1883221 3541951
 0003241 0086418 1421525 1710548 3146294 0002520 0205309 0002520
 0003261 0033268 0030428 3538810 0070948 0884358 1552738
 0003241 1273517 0332283 1719822 2827734 2981698 0079419 1705526 1367731 1705632 1720655 1947974 1720655 1947974 0244989 0206354 0017932 0017911 0031727 0132555 0244989 0206354 0017932 0017911 0031727 0132555 0005574
 0740116 2827735 2981700 2700455 1720655 1947974
 0439086 2827736 2981702 0041348 2937342 0022877 1273517 3244292 0681834 0036397 0185125
 0001271 0022877 1273517 3244292 0681834 0036397 0185125
 0041348 2937342 0022877 1273517 3244292 0220806
 1968515 2825051 2828395 1720655 1947974 0043194 0258432 1421478 0332257 3538986 0003241 0021027 0003241 0021027 0443640 0003241 1720655 1947974 0040005 0040005 0040005 0040005
 0019564 0949582 1029104 1284077 0521093 0750484 0030705 0001779 0439234
 0205421 1514721 2348147 3542016 0033727 0369286 0441932 0564385
 0444504 2347634 2348143 0033727 0369286 0441932 0564385
 0370003 2347026 0681850 1550501 1706203 2349001 2697811 0001779 0439234
 0205421 1514721 2348147 3542016 0033727 0369286 0441932 0564385
 0444504 2347634 2348143 0033727 0369286 0441932 0564385 0006119 0006104 0030664 0205469 0677042 1269537
 0520510 0006104 0442598 0872261 1269537 1704729 0030664 0205469 0677042 0475309 1512352 0009399 0018684 0036397 0041740 0205099
 0011900 0243161 1527178 1705938 0002395 1521724 0012634 0034975 0443211 1513822 1880171
 0040300 0231441 0443218 0949307 2827483 0030415
 0028778 0332206 1533157 0205155 1293097 1522472 1552923 1705191 0439084 0728893 0332287 0444330 0449878
 0040300 0001962 0031082 0037633 0720930 0790233 0043047 0599638 0681549 1550678
 2316368 0205155 1293097 1522472 1552923 1705191 0142825 3256468 0006353 0008857 0037473 0038225 0376259 0597484 0020283 0450407 0450408 0450409 0456693 1442458 0702093 0003320 1514918 0332283 0039798 0087111 1522326 1533734 1705169 3538994 0020281 0020275 0031180 0523702 0885426 0456692 0702093 1518416 0019944 0229671 0233660 0242616 0332206 1265527 1546774 1550100 0700308 0033727 0369286 0441932 0564385
 2316368 0205155 1293097 1522472 1552923 1705191 0003241 1439852 2827734 2981698 0079240 1948037 1421525 0031715 1158886 0041175 0006353 0036082 0077281 0814229 2678549 1882074 0020283 0450407 0450408 0450409
 1510844 1883708 1524062
 0243107 0678723 1527148 0884358 1524063
 1639518 1947986 0205160 1513916 2825415 2825491 0243148 1550141 1882979 2587213 3274648 2316368 0205155 1293097 1522472 1552923 1705191 0034493 0229671 1151254 2986582
 1444656 0597551 0030956 1883254 0020960 0702093
 0681814 0040300 0003241 2986582 1367731 1705632 1979003 0003241 0021027 1720655 1947974 0003241 0021027 0332283 0051979 0027627 0034493 0060520 0124209 0175668 0205436 0206359 0522529 1883712 0051979 0018019 1265549 1510458
 0007610 2986582 0057142
 0444330 0026022 0016315 0026018 0332128 1552738
 1444656 0003241 1273517 1554184
 1705493 0182555 1273517 1883351 1301820 1706701 0040300 0439269 1960952 2346927
 0040300 1698986 1883708 0687712
 0370003 2347026 0033607 0030946 0185115 0243077 0392148 0439962 1947941 3541890 1719918 1883708 0582523 0179834 0456692 0702093 0849355 1883720 3244314 0440266 1552738 0450355
 0370003 2347026 1708639 0025663 0449851 0871511 1709793 0600209 1704732 0681850 1550501 1706203 2349001 2697811 0005863 1552738 0450355
 0034606 0441633 1709793 0884358 1524063 0037585
 0439792 0029421 0080103 0205345 0439164 1512019 1547039 1707455 0178587 0017446 0205146 1708639 1708639
 1511726 3245479 0022885 0038492 0039593 0392366 1516048 1551041 1552573 0184661 1948041 2700391 3274430 3538935 3539779 1710141
 1444656 0007634 3282337 0332293 1522326 3539520 0185115 3541890 1524063 0010834 0521449
 0455052 1521827 0439269 1960952 2346927 0301871 1524063 0443640 0003241 0031715 0205369 1158886 1421525 1552740 0244989 0206354 0017932 0017911 0031727 0132555
 1421525 1881534 1552738
 0079941 0004793 0009219 0162326 0162327 1519249 1421525 2827421
 0007634 3282337 0006556 2827421 0031249 0086022 0442335 1705099
 1171362 0185117 0026022 0016315 0026018 0332128 0005863
 0016360 0017337 0023828 1424823 1527178 1705938 0681834 0036397 0185125 0006556 1273517 1540850 0007634 2827421 3282337
 0599647 0002778 0020205 0036025 0043392 0043393 0205448 0717551 0936012 1524024 0884358 1552738
 0033618 0038164 0242210 0246703 1818826 0033684 0243122 1145667 1167622 1383501 1522485 1708632 1179841 0025252 0033684 0598434 1522485 1708632 1710082 1515877 1879547 1514731 0037083 0086982
 1879547 0683607 1524063 0016945
 0243122 1145667 1167622 2700289 0007634 0036025 0043392 0043393 0717551 3282337 0231175 1883351
 2827421 0086022 0442335 1705099 1273517 0332283 1719822 2827734 2981698 1421525 0740116 2827735 2981700 0017446 0205146 0439086 2827736 2981702 0017446 0205146 0596988 2827421
 1521840 2986546 2827421 0205341 1705914 1149274 0026046 0243122 1145667 1167622 1880389 1883221 3541951 0086022 0442335 1705099 1881534
 2827421 0079419 1705526 1416710 1565054
 2827421 1421525 1881534 1524063 0920288 1416655 0812225 1150635 1705212 1705213 3273202
 0206415 1881534 2827421 0332283 1719822 2827734 2981698 0439780 0740116 2827735 2981700 1555029
 1099354 0035668 0521102 0700321 1521840 2986546 0004793 0162326 0162327 1519249
 0086022 0442335 1705099 1880497 0243148 1273517 1550141 1882979 2587213 3274648
 0033268 0221284 3272919 0007634 1521840 2986546 3282337 0302828 0680240 0884358 0947322 1442085 1705426 3263700
 2827421 1881534 1524063 0032136
 0031249 0086022 0442335 1705099 0043194 0258432 1421478
 1883712 1707391 0017446 0205147 1521840
 0004793 0162326 0162327 1519249 0205280 0025914 0025929 0026809 0043457
 0206415 2827421 0332283 1719822
 1444656 0007634 3282337 2827421 0206691
 1707391 1524063 0052009 0439267 0066650 0439526 0010453 0220814 0430400 2242979
 0557061 2584313 1514811 1706462 0013081 0851285 1327622 0423866 2626739 0031715 1158886 2828366 0021044 1421525 0150312 0449450 0205146 0027882 0450344 1553633
 0027882 0850310 3154893 0085400 0333454 0011164 1880269 0450344 1553633
 0027882 1707455 0027882 0441889
 0333463 1521970 1706388 2346469 2348519 0450344 1553633
 0449911 0333052 2607870 0557702 1272706 1704674 0557702 1272706 1704674 0349966 1337208
 2827734 2981698
 0013081 0851285 1327622 0423866 2626739 0031715 1158886 0185117
 0027882 0453107 1080898 1421525 0017446 0205146 0441833 1999270 3537156
 0027882 0850310 3154893 0085400 0336721 0333454 0011164 1880269 0336721
 1421525 0333463 0011389 0332461 0333607 0336721 0228075 0027882 0150312 0449450 0700321 0453107 1080898 0027836 0007634 1269647 1704653 1948049 0336721 0441833 1999270 3537156
 0884358 1524063 0003241 1421525
 2347469 0185117 0019564 0027882 0851285 0949582 1029104 1284077 2705716 0205307 0439166 1707455 2347086 0243148 1550141 1882979 2587213 3274648 0036849 1442518 1705195 1517480 1521871 1705759
 0020960 0021044 1273517 0025664 0184661 2700391
 0020960 0443225 1421525 1444754 1532717 1706316 2828366 0439267
 0003241 1532717 2828366 0439267
 0597879 0006104 0027882 0150312 0007634 1707455 3282337 0006104 0243148 1550141 1882979 2587213 3274648 1517480 1521871 1705759
 0003241 0021027
 2705716 0205307 0439166 1707455 2347086 0243148 1550141 1882979 2587213 3274648 0013081 0851285 1327622 0423866 2626739 0019564 0027882 1441672 0450345
 1274040 1546471 2825142 1441672 1524063 0003241 0450345
 1421525 1532717 1705920 0040300 0150312 0007600 0007635 3282338 0680022 1421525 1707455 1335532 0015576 1704727
 1274040 1546471 2825142 1301820 1524063 0003241 0042789 1947903 0349966 2348609
 0150312 0332285 2348042 2826345 0441889 0456079 1547707 2946261 1532717 0205250 1299351 2700149
 0003264 0037791 1511884 0005863 1524063 2828366
 1421525 0038435 0871261 0449719 0007600 0007635 0006104 0682323 1553704 0031715 0178784 0205394 0237881 0301630 0392756 0441610 0750502 1158886 1421525 1546944 0006104 0019564 0027882 1441672 2705716 0205307 0439166 1707455 2347086 0243148 1550141 1882979 2587213 3274648 0042789 1947903 0349966 2348609
 0243148 1550141 1882979 2587213 3274648 2316368 0205155 1293097 1522472 1552923 1705191 0034493 0229671 1151254 2986582 0597551 0030956 0205369 1552740 1883254 1547282 1883351 0205160 1513916 2825415 2825491 1511726 3245479 1518422 1547282
 0521093 0750484 2349101 0185117 0597298 0019564 0949582 1029104 1284077
 0349966 1337208 1547282
 0740116 2827735 2981700 0020985 0031715 1158886 0041348 2937342 0019564 0949582 1029104 1284077
 1274040 1546471 2825142 0013081 0851285 1327622 0423866 2626739 0031715 1158886 0001779 0150103 1707455 1708943 0243148 1550141 1882979 2587213 3274648 0301630 0392756 0441610 0349966 1337208
 0449911 0333052 2607870 0557702 1272706 1704674 0557702 1272706 1704674 0349966 1337208
 0740116 2827735 2981700
 0013081 0851285 1327622 0423866 2626739 0031715 1158886 0019564 0949582 1029104 1284077 0001779 0150103 1707455 1708943 0243148 1550141 1882979 2587213 3274648
 0020985 1532717 1532717 0031715 1158886 1532717 0041348 2937342 1532717 1547282 1524063 2828366 0019564 0949582 1029104 1284077
 2347469 0439742 1547282
 0013081 0851285 1327622 0423866 2626739 0369718 0441922 1553036 0369718 0441922 1553036 0031715 1158886 0369718 0441922 1553036 0019564 0949582 1029104 1284077 1547282 2705716 0001779 0150103 0205307 0439166 1707455 1708943 2347086 0243148 1550141 1882979 2587213 3274648 0301630 0392756 0441610
 0243148 1550141 1882979 2587213 3274648
 0423866 2626739 0205263 0031715 1158886 0013081 0851285 1327622 0185117 1421525 1099354 0032136 2827421 0427861 0815000 0007634 3282337
 1099354 0035668 0521102 0700321 1521840 0004793 0162326 0162327 1519249
 0185117 0007634 3282337 1260953 1171362 0185117 0007634 0243148 1550141 1707455 1882979 2587213 3274648 3282337
 0007634 3282337 0031715 1158886 1532717 1532717 1532717 0205217 0442805
 1519063 0031715 1158886 0851827 1701901 3244310 0244989 0206354
 0205217 0442805 0220781 0439634 1522492 0007634 1269647 1704653 1948049 0005863 0450365 1706097
 1264633 1554103 0450382 1532717 0005863
 1720655 1947974 1532717 0085400 1532717 1749467 1948047 1705535 1720655 1947974 0314672 0456389
 0449911 0333052 2607870 0557702 1272706 1704674 0557702 1272706 1704674 0349966 1337208
 0439086 2827736 2981702
 0221103 0301625 0439181 0728721 1099354 0205263 0031715 1158886
 0185117 0007634 3282337 0311403 1171362 0185117 1099354 0007634 0035668 0521102 0700321 1707455 3282337
 1521840 0444930 2746065
 0031715 1158886 1532717 1532717 0007634 0205217 0442805 3282337
 1879547 0007634 3282337 0003082 0369637 0441923 1519063 0031715 1158886
 0439165 0031715 0442805 1158886 1720655 1947974 1444656
 2347469 0007634 3282337 1099354 0035668 0521102 0700321 2827421 0033727 0369286 0441932 0564385 0010453 0220814 0430400 2242979 0443640 0003241 0021027 0205369 1552740 2986582 0085400 0332575 1260956
 0007610 2986582
 0220781 0439634 1522492 0007634 3282337 0007634 1269647 1704653 1948049 0005863 1264633
 0031715 1158886 0019564 0205217 0442805 0949582 1029104 1284077 0369718 0441922 1553036 0001779 0150103 1707455 1708943 0243148 1550141 1882979 2587213 3274648 0369718 0441922 1553036
 1511726 3245479 0005863 0949466 1705493 1547282
 0369773 2603361
 0369773 2603361 0022885 0038492 0039593 0392366 1551041 1552573
 2826258 0243148 1550141 1882979 2587213 3274648
 0031715 1158886 0019564 0205217 0442805 0949582 1029104 1284077 0450366
 1879547 0031715 1158886 1720655 1947974 0007634 3282337
 0302523 0700325 3244290 1705535 0012634 0348080 1705253 1367731 1705632 0085732 1299581 1720655 1947974
 1519063 0031715 0205145 1158886 0150312 0597298 1720655 1947974 1532717
 1720655 1947974 0850310 3154893 0205341 1705914 1720655 1947974 0205341 0205449 0205450 1705914 1720655 1947974 0450348
 1519063 0031715 1158886 2700455 0150312 0597162 1720655 1947974 1720655 1947974
 0001779 0150103 1707455 1708943 0243148 1550141 1882979 2587213 3274648 0441833 1999270 3537156 0040005 0205145 0349966 2348609

 0185117 0302523 0700325 3244290 1517331 1711411 1524063 0185117 1521840 0017446 0205147
 0007634 3282337 0035366 0033727 0369286 0441932 0564385 0010453 0220814 0430400 2242979
 0221103 0301625 0439181 0728721 0007634 3282337 1441672 0450373 1553636
 0449911 0333052 2607870 0557702 1272706 1704674 0557702 1272706 1704674 0349966 1337208

 0185117 0205263 0031715 1158886 0244989 0031715 1158886
 0185117 0007634 3282337 1260953 1171362 0185117
 1521840 0444930 2746065 0349966 1337208 1444656
 0221103 0301625 0439181 0728721 1099354 0035668 0521102 0700321 0205263 0031715 1158886 0003316
 0031715 1158886 1441672
 3539520 0312860 1301751 1280500 2348382 0039798 0087111 1522326 1533734 1705169 3538994 0007634 3282337 0456693 1442458 0702093
 2347469 1449705 0021069 1149289 3270761 0243122 1145667 1167622 1720655 1947974 0007634 3282337 1441672
 1707455 0031715 1158886 0019564 0205217 0442805 0949582 1029104 1284077 0001779 0150103 1707455 1708943 0243148 1550141 1882979 2587213 3274648
 1274040 1546471 2825142 1547282
 0017351 1440809 1420192 0337112 0439539 1524075
 0021069
 0221103 0301625 0439181 0728721 1099354 0035668 0521102 0700321 0205217 0442805 0031715 1158886 0244989 0206354 0017932 0017911 0031715 0031727 0132555 1158886 2349975 0450373 1553636
 1449705 0021069 1149289 3270761 0243122 1145667 1167622 1720655 1947974 0007634 3282337 0450375
 1707455 0031715 1158886 0243148 1550141 1882979 2587213 3274648 0019564 0949582 1029104 1284077 1547282 0450376
 0031715 1158886 0086597 0127400 0244989 0206354 0017932 0017911 0031727 0132555 0010531 0038164 0033640 0031727 0033684
 0031715 1158886 1524063 0003241
 0003316 0150312 0449450 0026377 0205171 0597162 1720467
 0023882 0700321 2700395 0031715 1158886 0019564 0949582 1029104 1284077 1441672 0007634 3282337 1511726 3245479 1518422 1547282 1524063 0443640 1624602
 0557651 2603343 1547282 0031715 1158886 0001721 0031715 1158886
 1518422 0025936 2986594 1519606 0003069 0025914 0025929 0026809 1720655 1947974 3161035
 3539520 0007634 3282337
 0007634 3282337 0332293 1522326 3539520 0456693 1442458 0702093
 3539520 1301751 1280500 2348382 0243148 1550141 1882979 2587213 3274648 0007634 3282337 0450373 1553636 1515877 1879547 1421525 0220781 0439634 1522492 0968383 0302523 0700325 3244290 1707391 0004793 0162326 0162327 1519249 1521840
 0443211 1272684 0007634 3282337 1099354 0035668 0521102 0700321
 1517001 0007634 3282337 1553637
 0220781 0439634 1522492 0007634 0274281 0311403 0332157 3282337 1999216 0298346 1999216 0968383 1553637
 0220806 0392756 0031715 1158886 1511726 3245479 1518422 0298346 1547282
 0302523 0700325 3244290 1705535 1367731 1705632 0085400 0220781 0439634 1522492 0007634 3282337
 0441471 3541888 0007634 0038108 1441672 3282337 1511726 3245479 1518422 1547282
 0449911 0333052 2607870 0557702 1272706 1704674 0557702 1272706 1704674 0349966 1337208
 0439084 0728893
 0298346 0968383 0018790 0237477 0392351 0521111 0220781 0439634 1522492 0031715 1158886 0007634 3282337
 1861696 1880389 1883221 3541951 1099354 0035668 0521102 0700321 0443211 1272684
 0423866 2626739 0205263 0220781 0439634 1522492
 0220781 0439634 1522492 0007634 0028778 0274281 0332157 0332206 2983591 3282337 1999216 0298346 0439509 1999216 0968383 0439509 0700308 0033727 0369286 0441932 0564385
 2347469 0968383 0369637 0441923 0700308 0033727 0369286 0441932 0564385 0028778 0332206 2983591 0031715 1158886 1532717 1511726 3245479 1518422 0450382 1532717 1720655 1947974 1547282
 0574895 1421525 1720655 1947974 1367731 1705632 0244989 0206354 0017932 0017911 0031727 0132555 0026022 0016315 0026018 0031715 1158886 1547282 1883351 1367731 1705632 1720655 1947974 0027882 0006104 1553638 0441833 1999270 3537156
 1274040 1546471 2825142 0332128 1441672 2004054 0031715 1158886 1421525 0244989 0206354 0017932 0017911 0031727 0132555 1367731 1705632 1720655 1947974 1511726 3245479 1518422 1547282
 0027882 0850310 0031715 1158886 1720655 1947974 0085400 1553638 0441833 1999270 3537156
 1883357 0302523 0700325 3244290 1705535 1421525 1367731 1705632 1720655 1947974 1515655
 0449911 0333052 2607870 0557702 1272706 1704674 0557702 1272706 1704674 0349966 1337208

 1421525 1720655 1947974 0007600 0007635 3282338
 0026022 0016315 0026018 1547282 1367731 1705632 1720655 1947974 0027882 1704458 0441833 1999270 3537156
 1720655 1947974 1441672 1511726 3245479 1518422 1547282
 0031715 1158886 1720655 1947974 0085400 0027882 0441833 1999270 3537156
 2347469 1421525 1720655 1947974 1720655 1947974 1367731 1705632 1367731 1705632 0007634 3282337
 0243148 1550141 1882979 2587213 3274648 0120285 0205171 0439044 0679994 1518422 1720655 1947974
 1367731 1705632 1421525 0028778 0332206 1533157 1706084 2828370 0162638
 0244989 0206354 0017932 0017911 0031727 0132555 0249586 1332735 1150587 1367731 1705632 0082529 0031727 1720655 1947974
 1421525 1547282 1883351 0205227 1367731 1705632 1720655 1947974 0016030
 0243148 1550141 1882979 2587213 3274648 0120285 0205171 0439044 0679994 1518422 0205227 1367731 1705632 1720655 1947974 1511726 3245479 1518422 1367731 1705632 1547282
 1421525 1145667 1167622 1720655 1947974 3539520 0442805 0243122 1145667 1167622 1421525 1720655 1947974 0007600 0007635 3282338
 1449705 0021069 1524063 1881488 0031715 1158886 1532717 1720655 1947974 0010834 3539520 0205217 0442805 0243122 1145667 1167622 1704675 1571602
 1720655 1947974 1511726 3245479 1518422 1547282
 0007634 0038108 1707455 3282337 0007634 3282337 0205342 1720655 1947974
 3539520 0205217 0442805 0243122 1145667 1167622 1720655 1947974 1511726 3245479 1518422 1547282
 0003241 0332297 1145667 1167622 1689898 2349209 0031715 1158886 0033684 0003241 0085999 1421525 1571602
 3539520 0205217 0442805 1149289 3270761 0243122 1145667 1167622 1720655 1947974 0007634 3282337
 0449911 0333052 2607870 0557702 1272706 1704674 0557702 1272706 1704674 0349966 1337208

 1421525 1720655 1947974 3539520 0442805 0007582 0243122 1145667 1167622 1704675
 0031715 1158886 1532717 1720655 1947974 0010834 0016030
 3539520 0205217 0442805 0243122 1145667 1167622 1704675
 1449705 0021069 0884358 1524063 0003241
 1158886 0031715 0003241 0085999 1421525
 0205444 0205447 1955160 0086376 0600209 1704732 1708715 0005863 0042789 1947903
 2347469 3539520 0205217 0442805 1149289 3270761 0243122 1145667 1167622 1720655 1947974 0007634 3282337
 0017351 1440809 1420192 0337112 0439539 1524075
 0021069
 1880389 1883221 3541951 0024779 1706473 1880389 1883221 3541951 1720655 1947974
 0599647 0002778 0020205 0034678 0036025 0043392 0043393 0205448 0717551 0936012 1524024 1527178 1705938 0010834 1421525 1720655 1947974 0036025 0043392 0043393 0717551 0349966 1337208
 0525049 0009013 1522642 0850310 3154893 0205341 1705914
 1861696 1880389 1883221 3541951 0205171 0439044 0679994 1518422 1720655 1947974 0349966 1337208
 0231174 0680095 0243122 1145667 1167622 1720655 1947974 0678226 0031715 1158886 1518422 3146286
 1515926 1518422 0205263 1323337 0243122 1145667 1167622 1861696 1880389 1883221 3541951 1720655 1947974
 1880389 1883221 3541951 1720655 1947974
 0302523 0700325 3244290 1880389 1883221 3541951 1273518 1720655 1947974
 0449911 0333052 2607870 0557702 1272706 1704674 0557702 1272706 1704674 0349966 1337208

 1880389 1883221 3541951 1720655 1947974
 1283195 1720655 1947974 0599647 1550369 0002778 0020205 0034678 0036025 0043392 0043393 0205448 0717551 0884358 0936012 1524024 1527178 1705938
 1883676 0439178 1446409 1514241 2825490 0243148 1550141 1882979 2587213 3274648 1817303 0243122 1145667 1167622 1704675 1416710 1565054 0036588 0243122 1145667 1167622 1551994 3244295 1704675 0018270 0036025 0043392 0043393 0220844 0443289 0596988 0717551 1621966 2911660 1524063 0005971 1139930 3537155
 1639518 1947986 0205160 1513916 2825415 2825491 0243148 1550141 1882979 2587213 3274648 0243122 1145667 1167622 1704675 0086022 0442335 1441672 1880497
 1421525 0086418 1720655 1947974 0030016 1861696 1880389 1883221 3541951
 0525049 0009013 1522642 0850310 3154893 0205341 1705914 1709367
 0231174 0680095 1720655 1947974 0678226 0031715 1158886 1518422 3146286
 1515926 1518422 0205263 1323337 0243122 1145667 1167622 1861696 1880389 1883221 3541951 1720655 1947974
 1883676 0439178 1446409 1514241 2825490 0243148 1550141 1882979 2587213 3274648 1817303 0243122 1145667 1167622 1704675 1416710 1565054 0036588 0243122 1145667 1167622 1551994 3244295 1704675 0349966 1337208
 1639518 1947986 0205160 1513916 2825415 2825491 0243148 1550141 1882979 2587213 3274648 0243122 1145667 1167622 1704675 0086022 0442335 1441672 1880497 0349966 1337208
 2985663 0557651 1514811 1706462 2603343 1421525 0031715 1158886 0019564 0851285 0949582 1029104 1284077
 0013081 0851285 1327622 0423866 2626739 0237881 0442805 0750502 1546944 0031715 1158886 1720655 1947974 0205145 0031715 1158886 0244989 0220781 0439634 1522492
 0150312 0332285 2348042 2826345 0221103 0301625 0439181 0728721 1099354 0035668 0521102 0700321 0031715 1158886 0220781 0439634 1522492 1421525 1158897 0031715 0851285 1158886 1327622 1720655 1947974 1515655
 3146294 0003241 0443640
 0003241 0175723
 0003241 1517001 1883351 1532717 0600281 1524067 0282443 1552617 0042789 1947903 1425988
 1518422 0033684
 0002518 0002520 2917660 0001128 0004793 0162326 0162327 0202406 1519249 1710548 0003241 3146294 1518422 1421525 0033684
 1524063 0003241 0021044 1547282 0013081 0851285 1327622 0185117 0001779 0150103 1707455 1708943 0243148 1550141 1882979 2587213 3274648
 1883712 0031715 1158886 0019564 0851285 0949582 1029104 1284077
 0237881 0750502 0439673
 1879547 0031715 1158886 1518440 0040715 2987521
 1421525 0205263 0162638
 1421525 1548602 1704686 0162638 0439673
 0027746 0011164 0521390 1880269 1421525 0031715 1158886 1518440 0040715 2987521 1660771 0007634 0162638 0521390 3282337
 0010097 0162512 0728899 1521721 1547282 1879547 0332283 1518440 0040715 0521447 2987521 0027882 0010957 1883709 0301630 0392756 0441610 0205390 1300072 1306673 0027882
 0085400 0237753 0449788 1550025 1704782 1708715 1511545 0002395 1521724 0012634
 0085400 0150312 0449450 0750554 0175196 1289526 0007776 1176472 2700441 0017446 0205146
 0027882 0205146 0439092 0547044 0522476 0030705 0392760 1314939 1850496 0004083 0439849 0596306 0699792 0085400 0333454 0011164 1880269 0150312 0596235 0750554 0017446 0205147
 0597879 0700364 1883351 0027882 0017446 0205147 0027882 0392756 0596235 0175196 1289526 0007776 1176472 2700441 0019564 0949582 1029104 1284077 0042789 1947903 0349966 2348609
 0175202 0220781 0439634 1522492 0441889 1421525
 0597298 0006104 1183338 0017446 0205147 0032214 0600138 0035820 1705810 0282443 1552617 0042789 1947903 1425988
 0017446 0205147 0205101 1149274 0026046 0205341 0243122 1145667 1167622 1547730 1705914 0015295 0439086 2827736 2981702 0039259 0314672
 0332185 1547282 1883351 0220781 0439634 1522492
 0314672 0010851 0027746 1880177
 0014442 0014445 1314939 1720655 1947974 0249586 1332735 0244989 0206354 0017932 0017911 0031727 0132555 0700364 1883351 0032214 0600138 0035820 1705810
 1879547 0205263 0027746 0220781 0439634 1522492
 0006104 0441889 1269537 1518422 0205217 0442805 0524851 0012634
 0031715 1158886 2705716 0205307 0439166 2347086 0243148 1550141 1882979 2587213 3274648 1524063 0441833 1999270 3537156 1720655 1947974 0042789 1947903 0349966 2348609
 0031715 1158886 1518422 0205217 0442805
 0031715 1158886 0205217 0442805
 1979874 1158886 0031715
 0456389 1532717 0443228 0549177 1704243 1705535 0314672 0456389 0027552 0031715 0686904 1158886 1709915 1882936
 0220781 0439634 1522492 0031715 1158886 0244989 0019564 0205217 0442805 0949582 1029104 1284077
 0185117 1099354 0035668 0521102 0700321 0007634 3282337 1720655 1947974 0220781 0439634 1522492 1511726 3245479 1518422 0031715 1158886 1547282
 0441471 3541888 0205369 1552740
 0185117 1421525 1524063 1099354 0035668 0521102 0700321 0444930 2746065 0017446 0205146
 1519063 0031715 1158886 1720655 1947974 0019564 0150312 0949582 1029104 1284077
 0007634 3282337 0700364 1883351 0597298 0450382 1532717
 1720655 1947974 0031715 1158886 0007634 3282337 0085400 0348078 0376315 0445247 0456389 1522492 1749467 1948047 1705535 1720655 1947974 0314672 0456389
 0031715 1158886 0205217 0442805 0450382 1532717 1518422 1532717 1720655 1947974
 1883712 0031715 1158886 1532717 1720655 1947974 1547282
 0031715 1158886 2945843 0205145 1515974 2825164 1720655 1947974 1518422 1441672 0019564 0238767 0949582 1029104 1284077 1706086 0007634 0038108 1515981 3282337
 1511726 3245479 1705535 1720655 1947974 0026377 0205369 1552740 0205145 0031715 1158886 0205145 0031715 1158886
 0031715 1158886 0001721 0031715 1158886
 1518422 1519606 0003069 1720655 1947974 3161035
 1879547 1314939 1720655 1947974 0030664 0205469 0677042
 1511726 3245479 0031715 1158886 0244989 0206354 0017932 0017911 0031727 0086597 0127400 0132555 1367731 1705632
 0014442 0014445 1955473 0457192 0205145
 0021467 0021469 1628982 3463820 0968383 1999216 0220781 0439634 1522492 0031715 1158886 1511726 3245479 1518422 1547282
 0221103 0301625 0439181 0728721 0220781 0439634 1522492 0031715 1158886
 0282498 0018837 0036974 0205263
 0543488 1316572 1317574 1369612 0243041 0243043 1415760 1527149 0018850 0243044 1825534 3273507 0018847 1333928 1708296 0031715 1158886 0033414 0037628 0243122 1145667 1167622 0026046 0442808 0007620 0007634 0038952 0220921 1269647 1704653 1948049
 0596260 0243043 1415760 1527149 1519751 0243125 0699900 0332621 0439168 2349975 0007620 0007634 0038952 0220921 1269647 1704653 1948049
 1367731 1705632 0006776 1720655 1947974 0027882 0333562 0027836 0007634 3282337
 1421525 1720655 1947974 1367731 1705632 0244989 0206354 0017932 0017911 0031727 0132555 0007600 0007635 3282338 1511726 3245479 1518422 1882598 0006104 0034693 0034721
 1421525 0332148 0750492 0309872 0031715 1158886 1367731 1705632 0244989 0206354 0017932 0017911 0031727 0132555 0014442 0014445 1515655
 0302523 0700325 1521721 1964257 1421525 0332297 1145667 1167622 1689898 2349209 1720655 1947974
 1511726 3245479 1547282 1512167 0185117 1260953 0031715 1158886
 1880389 1883221 3541951 0850310 3154893 1514562 1145667 1167622 1710236 0036884 0009253 0019932 0036864 0079399 1314687 1522384
 0014939 2936882
 3539520 0205263 0185117 0427861 0815000 0007634 3282337 0205263 0007589 1518294 1511938 2945687 0392747 0443172 1705241 0185117
 0557651 2603343 0443303 0039798 0087111 1282927 1515273 1522326 1533734 1705169 1705313 1806781 2350002 2826302 3538994 0439092 0547044 0700308 0033727 0369286 0441932 0564385 3539520 2349975 0243122 1145667 1167622 1720655 1947974 0244989 0206354 0017932 2362079 0017911 0031727 0132555 1421525
 3539520 0442805 0031715 1158886 0205166 1706317 1511726 3245479 0700308 1518422 1547282
 1421525 0332148 0750492 0309872 0031715 1158886
 1705810 0035820 0031715 1158886 1515655 1883351 0443211 1272684
 1421525 1418582 1826563 0136073 0079419 1705526 1514562 0012860 0010957 0012854 1883709 0282443 1552617 0042789 1947903 1425988
 1418582 1826563 0850310 3154893 1861696 1880389 1883221 3541951 1880389 1883221 3541951
 1861696 1880389 1883221 3541951 0079419 1145667 1167622 1705526 1514562 0017446 0205147
 0332307 1547052 2348205 0079419 1705526
 1418582 1826563 1145667 1167622 1861696 1880389 1883221 3541951 1720655 1947974 0002395 1521724 0012634 0949664
 1979874 1421525 1145667 1167622 1720655 1947974
 1421525 0185117 0521390 0681842 1707520 1882327 0085400 0011164 1880269 0450382
 1519606 2986594 3161035 0025936 1547282 1418582 1826563 0085732 1299581 0001779 0027746 0851827 1701901 3244310 0450382
 1552616 1706244 0557651 2603343 1421525 1145667 1167622 1720655 1947974 0332148 0750492 0309872 3539520 0031715 1158886 1515655
 0013081 0851285 1327622 0423866 2626739 0027882 0205263 0220781 0439634 1522492 0035820 1705810 0027746
 2825232 0043227 0027468 0018684 0021622 1521721 3245503 1547546 0021966 0221138 1521895 1707421 0035173 0205225 0401925 0002458 0004083 0018787 0439849 0596070 0596306 0699792 1281570 1515981 1511775 3496101 0018173 1548284 1704729 1880266 2349138
 0010186 0220812 0449719 1709471 0220808 0680264 0007961
 1706852 0522501 1706089 0949214
 0205155 1293097 1522472 1552923 1705191
 0333052 2607870 0470187 1522486 0332256 2700400 0349966
 2827734 2981698
 0013621 0013622 0013658 0039401 1521721 0039260 0039260 0008115 0018173 1548284
 0402112 0039260
 0282413 0376649 1442065
 0085205 1549619 1880669
 0013849 1705961 0024492 1538057 1547565 1522486 0000723 1273517 0002395 1521724 0012634
 1421525 1421525 0030016 0332256 1537381 1861696 1880389 1883221 2700400 3541951
 1150587 1367731 1705632 0248813 0872123 0872053 1334482 1367019 0031727 1707271
 0244989 0206354 0017932 0017911 0031727 0132555 0244989 0206354 0017932 0017911 0031727 0132555
 1099354 0035668 0521102 0700321 1099354 0035668 0521102 0700321
 0085400 0085400 3543859
 0031715 1158886 1421525
 1421525 1099354
 0030016 0001942 0163885 0030016
 3539520 0014912
 2700455 1720655 1947974 2700455 0597162 1709450 0010851
 0600388 0752312 0031727 0521119 0851285 1710082
 0249586 1332735 0249586 1332735 0243045 0031727 0072108 0079183 0851827 1150565 1701901 3244310
 0752313 0211705
 0369773 2603361
 0120285 0120285 0033684 0303920 0332583

 0439394 1706495 3642217
 1547546 0021966 0221138


 2603360
 0999213
 0021966 0221138
 0369637 0441923

 3495095 0369718 0441922 1553036
 1515023
 0015576 1704727 0006104 0442598 0872261 1883351 1881534 0557651 2603343 0332149 1705910 2362652
 2986676 0441468 1548899 0455052 1521827 0034493
 0243107 0678723 1527148 0015264 0035172 0021622 0035168 0242481 1272753 0021966 0221138
 0041740 0004340
 1514811 1706462 0557061 2584313 1514811 1706462 2603360


 2347379

 0025141 0369637 0441923 2603362
 0597277 1708601
 0205090 0684010 2603358


 3642273
 0025141 2603360
 2603360 0018670 1281590 1706305
 0033727 0369286 0441932 0564385

 0033727 0369286 0441932 0564385

 0451119 1444662
 0025141 2603360 0033727 0369286 0441932 0564385 0205090 0684010 2603358 0205090 0684010 2603358
 0369637 0441923



 0597277 1708601


 0007634 1269647 1704653 1948049
 0027960 0324740 0439189 1456781 1824986

 0439084 0728893 2827734 2981698 0025141 0369637 0441923
 0369773 2603361

 2347961
 0027960 0324740 0439189 1456781 1824986
 0007634 1269647 1704653 1948049

 2827734 2981698 0025141 0369718 0441922 1553036 0369718 0441922 1553036 0439394 1706495 3642217 0439267
 2347469 0369718 0441922 1553036


 0201682
 0205090 0684010 2603358
 0021966 0221138
 0040833 1521798 0325074
 0025141 0369718 0441922 1553036
 0063789 3272375

 0027960 0324740 0439189 1456781 1824986

 0025141 0369718 0441922 1553036


 0201682
 0369718 0441922 1553036 0439394 1706495 3642217 0999213 2603362
 2603360


 0025141 0597277 1708601 0033727 0369286 0441932 0564385 0205090 0684010 2603358 0033727 0369286 0441932 0564385 0205090 0684010 2603358
 0029016 0025141
 0597277 1708601
 0205090 0684010 2603358
 0597277 1708601
 0369773 2603361
 0597277 1708601

 0369637 0441923
 2347379

 0597277 1708601
 1553033 0442532 2603362
 0439267

 0016327 0439133 1553038 0033727 0369286 0441932 0564385 3476816

 1418943

 0268596 2700624
 3642273

 2603362

 0033727 0369286 0441932 0564385 0033727 0369286 0441932 0564385 0597277 1708601 2603360 0033727 0369286 0441932 0564385
 2347379
 0999213 2603362
 2603360
 0021966 0221138
 0369773 2603361 0369637 0441923
 3495095 0033727 0369286 0441932 0564385 0369718 0441922 1553036
 0027910 1552241 1555991 0025141 0597277 1708601 0439394 1706495 3642217
 0597277 1708601 0439267 0224086 0238749 0205090 0684010 2603358
 0021966 0221138

 0027960 0324740 0439189 1456781 1824986
 0325074
 0021966 0221138 0205090 0684010 2603358 2347469


 0025141 0814202 1880568
 0033727 0369286 0441932 0564385 0021966 0221138 0597277 1708601 2347469 0205090 0684010 2603358
 0016327 0439133 1553038

 0451119 1444662
 0439086 2827736 2981702 0025141
 0597277 1708601
 0439267 0439267 0033727 0369286 0441932 0564385 0554249 0369637 0441923



 0025141 0369637 0441923
 0033727 0369286 0441932 0564385
 2603360



 0025141 0016327 0439133 1553038 0597277 1708601 0021966 0221138


 0025141


 2347379
 0025141 0327004 0597277 1708601 0439114 0597277 1708601 0439394 1706495 3642217 2603360 0369773 2603361 0006434 0205090 0684010 2603358 0439394 1706495 3642217
 0016327 0439133 1553038 0597277 1708601
 0027882 0025141 0016327 0439133 1553038 1413561 0369773 2603361
 0597277 1708601 2603362
 2603360
 0439267

 0063789 3272375
 0025141 0369773 2603361 0369773 2603361
 2347379
 2347379
 2347961
 0025141
 0369773 2603361 0439394 1706495 3642217
 0064494 0597277 1708601 0439806 0205090 0684010 2603358
 0369773 2603361 0033727 0369286 0441932 0564385


 0201682

 2347469 0016327 0439133 1553038
 0369718 0441922 1553036


 0025141 2347469

 2603360 2347469


 2603362
 2603360
 2603362
 0024554 0025266 0086418


 1418943

 0268596 2700624
 3642273

 2603362

 2603362
 2603362
 0439394 1706495 3642217
 0016327 0439133 1553038
 1551730
 0369773 2603361 0439267 0439394 1706495 3642217
 0027855 0000857 0600678 1552863 0325046 1553033 0597277 1708601
 0324320 0439394 1706495 3642217
 0439394 1706495 3642217


 2347469


 0201682
 1553033 2603360 0369718 0441922 1553036 0369637 0441923
 0439394 1706495 3642217

 0369718 0441922 1553036

 0268596 2700624
 3642273

 0205090 0684010 2603358



 0000857 0600678 1552863 0205090 0684010 2603358 0205090 0684010 2603358
 0369773 2603361 0369773 2603361


 0025141 0033727 0369286 0441932 0564385
 0597277 1708601
 0033727 0369286 0441932 0564385


 0201682
 0033727 0369286 0441932 0564385 0033809 0033727 0369286 0441932 0564385
 0597277 1708601 2347469 0439267
 0369637 0441923


 0025141 2347469 0554249 0369637 0441923
 0205090 0684010 2603358 0597277 1708601 0033727 0369286 0441932 0564385 0369773 2603361
 1553033 0205090 0684010 2603358
 2347469 0369637 0441923
 0439267 0369637 0441923


 0369773 2603361 0016327 0439133 1553038
 0205090 0684010 2603358 2603360 1553033
 0369773 2603361
 0033727 0369286 0441932 0564385 0018026 1304897 0439267 1538150 0369773 2603361
 0205090 0684010 2603358
 0027855 1491778 0369718 0441922 1553036 0450955 2603360 0597277 1708601
 0876934 1540677 1555824 0025141 0369718 0441922 1553036
 0597277 1708601 0597277 1708601 0369773 2603361
 0439394 1706495 3642217
 0033872 0033873 1315013

 0025141 0369637 0441923
 0016327 0439133 1553038 0369718 0441922 1553036
 0018026 1304897


 0205090 0684010 2603358 0032863 0205090 0684010 2603358

 2347379
 0025141 0033727 0369286 0441932 0564385 0369637 0441923
 0597277 1708601 2603360

 0025141 2603360
 0005135 0982158 3495134 0205090 0684010 2603358
 0179302 1706253 0439394 1706495 3642217
 0021966 0221138
 0005477 0025141 2603360
 0033727 0369286 0441932 0564385 2603360 0597277 1708601 0597277 1708601 0597277 1708601 0597277 1708601 2603360
 1418943

 0268596 2700624
 3642273

 2603362

 0597277 1708601 2603360 0369718 0441922 1553036 0439114 2603360 0562547 3160718
 0597277 1708601 0038817 0376223 0033727 0369286 0441932 0564385

 0451119 1444662
 0025141
 0861352
 0439394 1706495 3642217 0443013 0439267 1555429 2603362
 0033727 0369286 0441932 0564385 0205654 0369718 0441922 1553036 0439394 1706495 3642217 1553033
 0036397
 0033727 0369286 0441932 0564385

 0033727 0369286 0441932 0564385 0439394 1706495 3642217
 0033727 0369286 0441932 0564385
 0027882 0439509 0025141 1006780 0033727 0369286 0441932 0564385 0439394 1706495 3642217 1553033 0369637 0441923
 2603360 0033727 0369286 0441932 0564385 0999213 0016327 0439133 1553038 0369773 2603361 0369773 2603361
 1553316 0369773 2603361
 0033727 0369286 0441932 0564385


 0025141 0033727 0369286 0441932 0564385 2603362


 0451119 1444662
 0860630
 0016327 0439133 1553038
 0597277 1708601 3495095 0016327 0439133 1553038 0016327 0439133 1553038
 0439267
 0597277 1708601 0369773 2603361 0033727 0369286 0441932 0564385
 1418943

 0268596 2700624
 3642273

 2603362

 0033727 0369286 0441932 0564385 0597277 1708601
 2603362


 0201682
 0439394 1706495 3642217 0597277 1708601 0033727 0369286 0441932 0564385 1214637 0439267
 0033727 0369286 0441932 0564385 2603362
 0205090 0684010 2603358 1551910 2603360
 2347469 0369637 0441923

 0027960 0324740 0439189 1456781 1824986
 0325074
 0033727 0369286 0441932 0564385 2603362
 0369773 2603361 0597277 1708601
 2603362


 0201682
 0024171 0024176 2697939 0369773 2603361
 0439267
 0369773 2603361 0024171 0024176 2697939 0597277 1708601
 0369773 2603361
 0349590 1262865 0025141
 0038817 0376223
 1006780
 0033727 0369286 0441932 0564385
 0597277 1708601 2603360 0205090 0684010 2603358 0596170 0439267 3495095 0239971 2603360 0024171 0024176 2697939 0597277 1708601
 0369773 2603361
 0349590 1262865 0025141 0439267
 0369637 0441923
 1704351 2239486

 0025141
 0439267
 1418943

 0268596 2700624
 3642273

 2603362

 0439083 0439087 0000857 0600678 1552863 0021966 0221138 0369773 2603361 1006301
 2347379
 0007452
 0025141 0369773 2603361
 0369773 2603361

 0451119 1444662
 0025141