 2945730 1566589 1511940 1999216 0086597 3156550 1159974 1820192 1514964 0007589 1334700 1511938 2945687 0337841
 0033727 0369286 0441932 0564385
 0562547 3160718 3495095 0337841 0439267

 0596960 0018880 0022877 0278627 1418983 1521991 3244292 1704729 2699414 1547538 0872316 0008044 0041740 0008044 0020898 0020017 0020028 0019994 1510665 0008115 1704729 3272372
 0019994 1510665 0557806 0022771 0041740 0242211 0871674 0022771 0034036 0034037 1514756 1704324 0348078 0376315 1515981 1522492 1527075
 0557061 2584313 1514811 1706462 0053932 2610491 0033684 0262950 0391978 1266908 1266909 0026559 0040691 1527194 1883220 0032214 0600138 0035820 1705810 0007613 1325880 0007634 0178539 1515981 1184743 1522240
 0150312 0527443 0053932 0279266 0537467 0053932 0279266 0915643 1415033 0053932 0279266 0205263 3156550 1820192 1514964 0007589 1334700 1511938 2945687
 0002778 0936012 1524024 1513400 0443289 1511940 0243077 0309276 0600091 0068319 0600091 0600091 1551058 0547043 0851285 1282911 0017337 0537467 0053932 0279266 1292856 1948023 0915643 1415033
 1883351 1705810 0035820 1159974 0007589 1511938 2945687
 0185117 0068319 0600091 0017337 0915643 1415033 1517886 2363430 0053932 0205263 0205390 0279266 1279919 1292856 1300072 1306673 1948023 0332156 0205112 0441889 1442459 0439228 1292856 1948023
 0205216 1820192 0007589 1334700 1511938 2945687
 1514559 0311403 1159974 0007589 1511938 2945687 0915643 1415033 0053932 0279266 1548602 1704686
 0185117 0851827 1701901 3244310
 1514559 1547282 1883351 0033414 0596290 0007634 0334094 1269647 1514485 1704653 1948049 0007589 0021467 0021469 1511938 1628982 1948027 2945687 3463820
 2607943 2926606 3539655 1705535 2945730 0033684 0282642 0032214 0600138 0035820 1705810 2247140 0596290 0334094 1514485 0185117 2752630 1159974 0007589 0029418 0205088 0851285 1171947 1511938 1705314 1705315 2945687 1705535 0851285 1327622 1511545 1257975 0038250 0007634 0242767 1186763 1513143 3282337
 0557061 2584313 1514811 1706462 0029433 0220781 0262950 0391978 0439634 1266908 1266909 1522492 1184743 1522240 2827734 2981698
 0029433 1257975 0038250 0007634 0242767 1186763 1513143 3282337 0205615 0038250 0007634 0870134 3282337 0596981 0206131 0225369
 0029418 0205286 0205615 0333562 0449432 0348078 0376315 1522492 0005962 0262950 0391978 1266908 1266909 1704640 1706515 0683607 1533591
 0053932 2610491 0033684 0262950 0391978 1266908 1266909 0026559 0053932 2610491 0033684 0262950 0391978 1266908 1266909 0026559 2827734 2981698 0032214 0600138 0035820 1705810 1159974 0007589 1511938 2945687 0029433 0220781 0262950 0391978 0439634 1266908 1266909 1522492 0740116 2827735 2981700 0439086 2827736 2981702
 0053932 2610491 0033684 0262950 0391978 1266908 1266909 0026559 0040691 1527194 1883220 0032214 0600138 0035820 1705810 0439084 0728893
 0332307 0053932 2610491 0033684 0262950 0391978 1266908 1266909 0026559 0086418 0205396 1550043 1551388
 0332453 0037253 0440102 0521324 1274040 1546471 2825142 0000768 0000769
 0205177 0439167 0441655 1561536 1704675 1548602 1704686 0439855 1704241 0074377 0597357 0441729 0021966 0221138 0031727 0209278 1420631 0040648 0040649 1521761 2827422 0439084 0728893
 0348078 0376315 1522492 1704241 1515877 1879547 0017262 0185117
 0004927 0556570 0002778 0936012 1524024 0053932 1142652 0277764 2610491 0033684 0086418 0262950 0391978 1266908 1266909 0026559 0527443 0683454 0905649 0021966 0053932 0221138 0279266 0150312 0527443 0053932 0279266 0537467 0053932 0279266 0915643 1415033 0053932 0279266 1521761 2827422 0033414 3156550 1514964 1820192 0007589 1334700 1511938 2945687 0021135 1533691 2827718 1515655
 1883351 1517378 0233820 1159974 0007589 1511938 2945687 0936012 1956267 0053932 0599660 2610491 0033684 0262950 0391978 1266908 1266909 1948023 0053932 0599660 0033684 0262950 0391978 1266908 1266909 2610491 0026559
 0150312 0309276 0600091 0068319 0600091 0600091 1551058 0547043 0851285 1282911 1332589 0751455 0017337 0683454 0021966 0221138
 0527443 0053932 0279266 0537467 0053932 0279266 0915643 1415033 0053932 0279266
 0332290 0332529 0684224 0700287 0017337 1521840 2986546 0037083 3537152 0450334
 1705810 0035820 0007589 1511938 2945687 1883351 1704788 3539106
 0017337 0205435 1279901 0205396 0596995 1550043 1551388 0309872 0288972 0282642 1149367 0040648 0018882 0040649 0229304 0419518 0445022 1527178 1704821 1705682 1521761 2827422 0034987 0013879 0220905 1704735 0450348
 0182953 1519516 0017262 0017337 0185117 0288972 0033684 0282642 0031843 0542341 0596448 0700205 1705273 0012854 1145667 1167622 1880389 1883221 3541951 1515877 1879547 0040649 0332256 2700400 0179400 1638312 0086860
 2945730 0033684 0288972 0282642 1704821 0018882 0033684 0229304 0376525 0419518 0445022 1527178 1705682 1299582 0012854 1145667 1167622 2945730 0033684 0332268 1880389 1883221 3541951
 0017337 0024660 0205396 1550043 1551388 0309276 0600091 0600091 0068319 0600091 0600091 0015272 0449774 0450348
 0557651 2603343 1883351 1705810 0035820 1159974 0007589 1511938 2945687
 0002778 0936012 1524024 0205396 1550043 1551388 0309276 0600091 0068319 0600091 0600091 1257975 0038250 0007634 0053932 0242767 0279266 0547043 0851285 1186763 1282911 1513143 1948023 3282337
 0205117 0332282 1883708 0185117 0068319 0600091 0017337 0915643 1415033 1517886 2363430 0053932 0205263 0205390 0279266 1279919 1292856 1300072 1306673 1948023 0332156 0456949 0205112 0439228 0441889 1292856 1948023
 0205216 1334700 0007589 1511938 2945687
 1514559 0311403 1159974 0007589 1511938 2945687 0915643 1415033 0053932 0279266 1548602 1704686
 1274040 1546471 2825142 2945730 0033684 0032214 0600138 0035820 1705810 2247140 0596290 0334094 1514485 0185117 2752630 1159974 0007589 0029418 0205088 0851285 1171947 1511938 1705314 1705315 2945687
 1705535 0017263 0851285 1327622 1511545
 0557061 2584313 1514811 1706462 0007585 0007634 0010453 0220814 0430400 1269647 1704653 1948049 2242979 0007600 0205132 0598079 1301820
 0205132 1550648 1552960 0022558 1826553 1999230 0004716 0205197 0725685 1314677 1553637 0015965 0229671 0230445 0521457 1305418 1546774 1550100 0242295 1947943 2348609 0439148 1519795 0439267 2347816
 0007634 3282337 0009458 0205197 0325564 0392747 0439536 0725685 1314677 1551720 1705217 3244283 0015965 0229671 0230445 0521457 1305418 1546774 1550100 0242295 1947943 2348609 0439148 1519795 0439267 2347816
 0007634 3282337 0009458 0205112 0325564 0439536 1314677 1551720 1705217 3244283 0543134 0598357 0036140 0037494 0037633 0205415 0206136 0525069 0007452 0015965 0229671 0521457 1140701 1546774 1550100 0242295 1947943 2348609 0439148 1519795 0439267 2347816
 1444656 0220806 0869011 1719918
 1510800 0086022 0442335 0915643 1415033 0053932 0279266 0001483 0001486 1552907 0915643 1415033 0053932 0086418 0279266 0205309 1418244 3146294 1552738
 0441513 1510800 0086022 0442335 0009219 0079941 0017446 0205147 0068319 0600091 0600091 0032520 0677874
 0001483 3146294 1524063 0039421
 0332255 0486805 0205144 1706311 0162326 0917792 0012854 1553778 1561491 1711411
 0243148 1550141 1882979 2587213 3274648 1273517 0001483 0001486 1552907 1552738
 1522508 0470187
 0204727 0205409 0220862 0007634 3282337 0007585 0007634 0010453 0220814 0430400 0439479 0555206 0872171 1269647 1704653 1948049 2242979 0036563 1705192 1882540 2346495 0033727 0369286 0441932 0564385 0009458 0439536 1705217 3244283 0444499 0015965 0229671 0230445 0521457 1305418 1546774 1550100 0242295 1947943 2348609 0439663 0475208 2698651
 0040223 3541383 0009450 0035668 0205409 1548221 1524063 0005507 0243073 1510438 0043193
 0020202 1300517 0007634 3282337 0439663
 0033727 0369286 0441932 0564385 0009450 0035668 0205409 0455052 1521827 1521840 1548221 2986546
 0020202 1300517 1524063 1449575 0002778 0237881 0750502 0936012 1524024 0009085 0002778 0936012 1524024 0206243 0699809 0439787 0849355 1552738
 0020202 1300517 0370003 2347026 0205174 1272695 2746065
 0439211 1273517 1883351 0728990
 0220781 1883254 0884358 1524063 0005507 0243073 1510438 0035379 0040646 1555029 2257077
 1514468 1720119 1948037 0332462 1880834 1709846 1550177 0032520 0040223 0237400 0392762 0677874 0728990 1273517 3272377 3541383
 2733022 0200931 0002778 0936012 1524024 1709846 1273517 1709450 1883351 0309276 0600091 0068319 0600091 0017337
 0745732 3272378 0470187 2733022 0200931 0002778 0936012 1524024 0206243 0699809 0439787 0849355 1524063 0035168 0242481
 1709697 2728259 3484370 0332283 1719822 2348028 0702093 1511572 1511572 0332283 0005971 1139930 3537155 0034754 1705179 1511572
 1273517 1442989 2828392
 0205174 0443286 1114821 0206243 0699809 0370003 0439787 0849355 2347026
 0370003 2347026 1414968 3536868 0017855 2260086 3244092 0428304 0456949 0017854 0030016 0031603 0031701 0185117 0441889 0456079 1547707 1601799 1882115 2946261
 0858952 0337051 0557351 0012238 1332838 0017337 1441547 1521840 2986546 3245521
 1709450 0004793 0086860 0162326 0162327 1179691 1293132 1519249 0444930 2746065 0206415 1273517 1883351 1332838 0017337 0309276 0600091 0068319 0600091 0600091 0243148 1550141 1882979 2587213 3274648
 1514468 1704444 0052908 0021135 0035681 1533691 2827718 2984241 0035668 0040649 0086597 0127400 1179691 1335439 0681850 1550501 1706203 2349001 2697811 0005507 0243073 1510438
 0035693 1979882 0035668 0205173 1705764 1705765 1704972 1704973 1309483 1333218 1514798 1707615 0681850 1550501 1706203 2349001 2697811 0073240 0439070 1705160 0012238 2349986 0027965 0332282 0302828 1442085 3263700
 0040669 0206243 0699809 0439787 0849355 1524063 0253711 0302828 1442085 3263700
 0162326 0470187 2348792 0040223 3541383 1552961 2347617 0439663 0007634 3282337 0258024 0006353 0024348 0370003 2347026 0071500 0017243 0071499 0439182 0812409 1708715
 0013855 1514893 2699488 0033684 0123400 0025255 0063412 0348011 0596901 1706182
 0025255 0006353 0028778 0233660 0332206 2983591 0041175 0006353 0036082 0077281 0814229 2348236 0005903 0039476 1547703 0700308 0033727 0369286 0441932 0564385 0309276 0600091 0182400 1704681 2347609 3536729 0005574 0068319 0600091 0003241 0702093 0332283 0456693 1442458 0702093 0003241 0019941 0027021 0031179 0330510 0522529 0939835 1110641 1318719
 0392148 0442726 1511790 1524063 1553037
 0007634 3282337 0001963 0231441 0443218 2827483 0702093 0991865 0808270 0006353 0031603 0031701 0036082 0040223 1548982 1601799 1632851
 1253961 0007634 3282337 0068941 0991865 0006353 0031603 0031701 0036082 0068940 0439509 1601799 0018019 0028778 0229671 0332206 1265549 1510458 1546774 1550100 2983591 2348236 0005903 0039476 1547703 0456693 1442458 0702093 0332283 0007634 3282337 0309276 0018019 0229671 0332256 0600091 1265549 1510458 1546774 1550100 2700400 0005574 0068319 0600091 0003241 0702093
 1548982 0007634 3282337 0003241 0005575 0027627 0175668 0205436 1439852 1708632 2700256 0456693 1442458 0702093
 0392148 0016315 0181839 0332128 1706379 1439852 0007634 3282337 0026381 0182400 0702093 2348236 0005903 0039476 1547703
 0038128 0003241 0243148 1550141 1882979 2587213 3274648 1639518 1947986 0205160 1273517 1513916 2825415 2825491
 1149888 1149880 0205177 0439167 0441655 1561536 0005507 0243073 1510438 1516048 1524063 0134796 0068854 0031603 0031701 1601799 0005507 0243073 1510438 1524063 0439962 0060085 0036140 0037494 0206136 1552738
 0007634 3282337 0205170 3146287 0036563 1705192 1882540 2346495 0005971 1139930 3537155 1510800 0001483 0086022 0439663 0442335 1444656
 0033727 0369286 0441932 0564385 0009450 0007634 3282337 0009458 0439536 0443224 1439852 1705217 2827486 3244283 0332256 2700400 0005507 0243073 1510438 0700308 0033727 0369286 0441932 0564385 0332283 0009458 0439536 1705217 3244283 0205170 3146287 1139930 1709027 0034754 1268822 1515981 1705179 2825050 0312860
 0370003 2347026 0034754 0456081 0007634 1269647 1704653 1948049 0009458 0205171 0439536 1705217 1720467 3244283 0243148 1550141 1882979 2587213 3274648
 0012634 0348080 1705253 0205174 1272695 2746065
 0557061 2584313 1514811 1706462 0309276 0600091 0068319 0600091 0017337 1551058 0547043 0851285 1282911 1521840 2986546 0537467 0053932 0279266 0915643 1415033 0053932 0279266 1518422 0053932 2610491 0033684 0262950 0391978 1266908 1266909 0026559 0527443 0053932 0279266 0537467 0053932 0279266 0915643 1415033 0053932 0279266 0015272 0085732 0205263 1159974 1820192 0007589 1334700 1511938 2945687 0021135 1533691 2827718 1515655
 1883351 0162340 0441712 1707455 0449774 0053932 0599660 0033684 0205449 0262950 0391978 1266908 1266909 1948023 2610491 0527443 0683454 0021966 0053932 0221138 0279266 0537467 0053932 0279266 0915643 1415033 0053932 0279266 0053932 0599660 0033684 0262950 0391978 1266908 1266909 2610491 0026559 1515146 0069675 0683454 0021966 0053932 0221138 0279266 0053932 0279266 0120285 0205170 0243148 1550141 1882979 2587213 3146287 3274648
 0150312 1317658 0449774 2348205 0053932 0279266 0243148 1550141 1882979 2587213 3274648
 1449575 0002778 0237881 0750502 0936012 1524024 0443289 0017337 0185117 0392747 0443172 0332462 1880834 0547043 0851285 1282911 0053932 0599660 0033684 0262950 0391978 0851285 1266908 1266909 2610491
 0282642 1706509 0017337 0018882 0205449 0229304 0419518 0445022 0600091 1704821 1705682 0309276 0600091 0068319 0600091 0600091 1704458 0547043 0851285 1282911 1332589 0751455 0017337
 1511726 3245479 1444656 0017337 0527443 0053932 0205263 0279266 0537467 0053932 0279266 0915643 1415033 0053932 0279266 0332462 1880834 1518422 0069675 0053932 0279266 0392760 1314939
 0069675 0053932 0279266 1547282 1883351 0029433 0231542 0031843 0182953 0205160 0220781 0262950 0391978 0439634 0542341 0700205 1266908 1266909 1513916 1522492 1704734 1704735 1705273 2825415 2825491 0206745 0025914 0025929 0026809 0015272 0005938 0177804 0178587 0262950 0391978 1266908 1266909
 0205117 0332282 1883708 0206243 0699809 0439787 0849355 0002778 0936012 1524024 1513400 1257975 0038250 0007634 0242767 1186763 1513143 3282337 1524063 0441088 0017337 0182400 0332256 2700400
 0007634 3282337 0439663 0035668 0205409 1548221 1709016 0020202
 0349966 1337208 1547282
 0450344 1553633 0522510 1710082 0871362 0205250 1299351 2700149 0243148 1550141 1882979 2587213 3274648
 1274040 1546471 2825142 0205170 0332306 0205448 0540682 1334469 1334470 0527443 0053932 0205263 0279266 0537467 0053932 0279266 0915643 1415033 0053932 0279266 0120285 1518422
 0020202 1300517 0370003 2347026 1517331 1880022 0009085 0002778 0936012 1524024
 0349966 1337208 1547282
 0450345 0185117 0068319 0600091 0017337 0915643 1415033 0527443 0007634 0053932 0279266 0547043 0851285 1282911 1948023 3282337 0332290 0332529 0007634 3282337
 0449911 0333052 2607870 0557702 1272706 1704674 0557702 1272706 1704674 0349966 1337208
 2827734 2981698
 0020792 0205396 0068319 0600091 0069675 0037083 0053932 0086597 0127400 0279266 0600091 3537152 1521840 2986546 1449575 0002778 0936012 1524024
 1257975 0038250 0007634 0242767 1186763 1513143 3282337 1510800 0001483 0086022 0439663 0442335 0527443 0053932 0279266 0537467 0053932 0279266 0915643 1415033 0053932 0279266 0120285 0033727 0369286 0441932 0564385
 0035668 0205409 1548221 1709016 0020202 1524063 0872345 0017337 0349380 1510451
 0871362 0522510 1710082 0068319 0600091 0600091 1521840 2986546 0540682 1334469 1334470 0053932 0599660 0033684 0205449 0262950 0391978 1266908 1266909 1707455 2610491 0243148 1550141 1882979 2587213 3274648
 2347469 0009085 0002778 0936012 1524024
 0035668 0205409 1548221 0007634 3282337
 0020202 1300517 0206243 0699809 0205174 0439787 0849355 0025664 0184661 1517586 1552738 2700391
 0540682 1334469 1883676 0243148 0439178 1446409 1514241 1550141 1882979 2587213 2825490 3274648 1547282
 0205117 0332282 1883708 1883351 1711411 0017337 0053932 0599660 2610491 0033684 0205263 0262950 0391978 1266908 1266909
 0557651 2603343 0915643 1415033 0053932 0205234 0279266 1285542 0150312 0915643 1415033 0053932 0279266 0205447 0205447
 0007634 3282337 0439663 0035668 0205409 1548221 1412113 1516077 0740116 2827735 2981700 0439086 2827736 2981702 1442466 0439228
 3244092 0017262 0185117 0441889 0456079 1547707 2946261 1709846 1550177 0032520 0040223 0237400 0392762 0677874 0936012 3272377 3541383
 0349966 1337208 1547282
 0740116 2827735 2981700 2347469 0017262 0185117 0332173 0439228 0439505 0444505 0370003 2347026
 0017262 0185117 0332156 0168634 1442488 1442466 0439228 0009450
 0040833 1521798 0007634 1441672 3282337 0349966 1337208
 0017262 0185117 0915643 1415033 0053932 0205263 0279266 0441889 0456079 1547707 2946261 0332173 0439228 0439505 1441672 0370003 2347026 0332462 1880834 0309276 0442805 0600091 0068319 0600091 0600091
 0332173 0439228 0439505 0009450 0017262 0185117 0332156 0205112 0441889
 0150312 0185117 1518422 0392747 0443172 0332462 1880834 0370003 2347026 1511726 3245479 1518422 1547282
 0205117 0332282 1883708 1883351 0428479 0441889 0456079 1547707 2946261 1292856 1948023 0915643 1415033 1524063 0949466 0002778 0936012 1524024 0005863
 0332290 0456947 0441889 0068319 0600091 2945730 0033684 0915643 1415033 0007634 0053932 0205250 0279266 1948023 3163633 3282337 0439228 0740116 2827735 2981700 0332156 0205112 0441889 0332173 0439228 0439505
 1883727 1883357 1709846 1550177 0032520 0040223 0237400 0392762 0677874 3272377 3541383 0949466 0002778 0936012 1524024 0005863 0309276 0600091 0068319 0600091 0600091 1279919 0915643 1415033 0037083 0053932 0279266 1521840 2986546 3537152
 0449911 0333052 2607870 0557702 1272706 1704674 0557702 1272706 1704674 0349966 1337208
 0740116 2827735 2981700
 0237944 1711411 0068319 0600091 0017262 1706509 0017337 0185117 0007634 3282337
 0718133 2733022 0200931 0002778 0936012 1524024 1709846
 2347469 0524984 0007634 3282337 0439663
 0035668 0040223 1444656 1516695 1516698 1632851 1709846 2733022 0200931 1550177 0002778 0032520 0040223 0237400 0392762 0677874 0936012 1524024 3272377 3541383 0681850 1550501 1706203 2349001 2697811 1524063 1553033
 0370003 2347026 1414968 3536868 0017855 2260086 0017854 0030016 0031603 0031701 0185117 1601799 1882115
 0443286 1114821 0205174 1272695 2746065
 0332462 1880834 0332849 0444686 1441506 1443182 0441889 0456079 1519595 1547707 2946261 0370003 2347026 2347469
 0949466 0002778 0936012 1524024 0005863
 0007634 3282337 0439663 0120285 0915643 1415033 0053932 0279266
 1881488 2348792 0040223 1444656 1516695 1516698 3541383 1552961 2347617 0949466 0005863 0002778 0936012 1524024 1705493 0681850 1550501 1706203 2349001 2697811 1524063 0003241 0068319 0600091 0600091
 0392148 0205208 0302909 0336721 1378566 1444656
 0175723 0336721 1444656 1708715
 0025664 0184661 2700391 1522508
 0007589 1511938 2945687 0017262 0598496 1706509 0017337 0086597 0127400 0185117 0332454 0600091 1136031 0858952 1274040 1546471 2825142 0947630 1444656 0017337 0053932 2610491 0033684 0262950 0391978 0851285 1266908 1266909 0450334
 0035820 1705810 0029433 0220781 0262950 0391978 0439634 1266908 1266909 1522492 1518422 0205309
 1883351 1518422 0333668 2350567 1280500 2348382
 1883351 1099354 1521840 2986546 1519595 1883254 0035693 1979882 0035668 0205173 1705764 1705765 1704972 1704973 0309276 0009219 0600091 0079941 0017446 0205147 0068319 0600091 0040649 1706509 0017337
 1514468 0012238 1309483 1333218 1514798 1707615 2349986 0681850 1550501 1706203 2349001 2697811 1099354 0332294 0035668 0337051 0521102 0678226 0700321 0963236 1425233 3540559 0683454 0021966 0221138
 0120285 1521827
 0337051 0205435 1279901 0013682 0392366 0037791 1511884
 0349966 1337208 1547282
 0439086 2827736 2981702 2347469 1099354 1521840 0017262 0017337 0185117 0600091 1099354 1518422 0001721 0017262 0185117 0949466 0005863 0002778 0936012 1524024 1705493 0487602 1704680 0450365 1706097 1524063 0443640 0003241
 0521093 0750484 0205177 0439167 0441655 1561536 1511726 3245479 1518422 1547282
 0449911 0333052 2607870 0557702 1272706 1704674 0557702 1272706 1704674 0349966 1337208
 0439086 2827736 2981702
 0021467 0021469 1628982 3463820 0017262 0017337 0185117
 2347469 0037791 1511884 1521840 0017337
 0007634 3282337 1099354 0035668 0521102 0678420 0700321 1705242 0332283 0009450
 0033727 0369286 0441932 0564385 0009450 0007634 3282337 0024348 0949466 0005863 0002778 0936012 1524024 1705493 0681850 1550501 1706203 2349001 2697811 0349966 1337208 1552738

 0392148 0205208 0302909 0336721 1378566 1444656
 0175723 0336721 1444656 1708715
 2347469 0007634 3282337 0439663 0441833 1552738 1999270 3537156
 0033727 0369286 0441932 0564385 0007634 3282337 0231441 0443218 2827483 0309276 0600091 2986582 1552846 0068319 0600091 1552846 0600091 1552846 0003241 3272928 0962948 0003241 0027627 0175668 0205436 0235665 0442726 0522529 1071616 1511790 0026381 0182400
 0016327 0439133 1553038 0021467 0021469 1628982 3463820 0678420 1099354 1521840 1706509 0017337 0007634 3282337
 0007634 3282337 1099354 0035668 0521102 0678420 0700321 0332283 0009450
 1442765 0439228 1442466 0439228 0073187 0016327 0439133 1553038 0007634 3282337 1149888 0002059 1149880 1318717 0031678 0205177 0439167 0441655 1148554 1561536 1979842 0681850 1550501 1706203 2349001 2697811 0487602 1704680 1515981 0005507 0243073 1510438 0016327 0439133 1553038 0025664 0184661 1517586 1552738 2700391
 0439267 0021467 0021469 1628982 3463820 0453882 0678420 1099354 1521840 0205448 1706509 0017337
 0040669 0025664 0184661 2700391 0445247 0441833 1552738 1999270 3537156 0332300 0453882 1273517 1883351 0007634 3282337
 1149888 0002059 1149880 1318717 0031678 0205177 0439167 0441655 1561536 1979842 0332173 0439228 0439505
 0012634 0348080 1705253 0205174 1272695 2746065
 2825142 1274040 1546471 1547282
 0439962 1099354
 0439962
 0439962
 0439962
 0025664 0184661 2700391 1522508
 0205117 0332282 1883708 0678420 0007634 3282337 0439663
 1149888 0002059 1149880 1318717 0031678 0205177 0439167 0441655 1561536 1979842
 0002059 1318717 0031678 1149880 1979842 0029418 0205250 1171947 0005516
 1442765 0439228 1442466 0439228 0009450 0007634 3282337 0231441 0443218 2827483 1149888 0002059 1149880 1318717 0031678 0205177 0439167 0441655 1561536 1979842 0442726 1511790
 0349966 1337208 1547282
 0439086 2827736 2981702 0073187 1293116 1875307 1521840 0309276 0600091 0068319 0600091 0007600 0007634 0205132 0600091 1269647 1704653 1948049 0392756 1149888 0002059 1149880 1318717 0031678 0205177 0439167 0441655 1561536 1979842 0205171 1720467 1099354 0035668 0120285 0392760 0439962 0521102 0700321 1314939
 1274040 1546471 2825142 1301820 1149888 0002059 1149880 1318717 0031678 0205177 0439167 0441655 1561536 1979842 0444706 3541902 1524063 0005507 0243073 1510438 0349966 1337208 0016327 0439133 1553038
 0007634 3282337 1293116 1875307 1521840 0309276 0600091 0068319 0600091 0600091 0439083 0439087 1274040 1546471 2825142 0547047 1149888 0002059 1149880 1318717 0031678 0205177 0439167 0441655 1561536 1979842 0205216 0392756 0442797 0007634 3282337 1099354 0035668 0120285 0439962 0521102 0700321
 0040833 1521798 0007634 0205397 3282337
 1149888 0002059 1149880 1318717 0031678 0205177 0439167 0441655 1561536 1979842 0007634 3282337 0311403
 1517331 0392366 0453882 1521840 0017337 0015272 0021467 0021469 1628982 3463820
 0349966 1337208 1547282
 0453882 0678420 1099354 1149888 0002059 1149880 1318717 2267000 0031678 0205177 0301630 0392756 0439083 0439087 0439167 0441610 0441655 1561536 1979842 1274040 1546471 2825142 0439962 0442799 0678420
 2607943 2926606 3539655 0332149 1705910 2362652 1705241 1705242 0439801 1549649 2349209 0021467 0021469 1628982 3463820 0453882 1273517
 1707959 0040669 0442799 0915643 1415033 0038164 0033684 0053932 0279266 1327616 1515981 0001721 0007634 3282337 1518422 0007634 3282337
 2607943 2926606 3539655 1705535 2945730 0033684 0032214 0600138 0035820 1705810 0037083 3537152
 0185117 0018790 0237477 0392351 0521111 0007589 1511938 2945687 0681814 0017337 0127400
 0449247 0017337 0040223 0185117 0205449 0600091 0750729 1511726 1527178 1705938 3245479 3541383 0017262 0242356 0993637 1706509 0450345 1280500 2348382 0596997 0450348 0017262 0185117 0018790 0237477 0392351 0521111 0007589 1511938 2945687
 1883351 1514559 0018790 0237477 0392351 0521111 0007589 1511938 2945687
 2827421 1510800 0086022 0442335 0309276 0025914 0025929 0026809 0600091 0068319 0600091 0600091 0963236 1425233 3540559 0683454 0021966 0221138
 0017262 0185117 0949466 0005863 0521093 0002778 0750484 0936012 1524024 1705493 1511726 3245479 1518422 1547282
 0335038 1522485 1705915 1709908 0013682 0030695 0150369 0181904 0596972 1521743 1704646
 0349966 1337208 1547282
 0450373 1553636 0042776 0521026 0085732 1299581 0007634 3282337 0475208 1273517
 0449911 0333052 2607870 0557702 1272706 1704674 0557702 1272706 1704674 0349966 1337208

 0021467 0021469 1628982 3463820 0185117 0017337
 1510800 0086022 0442335 0017337 0683454 3146294 1524063 0039421
 0017262 0185117 0005863 0521093 1511726 3245479 1518422 1547282
 0017337 0042776 0521026 0120285 1160185
 0007634 3282337 2713348 0042776 0205449 0439663 0445247 0475208 0521026
 0185117 0033727 0369286 0441932 0564385 0009450 1524063 0026022 0016315 0026018
 0007634 3282337 2347469 0007634 3282337 0439663
 1442765 0439228 2347469 1442466 0439228 0009450 0007634 3282337 1149888 0002059 1149880 1318717 0031678 0205177 0439167 0441655 1148554 1561536 1979842 0681850 1550501 1706203 2349001 2697811 0487602 1704680 2347469 1553033 1515981 0005507 0243073 1510438 0073187 0025664 0184661 1517586 1552738 2700391
 1883351 1280500 2348382 0205177 0439167 0441655 1561536 0915643 1415033 0007634 3282337
 1442765 0439228 1442466 0439228 0009450 0007634 3282337 0231441 0443218 2827483 1149888 0002059 1149880 1318717 0031678 0205177 0439167 0441655 1561536 1979842
 0349966 1337208 1547282
 2347469 1149888 0002059 1149880 1318717 0031678 0205177 0439167 0441655 1561536 1979842 0007634 0311403 3282337 0439663 1301751 1280500 2348382
 1274040 1546471 2825142 1301820 1149888 0002059 1149880 1318717 0031678 0205177 0439167 0441655 1561536 1979842 0444706 3541902 1524063 0005507 0243073 1510438 0349966 1337208 0073187
 0007634 3282337 0275524 0009450 0547047 1708698 1149888 0002059 1149880 1318717 0031678 0205177 0439167 0441655 1561536 1979842 0450377 2986754
 0185117 0068319 0600091 0068319 0007634 0600091 3282337 0392756 1149888 0002059 1149880 1318717 0031678 0205177 0439167 0441655 1561536 1979842 0450378
 1274040 1546471 2825142 1441672 1550176 1948031 0681814
 1514559 0068319 0600091 0205171 0439044 0679994 1518422 0001721 1149888 0002059 1149880 1318717 0031678 0205177 0439167 0441655 1561536 1979842 1511726 3245479 1518422 1547282
 1883727 1883357 2607943 2926606 3539655 1705535 0017262 0185117 0018790 0237477 0392351 0521111 0007589 1511938 2945687
 0017262 0017337 0185117 0915643 1415033 0053932 0205250 0279266 0694891 0205447 0441471 3541888 0205169 0162340
 1883351 0694891 0032214 0600138 0035820 1705810 1524063 0332185 0684224 0700287 3496591 0205132 1550648 1552960 0694891
 0332453 0007600 0007634 0205132 1269647 1550648 1552960 1704653 1948049
 0439663 0205132 1550648 1552960 0205132 1550648 1552960
 0035668 1709846 2733022 1718396 0200931 0309276 1550177 0002778 0032520 0040223 0237400 0392762 0600091 0677874 0936012 1516695 1516698 1524024 3272377 3541383 0068319 0600091 0185117
 0349966 1337208 1547282
 0439084 0728893 2347469 0915643 1415033 0053932 0279266 0205263 0332462 1880834 0450346 0017262 1706509 0017337 0185117 0205449 0442805 0600091 0205132 1550648 1552960 0007634 0694891 1518422 3282337 1705535 0694891 0032214 0600138 0035820 1705810
 0449911 0333052 2607870 0557702 1272706 1704674 0557702 1272706 1704674 0349966 1337208
 0439084 0728893
 0185117 0851827 1701901 3244310 0032214 0600138 0035820 1705810 0007589 1511938 2945687
 2347469 0694891 0694891 0439663
 0035668 1709846 2733022 0200931 1550177 0002778 0032520 0040223 0237400 0392762 0677874 0936012 1516695 1516698 1524024 3272377 3541383 1524063 0206415 0600680 1441547 3245521 0017446 0205147 0309276 0086418 0600091 0068319 0600091 0017337 0349966 1337208 1552738
 0740116 2827735 2981700
 0596290 0005507 0007634 0243073 0334094 1269647 1510438 1514485 1704653 1948049
 0007634 3282337 1510800 0001483 0086022 0439663 0442335 1444656 0033727 0369286 0441932 0564385
 2986858 0005507 0243073 1510438 0206243 0699809 0439787 0849355 1439852 0007634 3282337 0005507 0243073 1510438 0700308 0033727 0369286 0441932 0564385 0332283 0034754 1268822 1705179 2825050 0312860
 0073187 0005507 0243073 1510438 1149888
 0007634 3282337 1520007 0086022 0439663 0442335 0521026 1444656 0441833 1552738 1999270 3537156
 0005507 0243073 1510438 0332173 0439228 0439505 1272695 2746065 0009450 0349966 1337208 1552738
 0439086 2827736 2981702
 2825142 1274040 1546471 1547282
 0017262 0185117 0033414 0596290 0334094 1514485 3463820 0332128 0021467 0021469 1628982 3463820 0442805 1274040 1546471 2825142 1537044 0205177 0334094 0439167 0441655 1561536 0018956 0007634 3282337
 0205177 0334094 0439167 0441655 1561536 1149888 0002059 1149880 1318717 0031678 0205177 0439167 0441655 1561536 1979842 0439663 1524063
 1442459 0439228 0009450 0449249 0871208 1521828 0596290 2986858 0005507 0007634 0243073 0334094 1269647 1510438 1514485 1527178 1704653 1705938 1948049
 0349966 1337208 1547282
 1293116 1875307 0442805 2937276 2945599 1274040 1546471 2825142 0033268 0312860 0558058 1268822 2825050 1292856 1948023 0915643 1415033 0392756 0547047 1708698 2937276 2945599 0033268
 0185117 1706509 0017337 1861886 0442805 1708698 0033268 0120285 0243148 1550141 1707455 1882979 2587213 3274648
 0681814 1149888 0002059 1149880 1318717 0031678 0205177 0439167 0441655 1561536 1979842 1520007 0036849 0086022 0439663 0442335 0445247 0521026 1442518 1705195
 0349966 1337208 1547282
 0205171 1720467 0007634 3282337 0015272 0442805 0007634 3282337 0439663 1149888 0002059 1149880 1318717 0031678 0205177 0439167 0441655 1561536 1979842 1631070 0007634 0205216 0392756 0442797 3282337 0205171 0439044 0439663 0679994
 2607943 2926606 3539655 1705535 0017262 0185117 0033414 0596290 0007634 0334094 1269647 1514485 1704653 1948049 0018790 0237477 0392351 0521111 1159974 2752630 0007589 1511938 2945687
 0021467 0021469 1628982 3463820 0309872 0033684 1293116 1875307 1555029 1422634 0683454 1336596
 0007634 3282337 0205435 1279901 0086022 0442335 1422634 0017337 0275524 0332283 0009450
 1442765 0439228 0009450 1518422 0442726 0442805 1171362 0033684 0185117 0205101 0205228 1707455 1511726 3245479 1518422 1547282
 1261322 1552578 0027552 0686904 2607943 2926606 3539655 1705535 0205396 1550043 1551388 1521761 2827422 2945730 0033684 0600091 0029433
 1514811 1706462 0332185 0527443 0053932 0279266 0537467 0053932 0279266 0915643 1415033 0053932 0279266 1882932 0053932 0599660 0033684 0262950 0391978 1266908 1266909 2610491
 0683941 0002778 0936012 1524024 0017337 0185117 0205171 1720467 0053932 0599660 2610491 0033684 0262950 0391978 0851285 1266908 1266909 0150312 0309276 0600091 0068319 0600091 0600091 0547043 0851285 1282911 0017337 0537467 0053932 0279266 1292856 1948023 0915643 1415033
 0684224 0700287 3273238 0557651 2603343 0007589 1511938 2945687
 1274040 1546471 2825142 0309276 0600091 0068319 0600091 0600091 1279919 1521840 2986546 0017337 0185117 1883351 0915643 1415033 0007589 0053932 0205263 0279266 0851285 1511938 2945687
 1274040 1546471 2825142 1705535 3161035 2945730 0033684 0032214 0600138 0035820 1705810 0349966 1337208
 1292856 1948023 0851285 1327622 0068319 0600091 0017262 0017337 0185117 0033414 0596290 0334094 1514485 0521115 0018790 0237477 0392351 0521111 2698977
 0205087 0053932 0205390 0279266 1292856 1300072 1306673 1948023 0017262 0185117 0332156 0205112 0441889 0456079 1547707 2946261 0023636 0329040 2752630 1159974 0007589 1511938 2945687 0349966 1337208
 0332290 0557651 2603343 0450355 0185117 1260953 0007589 1511938 2945687 0443318 2732140 1155711 0282116 0253050 1367307 0040648
 2752630 1817617 0007589 1511938 2945687 0309276 0600091 1441672 0025914 0025929 0026809
 0449911 0333052 2607870 0557702 1272706 1704674 0557702 1272706 1704674 0349966 1337208

 0185117 0007589 1511938 2945687
 0053932 2610491 0033684 0262950 0391978 1266908 1266909 0026559 0205263 1279919 0017262 0185117 0033414 0596290 0334094 1514485
 0185117 0541749 0007634 3282337 2752630 0007589 0205088 1171947 1511938 1705314 1705315 2347840 2945687
 0915643 1415033 0053932 0279266 1882932 0205447
 1517918 0751608 1517914 1517162 0006556 0015965 0023621 0023884 0025914 0025929 0026809 0205396 0521457 0736268 1278929 1550043 1551388 2346688 0915643 1415033 0053932 0279266 0205250 1517914 0023884 0025914 0025929 0026809 0736268 1278929 2346688 0915643 1415033 0053932 0086418 0279266 1514798 3156633 0334094 1514485
 0915643 1415033 0053932 0279266 0032214 0600138 0035820 1705810 0220781 0439634 1522492 0205263 0857127 1515981 2610689 0024501 1326961 0017725 0019868 0205170 3146287
 1955473 0915643 1415033 0053932 0279266 0015272 0205177 0439167 0441655 1561536 0021135 1533691 2827718 1515655
 0441712 0029433 0750600
 0557651 2603343 1705810 2945730 0033684 0035820 0205234 0205245 0205449 0542341 0600091 1285542 2700217 0007589 1511938 2945687
 0332148 0750492 2607943 2926606 3539655 1272460 1706839 0527443 0053932 0279266 0530979 0053932 0279266 0537467 0053932 0279266 0083867 1332428 0053932 0279266
 0947630 1705535 0309276 0600091 1550500 1521840 2986546 0439509
 0013879 0205342 0309276 0086860 0205396 0600091 1550043 1551388 1149356 0013879 0243122 1145667 1167622 0017215 0004793 0162326 0162327 1519249 0238767 1706086 1145667 1167622 1414988 1416962 1416963 0439509
 0053932 2610491 0033684 0262950 0391978 1266908 1266909 0026559 0547043 1282911 0185117 0309276 0428479 0441889 0851285 0871261 1704632 1706817 2911692 0423866 2626739 0040691 1527194 0014597 1273342 0007634 0221908 3282337
 0035143 0040691 1527194 1334468 1566790 0919432 0220781 1883254
 0017337 0053932 0599660 2610491 0033684 0262950 0391978 0851285 1266908 1266909 1257975 0038250 0007634 0242767 1186763 1513143 3282337
 0035820 1705810 0231337 1999167
 1514559 0185117 1363844
 1155872 0851285 1327622 2945730 0033684 1704675 0080113 0033684
 1517945 0031437 1285572 1417775 0205391 0334094 1514485 0007589 1511938 2945687 0162638 0332197 2699517
 0332453 0231175 1883351 1705810 0035820 1160401 0243107 0678723 1527148 1313915 0205177 0439167 0441655 1561536
 0003062 0015272 0151686 0018270 0220844 1621966 2911660 0453882 3151529
 1707478 0309276 0600091 0068319 0600091 0600091 1279919 0037083 0053932 0279266 1521840 2986546 3537152 1514468 0032214 0600138 0035820 1705810 0029433 0220781 0262950 0391978 0439634 1266908 1266909 1522492 0017262 0185117 0018790 0237477 0392351 0521111 0007589 1511938 2945687 0053932 2610491 0033684 0262950 0391978 1266908 1266909 1548602 1704686 0683454 0915643 1415033 0021966 0053932 0221138 0279266
 0947630 0439851 1947931 1280500 1514559 1521761 2827422 2945730 0033684 0600091 0032214 0600138 0035820 1705810 1257975 0038250 0007634 0242767 1186763 1513143 3282337
 2825232 0043227 0449719 1521721 1709471 0260206 0018173 0016617 0016617 0035168 0242481 0016617
 0010186 0220812 0449719 1709471 0220808 0680264 0007961
 1706852 0522501 1706089 0949214
 0205155 1293097 1522472 1552923 1705191
 0221193 1880177 0043227
 1709854 0027468 0018684 0021622 3245503 0598211
 0282413 0376649 1442065 0000872 0565990 1552471 0008044 0041740 0205099 0205476
 0108844 0008044 0020898 0021764 0022271
 0254343 0796520 3272379

 0085205 1549619 1880669
 0013849 1705961 0024492 1538057 1547565 0038894 0038895 0059804 0543467 0000723 1273517 0053932 0279266 0053932 2610491 0033684 0262950 0391978 1266908 1266909 0026559
 0002059 1318717 0031678 1149880 1979842 0002059 1318717 0031678 1149880 1979842
 1510800 0086022 0442335 0053932 2610491 0033684 0262950 0391978 1266908 1266909 0026559
 0120285 0120285 0033684 0303920 0332583
 0282642 0018882 0229304 0419518 0445022 1527178 1704821 1705682 0288972 0033684 0282642
 0600091 1511940 1999216
 1136031 1136031 0035668 0521102
 1099354 0035668 0521102 0700321 1099354 0035668 0521102 0700321
 1709846 1550177 0032520 0040223 0237400 0392762 0677874 3272377 3541383
 0040691 1527194 1295487
 0086792 0009452
 2986676 0004716 1999230 1258005 0007634 3282337
 2986676 1999230 0006556 0599566 0086022 0442335 1336596
 1514811 1706462 0557061 2584313 1514811 1706462 2347469
 0205090 0684010 2603358


 2347961


 0025141 0369637 0441923
 0205090 0684010 2603358 0439114 2603360 2603360 0439267

 1315013

 0025141

 0439394 1706495 3642217
 0369637 0441923
 0205090 0684010 2603358
 0205090 0684010 2603358


 0036397 0025141 2347469
 0439394 1706495 3642217

 0025141
 0369637 0441923
 0150312

 0025141
 0033727 0369286 0441932 0564385
 2347961
 0025141 1080058 0205090 0684010 2603358
 0597277 1708601

 0369718 0441922 1553036

 0268596 2700624
 3642273
 0450388 0025141
 0369637 0441923


 0442027
 3642273

 2827734 2981698 0025141 0439267

 1414672 2984892 0025141 0442999 1621797 0016327 0439133 1553038

 0025141 0033727 0369286 0441932 0564385 0014518 0205456 0369773 2603361
 0033727 0369286 0441932 0564385 0597277 1708601
 0262950 0391978 1266908 1266909 0025141
 0033727 0369286 0441932 0564385 0597277 1708601 0014518 0205456 0369773 2603361
 0349590 1262865 0025141

 2347961

 0025141
 0439394 1706495 3642217
 0007634 1269647 1704653 1948049 0025141 0033727 0369286 0441932 0564385 0016327 0439133 1553038
 0205090 0684010 2603358
 0439394 1706495 3642217 0033727 0369286 0441932 0564385
 0033727 0369286 0441932 0564385 0369718 0441922 1553036 2347469 0369773 2603361
 0369773 2603361 0562547 3160718
 0369773 2603361 2603360


 3541227

 0025141 0038817 0376223 0369637 0441923
 0033727 0369286 0441932 0564385 0033727 0369286 0441932 0564385
 0439267
 2603360 0033727 0369286 0441932 0564385
 0033727 0369286 0441932 0564385
 0369773 2603361 0369773 2603361 0562547 3160718
 0337841 3495095 0205090 0684010 2603358
 1553033 2603360
 0033727 0369286 0441932 0564385 3495095 0038817 0376223 0369637 0441923
 0033727 0369286 0441932 0564385 0033727 0369286 0441932 0564385
 0033727 0369286 0441932 0564385 0562547 3160718
 0205090 0684010 2603358
 1553033 2603360

 0007634 1269647 1704653 1948049

 0439083 0439087 0025141 2603360
 0205090 0684010 2603358 0369637 0441923
 1418943

 0268596 2700624
 3642273

 2603362

 0439083 0439087 0000857 0600678 1552863 2603360 0155685 0369718 0441922 1553036 3613423 2603360
 2603360


 0000857 0600678 1552863


 0201682
 0205090 0684010 2603358
 1415895 2347469
 0597277 1708601
 0033727 0369286 0441932 0564385
 0016327 0439133 1553038 0369637 0441923
 1553033 2603362

 0240346
 2347379
 0025141 0999213
 0205090 0684010 2603358
 0027960 0324740 0439189 1456781 1824986
 0007634 1269647 1704653 1948049 0025141 2347469
 0205090 0684010 2603358 0439267 2603360
 0036397 0025141


 3642273
 0369637 0441923
 2347469 0205090 0684010 2603358
 0040833 1521798
 0025141 0369773 2603361 0439394 1706495 3642217 0016327 0439133 1553038 0439267 0683432 1424053
 2603362
 0597277 1708601
 2347469
 1418943

 0268596 2700624
 3642273

 2603362

 2603360
 0035561 0439394 1706495 3642217
 2603360 1006780 0597277 1708601
 2347469
 1418943

 0268596 2700624
 3642273

 2603362


 0439267 0205090 0684010 2603358 0439267
 1418943

 0268596 2700624
 3642273

 2603362

 2603360 0369637 0441923
 0150593 0439394 1706495 3642217
 2603362
 0597277 1708601 0597277 1708601
 0369637 0441923

 0325074
 0025141

 2347961



 0740116 2827735 2981700 0025141
 0179874 0021966 0221138 0554249
 0007634 1269647 1704653 1948049 0025141 0332239
 0439114 0205090 0684010 2603358 2347469
 0205090 0684010 2603358
 0439114 0681926 0597277 1708601 0205090 0684010 2603358
 0349590 1262865 0025141 0872005

 0016327 0439133 1553038
 0205090 0684010 2603358
 1080058 0205090 0684010 2603358
 2603362
 0014137 0000857 0600678 1552863 0205090 0684010 2603358
 0439394 1706495 3642217

 1080058 2603362
 0023418 0025141 0021966 0221138 2347469 0205090 0684010 2603358 1080058 0205090 0684010 2603358

 0597277 1708601
 0036397 0999213 1553033 0597277 1708601
 0033727 0369286 0441932 0564385 0439394 1706495 3642217 1706917
 0205090 0684010 2603358 2603360 0439394 1706495 3642217 1553033 0335371 0369637 0441923


 0369773 2603361 0439394 1706495 3642217 2347469 0021966 0221138 0766022 2603362
 0439114



 0025141 0439267
 2603360

 2603362
 2347469 0051767 0057671

 0597277 1708601

 0016327 0439133 1553038


 2603360 2603360 2603360 0369718 0441922 1553036 0205090 0684010 2603358
 0007634 0017337 3282337 0439114 0014518 0205456 0369773 2603361


 0201682
 2603360 0035853
 0439394 1706495 3642217 0016327 0439133 1553038


 0201682
 0369718 0441922 1553036 2603360


 0439267 2758676
 0349590 1262865 0025141
 0349590 1262865 0025141 0332239

 0205090 0684010 2603358 0205090 0684010 2603358
 0027960 0324740 0439189 1456781 1824986
 0007634 1269647 1704653 1948049

 0000857 0600678 1552863 0369773 2603361
 0349590 1262865 0025141 0205090 0684010 2603358
 0205090 0684010 2603358
 0369773 2603361 0205090 0684010 2603358
 1081327
 0020964 0025141