 0123658 1334140 0021655 2700570 0034818 1334133 0021641 0237834 1514892 1533581 1579433 0332325 0036720

 1704729 0036378 0036375 0006037 0024874 0034036 0034037 1514756 1704324 0348078 0376315 1515981 1522492 1527075
 0520510 0557061 2584313 1514811 1706462 0031715 1158886 1522618 0441712 1706376
 0205419 0205543 1691010 1883351 0020205 0814229 1883351 0031727 2945843 1519063 0205145 0034818 1710236 0034818 0123658
 1524063 0034818 0123658 3540252 0248813 0872123 0872053 1334482 1367019 0031727 1707271 1367731 1705632 1948052 1547282 0031715 1158886 0205145 1515974 2825164 0205410 1623517 1149501 0597358 1623518 0243122 1145667 1167622
 1517331 1519063 0031715 0205145 1158886 1515974 2825164 1547282
 0031727 0021655 2700570 0332325 0021641 0237834 1514892 1533581 1579433 1517892 1704666 0028778 0332206 1533157 1706084 2828370 1149501 1623517 1623518 0597358 0243122 1145667 1167622 0233535 0441712
 1257988 0003241 0162326 1282914 1273517 1883351 0205145 2347946 0012634 0348080 1705253
 0031715 1158886 0205145 0033414 0677626 0007634 0023903 2239176 3282337 0034760 0205309 1883351 0033414 1519253 0031715 1158886 0332257 0039654 0000975 0767601 0003082 0054549 0597861 0021641 1533581 1579433
 0003241 1547282 0599779 0003062 0028754 0205217 0442805 1963185 3161035 0021655 2700570 0021641 0237834 1514892 1533581 1579433 0332257 0025933 0025914 0025929 0026809 0028754 1963185 0020459 0205263 0857127 1515981
 2607943 2926606 3539655 0031715 1158886 1704675 0150312 0332285 2348042 2826345 1515655 0021655 2700570 0332325 0021641 0023175 0237834 1442948 1514892 1522538 1533581 1579433 2348269 3275067
 0520510 0557061 2584313 1514811 1706462 0021655 2700570 0021641 0237834 1514892 1533581 1579433 0012634 0348080 1705253 0231175 1883351 0021641 0175630 1533581 1579433
 0017398 0017399 0032214 0600138 0035820 1705810 2963144 0015127 1314792 1882932 1517892 1704666 3245503 0014499 0220823 0011860 1320657 0441730 0011847 0011849 0332307 1547052
 0028754 1963185 0012155 1442959 1519433 2983588 1532253 0023676 0033414 0021655 2700570 0021641 0237834 1514892 1533581 1579433 0015259 1522704 0043096 2911645 0005910 0043100 1305866 1517945 1705104 1555029
 0028754 1963185 0021655 2700570 0021641 0237834 1514892 1533581 1579433 0332281 0436331 0020538 1963138 0020473 0243107 0678723 1527148 0011860 1320657 0441730 0011847 0011849 0332307 1547052
 0205543 1691010 1883351 0311400 1524026 2707259 1262289 0039082 1882932 0014499 0041703 1301808 0166872
 0027361 0237401 1281905 0035647 0205217 0442805 0277564
 1704259 1705987 2986575 0028754 1963185
 0127400 0021655 2700570 0021641 0237834 1514892 1533581 1579433 2607943 2926606 3539655 0035820 0079189 1524094 0079189 1524094 0015688 1519253 0031715 1158886
 0021368 0441712 1519253 0034818 0074377 0202098 0428405 0456947 0021641 0031715 0036720 0040005 0441889 0456079 0597357 1158886 1533581 1547707 1579433 2700387 2946261 0034818 1334133 0021641 0597357 1533581 1579433 1710236 1999230 1522618 0441712
 0332290 0036077 1555029 1519253 0031715 1158886 0034818 1334133 0021641 0597357 1533581 1579433 1710236 0028754 1963185 0012155 1442959 1519433 2983588 3161035
 0034818 0033681 0031727 0041485 0021641 1533581 1579433 1519253 0031715 1158886 0033684
 0072402 0031727 1314939 1707310
 0086597 0007634 0021641 0178539 0205392 0441472 1533581 1579433 3540770 0332257 1552866 2700399 1425569 1706586 0211705 0248441 0044602 0089793 0033640 0031621 0031727 0033684 0851827 1701901 3244310 0164786 0812228 0285558 0377800 1307407 1414805 1136240 0073337 0031727 0244989 3539645 3539645
 1514559 0018790 0237477 0392351 0521111 0037083 3537152 1879547 1705535 0031727 0086597 0037083 3537152 0032214 0600138 0035820
 0034818 0034818 1334133 0021641 0597357 1533581 1579433 1710236 0040005 0871261 1704632 1706817 2911692 0021641 1533581 1579433 1999230 0441712 1706376
 0456947 0441889 0007634 0205217 0442805 3282337 0012634 0348080 1705253 0332152 0333051 1522538 0425245 0449580 0013855
 1704240 0205145
 0123658 0332256 2700400 0036720 0040005 1709915 1882936 1999230 3245505
 0424295 0123658 0069389 0001128 0202406 0054549 0597861 0040005
 0031678 0677601 0255156 1704708 0369880 1418858 1826646 0678587 0205361 1301808 1442792 3148680 0012634 0348080 1705253 1442162 1550718 3244317 0205342 0449913 1553451 1704459
 0014653 0205415 0560184 0072402 0031678 1149880 2347946 3463820
 1274040 1546471 2825142 0445247
 1519253 0031715 1158886 0037083 3537152 0243107 0678723 1527148
 0037083 3537152 3463820 0072402 1414387 0031727 1879547 0031678 1149880
 1167395 1547282 1883351 0599946 0030281 0021641 0441472 1533581 1579433 3266814 0332257 0164786 0285558 0377800 0033640 0031727 0033684 0450355 0001497 0033640 0031727 0033684 0657318 0244989 0439509 0108555 0054846 0007332 0031727 1150587 1367731 1705632 1307407 1414805 0044602 0389995 1335631 0031727 0031727 1420279
 1519253 1515418 1519254 0449604 0031715 0205145 1158886 1519063 0205396 1550043 1551388 0021135 1533691 2827718 0332257 1552866 2700399
 0031715 1158886 0557651 2603343 0205393 0441712 1706376
 0205396 1150587 1367731 1521840 1550043 1551388 1705632 2986546 0007634 3282337 0150312 1883351 0205170 3146287 0007634 3282337 0041368 1323304 1456820 0332293 0333516 0039654 0048451 2825188 0021641 1533581 1579433 0021665 0202220 0037657 1753359 0018284 0018270 0021641 0220844 1521761 1533581 1579433 1621966 2827422 2911660
 0150312 1883351 1515657 1515655 0242692 1280260 0026845 0037253 0086418 0521324 1515981
 1547282 0031715 1158886 0028778 0332206 1533157 1706084 2828370 1149501 1623517 1623518 0597358 0243122 1145667 1167622 0681814
 1948052 1273517 0025663 0449851 0871511 0036720 0123658
 1547282 0007634 3282337 1515655
 0520510 0520510 0557061 2584313 1514811 1706462 0034760 0869011
 0700256 1421165 1421168 1333223 1705129 1861281 3540595 2240229 0022959 1510411 1999230 1167395 1273517 0947630
 0022959 0032136 1510411 2827421 1524063 0125995 0000975
 1883351 0597295 0815043 0872079 1527118 0033684 1704675 1333223 1705129 1861281 3540595 0001771 0017725 1883254 0005971 0439228 1139930 3537155
 0439158 0001771 0017725 1139930 1883254 0439583 0001771 0016945 0034632 1139930 1883254 0005971 3537155 0439228 0205263 1517332 1171362 0185117
 1706214 3244320 0005507 0243073 1510438 0392747 0752172 0599647 0020205 0025663 0036025 0043392 0043393 0205448 0449851 0717551 0871511
 0007634 3282337 1510411 0031727 1709915 1882936 2827421 0868928 1515981 1533148 0032136
 1441547 3245521 0032136 0598079 0017446 0205147 0525021 0475264 0521447 1710082 1744691
 0031727 0032136 0332257 0244989 0663914 1150571 0663914 1150571 1120843 3539645 1418928 3539645 3539645
 0017725 1139930 1548787 1883254 1442459 0439228
 0439158 0017725 1139930 1883254 1439852 0439583
 1139930 1947930 1439852 0439583 1947930 1439852 1442466 0439228 0205263 0185117 0162768 0033684 0332466 1293131
 0677626 0007634 0023903 2239176 3282337 0009458 0439536 1314677 1705217 3244283 0332256 2700400 0017725 0007452 0015965 0018837 0229671 0521457 1140701 1546774 1550100 1719918 2347816
 0681814 0007634 3282337 0229671 1546774 1550100 0086418 2348531 0332256 2700400 0036774 0036773 0728877 0001924 0007452 0229671 1140701 1546774 1550100
 0039798 0087111 1522326 1533734 1705169 3538994 0007634 3282337 1548982 0991865 0006353 0031603 0031701 0036082 1601799 0332256 2700400 0031493 0016327 0003641 0064858 0053140 0037568 0042305 0017861 0031603 0031701 1601799 0037508 1366571 1705592 0051721 0002611 0066695 0074764 0034320 3252566 0013714 0024348 0019215 0037494 1959973 0031493 0016327 0003641 0064858 0053140 0037568 0042305 0017861 0031603 0031701 1601799 0037508 1366571 1705592 0051721 0002611 0066695 0074764 0034320 3252566 0013714 0017861 0146951 0133689 0242759 0037500 0037473 0086123 0597484 2678549 1882074 0020283 0450407 0450408 0450409 0021069 0681814
 0085080 0030281 1514760 0007634 3282337 0117953 0009458 0016327 0439133 0439536 1314677 1553038 1705217 3244283 0007452 0015965 0229671 0521457 1140701 1546774 1550100 0242295 1947943 2348609 0392148 0052009 0017797
 0007634 3282337 1524063 0916399 0681834 0036397 0185125 2362085 0123658
 0007634 3282337 0086418 1439852 0229671 1546774 1550100 2348531 0439583 0456693 1442458 0332293 0702093 1522326 0003082 0054549 0597861 0027960 0324740 0439189 1456781 1824986 0702093 1515981 0021641 1533581 1579433 0024348 1282910 1552828
 0025914 0025929 0026809 0243148 1550141 1882979 2587213 3274648 0015663 0439583 0456962 0681205
 0557651 2603343 1521751 0025921 0332174 0439230 0580836 0022877 1619828 0025914 0025929 0026809 0342895 0521974 0301585 0012155 0205250 0424612 1299351 1442959 1519433 2700149 2983588 0452400 0598211 1556156 0424612 0439230
 0243148 1550141 1882979 2587213 3274648 0342895 0324335 1556156 0424612
 0015663 0439583 0456962 0025914 0025929 0026809 0681205
 1883351 1280500 0324335 0342895 1521751 0025921 0025914 0025929 0026809 0015663 0456962 0439583 1720154 1300561 0021641 0022718 0439148 0439209 1519795 1533581 1579433 0456692 0702093 0681205
 0023884 0042153 0457083 1947944 1698986 0441960 0006353
 1881488 1273517 0021069 0005863
 0455052 1521827 0003241 0034493 3146294
 0369773 2603361 0036720 0064332 0018999 0324030 1948027 2350000 0042153 0457083 1947944 0003320
 0020960 2828386 0849355 1883720 3244314 0003241 0004793 0162326 0162327 1519249
 1257988 0003241 1510827 0205409 1548221 0006539 2828386 0229671 1151254 0332283 0728725 0020283 0205251 0450407 0450408 0450409 1299352 1441565 1550472
 1257988 0003241 0021027 0037083 0007634 0869011 1269647 1704653 1948049 3537152 0007457 0043157 0220938 1999230 0205099 0034818 1334133 0597357 0003241 1552738 0070948 0003241 0021027 0005574 0043194 0258432 1421478 0018019 1265549 1510458 0034493 0005863
 0033684 0007634 1269647 1704653 1948049 0301871 1881488 1524063 0123658 0443876 0021644 1624602 0991566
 0441648 0033684 0258024 0006353 0370003 2347026 0600209 0086972 0443299 0687118 1704732 0348011 0025255
 0003241 1444656 0033684 0162524 0442726 1450278 1511790
 0681814 0123658 1413560 0301871 1524063 0003242 0003241 0021027
 0520510 0557061 2584313 1514811 1706462 0020792 0205396 1519063 0031715 0205145 1158886 1515974 2825164 0205435 1279901 1273517 0036025 0043392 0043393 0717551 0599647 0020205 0205448 0005507 0243073 1510438 1373083 1372999 1704675 0123658
 0392747 0005507 0243073 1510438 0025663 0449851 0871511 0033684 0028778 0332206 1533157 1706084 2828370 1373083 1372999 1704675 0441712
 0020205 0814229 0005507 0243073 1510438 3540252 3538928 1524063 0032136 0849355 0022959 0559956 1299987 0032136 0205437 0185117 0033684 0443264 0872079 0033684 1704675
 0034818 0123658 1145667 1167622 0205447 0012634 0348080 1705253 0005507 0243073 1510438 1515981 0032136 0450345
 1367731 1705632 0032136 0205437 1704675 0332454 0349966 1337208 2347469
 1150423 0205177 0439167 0441655 1561536 0332453 1514873 1367731 1705632 1555721 1706204 1518422 0332454 1623517 1149501 0597358 1623518 0243122 1145667 1167622
 1149501 1623517 0597358 0243122 1145667 1167622 0123658 0123658 1518792 0015252 0020283 0333118 0450407 0450408 0450409 0728940 1880389 1883221 3541951 0031715 1158886 0332454 1704675 0450344 1553633
 1511726 3245479 0332290 0031715 1158886 1707271 0205088 1705314 1705315 0086597 0127400 0332453 1314939 1367731 1705632
 0332290 0332529 0017446 0205147 0086597 0127400 0332453 1367731 1514873 1705632
 0005507 0243073 1510438 0441635 0020283 0450407 0450408 0450409 1518827 1880389 1883221 3541951 1518827 1880389 1883221 3541951 0205171 0439044 0679994 0034818 0243122 1145667 1167622 1518422 0332454 1367731 1705632 0868928 1533148 0450344 1553633
 0007457 0043157 0220938 1547282 0332453 1709915 1882936 0031715 1158886
 0449911 0333052 2607870 0557702 1272706 1704674 0557702 1272706 1704674 0349966 1337208
 2827734 2981698
 1519063 0031715 0205145 0205314 1158886 1515974 2825164 3463820 1373083 1372999 1704675
 0031727 0034818 1334133 1273517 1883559 0332307 0445392 1547052 1705285 0333052 1273517 3540252 2700323 0011155 1636779 0011155 0031727 1636779 1367731 1705632 0032136
 1373083 1372999 1704675 0123658 0018270 0220844 1621966 2911660 0023401
 0220912 0220913 0311392 1704675 0018270 0220844 1621966 2911660 0220912 0220913 0311392 0332453 0018270 0220844 1621966 2911660
 2347469 1704254 1704922 3542466 0036025 0043392 0043393 0717551 1551058 0009458 0162867 1254021
 0031727 0034818 1334133 0033684 3540252 0031727 2700323 1367731 1705632
 0061472 0523665 0001128 0202406 0205117 0332282 1883708 0001898 0017789 0220839 0150312 1883351 0031721
 0123658 0332325 2827757 0123658 1883559 0033684 0332307 0445392 1547052
 0123658 0034818 0332197 1689985 0033684 0243122 1145667 1167622 0028778 0031715 0332206 1158886 1367731 1705632 2983591
 0017789 0220839 0079613 2607943 2926606 3539655 0017789 0220839 0031715 1158886 0449913 1553451 1704459
 2607943 2926606 3539655 1444656 0031715 1158886 0205410
 0031715 1158886 0243122 1145667 1167622 0031727 0332197 0332454 1689985 0392148 0868928 1706255 1706256 0349966 1337208 2347469
 2607943 2926606 3539655 0871157 1552603 1706202 0332453 1314939 1367731 1705632
 0233426 0205435 1279901 0020283 0450407 0450408 0450409 1518827 1880389 1883221 3541951 0332256 2700400 0237753 0449788
 0392360 0031715 1158886 2603362 1555715 1704332 0018790 0237477 0392351 0521111 1373083 1372999 1704675 0020283 0450407 0450408 0450409 1518827 1880389 1883221 3541951
 0036720 0001898 1883357
 0033684 0123658 1883559 0441729 0332307 0445392 1547052 0012634 0348080 1705253 0450344 1553633 0205145 1518422 0021467 0021469 0086597 0127400 1314939 1367731 1628982 1705632 3463820
 0205117 0332282 1883708 0205145 1515974 2825164 0205107 1711239 1522666 1705285
 1555721 1706204 0123658 0332325 2827757 0349966 1337208 2347469 0205397
 1518422 1442162 1550718 3244317 0238767 1706086 0033684 0332325 2827757 0332325 2827757
 1883351 0017789 0220839 0031721 0205170 3146287
 0123658 0033684 0123658 1883559 0441729 0332307 0445392 1547052
 0034818 0332197 1689985 0033684 0243122 1145667 1167622 0028778 0031715 0332206 1158886 1367731 1705632 2983591 0349966 1337208 2347469
 2607943 2926606 3539655 1444656 0031715 1158886 1367731 1705632 1519063 0031715 1158886 0205171 0439044 0679994 0205412 0231180
 0392366 0205145 0205410
 0031715 1158886 0243122 1145667 1167622 0031727 0332197 0332454 1689985 0392148
 1518422 0868928 1706255 1706256 0349966 1337208 2347469 1705535 1883712 0332453 1519063 0031715 1158886
 0917903 0332453 1555715 1704332 1709915 1882936
 0031715 1158886 0205145 0123658 0332325 2827757
 0205145 0031727 0332454 1623517 1149501 0597358 1623518 0034818 0123658 0021641 0243122 0597357 1145667 1167622 1533581 1579433 0332454 1314939
 0332128 1280500 0663914 1150571 0663914 1150571 1120843 3539645 1418921 3539729 1418928 3539645 3539645 0031727 1457900 1441414 1553874 1578820 1883351 1363844
 0663914 1150571 0663914 1150571 1518422 0028778 0332206 1533157 1706084 2828370 1149501 1623517 1623518 0597358 0243122 1145667 1167622
 1513916 2607943 2926606 3539655 0332290 1883525 2346866 0007634 0178539 0012634 0348080 1705253 1511726 3245479 1518422 1547282
 1979874 0244989 1120843 3539645 1418921 3539729 1418928 3539645 3539645 0332454 1149501 1623517 1623518 0597358 0243122 1145667 1167622 0021966 0221138
 0348078 0376315 1273517 1883351 0205145 0332453 1314939 0031727
 1555721 1706204 0031727 0392366 0231175 1883351 1704675 1554961 1705847 1367731 1705632 0031727 0021966 0221138
 2607943 2926606 3539655 0332453 1314939 1367731 1705632 0205145 1515974 2825164 0205171 0439044 0679994 0205195 1947911 0332453 1314939 0244989 1120843 3539645 1418921 3539729 1418928 3539645 3539645
 0449911 0039224 1706073 1706074 0557702 1272706 1704674 0557702 1272706 1704674 0005507 0243073 1510438 1373083 1372999 1704675 0220912 0220913 0311392 0332287 1704675 0220912 0220913 0311392 1316572 1317574 1369612
 1518422
 0031715 1158886 1521827 1883351 0007600 0007635 3282338 1515655
 0003241 0004793 0031684 0162326 0162327 1519249 1521827 0123658 0017446 0205147 1282914 0205280 0025914 0025929 0026809 0086418
 0003241 0005863
 0085080 0018555 0007634 0008120 0018557 0029939 0152035 0227898 1278992 3282337 2700323 2827421 0021641 1533581 1579433 1948023 0003082 0022885 0039593 0392366 1280519 1707887 0037791 1511884
 0033684 1624602 0003241 0205314 0003241 0439851 1947931 0041484 0041485 1421250 0369773 2603361 0123658 0349966 1337208
 0003241 2362085 0123658 0123658 0030281 0007634 3282337
 0033684 0205170 3146287 0041484 0041485 1421250 0369773 2603361 1624602
 0185117 1554102
 1624602 1518422 0123658 0041484 0041485 1421250 0369773 2603361 1624602 0123658
 1979874 0123658 0123658 1518422 0123658 0003241 0349966 1337208
 2607943 2926606 3539655 1711411 0003241 0449604 0205369 1552740 0442818
 0449911 0333052 2607870 0557702 1272706 1704674 0557702 1272706 1704674 0349966 1337208
 0740116 2827735 2981700
 0003264 0003241 0021027 0037791 1511884 0031715 1158886
 0085080 0030281 1514760 0007634 3282337 0348078 0376315 2700323
 0007634 3282337 0332293 1522326 0003082 0369637 0441923 0456693 1442458 0702093 0021641 1533581 1579433 0007634 3282337 0312860 0702093
 0007634 3282337 0024348 0033684 0123658 0003241 0021027 1708067 0301871 0020985 0041484 0041485 1421250 0030428 3538810 1624602
 2347469 1548228 2825142 1274040 1546471 0444504 2347634 2348143 0369773 2603361 0080103 0205345 1547039 0003082 0021641 1533581 1579433
 0012634 0348080 1705253 0123658 1524063 0005507 0031715 0243073 1158886 1273517 1510438 0392756
 0012634 0348080 1705253 1707959 0007634 3282337 0332293 1522326 0021641 0521115 1533581 1579433 0054549 0597861 0033414 1519253 0031715 1158886 0018790 0237477 0392351 0521111 1158884 3160734 1265611 2362085 0123658 0123658
 2607943 2926606 3539655 1705535 0031715 1158886 0031715 0442799 1158886 1514873
 0441712 0205170 0443211 1272684 3146287 1518422 1552738 0123658
 0003082 2247123 0332257 1367731 1705632 0023882 0700321 2700395 1301751 1280500 2348382 0021641 1533581 1579433 0349966 1337208
 0003082 1708698 1883351 0301630 0392756 0441610
 0003082 0205216 0392756 0442797 1519726 0031715 1158886 0123658
 2607943 2926606 3539655 1705535 0021467 0021469 1628982 3463820 0031715 0205145 1158886 1519063 0380051 0031727 3269586 2259198 1514761 0021467 0021469 1628982 3463820 0026882 0205280 1555029 0005507 0243073 1510438 0349966 1337208
 0054549 0597861 0597217 1999216 0442805 1519253 0031715 1158886 0441712 0031727 0205170 0439064 1879547 3146287
 0039798 0087111 1522326 1533734 1705169 3538994 0054549 0597861 0205263 0333051 2347509 1519253 0678226 0031715 0036720 0040005 0750541 1158886 3146286 1709915 1882936
 0031715 1158886 0332120 0175723 0205217 0442805 0522510 0004793 0162326 0162327 0205369 1519249 1552740 0123658 0123658 0003241
 1555721 1706204 0524637 0123658 0123658 0003241 1555721 1706204 0205171 0439044 0679994 0205195 1947911 1301751 1280500 2348382 0425245 0449580 0013855
 1274040 1546471 2825142 0031715 1158886 0054549 0597861 0033414 0205145 0392760 1314939
 0449911 0333052 2607870 0557702 1272706 1704674 0557702 1272706 1704674 0349966 1337208
 0439086 2827736 2981702
 0031715 1158886
 0085080 0030281 1514760 0007634 3282337 0348078 0376315 2700323 0054549 0332293 0597861 1522326 0312860 0456693 1442458 0702093 0205171 0439044 0679994 0054549 0597861 0312860 0456693 1442458 0702093 0021641 1533581 1579433 0312860
 0007634 3282337 0024348 0033684 0123658 0301871 0301871 0003241 0021027 0020985 0020985 0123658 0123658 0041484 0041485 1421250 0030428 3538810 1624602
 1548228 2825142 1274040 1546471 0444504 2347634 2348143 0369773 2603361 0080103 0205345 1547039 0054549 0597861
 0007634 3282337 0332293 0021641 1522326 1533581 1579433 1516048 1280500 0031715 1158886 0450365 1706097
 1518422 1442162 1550718 3244317 0237753 0449788 1314939 0031715 1158886
 0205171 0439044 0679994 0021641 0031715 0041484 0041485 0205195 1158886 1421250 1533581 1579433 1947911 1948023
 2607943 2926606 3539655 0054549 0597861 0033414 1519253 1515418 1519254 1519063 0031715 0205145
 0031715 1158886 0443211 1272684 0003264 0037791 1511884 0123658 0012634 0348080 1705253 0205309 1883351 0033414 1519253 0031715 1158886
 0034693 0034721 0677626 0007634 0023903 2239176 3282337 0039654 0048451 2825188 0031586 0014898 0031588 0070750 1515877 1879547 0597298 0003082 0054549 0597861 0597217 1999216 0021641 1533581 1579433 0439583
 0034760 0849355 0007634 3282337 1948023 0021641 1533581 1579433
 0039654 0048451 2825188 1519253 0031715 1158886 0333051 0700321 0221191 0425245 0449580 0013855 0450373 1553636
 0205450 0012634 0348080 1705253 0333051 0332290 1519253 0031715 1158886 0450375
 1519726 0031715 1158886 0039798 0087111 0205216 0392756 0442797 1522326 1533734 1705169 3538994 0349966 1337208 2347469 0332290 3463820 1519726 0031715 1158886 0037083 3537152
 0054549 0597861 0333051 2347509 0678226 0205393 0442805 3146286 1519253 0031715 1158886 1519726 0031715 1158886 0450376
 0449911 0333052 2607870 0557702 1272706 1704674 0557702 1272706 1704674 0349966 1337208

 0012634 0348080 1705253 0001721 0031715 1158886
 0677626 0007634 0023903 2239176 3282337 0039654 0048451 0369637 0441923 2825188 0456693 1442458 0702093 0003082 0456693 1442458 0702093 0054549 0597861 0456693 1442458 0702093 0021641 1533581 1579433 0086418 0034760 1515981 1548982 1948023 0021641 0312860 1533581 1579433 0702093
 0033684 0301871 0301871 1881488 0443876 0021644 0003242 0034805 0034818 1334133 0003241 0021027 0021641 0597357 1533581 1579433 0003242 0003241 0021027 2347469 0020985 0020985 0041484 0041485 1421250 1444656 0030428 3538810 0034818 0123658 0123658 1624602
 1548228 2825142 1274040 1546471 0444504 2347634 2348143 0080103 0205345 1547039 0243148 1550141 1882979 2587213 3274648 0123658 0021641 1533581 1579433 1883712
 0369773 2603361 0123658 0021641 1533581 1579433 1883712
 0030428 3538810 0041484 0041485 1421250 0369773 2603361 0369773 2603361 0123658 0021641 1533581 1579433 1883712
 1547282 1457900 0012634 0348080 1705253 0033414 0031715 1158886
 0441889 0039654 0048451 2825188 0033414 0003082 0054549 0597861 2348205 0392148
 0021641 1533581 1579433 0700321 1708698 0442805
 1274040 1546471 2825142 1444656 0031715 1158886 1709305 2745955 0150312 0332285 2348042 2826345
 0031715 1158886 0018017 1522618 0441712 0205117 0332282 1883708 0021655 0599779 2700570 0003062 0021641 0237834 1514892 1533581 1579433 3161035
 0023884 0025914 0025929 0026809 0205409 1548221 0026343 3161035 1457869 1861101 3640044 0023175 0031843 0181586 0542341 0700205 1442948 1517945 1522538 1705273 2348269 3275067
 0025914 0025929 0026809 0332325 2827757
 0123658 0005863 0003241
 0003241 0238767 1706086 0205396 1550043 1551388 0031715 1158886 0080103 0205345 1547039 0243148 1550141 1882979 2587213 3274648 0349966 1337208
 0441889 0332462 1880834 2827734 2981698 0443228 1704243 0080103 0205345 1547039 0369773 2603361
 0441889 0332462 1880834 0443228 1704243 0450355 0450305 0369773 2603361
 0442805 1705535 0025914 0025929 0026809 1519063 0031715 1158886 1709305 2745955 0150312 0332285 2348042 2826345
 0449911 0333052 2607870 0557702 1272706 1704674 0557702 1272706 1704674 0349966 1337208
 0439084 0728893
 0028754 1963185 0033414 0031715 1158886
 0025914 0025929 0026809 0025914 0025929 0026809 0015663 0456962 0439583 0681205 0369718 0441922 1553036
 0033684 0301871 0301871 1881488 0003242 0003241 0021027 0033684 0020985 0020985 1624602
 2347469 1548228 2825142 1274040 1546471 0444504 2347634 2348143 0369773 2603361 0080103 0205345 1547039
 0031715 1158886 3161035 0025914 0025929 0026809
 1521751 0025921 0025914 0025929 0026809 0342895 0521974 0301585 0012155 0205250 0424612 1299351 1442959 1519433 2700149 2983588 1556156 0424612 0324335 1556156 0424612 0439230
 0332290 0025914 0025929 0026809 0342895 0521974 0301585 0012155 0205250 0424612 1299351 1442959 1519433 2700149 2983588 0243148 1550141 1882979 2587213 3274648 0439267 0450303 0369773 2603361 0442805 1510486 1959592 0034606 0441633 1516048
 0015663 0017725 1550565 0369773 2603361 0202098 0428405 0021641 0441889 1533581 1579433 1883313 0439526 0439526 0369773 2603361 0034818 0240016 1829779 1830060 1261322 1516048 1441506 0020459 0021655 2700570 0021641 0237834 1514892 1533581 1579433 0342895 0521974 0301585 0012155 0205250 0424612 1299351 1442959 1519433 2700149 2983588 0080103 0205345 1547039 0369773 2603361
 0034818 0205170 0242485 0439855 1704241 3146287 0332257 0918012 1552854 1637833 1524063 0025663 0449851 0871511 0450385
 0123658 0023884 0025914 0025929 0026809 0205409 1548221 1517914 0936012 0031715 1158886
 1257988 0003241 0238767 1706086 0205396 1550043 1551388 0442805 0025914 0025929 0026809 0342895 0521974 0301585 0012155 0205250 0424612 1299351 1442959 1519433 2700149 2983588 0243148 0324335 1550141 1707455 1882979 2587213 3274648 0349966 1337208
 0521974 0301585 0012155 0205250 0424612 1299351 1442959 1519433 2700149 2983588 0205217 0442805 0332462 1880834 0080103 0205345 1547039 0369773 2603361 0205217 0332462 0442805 1880834 0080103 0205345 1547039 0369773 2603361
 0449911 0333052 2607870 0557702 1272706 1704674 0557702 1272706 1704674 0349966 1337208

 0521974 0301585 0012155 0205250 0424612 1299351 1442959 1519433 2700149 2983588 0033414 0031715 1158886
 1521751 0025921 0025914 0025929 0026809 0342895 0324335 0369718 0441922 1553036 0521974 0301585 0012155 0205250 0424612 1299351 1442959 1519433 2700149 2983588 0369718 0441922 1553036 0015663 0456962 0439583 0681205
 0033684 0301871 0301871 1881488 0003242 0003241 0021027 0033684 0020985 0020985 1624602
 2347469 1548228 2825142 1274040 1546471 0444504 2347634 2348143 0369773 2603361 0369773 2603361 0080103 0205345 1547039
 0031715 1158886 1882932 3161035 0086597 0021655 2700570 0021641 0237834 1514892 1533581 1579433
 1883351 0022885 0039593 0392366 0020459 0205178 1521751 0025921 0025914 0025929 0026809 1720154 1300561 0869039 1548560 1578476 0022718 0037179 0087136 0178602 0205171 0439148 0439209 0549177 1114758 1519795 1704753 1880519 0021641 1533581 1579433
 0040300 0456692 0702093 1512335 0243107 0678723 1527148 0020615 0205082 0123658 0936012 0031715 1158886
 0020459 0205217 0442805 0332462 1880834 0080103 0205345 1547039 0369773 2603361
 0205217 0442805 0332462 1880834 0450355 0080103 0205345 1547039 0369773 2603361 0349966 1337208
 0917903 1519253 0031715 1158886 0205145 0033414 0020459
 0085732 1299581 0042789 1947903 0442805 0031715 1158886 0028754 1963185 0521974 0301585 0012155 0205250 0424612 1299351 1442959 1519433 2700149 2983588 0020459 1705535 0032214 0600138 0035820
 0449911 0333052 2607870 0557702 1272706 1704674 0557702 1272706 1704674 0349966 1337208

 0020459 0033414 0031715 1158886
 0015663 1550565 1521751 0025921 0025914 0025929 0026809 0369718 0441922 1553036 0441833 0687744 1257890 1552516 1705428 1705429 1720154 0021641 1533581 1579433 1300561 0022718 0439209 0007294 0560175 1706209 3273162 0456692 0702093 1515981 0025914 0025929 0026809 0681205 0040300 1512335
 0033684 0301871 0301871 1881488 0003242 0003241 0021027 0033684 0020985 0020985 1624602
 2347469 1548228 2825142 1274040 1546471 0444504 2347634 2348143 0369773 2603361 0080103 0205345 1547039
 0520510 0557061 2584313 1514811 1706462 1442161 1511760 1880274 0025914 0025929 0026809 0015127 1314792 1524003 0021655 2700570 0021641 0237834 1514892 1533581 1579433 0011847 0011849 0332290 0599697 0033684 0037083 3537152
 2607943 2926606 3539655 1515926 0686907
 0680243 0678951 0032529 1882417 0021655 2700570 0021641 0237834 1514892 1533581 1579433 1707520 0243067
 2347946 1550335 0030705 1265611 0011155 0162429 1623416 0205396 1550043 1551388
 1519726 0031715 1158886 0700364 1883351 0392756
 1519253 0031715 1158886 0205160 1513916 1707527 2825415 2825491 0037083 3537152 1519726 0031715 1158886 0450348
 1519253 0031715 1158886 1522618 0441712 1706376
 0332218 1883351 0205145 1515655 0686907
 1261322 0031727 1514559 0007600 0007635 3282338 0002778 0936012 1524024 0002518 0751971 1553778 1561491 0037813 0436196 0577559 1306372 3152252
 1514559 0206243 0699809 3245505 0205145 0597526 0150312
 0678226 0443228 1704243 2987476 3146286 1277200 0086045 0031727 1288298 0031727 1515877 1879547 0031727 0018790 0237477 0392351 0521111 0031678 1273518
 0021655 2700570 0021641 0031727 0237834 0444868 1514892 1533581 1579433 3539085 0205396 1550043 1551388 0031843 0037083 0542341 0700205 1705273 3537152 1707310 0031727 0031678
 1523987 0449445 0205392 1546466 3540770 0025663 0449851 0871511
 0004268 0031715 1158886 0007600 0007635 3282338 1515655
 0031715 1158886 0028778 0332206 1533157 1706084 2828370 0123658 0243122 1145667 1167622 0349966 1337208 1999230 0332290 0441712 1706376 1711300 2700613 0005532 0205460 0428132 2607943 2926606 3539655
 1948052 1273517 0205145 1515974 2825164 0007634 3282337 1515655
 2945843 0205145 0238767 1706086 0205396 1367731 1550043 1551388 1705632 1521840 2986546
 0947630 1547282 0332453 1948052 1547282
 1167395 0332454 1149501 1623517 1623518 0597358 0243122 1145667 1167622 0021966 0221138 0332257 0244989 1120843 3539645 1418928 3539645 3539645 0441712 0031727 1518422
 0031727 0332281 0333348 1367731 1705632 1518422 0332454 1373083 1372999 1704675 0332257 0663914 1150571 0663914 1150571
 0808080 1547282 0031715 1158886 1623517 1149501 0597358 1623518 0034818 0123658 0021641 0243122 0597357 1145667 1167622 1533581 1579433 0243122 1145667 1167622 1709305 2745955 1515657 1515655
 0025933 0025914 0025929 0026809 0028754 1963185 0424295
 2607943 2926606 3539655 0332290 1367731 1705632 0021655 2700570 0021641 0237834 1514892 1533581 1579433 1367731 1705632 0012634 0348080 1705253 0205145 1515657 1515655
 0205455 0072402 0021655 0332281 2700570 0021641 0237834 1514892 1533581 1579433 1518422 1521840 2986546 0681814 0021966 0221138 1881534 0750558 1710571 0031727 1521840 2986546 1515655
 0072402 0086418 0017428 1518422 0917903 1367731 1705632 0205171 0439044 0679994 1273518 0031715 1158886 0021655 2700570 0021641 0237834 1514892 1533581 1579433
 0282443 1552617 0600659 0947630 0123658 1519063 0031715 0205145 1158886 1515974 2825164 3245505

 3539645 0021135 1533691 2827718 0031684 1283195 0449445 1883351 0031715 0600659 1273517 0449788
 0012634 0348080 1705253 0005507 0243073 1510438 3539645 1518422

 1519063 0031715 0205145 1158886 1515974 2825164 0449445 1883351
 0684224 0700287 3496591 2248185 1879547 0034818 0123658 0945855 1514762 0004457 0021641 0037083 0597357 0999597 1522496 1533581 1579433 3537152
 0947630 0205396 1550043 1551388 1524063 0025663 0025664 0449851
 1511726 3245479 2607943 2926606 3539655
 1547282 0031715 1158886 0332454 1514762 0037083 3537152
 0234856 0600116 1547187 1883351 0392360
 1521805 1707478 0038659 1705535 0442809
 0031715 1158886 3463820 0205145 0205448 1709305 2745955 0150312 0332285 2348042 2826345 0007600 0007635 3282338 1515655
 0205447 0543488 2607943 2926606 3539655 0034818 0123658 0021641 0163712 0332453 0441712 0597357 1533581 1579433 3245505
 1547282 1367731 1705632 0123658 0031715 0205171 0439044 0679994 0205195 1947911 0205410 0349966 1337208
 1704970 0031715 1158886 0205145 1515974 2825164 0205145 1514873
 1705313 1555715 1704332 0040005 0086597 0332453
 0549178 1883351 0205145 0009085 0750591 0205314 1512571 0231448 1880641 1522618 0441712
 0449445 0359589 1999230 0025663 0449851 0871511 0441712 0021655 2700570 0021641 0237834 1514892 1533581 1579433
 0025663 0025664 0449851 0034037 1704324 0332257 0439780 0449445 1292724 1299582 0185125 1632850 1879355 0025663 0025664 0449851
 0557651 2603343 1273517 1292732 0441712
 0449445 0869040 0220781 0439634 1522492 1704241
 1707959 1273517 0205419 1883351 1704241 0033684 1709985 0439086 2827736 2981702 0025663 0025664 0449851 0700364 1883351 2986815 0205246 0582205 1515981 1553889
 1552616 1706244 0449445 1273517 0025663 0449851 0871511 0441712
 0205396 1550043 1551388 1519063 0031715 0205145 0205314 1158886 1515974 2825164 0123658 1547282 0031715 1158886 0028778 0332206 1533157 1706084 2828370 1623517 1149501 0597358 1623518 0243122 1145667 1167622
 1517331 1273517 1883351 1292732 0009085 1367731 1705632 0086597 0127400 0332453
 1257988 0003241 1273517 1883351 1547282 0007634 3282337 1515657 1515655 0021655 2700570 0021641 0237834 1514892 1533581 1579433 0011860 1320657 0441730 0011847 0011849 0332307 1547052
 0449445 1292724 0582205 0031727 1519063 0031715 0205145 1158886
 0018896 1552861 1883351 1999230 0205197 0162340
 2825232 0947630 0027468 0016820 0018173 0018684 0021622 3245503 0205099 0683939 0205099 0027468 1515981 0179847 1524106
 0010186 0220812 0449719 1709471 0220808 0680264 0007961
 1706852 0522501 1706089 0949214
 0205155 1293097 1522472 1552923 1705191
 0221193 1880177
 0282413 0376649 1442065 0205099 0442504 1704765 1882509 3496241 0006037
 0254343 0796520 3272379

 0085205 1549619 1880669
 0013849 1705961 0024492 1538057 1547565 0059804 0282413 0376649 1442065 0205099 0442504 1704765 1882509 3496241 0006037
 0254343 0796520 3272379

 0085205 1549619 1880669
 0013849 1705961 0024492 1538057 1547565
 0059804 0000723 1273517 0034818 0034818 1334133 0021641 0597357 1533581 1579433
 1710236 0034818
 0752312 1979930 0033640 0018284 0026249 0031727 0033684 1879547
 0039654 0048451 2825188 0039654 0000975 0767601
 1325174 0206354 0017932 0017911 0031727 0132555
 3539645 0010531 0038164 0033640 0031727 0033684
 1150587 1367731 1705632 0248813 0872123 0872053 1334482 1367019 0031727 1707271
 0020205 0814229
 2700323 1883559 0332307 0445392 1547052
 0663914 1150571 0439855 1704241
 0449788 0600659 0035804 0162326 0205543
 0162326 0205280 0449788 1711330 1709915 1882936
 1334140 1704984 1416586


 2603362
 1511726 3245479
 0600659
 2986676 0034760
 1514811 1706462 0520510 0557061 2584313 1514811 1706462 0011847 0011849 0441833 0687744 1257890 1511726 1552516 1705428 1705429 3245479 3245503 0011847 0011849 3538926 1513898 0027468 0018684 0021622 3245503
 0033727 0369286 0441932 0564385
 2347469

 0369637 0441923
 0016327 0439133 1553038 0522501
 2603362
 0011847 0011849 0450348 1947933 0000857 0600678 1552863
 0033727 0369286 0441932 0564385 0369637 0441923
 0597277 1708601
 0033727 0369286 0441932 0564385 2347469
 0522501

 0369773 2603361





 0033727 0369286 0441932 0564385 2347469

 0016327 0439133 1553038 0522501

 0369773 2603361





 0033727 0369286 0441932 0564385
 2347469

 0033727 0369286 0441932 0564385 0016327 0439133 1553038 2826220
 0522501
 2603362






 0033727 0369286 0441932 0564385
 0033727 0369286 0441932 0564385




 0369773 2603361

 0335326 1306756 0369718 0441922 1553036
 0205090 0684010 2603358 0369718 0441922 1553036
 0005775 1516559 1825319 2603362
 0597277 1708601

 2603362

 1315013


 1707710
 0369637 0441923
 2347469 0439267

 0439509 0025141 0369773 2603361

 0205090 0684010 2603358
 0205090 0684010 2603358 0205090 0684010 2603358
 2347469

 1315013

 0025141 0439267
 2603362
 0063789 3272375








 0040833 1521798

 0025141

 0369718 0441922 1553036
 0369773 2603361
 0369637 0441923




 0597277 1708601 0369637 0441923
 0033727 0369286 0441932 0564385
 0016327 0439133 1553038
 0011847 0011849 0369718 0441922 1553036 0439394 1706495 3642217 3495095
 2603362

 0036397
 0597277 1708601

 0999213 0443030 0021966 0221138 3495095
 0369773 2603361 2603362
 0439267
 0021966 0221138

 1315013

 2603360 0439394 1706495 3642217 0205090 0684010 2603358 0007457 0043157 0220938 0369637 0441923
 0016327 0439133 1553038


 0201682


 0033727 0369286 0441932 0564385 2603362
 0007457 0043157 0220938 0369637 0441923
 0016327 0439133 1553038


 0201682
 0439267
 2347469
 0369637 0441923

 1315013

 0025141 0439267 0439394 1706495 3642217
 0597277 1708601
 2603360 0597277 1708601 0439267
 2603362
 0349590 1262865 0025141 0337799 0369637 0441923
 0369773 2603361
 0597277 1708601 0597277 1708601

 0369773 2603361 0205090 0684010 2603358



 0201682

 0205090 0684010 2603358


 0040833 1521798
 0025141 0021966 0221138


 0201682

 0016327 0439133 1553038 2603360


 0201682
 0033727 0369286 0441932 0564385 0205090 0684010 2603358 0369637 0441923
 1285521 0205090 0684010 2603358


 0201682
 0597277 1708601 1285521 0205090 0684010 2603358 0033727 0369286 0441932 0564385


 0201682
 0439394 1706495 3642217 0439114
 0369637 0441923


 0201682
 1553033 0369773 2603361 0597277 1708601
 0439267 0439394 1706495 3642217 0016327 0439133 1553038


 0201682
 0205090 0684010 2603358

 0011847 0011849 0000857 0600678 1552863 0597277 1708601
 0016327 0439133 1553038 0033727 0369286 0441932 0564385 1285521 0205090 0684010 2603358 0033727 0369286 0441932 0564385 0205090 0684010 2603358


 0201682
 3495095 0597277 1708601 0205090 0684010 2603358



 0201682
 2603362

 0439267 0369718 0441922 1553036 0033727 0369286 0441932 0564385



 0201682

 0016327 0439133 1553038 0597277 1708601 2603360 2603362
 0205090 0684010 2603358 2603360


 0201682
 1491778 0007457 0043157 0220938 0369637 0441923
 0016327 0439133 1553038
 0205090 0684010 2603358


 0201682
 0439394 1706495 3642217

 0999213 0369637 0441923



 0201682
 1333620 1850936 0597277 1708601 0205090 0684010 2603358

 0005477 0025141 0369637 0441923
 0369637 0441923
 0439267
 1706917 0597277 1708601 0369718 0441922 1553036 0439394 1706495 3642217

 0007457 0043157 0220938 0369637 0441923
 0016327 0439133 1553038 0439267
 0021966 0221138
 0011847 0011849 0000857 0600678 1552863 1333620 1850936 0597277 1708601 0205090 0684010 2603358



 0201682
 0033727 0369286 0441932 0564385
 0439267
 1418943

 0268596 2700624
 3642273

 2603362

 0369637 0441923
 0205090 0684010 2603358
 2603362
 0005477 0025141
 0033727 0369286 0441932 0564385 0205090 0684010 2603358
 0007457 0043157 0220938 0369637 0441923
 0016327 0439133 1553038


 0201682
 0369637 0441923
 1825831 0999213 0439267
 0439267


 2347379

 0025141 0439114
 0033727 0369286 0441932 0564385 0454788 1077578 0439394 1706495 3642217
 1311420 1413049
 2603360

 2347469
 1418943

 0268596 2700624
 3642273

 2603362

 0597277 1708601 0336362
 0369718 0441922 1553036
 2347469
 1553033 0597277 1708601
 0439394 1706495 3642217


 0201682
 0439394 1706495 3642217
 1553033 0016327 0439133 1553038


 0201682


 0205090 0684010 2603358
 0439394 1706495 3642217
 0027960 0324740 0439189 1456781 1824986
 0007634 1269647 1704653 1948049

 1285521 0205090 0684010 2603358 0597277 1708601 0369718 0441922 1553036 0033727 0369286 0441932 0564385


 0201682
 0324525 0335912 0439267
 0369637 0441923

 0007634 1269647 1704653 1948049

 0025141 0439267
 0439267
 0439267 0205090 0684010 2603358



 2347379

 0025141 0369637 0441923
 0033727 0369286 0441932 0564385 0439394 1706495 3642217
 0205090 0684010 2603358 0205090 0684010 2603358



 0201682
 0369718 0441922 1553036 0439114
 1415618 2603362



 0201682
 0369718 0441922 1553036 0033727 0369286 0441932 0564385 2348291 0702093 0439394 1706495 3642217 2603360 0038817 0376223
 0450955 0033727 0369286 0441932 0564385 0369637 0441923


 0201682
 0439394 1706495 3642217
 0597277 1708601 0439267
 0021966 0221138 0007457 0043157 0220938 0369637 0441923
 0016327 0439133 1553038

 1315013

 0439267 2945617 0016327 0439133 1553038
 2347469
 2347469


 0201682
 1006780 1553033 0999213 0439267
 0033727 0369286 0441932 0564385 0205090 0684010 2603358
 0597277 1708601 2603362
 0439267
 2347469 0007457 0043157 0220938 0369637 0441923
 0016327 0439133 1553038
 0439267
 0021966 0221138


 0201682
 0439394 1706495 3642217 0021966 0221138 0369637 0441923
 0439267 0007457 0043157 0220938 0369637 0441923
 0016327 0439133 1553038
 0014137 0439394 1706495 3642217
 0205090 0684010 2603358 2603360
 0439267 0038817 0376223



 0201682
 0016327 0439133 1553038 0369637 0441923
 0043402


 0201682
 0369637 0441923
 0043402


 0201682
 0369773 2603361 2603360 2603360 0205090 0684010 2603358
 0016327 0439133 1553038


 0201682
 1708639
 0003241 0475311 0027976 1879958 2603360
 2603360

 0027960 0324740 0439189 1456781 1824986
 0007634 1269647 1704653 1948049

 0000857 0600678 1552863
 0205090 0684010 2603358
 0369773 2603361
 2347469

 0016327 0439133 1553038 0205090 0684010 2603358

 0025141

 1315013


 0369637 0441923

 0062523 2347469
 0021966 0221138 0205090 0684010 2603358

 0205090 0684010 2603358
 0349590 1262865 0025141 0033727 0369286 0441932 0564385 2603360 0597277 1708601 2603360 0033727 0369286 0441932 0564385 2603360 0597277 1708601 0033727 0369286 0441932 0564385 0033727 0369286 0441932 0564385 2603362
 0349590 1262865 0025141
 0230107

 0205090 0684010 2603358 0007457 0043157 0220938 0369637 0441923
 0016327 0439133 1553038

 1315013

 2603360 0597277 1708601 0033727 0369286 0441932 0564385 0597277 1708601 0205090 0684010 2603358 0016327 0439133 1553038 0369718 0441922 1553036 2603360
 0027960 0324740 0439189 1456781 1824986
 0007634 1269647 1704653 1948049

 0000857 0600678 1552863 0597277 1708601
 0205090 0684010 2603358

 1315013

 0439267
 0205090 0684010 2603358
 0582517 0205090 0684010 2603358
 0205090 0684010 2603358

 1315013

 0025141 1080058 0205090 0684010 2603358
 1915092
 2603360
 0369773 2603361 0439267
 0205090 0684010 2603358
 0369637 0441923
 0011847 0011849 0000857 0600678 1552863 0439394 1706495 3642217
 0016327 0439133 1553038 0439394 1706495 3642217
 0554249 0205090 0684010 2603358
 0439267
 0439394 1706495 3642217

 1315013

 0025141
 0205090 0684010 2603358
 0011847 0011849 0000857 0600678 1552863 0224086
 0331762 0369637 0441923

 3495095 0369773 2603361
 0441995 0205090 0684010 2603358

 0036397 0024554 0025266 0086418 0439267
 2347469 0205090 0684010 2603358 0239971 2603360 2603362
 0036397 0369637 0441923
 0369718 0441922 1553036 0205090 0684010 2603358
 0205090 0684010 2603358



 0025141 0205090 0684010 2603358
 0033727 0369286 0441932 0564385 0007457 0043157 0220938 0369637 0441923
 0016327 0439133 1553038


 0201682
 0369773 2603361
 2347379 0028606

 0439394 1706495 3642217 1720589 0021966 0221138 2603362



 0027960 0324740 0439189 1456781 1824986
