 0200765 0002778 0936012 1524024 1704254 1704922 3542466 0449820 1552081 0021622 1272753 1704729 0020028 0019994 0041740 1510665 0028423 1293097 2919030 2919031 0006754 0041740 3146274 0282413 0686900 1272683 1522634 1883351 0587487 1704729 0019994 1510665 0028423
 0013849 1705961 0681850 1550501 1706203 2349001 2697811 0557061 2584313 1514811 1706462 1706907
 0392747 0443172 0543482 0031843 0181074 0332835 0542341 0700205 1705273 1961139 0557651 0947630 2603343 1707455 0025663 0025664 0449851
 0150312 0449450 0557651 2603343 0220825 0240035 0016059 1261322 1516048 0681842 0033325
 0025663 0025664 0449851
 0205155 1293097 1522472 1552923 1705191 1720476 0194073 0260788 0348050 1313935 0730393 0005558 0013018 0022646 0040288 0181074 0205549 0227665 0332835 0376558 0439234 0439508 0442711 1278978 1301820 1507394 1514845 1522729 1527169 1961139 2348044 2348563 0022671 0369718 0441922 1553036 0370003 0369718 0441922 1553036
 0430389 0026018 0005558 0240035 1954436 1954437 0016059 0449820 0596790 1522203 0439165 1549488 1561533 0871287
 1709793 0200765 0002778 0884358 0936012 1524024 1704254 1704922 3542466 0205155 1293097 1522472 1552923 1705191 0332575 1260956 2986582
 1274040 1546471 2825142 0232804 0022646 0031843 0227665 0542341 0700205 1278978 1514845 1705273 1707520 0439234 0029216 0040732 0040733 0877042 0181074 0205087 0332835 1515981 1517945 1961139
 1274040 1546471 2825142
 1707520 0025663 0025664 0449851 0005558 0369718 0441922 0450385 1553036 0017446 0205146 0205090 0684010 2603358 0369773 2603361
 1707520 0184511 0332272 1561611 0370003 0369718 0441922 1553036 0205090 0684010 2603358 0369773 2603361 0237881 0750502 1546944 2939802 1561544 0369718 0441922 1553036 0205090 0684010 2603358 0369773 2603361
 0016059 0017446 0205146 0201976 0600061 0010294 0229671 1546774 1550100 1561535 1707520 0439234 0450300 0369773 2603361 0205087 1883351 0181074 0332835 1961139 1517945 0369773 2603361
 0042295 1547282 1521798 1518422 2584321 0237881 1709380 0038215 0750502
 1707478
 1709793 0332575 1260956 0240035 0016059 0023693 0205170 0205288 0596790 1261322 1306462 1516048 1522203 1881376 3146287 0430389
 0681842 0031843 0181074 0332835 0542341 0700205 1705273 1961139 2986822 0025663 0449851 0871511 1282910 0009325 0013604 1717255 0021368
 1708608 0009325 1167364
 0200765 0002778 0936012 1524024 1704254 1704922 3542466

 0033325
 0005558
 0681850 1550501 1706203 2349001 2697811 0557061 2584313 1514811 1706462 0232804 0031843 0542341 0700205 1705273 0033325 0205191 0392747 0443172 0543482 1707520 1260954 0040739 0450127 0221198 0238767 0449820 1546698 1552081 1706086 0025664 0449851 1515981
 0025663 0025664 0449851 0750591 0449913 1553451 1704459 0439084 0728893
 0332185 1709793 0884358 0205155 1293097 1522472 1552923 1705191 0332575 1260956 2986582 0599025 0023693 1306462 1441672 1881376 0750591 0205369 1552740 0439070 1705160
 0684224 0700287 3273238 1707455 2986822 0025663 0025664 0449851 0022671 0181074 0332835 1961139
 0557651 2603343 0684224 0700287 3496591 0240035 1858395 0016059 0332208 0333641 0596790 1522203 0194073 0005558 0681842 1882327 0232804 0022646 0031843 0227665 0542341 0700205 1278978 1514845 1705273 1524063 0449820 1552081
 0150312 0449450 0557651 2603343 0231448 0231449 0439792 0449820 1552081 0016059 0392760 1314939 0240035 0016059 0444706 0449770 0596790 1515981 1522203 0200765 0002778 0936012 1524024 1704254 1704922 3542466
 0884358 0332575 1260956 2986582 0205155 1293097 1522472 1552923 1705191 0684224 0700287 3496591
 1287401 2607943 2926606 3539655 0033325 0181074 0332835 1707520 1961139 0589120 1522577 1704685 3274571 0332283 1719822 0439234 0029216 0040732 0040733
 0681850 1550501 1706203 2349001 2697811 0681850 1550501 1706203 2349001 2697811 0557061 2584313 1514811 1706462 0030705 0168634 1442488 1883727 0369718 0441922 1553036 0439234 0439508 0369718 0441922 1553036 0205549 2348044 0030705 1514756 0730393 0181074 0332835 1961139 0020028 0019994 0041740 1510665 0028423 1552738
 0680251 0243161 1510829 0439234 2347469 0424215 2003939 1709854
 1709854 0024554 0086582 0015780 0086287 0001779 0001792 1999167 0439234 0001779 0444504 2347634 2348143 0040223 3541383 0029216 0040732 0040733
 0013018 1527169 0024554 0086582 0015780 0086287 1510829 0439234
 0030705 0040223 0040732 0205435 0332835 0700106 1279901 3541383 0030705 1514756 0181074 0332835 1961139
 0013018 1527169 1518469 0205449 0162409
 1709450 1881865 1709450 0018591 1881865
 0162409 0237753 0449788 1881865 0205449 0019764 0550862 0031831 0919414 1515981 1707664 2348314 3540849 1881865 0205447 0205448
 1709854 0152451 0017658 0205191 0683278 0369718 0441922 1553036 0017668 0333497 0178664 0205122 0205234 1417247 0369718 0441922 1553036 0085697 0034186 0205191 0369718 0441922 1553036 0011881 1442864 0022658 0241863 0369718 0441922 1553036 1136084 0032112 0007634 0032105 0334044 1269647 1550098 1704653 1948049 0369718 0441922 1553036 0085413 0022680 0369718 0441922 1553036 0027719 0369718 0441922 1553036 0027707 0027697 0596790 1522203 0369718 0441922 1553036 0369718 0441922 1553036
 0030705 1514756 0040808 2945654 0032950 0332529 0004482 0010592
 1709701 0026531 0205147 0205276 0205540 1947913 2699414 0030705 1947971 1511481 1554192
 2707520 1511726 3245479 0034036 0034037 0205156 1522508 1552607 1704324
 0557651 2603343 0392747 0443172 1516048 0005560 0456637 3640175 1273712 1708250 0449913 1553451 1704459 0871287 1527178 1705938
 0240035 1858395 0016059 0332208 0333641 0449820 0596790 1522203 1552081 0205280 0392747 0443172 0332300 0449820 0439828 1442162 1550718 1883357 3244317
 0017446 0205146 0016059 1314939 0449820 0871287 0205163 0439089 1549782 0017446 0205146 0240035 1858395 0016059 0332208 0333641 0392747 0392760 0443172 0596790 1314939 1522203 1705241 1518422 0684224 0700287 3273238 0868928 1533148 0016059
 0150312 0449450 0557651 2603343 0700287 0001613 0007776 0022655 0231448 0231449 0439165 0439792 1261322 1516048 1549488 1561533 1314939
 0750572 0017446 0205146 0042826 0234621 0440042 1521738 2346620 2349184 3539073 0240035 0016059 0596790 1516048 1522203 0185125 1632850 1879355 0205447 0332257 1552866 2700399 0487742 0180153 0439844 0205146
 0042826 0234621 0440042 1521738 2346620 2349184 3539073 1264633 1554103 0750572
 1954436 1954437 0449820 1883708 1442162 1510992 1550718 2825518 3244317 0042826 0234621 0440042 1521738 2346620 2349184 3539073 0017446 0205146
 0040300 1547928 0022663 0005847 0449730 0205146 0334129 0444686 1314939 1441506 1443182 1554077 2828389
 0205447 2986582 1292711 0449719 0557651 1707391 1709471 2603343
 0205155 1293097 1522472 1552923 1705191 0332257 0077066 0038128 0443326 2003902 1283174 1518422 0205146 0441889 0005558 0220797
 1705241 1705242 0439234 0439508 0005558 0220797 0030705 0439097 1522609 1705241 3146239 3538806 3540585 0034869
 0487602 1704680 0205155 1293097 1522472 1552923 1705191 0030415 0445247 1301820 0028778 0332206 0369637 0441923 1533157 1706084 2828370
 0040300 1547928 0470187 0443326 1515004 0205155 1293097 1522472 1552923 1705191 0011198 0017480 3541240 2986582 1883708 0332575 1260956 2986582
 0487602 1704680 0200765 0002778 0936012 1524024 1704254 1704922 3542466 1555841 1644710 0027712 0030755 0884358 1293097 1521725 2919030 2919031 1552738
 0205155 1293097 1522472 1552923 1705191 0231441 0443218 0949307 2827483 0487602 1273517 1704680 0220806
 0444330 0018851 0700308 0033727 0369286 0441932 0564385 0043367 1883727 0001962 0790233 0043047 0599638 0681549 1550678 2986582 0071044 3495137 0001128 0202406 0439583 0522534 1705188 0332575 1260956
 0444330 1705201 2986582 0011198 0017480 3541240 0001128 0001962 0001975 0202406 2986582 0790233 0043047 0599638 0681549 1548982 1550678 0487602 1704680 0332575 1260956
 0439175 0439810 0009219 0805701 0037640 0870992 0376554 0168634 1442488 0005558 0220797 0034869 0205210 0683954 1274040 1546471 2825142
 0444330 0599025 0023693 1306462 1441672 1881376 0181839 1706379
 0598124 0179533 1654607 1706254 1273517 1883351 1704254 1704922 3542466 1879650 1705565 1947976 1550177 0040223 0237400 0884358 3272377 3541383 1704254 1704922 3542466 0439661 3245488 1524063 0018017 1571702
 1704254 1704922 3542466 1301820 0022663 0225990 0005847 1514845 0040300 1547928 1548958 1705294 1698986
 0200765 0002778 0936012 1524024 1704254 1704922 3542466 0884358 1524063 2984010 0027468 1704254 1704922 3542466
 1511726 3245479 0240035 0001613 0007776 0016059 0016094 0022655 0180853 0449468 0596790 1522203 1522646 1690016 1705102 2700258 1264666 1301820
 0016094 0180853 1522646 0871424 0444499 0002778 0013194 0038215 0348011 0936012 1524024 2700580 0002778 0936012 1524024 0162419 0009622 1519021
 1881704 0009219 1522609 0750572 0868928 1706255 1706256 1705241 1705242 0439234 0439508 0005558 0220797
 0232804 0022646 0031843 0227665 0542341 0700205 1278978 1514845 1705273 1260954 0392747 0443172 0543482 0201976 0600061 0010294 0229671 1546774 1550100 1561535 1707520 0017654 1561549 0232809 0016107 0022663 0268731 0871208 1521828 0439234 0439508 0444706 0449297 1382187 2825073 3541902 0029216 0040732 0040733 0439234 0439508 0439234 1515981 0877042 0181074 0205087 0332835 1515981 1517945 1961139
 1511726 3245479 0205156 0557651 1552607 1883727 2603343 1511726 3245479 1517942 0022646 0034975 0337812 1301820
 0205447 0030705 0017654 1561549 0232809 0016107 0022663 0268731 0871208 1521828 0444686 0489829 0680240 1441506 1443182 1705501
 0029216 0040732 0040733 0439234 0439508 0725813 1522609 0470187 0439234
 1527021 1554111 1705606 3541382 0205543 1691010 0201976 0600061 0010294 0229671 0439234 1546774 1550100 1561535 1883351
 1524063 2740529 0871424 0444499 0002778 0013194 0038215 0936012 1515981 1524024 2700580 0162419 0009622 1519021
 1511726 3245479 0200765 0002778 0016094 0180853 0936012 1522646 1524024 1704254 1704922 3542466 0009622 0348011 1552738
 1707520 1524063 1518601 1550456
 1705241 1705242 0022885 0039593 0392366 1707455 0439234 0439508 0005558 0871608 0022885 0039593 0205447 0370003 0392366 0884358 2347026
 0022885 0392366 0039259 0205448
 0010101 0002778 0936012 1524024 0201976 0600061 0010294 0229671 1546774 1550100 1561535 0868928 1533148 2827734 2981698 0439234 1442162 1550718 3244317 1522609
 0030705 0011065 1546956 0439231 0181074 0332835 1961139 0002778 0936012 1524024 1554077 2828389 0589120 1522577 1704685 3274571 0332283 1719822 0201976 0600061 0010294 0229671 1546774 1550100 1561535 0030705 0205449 1273517 0011065 0181074 0332835 0542341 1546956 1961139 0439234
 0030705 0011065 0181074 0332835 0542341 1546956 1961139 0439231 0439234 0877042 0181074 0332835 1517945 1554077 1961139 2828389 0002778
 0010992 1511726 3245479 1521975 0333052 2607870
 0681923 0023733 2346679 0205132 0439064 0684320 0684321 0205448 0884358 1707491 0002778 0936012 1524024 0016059 0017654 1561549 0232809 0016107 0022663 0268731 0871208 1521828 0201976 0600061 0010294 0229671 1546774 1550100 1561535 0201976 0600061 0010294 0229671 1546774 1550100 1561535 0439234 2349179 2826544 0444930 1552961 2347617 2746065
 0681923 0206031 0242415 0684320 0684321 0445247 0884358 0877042 1517945
 1274040 1546471 2825142 0681850 1550501 1706203 2349001 2697811 0557061 2584313 1514811 1706462 0017446 0205146 0016059 1314939 0150312 1883351 1514721 2348147 2987476 3542016 0444504 2347634 2348143 0549183 0876920 2347635 2348144 2939193
 0868928 1533148 2699517 0441800 0919553 3244287 1514721 2348147 3542016 1314939 0005558 1547282 0016059 0332290 0005558 1547282 0067503 0687696 1522446 0441800 0919553 3244287
 0005558 0017446 0205146 0016059 1314939 0043194 0258432 1421478 1514721 2348147 3542016 0444504 2347634 2348143 0549183 0876920 2347635 2348144 2939193
 0005558 1547282 2699517 0441800 0919553 3244287 0439509 0547053 0687695 0441800 0919553 3244287 0205454 0067503 0687696 1522446 0441800 0919553 3244287 0005558 0205617 0450094 0687697 0441800 0919553 3244287
 0168634 1442488 0005558 0439234 0439508 0205217 0442805 0168634 1442488 1707455 0549183 0876920 2347635 2348144 2939193 0369773 2603361
 1705241 1705242 1709450 0168634 1442488 0005558 0017446 0205146 0439097 0439165 1549488 1561533 1705241 3146239 3538806 3540585 0034869 1314939
 1522609 0549183 0876920 2347635 2348144 2939193
 0392747 0443172 1705241 0392747 0443172 0547040 1524031 1705241 2945599 0150312 0868928 1533148 0450355 0439097 1522609 1705241 3146239 3538806 3540585
 3275669 0016059 0150312 0868928 1533148 0392747 0443172 1705241 1299392 0868928 1533148 3275669 0016059 0168634 1442488 1707455
 0868928 1533148 0392756 0240035 0016059 1287401 0005558 0150312 0205436 0220797 0457385 0565930 1561503 1705190
 0005558 0150312 1883351 1514721 2348147 2987476 3542016 0444504 2347634 2348143 0549183 0876920 2347635 2348144 2939193
 0005558 0439787 0849355 1547282 0042295 0868928 1533148 1547282 1314939 0868928 1533148 0240035 0016059 0332257 1522609
 0005558 0042295 1514721 2348147 3542016 0444504 2347634 2348143 0549183 0876920 2347635 2348144 2939193
 0005558 0724000 1547282 0042295 0205450 1547282 0016059 0205455 0868928 1515981 1533148 0016059 0332257 0868928 1533148
 0168634 1442488 0005558 0750482 0439234 0439508 1518422 0205217 0442805 0168634 1442488 1707455 0549183 0876920 2347635 2348144 2939193
 0549183 0876920 2347635 2348144 2939193
 0868928 1533148 0587267
 0868928 1533148 1547282 0442805 0439234 0439508 1514721 2348147 3542016
 0205452 0868928 1533148 0442805 0547040 1524031 2945599 0439097 1705241 3146239 3538806 3540585 0868928 1533148 1299392 0205081 1881878 2945599 0439097 1705241 3146239 3538806 3540585 0205449 0868928 1515981 1533148 0439097 1705241 3146239 3538806 3540585
 0868928 1533148 1547282 0439234 0439508 0168634 1442488 0450305
 0868928 1533148 0301630 0392756 0441610 0547040 1524031 2945599 0439097 1705241 3146239 3538806 3540585 0868928 1533148 1299392 0205081 1881878 2945599 0439097 1705241 3146239 3538806 3540585 0205447 0868928 1515981 1706255 1706256
 0010101 1707520 1707455 1261322 1516048 1547282 1707520
 1707520 0184511 0332272 1561611 1299395 0237881 0750502 1546944 1707455 0005558
 1707455 0750572 1707520 1879533 3539083 0237881 0750502 1546944 0868928 1533148
 0449911 0333052 2607870 0557702 1272706 1704674 0557702 1272706 1704674 0349966 1337208
 2827734 2981698
 1261322 1516048 0194073 0005558 0392762 0017446 0205146
 0005558 0369718 0441922 0450385 1553036 0205090 0684010 2603358 0369773 2603361
 0005558 0369718 0441922 1553036 0205090 0684010 2603358 0369773 2603361
 0005558 0369718 0441922 1553036 0205090 0684010 2603358 0369773 2603361
 1264666 0449468 1264633 1554103 1690016 1705102 2700258
 2607943 2926606 3539655 1518422 0025663 0449851 0871511 0681890 0029216 0040732 0040733
 0439234 0439508 1532780 0457242 0201976 0600061 0010294 0229671 1546774 1550100 1561535 0347982 0027960 0324740 0439189 1456781 1824986
 0030705 0005558 0220797 0205454 0745777 0181074 0332835 1961139 0439231 0403592 0022658 0369718 0441922 1553036 0277556 0022658 0012634 0022646 0369718 0441922 1553036
 0030705 0011065 0181074 0332835 0542341 1546956 1961139 0439231 0439231 0680185
 0030705 0181074 0332835 1961139 0439234 0201976 0600061 0010294 0229671 1546774 1550100 1561535 0347982 0027960 0324740 0439189 1456781 1824986
 1707520 0005558 1707520 0439234 1524063 0002778 0392762 0936012 1524024
 0240035 0016059 0017654 1561549 0232809 0016107 0022663 0268731 0439234 0439508 0871208 1521828 1707520 2986822 0025663 0238767 0449851 0871511 1706086 0205090 0684010 2603358 0369773 2603361 0205090 0332575 0684010 1260956 1515981 2603358 0369773 2603361
 1707520 0232804 0022646 0031843 0227665 0542341 0700205 1278978 1514845 1705273 0439234 0877042 0181074 0205087 0332835 1515981 1961139 1517945 0039224 1442162 1550718 1706073 1706074 3244317
 0017446 0205146 1707520 0201976 0600061 0010294 0229671 0238767 0439234 0439508 1546774 1550100 1561535 1706086 0877042 0181074 0205087 0332835 1515981 1517945 1961139
 1709793 0439234 0439508 1707520 1518422 2584321 0237881 1709380 0038215 0750502 1518422 1299987 0242485 0039224 1706073 1706074
 0449911 0039224 1706073 1706074 0557702 1272706 1704674 0557702 1272706 1704674 0039224 1706073 1706074
 1287401 2607943 2926606 3539655 0439234 0439508 1707520 0005558 0042295 0042295 1518422 1707520 0877042 0181074 0205087 0332835 1517945 1961139 0201976 0600061 0010294 0229671 1546774 1550100 1561535 0039224 1706073 1706074
 0679993 0441833 0687744 1257890 1552516 1705428 1705429 0684320 0684321 0016059 0439234 0439508 0369718 0441922 1553036 1547282 0031843 0181074 0205360 0332835 0542341 0700205 1547311 1705273 1961139 0039224 1706073 1706074
 0449911 0039224 1706073 1706074 0557702 1272706 1704674 0557702 1272706 1704674 0039224 1706073 1706074
 0868928 1533148 0168634 1442488 0439234 0439508 0029216 0040732 0040733 0369718 0441922 1553036 1707520 0033325 0441889 0456079 1547707 2946261 0002778 0936012 1524024 0039224 1706073 1706074
 0034980 0002778 0936012 1524024 0681923 0240035 0016059 0439234 0439508 0240035 0016059 0017446 0205146 0439165 1549488 1561533 0017654 1561549 0232809 0016107 0022663 0268731 0871208 1521828 0439234 0439508 0033325
 0543482 0439234 0439508 0237881 0750502 1546944 2003901 0238767 0445247 1706086 3161035
 0456148 0543482 0549184 0439234 0439508 0150312 1883351 2698872 1511726 3245479 1518422 1547282
 1707520 0240035 0016059 0596790 1522203 0005558 0221198 0238767 0449820 1546698 1552081 1706086 0369773 2603361 0017446 0205146 0439165 0680844 0681916 0750572 1515981 1549488 1561533 1314939 0369773 2603361
 1524063 1511726 3245479 1521798 0150312 0369773 2603361
 1707520 0240035 0016059
 3273245 0035015 0205178 1548437 1882923 2700401 0240035 0016059 1707520 2986497 1511237 0025815 0178602 0869039 1114758 1511559 3273245 0035015 0205178 1442162 1548437 1550718 1882923 2700401 3244317 0439234 0439508 0449445 0017446 0205146 0205090 0684010 2603358 0369773 2603361 0200765 0002778 0936012 1518422 1524024 1704254 1704922 3542466 0205090 0684010 2603358 0369773 2603361
 0681850 1550501 1706203 2349001 2697811 0557061 2584313 0194073 0564454 1507394 2348563 2985663 0005558 0022646 0040739 0150312 0220797 0227665 0442711 0449450 0450127 0557651 1278978 1514811 1514845 1522729 1706462 2603343 0846101 1709793 0370003 0884358 0009219 0805701 1261322 1516048 0008902 0008903 0678229
 1511726 3245479 0031843 0181074 0332835 0542341 0700205 1705273 1707520 1961139 0439234 0029216 0040732 0040733
 0376554 0557651 2603343 0205435 1279901 0033325 0589120 1522577 1704685 3274571 0332283 1719822 0205435 1279901 0443252 0205166 1515273 1705313 1706317 2826302 0557651 2603343 1883351 0185125 1632850 1879355 1261322 1516048 0008902 0008903 0678229 1704788 3539106
 0871287 1511726 3245479 0237753 0683312 1510411 0175659 0349674 1947916 3536777 0205132
 0005558 0683312 1705242 0442504 0240035 0016059 1705241 1705242 0700321
 1280500 2348382 0005558 1548958 1705294
 0442711 0242656 0449258 0684320 0684321 0016059 0439165 1549488 1561533 1314939 0332257 3538986 0449820 1552081
 0240035 0016059 0017446 0205146 0205195 0750572 2328510
 0200765 0002778 0936012 1524024 1704254 1704922 3542466 0018563 1281583 1552914 0016059 1264633 0001613 0007776 0022655 0040300 0684224 0700287 1547928 1554103 3496591 0225325 0009325 0225326 1167364 1260603 1304649 1548223
 1522609 0042295 0237753 0025663 0025664 0205448 0449851 1301820 1705242 0205146 0334129
 1707520 0016059 1517001 2945599
 0016059 1707520 2371925
 1314939 0042295 1705242 0225331 0016059 0040300 0439709 1265611 1547928 0725813
 1522609 0205403 0225331 1299987 0016059 0040300 0439709 0559956 1547928 3275031 0005558 0181074 0205397 0220797 0332835 1961139 0205549 1518422 2348044
 0181074 0332835 1961139 0678226 2987476 3146286 1521761 2827422 0009325 1167364
 0009333 0079323 1333498 0033684 0205423 0009325 0021966 0221138 1167364 0439070 1705160 0544995 0205400 1955404 0240035 0016059 0596790 1285553 1522203 0033727 0369286 0441932 0564385 0205155 1293097 1522472 1552923 1705191
 0009673 0439828 0013604 1717255 0021368 0439792 0332218 0442824 0430389 0023693 0026018 1306462 1516048 1881376
 0332575 1260956 0018563 1281583 1552914 0021368 0015127 1524003
 0678226 0025543 0441472 0750492 3146286 3266814 0806987 0007634 1513475 3282337 0024432 1546706 1550652 0024264 0009325 1167364 0332185

 0449911 0333052 2607870 0557702 1272706 1704674 0557702 1272706 1704674 0349966 1337208
 0740116 2827735 2981700
 0240035 0016059 1707455 0025664 0449851
 0240035 0016059 0013604 1717255 0021368
 0563227 0332575 1260956 0871362 1710082 0205090 0205091 0233535 1552822 0038128 0392756 0013604 0017446 0205146 1717255 0021368
 0563227 0332575 1260956 1547282 0487602 1704680 0599025 0023693 1306462 1881376 0439178 1446409 1514241 2825490 0033684 0750492 2328510
 0369637 0441923
 0242484 0449416 1705919 0205419 0205155 1293097 1522472 1552923 1705191 0947630
 0009491 0042153 0457083 1947944 0445247 0444330 1705201 0332149 1705910 2362652
 1546466 0205549 2348044 1547282 1707520 1261322
 1548784 1961136 0332290 0237881 0750502 1546944
 0037088 0243095 2825141 1507394 2348563 0005558 0220797 0332185 0442711 0557651 1522729 1711260 2348152 2603343 0237753 0449788 1709908 2986822 0025663 0449851 0684224 0700287 0871511 3496591 0449820 1552081 1518422 0016059 0332575 1260956 1709793
 0489479 1579762 1707455 0205103 0231242 0870992 1548610 0205103 1548610 0205419
 0376298 1265611 0022646 0227665 1278978 1514845
 0205549 2348044 1881534 0015264 0684224 0700287 3273238 0205146 0430389 0026018 0001779 0518609 0016059 0030664 1521733
 1707520 0242485 0025663 0025664 0449851 0085732 0033325
 0439792 0016059 0392760 1314939 1517945
 1274040 1546471 2825142 1521761 2827422 0205229 0017446 0205146 0443252 0033325 0040739 0205166 0205360 0450127 1515273 1547311 1705313 1706317 1880177 2826302
 0016059 0205171 0439044 0679994 1518422 0033325 0205156 0684224 0700287 1552607 0947630 2348205 1524063 0487602 1441616 1704680
 1290905 0349590 0520510 1262865 0440265 0005558 0205393 1547282 0016059
 1979874 0205549 2348044 0450387 0750554 0730393 0332835 1527362
 0557651 2603343
 1552961 2347617 1264633 0009325 0017446 0043194 0205146 0258432 0439070 0439509 1167364 1421478 1554103 1705160 0205172 0205179 0016059 0005558
 0557651 2603343
 0370003 0005558 0031843 0181074 0332835 0542341 0700205 1511741 1705273 1883727 1961139 0872291 0040223 1272706 3541383 0029216 0040732 0040733 0205549 2348044
 0005558 0443289 1265611 1265611 1518422 0439234 0439508 0442805 0029216 0040732 0040733
 0439070 1705160 1518422 0442821 2246343 0220781 1883254 0243125 0699900 1707527 1820201
 1274040 1546471 2825142 0034037 1704324
 0557651 2603343 0194073 0005558 0150312 0729650 1880177 0240035 0016059 0205172 0596790 1522203 0439070 1705160 0243148 1550141 1882979 2587213 3274648
 0489802 0004916 0596170 1521840 2986546 0403592 0022658 0947630 1305959 0056195 0009498 0205172 0332185 0333562 1521761 2827422 0006901 0456918 0935624 1280521 0040739 0450127 0443252
 1561643 0008679 0232804 0022646 0031843 0542341 0700205 1705273 0240035 0016059 0596790 1522203 1707520 1285478 0205148
 1825598 1314939 0205369 1280500 1552740 2348382 0006901 0456918 0935624 1280521 0225318 0040300 0334129 0596790 1265611 1522203 1547928 0240035
 0441712 1511726 3245479 0016059 1265611 0205171 0750482 1720467 0205217 0442805
 0181074 0332835 1961139 0681890 1705535 0243107 0678723 1527148 0205219 1184743 1522240 0332185 0684224 0700287 1521721 3273238

 0221193 0557651 2603343 0439792 0022671 0332835 1527362 0150312 0194073 0005558 1882932 0035015 0205191 1548437 1882923 2700401
 1274040 1546471 2825142 1825598 0439092 0547044 0403592 0334133 0016059 0022658 0040739 0205191 0439849 0445223 0450127 0680844 0681916 0750572 3242379
 1522634 0030705 0205450 1547282 0240035 0016059 0005558 1524063 0025663 0025664 0449851 0039224 1706073 1706074
 0205447 1547282 0241158 2004491 0205419 0441621 0870078
 0036149 0441621 0743559 0870078 1608199 0805874 0870077 1446409 0205449 0439787 0849355 0868928 1527428 1533148 0681841 0301630 0392756 0441610 0168634 1442488 0439234 0439508 0029216 0040732 0040733
 0684320 0684321 0160420 0008838 0022646 0205263 3263722 3263723 0034693 0034721
 0004448 0022671 0403592 0022658 1705535 0332185

 0200765 0002778 0936012 1524024 1704254 1704922 3542466 0521093 0750484 0302523 0700325 1964257 1265611 1287401 0037088 0243095 2825141 0232804 0260788 1313935 0022646 0227665
 1522609 0151650 1864785 0016059 0022646 0205307 0227665 0439166 1278978 1444656 1514845 2347086 0549183 0876920 1522609 2347635 2348144 2939193 1879646 0017446 0205146 1261322 1516048
 0205549 2348044 0086715 0027552 0042295 0205307 0439166 0686904 0750572 2347086 2939802 0086715 0205307 0439166 1514721 1515981 2347086 0001779 0439849 0445223
 0221193 2986676 2707520 1511726 3245479 0020028 0019994 0041740 1510665 0884358 2947996 0034980 0002778 0936012 1524024 0681923
 0557651 2603343 1521721 0242538 2979241 0036365 0004083 0086597 0127400 0337812 0439849 0596306 0699792 0587482 0030755 1515981 1704729 1427926 1513895 1822888 2982442
 1710187 0079152
 0205090 0684010 2603358 0521116 0557651 1314939 2603343 0004927
 1514811 1706462 0681850 1550501 1706203 2349001 2697811 0557061 2584313 1514811 1706462 0262500 1512358 3538713 0042974
 0542341 0040739 0450127
 0022646 0063789 0227665 1278978 1514845 3272375
 0025141 0439526 1506978 1705538
 0242485 0232804 0022646 0031843 0542341 0700205 1705273 0018131 0022671 0038952 0181074 0220921 0332835 1961139
 1704648 3541227
 0025141
 0020792 0205396 0035648 1553898 0035647 1521761 2827422

 0000857 0600678 1552863 3541894
 0401177 0260788 0022671 1313935 3258203 0439234 0439508 0168634 0392747 0443172 1442488 1707455 1707520 0439234
 0040732 0332835 1707733
 0016327 0439133 1553038
 1709793 0002778 0449582 0936012 1524024
 0022646 0063789 0227665 1278978 1514845 3272375
 0025141 0439526 0022772 1881334 3539925 3541307
 1261322 1516048 0086589 0005516 0035015 0205191 1548437 1882923 2700401
 0029216 0040732 0040733
 0450387 0025141 3540812
 0200765 0002778 0936012 1524024 1704254 1704922 3542466 0086589 0005516 0031843 0542341 0700205 1705273


 1709793 0403592 0022658 0487602 1704680 0071047 0336791 2827396
 0029216 0040732 0040733
 0025141 0439267
 0487602 1704680 0449335 0025663 0449851 0871511 2316368 0205155 1293097 1522472 1552923 1705191

 0025141
 0543482 0947630 0260788 1313935 0022646 0227665 1441616 1710526 2607943 2926606 3539655

 0025141 0597277 1708601
 0008902 0008903 0678229
 0022646 0063789 0227665 1278978 1514845 3272375
 0450382 0025141
 0681842 0201976 0600061 0010294 0229671 1546774 1550100 1561535
 0027713 1283882
 0025141 3539925 3541307
 0015350 0521119 1704640 1706515 0022646 0227665 1278978 1514845
 1315013
 0025141 1412999 2347167 0023031
 0242656 1947900 0449258 0086418 0004799 0332281 0025255 0333562 0449432 0596901 1706182 1979853 0057252 1413930
 1315013
 0025141
 0009333 0403592 0022658 0040732 0205191 0332835
 0040732 0332835 1418943
 0025141 3539925 3541307
 0205419 0684224 0700287 3273238
 0022646 0063789 0227665 1278978 1514845 3272375
 0025141 0439267 0439267 0205090 0684010 2603358
 0006901 0935624 1280521 0564454 0022646 0040739 0227665 0392747 0443172 0450127 1278978 1514845 1705241 0557651 2603343 0403601 0040732 0268731 0332835

 0025141
 0035015 1548437 1882923 2700401 0430425 0020792 0205396 0056195 0006901 0333562 0456918 0935624


 0392747 0443172 1705241 0449911 0004600 0205095 0460009 1995000 0233426 0439780
 0040732 0332835 1707733
 2986463 1708595 3280986 0205090 0684010 2603358
 0242485 0005558 0022671 0332835 1527362 1882932 1514863
 0040732 0332835 1707733
 0016327 0439133 1553038 0369637 0441923 0369637 0441923 0022337
 2347947 0005558
 0022646 0063789 0227665 1278978 1514845 3272375
 0025141 0597277 1708601
 0679823 0007634 3282337 0235989 0240035 0151650 0160420 0016059 0022646 0596790 1522203 0034693 0034721
 0242856
 0034036 0034037 1514756 1704324
 0348078 0376315 1272684 1522492 1527075 1548435
