 0965514 1612060 0392756 0547047 0033268 0021135 1533691 2827718 0002395 1521724 2986594 0683033 0684309 0012634 0025914 0025929 0026809 1515981 3161035
 0369637 0441923

 0439267

 0587466 1704729 0005477 0036375 0030853 0035172 0021622 0331779 0039021 0021622 1272753 0013227 0025118 0021622 1272753 0035168 0041740 0242481 0017480 1704729 0039711 0041740 0565990 1552471 0205099 0205476 0039711 0034036 0034037 1514756 1704324 0348078 0376315 1515981 1522492 1527075
 0520510 0557061 2584313 1514811 1706462 0947630 0023688 1621296 0036536 0036537 0021135 1533691 2827718
 1280500 2348382 0449234 1704772 1882133 0242738 1148932 1148923 0243122 0450240 0596902 1145667 1167622 1706210 1412058 0023688 0547043 0851285 1282911 1879547
 1948052 0332128 1280500 2348382 1273517 1515655 0033268 0021135 1533691 2827718 0025936 0003069 0025914 0025929 0026809 1515981
 0965514 1515654 0021135 1533691 2827718 0185125 1883525 2346866 3161035 0332257 0016030 0027882 0015127 1524003 0392756 0547047 1280500 2348382 0002716 0003591 0011560 0021966 0205217 0221138 0442805 0611285 1883712
 0021467 0021469 1628982 3463820 0965514 0007634 0449475 0205369 0332307 1269647 1547052 1552740 1704653 1948049 0205402 0027836 0007634 3282337
 0016030 0332268 1412058 1327616 0002716 0011560 0611285 0085151 3538722 0033665 0033666 0916204 1456454 0002716 0011560 0033684 0035820 0611285 1412058 1705810 1709634 1709694 0079411 3146294
 0039798 0087111 1522326 1533734 1705169 3538994 1442469 0439228 1547282 0442805 0085151 3538722 0002722 0002723 0033665 0038164 0916204 1456454 0002716 0011560 0033684 0392756 0456603 0547047 0611285 1412058 1547037 1709634 1749467 1948047 0010813 0596311 1330957 1514468
 0205393 0039798 0087111 1522326 1533734 1705169 3538994 0015127 1524003 0301630 0392756 0441610 1515981 0006104 1269537 0025914 0025929 0026809
 0681814 0965514 0392756 0547047 0085151 3538722 0033665 0033666 0916204 1456454 0002716 0011560 0033684 0611285 1412058 1709634 1709694 0021135 1533691 2827718 1515655 0183683 1521721 1552603 1706202 0023688 1621296 0683607 0185125 1947919 2347934 3539080
 0520510 1514811 1706462 2924612 1552961 2347617 0008377 0002395 1521724 0012634 1511726 3245479 1830377 0035648 1553898 0332167 3272283 0078057 0005847 0035647 1558950 1801960 0032105 0518017 1521761 2827422 0023824 0023823 0065055 0860920 0008377 0023820 0178587 0205251 0348078 0376315 1299352 1522492 1550472 0242656 0449258 0021149 0220856
 1979874 0392885 0583325 1522133 0201950 0428466 0858034 0032105 0441889 1550098 0007222 0332281 0243083 1281905 0007226 0012634 0035647
 0242738 1148932 1148923 0243122 0450240 0596902 1145667 1167622 1706210 1412058 0182953 1704734 1704735 1158917 0025519 0025520 0023821
 0596611 0026882 0015127 1524003 2931838 3165209 0020623 0011155 0162429 1623416 0205402 0039292 1412058 0012634 0008377 1880022 0007634 3282337 0004153
 1511726 3245479 0183683 1521721 1512571 1412058 1517892 1704666 0035820 1705810 0023821 0023820 0178587 0205250 0441889 0456079 1299351 1547707 2700149 2946261

 0150312 0205419 0392885 0023822 0023821 1522133 0065055 0201950 0332281 0428466 0029053 1291138 3276464 0008377 0023820 0178587 0205217 0205250 0441889 0442805 1299351 2700149 0035647 0205421 3272602 0206132 0001779

 0684224 0700287 3496591 0036849 1442518 1705195 0392747 0035647 1710263 0032659 1257890
 0557651 2603343 0032659 1257890 0041700 0150312 0205419 1518422 0700364 1883351 1281905 0035647
 0681814 3161035 0449913 1553451 1704459 0003069 0003062 1517676 1518422 0684224 0700287 3496591 0037640 1707478 1412058
 0162493 1879547 1612060 0332298 0206588 1421546 0023884 0521447 0597357 0736268 1278929 2346688 2587213
 1612060 1421546 0023884 0597357 0736268 1278929 2346688 0680022 0017262 0017337 0185117 1517880 0023688 0243122 1145667 1167622
 0597357 0008377 0348078 0376315 1879547 0030011 0031843 0542341 0700205 1705273 1421546 0597357
 0017337 0243144 0347980 1314939 0543484 0699900 1516314 1159709 0005528 1317949 3495449
 0201950 0428466 0008377 0079613 0183210 0441889 1521991 0205263 1184743 1522240 0201950 0428466 0008377 0441889
 0332185 1524063 0010453 0205225 0439631 1882598 0006104 0013935 0034693 0034721 0205409 1269537 1548221 0205217 0442805 0185117 0007613 0678908 0031843 0542341 0700205 1705273
 0205172 0023688 0205171 0439044 0679994 0205195 1947911 0085201 0003592 0021966 0221138 0015127 1524003 0301630 0392756 0441610 0085151 3538722 0033621 0033665 1168438 1418943 1707271 3540567 0916204 1456454 1335533 0002716 0011560 0033684 0205088 0332255 0486805 0611285 1265611 1412058 1705314 1705315 1709634 0033268
 0683954 1274040 1546471 2825142 0521093 0205448 0750484 0022877 1619828 0450348
 1280500 1621296 0023688 3494280 1999230 1533716 1708476 0392756 0547047 0036536 0036537 2828008
 0040223 0205435 1279901 3541383 1879547 0965514 0085151 3538722 0033665 0033666 0916204 1142652 1456454 0002716 0011560 0033684 0086418 0611285 1412058 1709634 1709694 0025936 0003069 0025914 0025929 0026809
 1274040 1546471 2825142 0030705 0039292 1412058 0012634 1999230 0183683 1521721 1412058 0035820 1705810 0036536 0036537
 0520510 0520510 0557061 2584313 1514811 1706462 0965514 0369718 0441922 1553036 0369718 0441922 1553036 0740116 2827735 2981700 0740116 2827735 2981700 0700307 2945751 0038760 0599503 3536763 0079078 0220806 1301820
 0332282 0869011 1719918 0681814 1273517 0229671 0230445 1305418 1546774 1550100 0025402 0020339 0281666 0022265 0109872 0040845 0001128 0202406 1504308 0064858 0003641 1512523 0047895
 0492793 0872171 0040284 1139930 0010046 0010046 0027976 1879958 0325579 0027971
 0965514 0020339 0281666 0022265 0109872 0040845 0001128 0202406 1504308 0037633 0525069 1710198 1549535 0332462 1880834 0086045 1446561
 0449416 1705919 0205370 1549663 2983689
 0312586 0003242 0003241 0021027 0172493 0869011
 0003250 0003241 0021027 0746619 0002520 0001128
 0003241 0021027 0005863 0442726 0916204 1412058 0916204 1412058 0002716 0011560 0021069 0439175 0439810 0611285 1515981
 1979003 0312586 0003241 0021027 1273517 1883351 0442726 0171484 0678226 0010813 0596311
 1979003 0003241 0021027 1273517 1883351 0442726 3538722
 0003241 0021027 1518422 0916204 1412058 0010813 0596311 1330957 3146294 0171484
 0003595 0523511 1412481 1624602
 0003250 0003241 0021027 0746619 1414968 3536868 2260086 0869011 1512888 1555271
 0003241 0019941 0027021 0031179 0330510 0522529 0939835 1110641 1318719 3541314
 0557651 2603343 0162791 0220845 0282423 0181090 0302614 1706050 1947933 1524063 0042153 0457083 1947944 0041711 0041710 0041708 0018747 0683314 0037440 0041703 0018684 0086418 0557854 1301808 1704729 0166872 0178478 0868975 0003062 0041740 0205540 1947933 2699414
 1273517 0025936 0003069 0025914 0025929 0026809 0733755
 0185117 0026809 0086860 0591833 0013126 1955336 0027882 0443288
 0087111 0025914 0025929 0026809 0192456 0038351 0041281 0332293 1522326 1704242 0965514 0439400 0041417 0072225 1442469 0439228 0042444 0205171 0348005 1720467
 0444930 2746065 0039798 0087111 1522326 1533734 1705169 3538994 0025914 0025929 0026809 0991865 0006353 0031603 0031701 0036082 0439526 1601799 1549542 2678549 1882074 0020283 0450407 0450408 0450409 0006104 0849355 0013239 0011682 0020746 0205222 1512080 1882509
 0006104 0439294 0439526 0041175 0006353 0038636 0077281 0814229 1161331 0038636 1161331 0041175 0002055 0178499 1880279 0013618 0013714 2678549 1882074 0020283 0450407 0450408 0450409 1552738
 2828366 1521827 0079240 1948037 0006353 0601906 1882074 0020283 0450407 0450408 0450409 0024472 0146951 0133689 0242759 0392148 0033607 0064858 0003641 0047895 0949466 0003595 0523511 1412481 0916204 1412058 1881534
 0009015 0605411 1273517 1883351 0006556 0442711 0042462 1999230
 0332255 0486805 0205145 0524637 1515974 2825164 0439086 2827736 2981702 0444930 0023690 1273517 0086022 0599958 0009015
 0205145 1515974 2825164 0205447 0028630
 1273517 1519179 1854580 0205145 0524637 3146294 0086022 0442335 1514798 1705099 0004793 0162326 0162327 1519249
 0443286 1114821 0005574 0041740 0205099 0884358
 0599566 1520007 0086022 0442335 3146294 1520007 0086022 0442335 0185117 1184743 1522240 0150369 1516647
 0034865 0017428 0086022 0442335 1705099 2338314 0206679 1318711 0007634 0884358 3282337 0007600 0205132 1550648 1552960 0042542 0033684 1704222 0017337 1514468 0150312 0332285 2826298
 0006556 0205435 1279901 0009013 0032136 0332256 2700400 0162326 0230171 0086860
 0034865 0037949 1267072 1708726 0333463 2963144 0016945 0049081 0487602 1704680 0022959 0007600 0007634 0205132 1269647 1550648 1552960 1704653 1948049
 1514798 1998793 0005862 1148472 0002778 0936012 1524024 1710133 1711411 1524063 0182400 1704681 2347609 3536729
 0033268 0243114 1998793 0206243 0699809 0439787 0442711 0680240 0849355 1442989 2828392 1698986
 1710198 0521093 0750484 0332296 1880497 1996904 0332197 1689985 0333463 0439663 0042542 0007634 3282337
 0332282 0475208 0007634 3282337 0027882 0009450 0205549 0439663 2348044 0449822
 0441648 0332256 2700400 0442796 0027882 0439083 0439087 0702093 1439852 0009458 0439536 1705217 3244283 0332256 2700400 0042760 1883540 0521026 0597177 0009450 0449822 0439148 1519795 1704753 1880519 0017446 0205146
 0185117 0086860 0013126 0445247 0450240 1706210 0562342 0332219 0150369 1516647 2348382 0233426 0700364
 0012634 0348080 1705253 0007634 3282337 0439178 1446409 1514241 2825490 0009450 0687676 1704687
 0007585 0010453 0007776 1176472 1881534 2700441 1523990 0019564 0949582 1029104 1284077 1552738
 0007776 1176472 2700441 0019564 0949582 1029104 1284077 0205239 0013618 0041236 1439852 0456692 0702093 2348236 0005903 0039476 1547703
 0041236 0009458 0205197 0439536 0725685 1704788 1705217 3244283 3539106 1537935 0242295 1947943 2348609 1518416 0019944 0229671 0242616 1265527 1546774 1550100 0007452 0015965 0229671 0521457 1140701 1546774 1550100 0003232 0009458 0439536 1705217 3244283 0442796
 0038960 1382107 1705537 1301820 0180860 0581406 1522664 1704449 1704684 0402834
 0027882 0178587 0205250 1299351 2700149 0005971 1139930 3537155 0439526 0205170 0439526 2827734 2981698 3146287 0032400 0071360 0747726 0024337 0439267 0439526 1522408 1139930 0006736 0027976 1879958
 0439227 0564385 0009458 0439536 1705217 3244283 0009458 0205197 0392747 0439536 0443172 0725685 1705217 3244283 1282910 1552828 0229671 1546774 1550100
 0021135 1533691 2827718 0332173 0439228 0439505 0010453 0332293 0010843 1522326 0086045 1446561 1883351 1260953 0596290 0334094 1514485
 0007634 3282337 0041740 3541314 0009458 0325564 0392747 0439536 1314677 1551720 1705217 3244283 0007452 0015965 0229671 0521457 1140701 1546774 1550100 0119053 1552738 0332152 1705850
 0007634 3282337 0009458 0325564 0392747 0439536 1314677 1551720 1705217 3244283 0007452 0015965 0229671 0521457 1140701 1546774 1550100
 0030705 0039292 1412058 0012634 0030705 0243148 1550141 1882979 2587213 3274648 1552738
 0007634 3282337 0205200 0009458 0325564 0392747 0439536 1551720 1705217 3244283 0332256 2700400 0007452 0015965 0229671 0521457 1140701 1546774 1550100 1273517 0439799
 0007634 3282337 0205170 1140299 3146287 0005971 1139930 3537155 0005971 1139930 3537155 0332173 0439228 0439505 0178587 2584321
 0007634 3282337 0012931 0720544 0012854 0086022 0205170 0439267 0442335 1514798 1705099 3146287 1524063 0253711 0332287
 0007634 0243148 1550141 1882979 2587213 3274648 3282337 0720544 0006556 0086022 0205170 0439267 0442335 1705099 3146287
 0009458 0325564 0392747 0439536 1548982 1551720 1705217 3244283 0332256 2700400 0229671 0230445 1305418 1546774 1550100 1719918 0033727 0332293 0369286 0441932 0564385 1522326 1612060 1421546 1621296 0023688 0023884 0597357 0736268 1278929 2346688 0020339 0965514 0140278 0040845 0001128 0202406 0332197 1689985 0085201 0003592 0021966 0221138
 0085201 0003592 0021966 0221138 1300565
 0007634 0243148 1550141 1882979 2587213 3274648 3282337 1514756 0042444 0348005 0001962 0205171 1720467
 0009458 0439536 1705217 3244283 0702093 0179834 0439267 0849355 1883720 3244314 0007634 3282337
 0007634 3282337 1548982 0006353 0024348 0034584
 0204727 0205409 0220862 2828366 0949466 0018555 0008120 0018557 0029939 0152035 0227898 1278992 1521827 0007634 3282337 0016030 0027882
 0007634 3282337 1548982 0991865 0006353 0031603 0031701 0036082 0184933 0444082 1601799 0006353 0024348 0034584 0392148 0033607
 2828366 0179834 1883351 0849355 1883720 3244314 0440266
 1412058 0916204 1412058 0949466 0005863 0002778 0936012 1524024 1705493 2828366 0332256 2700400 0060916 0086376 0439267 0041175 0006353 0017890 0077281 0205430 0392756 0522461 0814229 3160715 0006353 1708715 0017243 0017890 0041175 0077281 0522461 0814229 0013855
 0949466 0005863 1705493 0002778 0936012 1524024 2828366 0162518 0009458 0162867 1254021 0017243 0077068 1708715
 0017243 0348011 0025255 0003241 0205225 0439631 1439852 0332283 0003241 0027627 0175668 0205436 0019941 0027021 0031179 0330510 0522529 0939835 1110641 1318719 0175631 1522240 2827662
 1624602 1414968 3536868 0017855 2260086 0030016 0031603 0031701 1601799 0205102 1273517 1442989 1553872 1619620 2828392
 0522510 0011321 1709793 0596957
 0021069 0014441 0014441 0884358 0332152 1705850 0450355
 0002716 0011560 0611285 0162518 0009458 0009647 0439536 1705217 3244283 0301871 0020985 1524063 0003241 0021027
 0002716 0011560 0611285 0006353 0034584 0185115 3541890 0439267 0179834
 1883712 0002716 0011560 0611285 0185115 3541890 1524063 0057938 0439267 0179834 0700308 0033727 0369286 0441932 0564385 0444499 1440942 0041175 0077281 0369637 0441923 0814229 1883712 0020283 0450407 0450408 0450409
 2828366 1273517 1883351 3538722 3538722
 2828366 0006353 1720119 1948037 0074757 0031603 0031701 0037473 0597484 1601799 0013618 0037494 1959973 0036774 0036773 0728877 0001924 0007452 0229671 1140701 1546774 1550100 0047101 0074721 1882074 0020283 0450407 0450408 0450409 0086045 0014441 0444706 3541902 1552738 0332152 1705850
 0014441 0884358 1524063 0003250 0003250 0003241 0746619 0019941 0027021 0031179 0330510 0522529 0939835 1110641 1318719 0683757 0039021 0430425 0003241 1273517 1511790
 0443286 1114821 0027021 0031179 0449913 1318719 1553451 1704459 1710236 0022877 1619828 3541314
 0042295 1532459 1442989 1527178 1705938 2828392 1524063 0038137 0175675 3541314
 1265611 1882115 0555903 1261360 0085151 3538722 0033665 0916204 1171362 1456454 0002716 0011560 0033684 0185117 0443225 0611285 1412058 1444754 1706316 1709634 0005863 0439292 0555903 1261360 0042444 0243148 0332293 0332462 0348005 1522326 1550141 1880834 1882979 2587213 3274648
 0444504 0684224 0700287 2347634 2348143 3496591
 0237881 1709380 0038215 0750502 0022885 0038492 0039259 0039593 0205448 0392366 1551041 1552573 0333052 0814195 2607870 0037585 1826357
 0520510 0557061 2584313 1514811 1706462 0965514 0205263 0185117 0392756 0547047 1327616 0036536 0036537 1955473 0150312 1612060 1421546 1621296 0023688 0023884 0597357 0736268 1278929 2346688 0020339 0205217 0442805 0185117 0205216 0392756 0442797 0036536 0036537 0521390 1518422 0007634 3282337
 1547282 1621296 0023688 3494280 1280519 1707887 1515655 1707455 1280500 0020339 0965514 0036536 0036537
 1273517 0085080 0018555 0007634 0008120 0018557 0029939 0152035 0227898 1278992 3282337 0085151 3538722 0033665 0916204 1142652 1456454 0002716 0011560 0033684 0086418 0611285 1412058 1709634 0332256 2700400 0026882 1705285 0442805 0220781 0439634 1522492
 0965514 0026367 0086045 0185125 0445247 1446561 0020339 0205263 0428479 3244092 0441889 0456079 1547707 2946261 0450344 1553633
 1612060 1421546 0023884 0597357 0736268 1278929 2346688 0079613 0439855 1704241 1421546 0597357 0332128 0281666 0022265 0109872 0040845 0001128 0202406 1504308 0001721 0871261 1704632 1706817 2911692
 1883712 0965514 0916204 1171362 0038164 0033684 0185117 0332462 0442805 1412058 1517331 1880834 0450345 0441833 1999270 3537156 0392756 0547047 0965514 1707455 0205171 0439044 0679994
 1274040 1546471 2825142 0521093 0750484 1612060 1421546 0023884 0597357 0736268 1278929 2346688 1621296 0023688 0442796 1280500 1550602 2348382 0916204 1412058
 1280500 2348382 0036536 0036537 0014441 0444706 3541902 0086045 0851827 1446561 1701901 3244310
 0449911 0333052 2607870 0557702 1272706 1704674 0557702 1272706 1704674 0349966 1337208
 2827734 2981698
 0965514 0442805 0185117 0392756 0547047 0036536 0036537
 0007634 3282337 0033727 0332293 0369286 0441932 0564385 1522326 0369637 0441923 0020339 0965514 0965514
 0007634 3282337 0024348 0185117 0005863 1524063 0312586 0368582 0003241 0021027
 0175723 0011321 1709793 1882115 0041348 2937342 1171362 3244092 0428479 0185117 0441889 0456079 1547707 2946261 0042444 0243148 0332293 0332462 0348005 1522326 1550141 1880834 1882979 2587213 3274648
 0681493 2698021 0085862 0205448 0681814 1299583
 2347469 0007634 3282337 0033727 0332293 0369286 0441932 0564385 1522326 0965514 1273517 0140278 0040845 0001128 0202406
 1171362 3244092 0428479 0185117 0441889 0456079 1547707 2946261 0916204 1412058 0041348 1515981 2937342 0005863 1881488 0007634 0444667 1269647 1704653 1948049 2347469 0036536 0036537 0014441 0444706 3541902 0162518 0009458 0162867 1254021 1553033
 0022885 0038492 0039593 0392366 1551041 1552573 1273517 1883351 1705241 1705242
 0369773 2603361 0369773 2603361 0205171 0965514 1707455 1720467
 0039798 0087111 1522326 1533734 1705169 3538994 0085201 0442805 1280500 2348382 1280500 2348382 0332293 1522326 0007634 3282337 0085201 0003592 0021966 0221138 1883712
 1547282 0039798 0087111 1522326 1533734 1705169 3538994 0205171 0439044 0679994 1518422 0001721 0036536 0036537
 0036536 0036537 0005863 1510844 0162518 0009458 0439536 1705217 3244283 1524063 0003241 0021027 0002520 0001128 0085151 3538722 0033665 0916204 1171362 1456454 0002716 0011560 0033684 0175996 0178719 0185117 0611285 1412058 1709634 1882115
 0086045 1446561 1301751 1280500 2348382 1883712 0085201 0003592 0021966 0221138
 0965514 0369637 0441923 0311403 0036536 0036537 1883712 0205217 0442805 1280500 2348382 0007634 1707455 3282337 0085201 0003592 0021966 0221138 0369773 2603361 0369773 2603361
 1280500 2348382 0427861 0007634 0086418 0521093 0750484 1518422 3282337 0916204 1412058 0332293 1522326 0020339
 0205379 0349966 1337208
 0450354 1706096 0085201 0003592 0021966 0221138 0039798 0087111 1522326 1533734 1705169 3538994 0205216 0392756 0442797 0036536 0036537
 1883351 0020339 0085201 0003592 0021966 0221138 0001721 0033268 0444706 3541902
 0150312 0205216 0392756 0442797 0205172 0332462 1880834 0442726 1511790 0442739 1548568 0392747 0443172 1705241
 0449911 0333052 2607870 0557702 1272706 1704674 0557702 1272706 1704674 0349966 1337208
 0740116 2827735 2981700
 0039798 0087111 1522326 1533734 1705169 3538994 0085201 0442805 1280500 2348382 0036536 0036537
 0007634 3282337 0033727 0332293 0369286 0441932 0564385 1522326 0086045 0965514 0965514 1515981 0085201 1300565 0086706 0268226 0965514
 0036536 0036537 0005863 1510844 0162518 0009458 0162867 1254021 1524063 0003241 0021027
 1708639 1550025 1704782 1708715
 1709793 0243148 0332462 0449450 1550141 1880834 1882979 2587213 3274648 1882115 0916204 0085151 3538722 1456454 0033665 0002716 0011560 0033684 0611285 1412058 1709634 1883351
 1511726 3245479 0444504 2347634 2348143 1274040 1546471 2825142 0681814 1706386
 0369773 2603361 0369773 2603361 0332293 0042444 0243148 0348005 1522326 1550141 1707455 1882979 2587213 3274648
 2347469 0007634 3282337 0916204 1412058 0033727 0332293 0369286 0441932 0564385 1522326 0369637 0441923 0020339 2246761 0085201 0003592 0021966 0221138 1548602 1704686 1883712 1300565 0439526
 0007634 0243148 1550141 1882979 2587213 3274648 3282337 0332293 0042444 0205171 0348005 1522326 1720467 0085201 0003592 0021966 0221138
 0002716 0011560 0611285 0009458 0439536 1705217 3244283 0301871 1524063 0003241 0021027 0370003 2347026 0003241 0021027 0020985 0520510 1552738 0025663 0025664 0449851
 0021069 0009458 0439536 1705217 3244283 1707455 1547282 0205091 1552822
 1708639 0740116 2827735 2981700 0007634 3282337 0439086 2827736 2981702 0042444 0348005 0243148 1550141 1882979 2587213 3274648
 0007634 3282337 0332293 1522326 0162518 0009458 0009647 0439536 1705217 3244283 0014441 0520510 1552738 0025663 0025664 0449851
 0369773 2603361 0243148 1550141 1882979 2587213 3274648
 1621296 0023688 1612060 0018790 0237477 0392351 0521111 0916204 1412058 0035820 1705810 1709694 1273517 0027882 1523990 0019564 0949582 1029104 1284077
 0027882 0178587 0205250 1299351 2700149 0005971 1139930 3537155 0439526 0005971 1139930 3537155 0021135 1533691 2827718 0332173 0439228 0439505 0439663 0086022 0442335
 0185117 0005863 1524063 0003241 0021027 0916204 1412058
 0332173 0439228 0439505 0027882 0033727 0332293 0369286 0441932 0564385 1522326 0020339 0085201 0003592 0021966 0221138 0036536 0036537 0014441
 0020339 0085201 0003592 0021966 0036536 0036537 0205195 0205216 0221138 0392756 0442797 0040223 1632851 0450365 1706097
 0965514 0185125 0205171 0439044 0679994 1280500 2348382 0450366 0085201 0003592 0021966 0221138 1883712
 1280500 2348382 0036536 0036537 0205402 0439092 0547044 0521093 0750484 1511726 3245479 0007634 1301820 3282337
 0449911 0333052 2607870 0557702 1272706 1704674 0557702 1272706 1704674 0349966 1337208
 0439086 2827736 2981702
 1621296 0023688 1612060 0392756 0547047 0036536 0036537
 0010453 0007776 1176472 1881534 2700441 1523990 0019564 0949582 1029104 1284077 0027882 0206558 0019348 0019369 0019340 0042776 0243148 0319157 0439663 1550141 1882979 2338991 2587213 3274648 0002716 0011560 0611285 1708639 0002716 0011560 0611285 1708639 0439086 2827736 2981702 0009450 0449822
 0085151 3538722 0033665 0916204 1142652 1171362 1456454 0002716 0011560 0033684 0086418 0185117 0443225 0611285 1412058 1444754 1706316 1709634 0205087 1524063 0003241 0021027 0916204 1412058
 2347469 0014441
 0027882 0439663 0002716 0011560 0611285 0332293 0369637 0441923 1522326 0020339 0085201 0003592 0021966 0221138 0439294 0439269 0439526 1524062 1960952 2346927
 1511726 3245479 0444504 2347634 2348143 1274040 1546471 2825142 0681814
 0010453 1881534 0439663 0002716 0011560 0611285
 0027882 0332293 1522326 0965514 0965514 0085201 0003592 0021966 0221138 0036536 0036537 0014441
 1511726 3245479 0444504 2347634 2348143 1274040 1546471 2825142 0681814
 0369773 2603361
 0369773 2603361

 0369773 2603361 0243148 1550141 1882979 2587213 3274648
 1514559 0392756 0547047 0205263 0857127 1273518 0007634 3282337 0007634 3282337 0085201 0003592 0021966 0221138
 0040669 0916204 1171362 0428479 0033684 0185117 0441889 1412058 3244092 1612060 1421546 0023884 0205263 0597357 0736268 1278929 2346688 0450373 1553636 0441833 1999270 3537156 0916204 0085151 3538722 1456454 0033665 0002716 0007634 0011560 0033684 0178539 0332288 0392760 0441889 0611285 1314939 1412058 1709634 0428479 0441833 1999270 3537156
 0349966 1337208
 0450375 1547282 1514559 0015127 1524003 0392756 0547047 1883712 0040669 0015127 1524003 1825406 0332462 0392756 0547047 1880834 0007634 0562577 1707455 3282337
 1514559 0205171 0439044 0679994 1518422 0015127 1524003 0392756 0547047 1883712 1274040 1546471 2825142 0392756 0547047 0036536 0036537
 1514559 0205216 0392756 0442797 0036536 0036537 0039798 0087111 1522326 1533734 1705169 3538994 1621296 0023688 1705535 1280500 2348382 0086597 0127400 1412058
 0449911 0333052 2607870 0557702 1272706 1704674 0557702 1272706 1704674 0349966 1337208

 1514559 0018790 0237477 0392351 0521111 0036536 0036537
 0005863 0949466 1705493 0916204 1412058 0041348 1515981 2937342 0041348 2937342 0033684 0086022 0442335 1705099 1880497 1708639 0243148 1550141 1882979 2587213 3274648 0086022 0442335 1514798 1705099 1708639
 2347469 0007634 3282337 0002716 0011560 0611285 0441889 0009458 0150312 0332285 0439536 1705217 3244283 0014441 0444706 3541902
 0036536 0036537 0085201 0003592 0021966 0221138 1883712
 1511726 3245479 0444504 2347634 2348143 0205448 0681814 1551058 0205174
 0369773 2603361
 0369773 2603361 0243148 0562577 1550141 1707455 1882979 2587213 3274648
 0002716 0011560 0611285 0555903 1261360
 0026882 0332128 0916204 0033684 1612060 0023688 0023884 0597357 0736268 1278929 1280500 1421546 1514873 2346688 2348382 1621296 0036536 0036537
 0681814 1273517 0598090 0007600 0007634 0205132 1269647 1704653 1948049 0030705 1441547 3245521
 0007600 0007634 0205132 0243148 1269647 1550141 1704653 1882979 1948049 2587213 3274648 1272578 0016030 0444099 1123023 1278993 0243148 0681850 1550141 1550501 1706203 1882979 2349001 2587213 2697811 3274648
 0030705 1413227 1441547 3245521 0019904 0525038 1555721 1706204 0015295 0682967 0002520 2917660 0444508 0001128 0040712 0202406 0205225 0439631 0597295 0733755 1514468 1519614 1704444 0332294 0185117 0443225 0678226 1444754 1706316 0033684 0205300 0441833 1999270 3537156
 0007600 0007634 0205132 1269647 1550648 1552960 1704653 1948049 0030705 0443211 1272684 2984182 0019904 1442161 1511760 1880022 1880274 0015295
 1442161 1511760 1880274 1292748 0242611 0009221 1095825 0002518 0332294 0916204 0004793 0033684 0162326 0162327 0678226 0680220 1412058 1519249 1171362 0185117 0441833 1999270 3537156
 0205435 1279901 0332128 0441889 0456079 1547707 2946261 0009458 0150312 0332285 0439536 1705217 3244283 0016030 0009647 0033727 0369286 0441932 0564385 0039798 0087111 1522326 1533734 1705169 3538994
 0349966 1337208
 1553637 0007600 0007634 0205132 1269647 1704653 1948049 0016030 0205307 0439166 1707455 2347086 0243148 1550141 1882979 2587213 3274648
 1883712 1705241 1705242 1327616
 0085151 3538722 0033665 0916204 1171362 1456454 0002716 0011560 0033684 0185117 0205227 0611285 1412058 1709634 0016030 0442811 0205251 1299352 1550472 0085732 1299581 1518422 0036536 0036537
 0449911 0333052 2607870 0557702 1272706 1704674 0557702 1272706 1704674 0349966 1337208
 0439084 0728893
 0965514 0392756 0547047 0036536 0036537 0016030 1518422
 0441889 0456079 1547707 2946261 0243148 1550141 1882979 2587213 3274648 0016030 0014441 0009458 0150312 0332285 0439536 1705217 3244283
 0369773 2603361 0007634 0243148 1550141 1882979 2587213 3274648 3282337
 1511726 3245479 0444504 2347634 2348143 2825142 1274040 1546471 0205174
 2347469 0185117 0007634 3282337
 0007634 3282337 0332293 0042444 0348005 1522326 0042444 0348005 0040845 0001128 0202406 0185117 0005863
 0681493 2698021 1882932 0442805 0243148 1550141 1882979 2587213 3274648 0007634 3282337 0332293 0042444 0348005 1522326 0023688
 0073187 0016030 0439663 0349966 1337208
 0439086 2827736 2981702 0040845 0332293 0168944 0001128 0202406 0369637 0441923 0965514 1522326 0042444 0348005 0033727 0369286 0441932 0564385 1553033 0014441
 1274040 1546471 2825142 0444504 2347634 2348143 0681814 0205174
 0369773 2603361
 0369773 2603361
 0369773 2603361 0243148 1550141 1882979 2587213 3274648
 1883351 1280500 2348382 0036536 0036537 0016030 0439663 0332293 0965514 1522326 0040845 0001128 0202406
 0039798 0087111 1522326 1533734 1705169 3538994 0205217 0442805 1171362 0185117 0243148 1550141 1882979 2587213 3274648 0007634 3282337 0332462 1880834 1704458 0441833 1999270 3537156
 1517001 0916204 0033684 0441833 1999270 3537156
 0036536 0036537 0205216 0392756 0442797 0016030 0205171 0243148 1550141 1720467 1882979 2587213 3274648 1518422 0007634 0392747 0443172 3282337 0349966 1337208
 0392756 0547047 0237881
 0039798 0087111 1522326 1533734 1705169 3538994 0205263 0442805
 1280500 2348382 0243148 1550141 1882979 2587213 3274648 0007634 3282337 0521093 0750484 0007634 3282337 1511726 3245479 1518422 1547282
 1514873 1883351 0086597 1280500 2348382 0036536 0036537
 0039798 0087111 1522326 1533734 1705169 3538994 0442805 0185117 0085151 3538722 0033665 0033666 0916204 1142652 1456454 0002716 0011560 0033684 0086418 0611285 1412058 1709634 1709694 0035820 1705810 0185117 1515655 0332293 1522326 0025914 0025929 0026809 1442469 0439228 0965514 0439400
 0025914 0025929 0026809 0243148 1550141 1882979 2587213 3274648 1514756 0042444 0348005
 0039798 0087111 1522326 1533734 1705169 3538994 0442805 1274040 1546471 2825142 0185117 1412058 0205172 0332462 1880834 0369773 2603361 0085151 3538722 0033665 0916204 1171362 1456454 0002716 0011560 0033684 0185117 0611285 1412058 1709634 0442739 2346711 0349966 1337208 0002716 0011560 0611285 2347469
 0449911 0333052 2607870 0557702 1272706 1704674 0557702 1272706 1704674 0349966 1337208

 0965514 0442805 0185117 0006104 1269537 0001721 0916204 1412058 0025914 0025929 0026809
 0965514 0965514 0439400 0439422 0439423 0439418 0332173 0439228 0439505 0185125 0439228 0025914 0025929 0026809
 0185117 0039798 0087111 1522326 1533734 1705169 3538994 0005863
 1709793 3244092 0041348 0185117 0441889 0456079 1547707 1882115 2937342 2946261 0449450
 2347469 0441889 3538722 0005863 0175723 0449450 0456603 1547037 1749467 1948047 3538722
 0005863
 1709793 0085151 3538722 0033665 1171362 0916204 1456454 0002716 0011560 0033684 0185117 0611285 1412058 1709634 1882115 0449450
 0073187 0005863 0039798 0087111 1522326 1533734 1705169 3538994
 3244092 0185117 0441889 0456079 1547707 2946261 1414968 3536868 0017855 2260086 3244092 0428304 0456949 0017854 0030016 0031603 0031701 0185117 0441889 0456079 1547707 1601799 1882115 2946261
 1511726 3245479 0444504 2347634 2348143 0441833 0687744 1257890 1552516 1705428 1705429
 0042444 0348005 0042444 0348005
 1883351 1280500 2348382 0916204 0085151 3538722 1456454 0033665 0033666 0002716 0011560 0033684 0611285 1412058 1709634 1709694 1720176 1720294 1265611 3538722
 3538722 3538722 0057938 2828366 0449851 0443299 1881713 0002716 0011560 0611285 0085151 3538722 0368670 0033665 0025252 0916204 1456454 0002716 0011560 0025255 0033684 0332281 0443225 0596901 0611285 1412058 1444754 1706182 1706316 1709634 1749467 1948047 0678226 0010813 0596311 1330957
 0349966 1337208
 0441833 1999270 3537156 1547282 0456603 1547037 0039798 0087111 0205216 0392756 0442797 0965514 1522326 1533734 1705169 3538994
 0043194 0258432 0680240 1421478 1511726 3245479 1621296 0023688 1612060 0442805 0010813 0596311 1330957 0036536 0036537
 0965514 1518422 0205263 0392747 0443172 1705241 0043194 0258432 1421478 1979874 1280500 2348382 0021135 1533691 2827718 1621296 0023688
 1621296 0023688 0205309 1883351 0185117 0332128 0428479 0441889 0456079 1547707 2946261 0006104 1269537 0039798 0087111 1522326 1533734 1705169 3538994
 0205379 0349966 1337208
 0039798 0087111 1522326 1533734 1705169 3538994 1518422 0015127 1524003 0392747 0443172 1705241
 0332128 1280500 2348382 0033268
 0001779 0002716 0011560 0611285 0006104 1269537 0025914 0025929 0026809 1749467 1948047 0002716 0011560 0611285 0006104 0185115 0205265 1269537 1279901 1555582 1705685 3541890 0006353 0057938 1274040 1546471 2825142 1707455
 0349966 1337208
 0002716 0011560 0611285 2347469 1547282 0441889 0205216 0392756 0442797
 1274040 1546471 2825142 0014441 0057938 0185115 0680730 1301820 1749467 1948047 3541890 1518422 1547282 0521093 0750484 0085151 3538722 0033665 0033666 0916204 1142652 1456454 0002716 0011560 0033684 0086418 0611285 1412058 1709634 1709694 0025914 0025929 0026809 0039798 0087111 0205216 0392756 0442797 0965514 1522326 1533734 1705169 3538994
 0449911 0333052 2607870 0557702 1272706 1704674 0557702 1272706 1704674 0349966 1337208

 0965514 0392756 0547047 1265611
 0965514 0439272 0022718 0439209 0439269 1960952 2346927 0185125 0439228 0025914 0025929 0026809 2347469 0014441 0444706 3541902 0185115 0520510 1552738 0025663 0025664 0449851
 1274040 1546471 2825142 0444504 2347634 2348143 1707455 0441833 0687744 1257890 1552516 1705428 1705429
 0369773 2603361
 0042444 0348005 0042444 0348005
 0520510 0557061 2584313 1514811 1706462 1511726 3245479 1705535 1830377 0035648 1553898 0332167 3272283 0078057 0005847 0035647 1558950 1801960 0005823 1271104 1272641 1521761 2827422 1522133 0201950 0543421 0858034 0008377 0032105 0439175 0439810 1550098 2827734 2981698 0740116 2827735 2981700 0442805 0035647 0011269 0005847 0011265 0205171 0497327 1518422 1558950 1720467 1801960 0494463 0814122 0002395 1521724 0277793 0012634 0205087 0332162
 1883712 0023822 0023824 0860920 0023823 0023821 1522133 0065055 0008377 0023820 0178587 0205250 1299351 2700149 0683149 0086045 0205250 0050718 0439793 1707520 2983285
 0025914 0025929 0026809 1514559 0020443 1522133 2936349 0002716 0006104 0011560 0333562 0611285 1269537 1707520
 2828008 1707520 0023821 0583325 0023820 0032105 0178587 0205250 0441889 1299351 1550098 2700149
 1412058 0182953 1704734 1704735 1158917 0025519 0025520 0023821 0162493 1879547 0332298 0206588 1612060 1421546 0002716 0011560 0023884 0521447 0597357 0611285 0736268 1278929 2346688 2587213 1522508 2243078 0205173 1705764 1705765 0206745 0025914 0025929 0026809 1547282 0031843 0542341 0700205 1705273 2262744 0019868 0023779 0205171 1518422 1720467 0006104 1269537 1517945 0524851 0012634 1274040 1546471 2825142
 0332185 1955473 1547282 1612060 1421546 0023688 0023884 0597357 0736268 1278929 2346688 1621296 0185117 0036536 0036537
 0150312 0449450 0557651 2603343 0332128 1280500 2348382 0021135 1533691 2827718 1515657 1515655
 1883351 1280500 2348382 0916204 0085151 3538722 1456454 0033665 0002716 0011560 0033684 0611285 1412058 1709634 1720176 1720294 1709694 0021135 1533691 2827718 1273517 0521390 1518422 0007600 0007634 0205132 0521390 1269647 1704653 1948049 0010453 0220814 0430400 2242979
 0965514 0205217 0442805 0185117 0036536 0036537 0521093 0750484 1274040 1546471 2825142
 0085201 0003592 0021966 0221138 0392756 0547047 1524062 1708698 0002716 0011560 0611285 1705535 0392756 0547047 0085151 3538722 0033665 0033666 0916204 1456454 0002716 0011560 0033684 0611285 1412058 1709634 1709694 1521761 2827422
 0302523 0700325 3244290 1316572 1317574 1369612
 0442805 1612060 1421546 0023884 0597357 0736268 1278929 2346688 0015127 1524003 0027836 0007634 3282337 1705241 1705242 0036536 0036537
 0221103 0301625 0439181 0728721 2986815 0007600 0007634 0205132 0521390 1269647 1704653 1948049 0016030 1705535 0040048 1333522 1521761 2827422 0027552 0686904 1883351 0086597 1280500 2348382
 0681814 0332268 0916204 0033684 1412058 0001721 0916204 1412058
 0036536 0036537 0441994 1548802 2003888 0007634 3282337 0392756 0547047 0007634 0178539 0205102 0205177 0439167 0439674 0439849 0441655 0445223 1412058 1561536
 1280500 2348382 1514873 1412058 0332197 2699517 1883351 0001721 0036536 0036537
 1883351 0243095 0965514 0205217 0442805 1327616 0036536 0036537 0443225 1444754 1706316 0916204 0033684
 0332149 1705910 2362652 0185117 1280500 2348382 0439801 1549649 2349209 0036536 0036537
 0037640 1412058 1292711 0031843 0439855 0449719 0542341 0700205 1704241 1705273 1709471 0018790 0237477 0392351 0521111 0036536 0036537
 0525038 1555721 1706204 0003995 0001721 1514562
 1880389 1883221 3541951 0001721 1148923 0243122 1145667 1167622 0020291 1511545 0567416 0449432 0599896 1314939 0036536 0036537
 1707959 1419227 0182953 1704734 1704735 1518422 1749467 1948047 3538722 1547282 1883351 0016030 0030761 0205225 0439631 1413227
 1412058 0001721 0033684 0162735 0026882 1552961 1705285 2347617 1836408 0031437 0205082 1274040 1285572 1546471 2825142 0011155 0162429 1623416
 0449255 0542559 0543488 1883351 1316572 1317574 1369612 0205447 0220912 0220913 0311392 3494652 0011265 0497327 0011560 0015576 0019904 0030705 0205449 0456148 0549184 1704727 0220912 0220913 0311392
 1979874 0003995 0750541 1518422 0332281 0004153 0205252 0030705 0004153 0205082 0205252 0683278
 0205474 1516606 1511726 3245479 1705535 1412058 0079613 0449432 1705248 0036536 0036537 0002716 0011560 0611285 2347469 0017431 0031437 1285572 0030705 1441672 1553033 0086597 0127400 0441712
 0456603 1547037 3538722 1521713 0006104 0025914 0025929 0026809 0205217 0332293 0442805 0965514 1269537 1522326 0205216 0392756 0442797 1274040 1546471 2825142 1705535 1621296 0023688 3494280 0442805 0085151 3538722 0033665 0033666 0916204 1456454 0002716 0011560 0033684 0611285 1412058 1518422 1709634 1709694
 1955473 0150312 0392756 0547047 0039798 0087111 1522326 1533734 1705169 3538994 0021135 1533691 2827718 1518422 1515655 0039798 0087111 0521093 0750484 1522326 1533734 1705169 3538994
 0392360 1518422 2963144 1274040 1546471 2825142 1552738 0332152 1705850 0439509
 0039798 0087111 0205263 0965514 1522326 1533734 1705169 3538994 0205197 0243125 0699900 0725685 1274040 1515926 1546471 2825142 0003062
 0947630 1547282 1621296 0023688 0205217 0442805 0185117 0024432 1546706 1550652 0206131
 0035820 1705810 0185117 0006104 1269537 0680243

 0231175 1883351 1280500 2348382 0185117 0006104 1269537 0441833 0687744 1257890 1552516 1705428 1705429 1547282 0442805 0039798 0087111 1522326 1533734 1705169 3538994 0427861 0007634 3282337 1280500 2348382 0021135 1533691 2827718 1515655
 0150312 0449450 0557651 2603343 1518422 0243095 0392747 0443172 1705241 0039798 0087111 1522326 1533734 1705169 3538994 1515655 0680240

 0392360 0086418 0596208 1521713 0006104 0007634 1269537 3282337 0439673 0332149 1705910 2362652 0013879 0220905 1704735 0034987 0086418 0332197 2699517
 0002716 0011560 0611285 0150312 0449450 0032105 1515981 1550098 0332281 0003591 0023820 0449297 1382187 2825073 0034821
 0332268 0086418 0025914 0025929 0026809 0015127 1314792 1524003 1157973 1704207 0543484 0699900 1516314 0085201 0332294 0003592 0021966 0032105 0221138 0332197 0678226 1550098 1553497 1689985 0023821 0023820 0178587 0205250 1299351 2700149
 0681814 1547282 0085201 0003592 0021966 0221138 1145667 1167622 0002716 0011560 0611285 0392756 0547047 0332621 0439168 0040539 0600688
 0332197 1689985 0085201 0003592 0021966 0221138 0231242 0449297 1382187 2825073 0006104 1269537
 0441833 0687744 1257890 1552516 1552839 1705428 1705429 0025914 0025929 0026809 0392756 0547047 0006104 1269537 0007806 0007807 0005889 0302908 0444611 1704353
 0003595 0523511 1412481 0003591 0017431 0035648 0050325 0960756 0035647 1521761 2827422 0085220 2931784 0002716 0011560 0042373 0611285
 0003595 0523511 1412481 0750591 0243041 0449297 1382187 2825073
 0035820 1705810 0243041 0003595 0025914 0025929 0026809 0523511 1412481 0002716 0011560 0611285 0450382
 0025914 0025929 0026809 1412058 0003595 0523511 1412481 0085201 0003592 0021966 0221138 1551393 1705492 3272743 0332218 0332268 0001721 0031437 1285572
 1612060 1421546 0023884 0035820 0597357 0736268 1278929 1511545 1705810 2346688 1412058 0916204 1412058 1327340 1511726 3245479 0449450 1705535 1412058 1521840 2986546
 0007634 0178539 0681829 0947630 1999230 0178566 0556981 0916204 0085151 3538722 1456454 0033665 0033666 0002716 0011560 0033684 0332285 0611285 1412058 1709634 1709694 1612060 1421546 0023884 0597357 0736268 1278929 2346688 1158770 0243148 1550141 1882979 2587213 3274648 1412058 0003595 0523511 1412481 2362652 0017337 3245505 0023688 1621296 0683607 0185125 1947919 2347934 3539080
 2825232 0043227 0018173 1521721 0021622 1272753 0524851 1522560 0012634 0597277 1708601 0002395 0683939 1521724 0012634 0035168 0205099 0242481 0027468 0018173 0018684 0021622 1548284 3245503 0057721 0179847 1524106 0694746 0205090 0684010 2603358 0456715 0016617 0027468 0018173 0018684 0021622 1548284 3245503 0920472 0013227 0016820 1254351 1515981 1880355
 0010186 0220812 0449719 1709471 0220808 0680264 0007961
 1706852 0522501 1706089 0949214
 0205155 1293097 1522472 1552923 1705191
 0221193 1880177 0043227
 0282413 0376649 1442065 0031330 1524059 1710443 0036375 3541314
 0254343 0796520 3272379

 0085205 1549619 1880669
 0013849 1705961 0024492 1538057 1547565 0059804 0282413 0376649 1442065 0027855 0036375 3541314
 0013849 1705961 0024492 1538057 1547565 0059804 0000723 1273517 0002395 1521724 0012634
 1412058 0242738 1148932 1148923 0243122 0450240 0596902 1145667 1167622 1706210
 1612060 1421546 0023884 0597357 0736268 1278929 2346688 1612060 1421546 0023884 0597357 0736268 1278929 2346688
 1421546 0597357 1421546 0597357
 0965514 0965514
 0916204 1412058 0085151 3538722 1456454 0033665 0002716 0011560 0033684 0611285 1709634
 0002716 0011560 0611285 0916204 1412058
 3538722 0916204 1412058
 0023821 0023820 0178587 0205250 1299351 2700149 0023821 0023820 0178587 0205250 1299351 2700149
 0003591
 0034584 0005507 0243073 1510438
 0206558 0019369 0019348 0019340 0042776 0319157 2338991 0206558 0019369 0019348 0019340 0042776 0319157 2338991
 0120285 0120285 0033684 0303920 0332583
 0120285
 0014441 0014441 2717977 0005507 0014442 0021075 0243073 1510438 1517892 1704666
 0205210 2707520 1511726 3245479 0700364
 1514811 1706462 0520510 0557061 2584313 1514811 1706462
 0369637 0441923
 0369773 2603361 2603360 0597277 1708601 0033727 0369286 0441932 0564385
 1704648



 0369637 0441923
 0369773 2603361 2603360 0597277 1708601 0033727 0369286 0441932 0564385

 1144859

 2347469
 0027882 0025141 0369637 0441923
 0369637 0441923

 0001811 0025141
 0369637 0441923
 0205090 0684010 2603358

 0033727 0369286 0441932 0564385




 2347379

 0025141 0439267 0597277 1708601 0439394 1706495 3642217
 2347469 0205090 0684010 2603358 0205090 0684010 2603358
 0860630



 0025141 0021966 0221138
 0205090 0684010 2603358 2603360 1553033 0369773 2603361
 0025141 0369637 0441923
 1553033



 1744664
 0740116 2827735 2981700 0025141
 0439267

 0001811 0025141 0452614 0369773 2603361 0439394 1706495 3642217 0302583 0376520 1166521 2347469
 0016327 0439133 1553038
 0025141
 0016327 0439133 1553038


 0025141 2603360 1553033
 0033727 0369286 0441932 0564385
 0597277 1708601 0439267 1553033 0597277 1708601
 0439267

 0325074
 0025141 2603362
 0439394 1706495 3642217
 0033727 0369286 0441932 0564385 0597277 1708601 1006780 0439394 1706495 3642217 0402217 1553033
 0033727 0369286 0441932 0564385
 0439114 0439114 2347469
 0016327 0439133 1553038 0597277 1708601 0597277 1708601

 1265234 0332319 0582521 0597277 1708601 2347469
 0369637 0441923
 0205090 0684010 2603358

 0325074
 0025141 0319862 1321554 0035853 0995005 0033727 0369286 0441932 0564385 0237400 3272377

 0016327 0439133 1553038 0402217 0033727 0369286 0441932 0564385
 2347469 0369718 0441922 1553036 0369773 2603361 0439267

 0325074
 0025141 0369637 0441923

 0205090 0684010 2603358 2603360 2603360 0033727 0369286 0441932 0564385
 0033727 0369286 0441932 0564385 0597277 1708601 0205090 0684010 2603358
 0003086 1522382 1553033

 0001811 0025141 2603362

 0033727 0369286 0441932 0564385
 0597277 1708601
 0033727 0369286 0441932 0564385
 0439114 0597277 1708601
 2603360
 1708595 3280986
 0369637 0441923
 0205090 0684010 2603358
 0005775 1516559 0033727 0369286 0441932 0564385 0597277 1708601 0369718 0441922 1553036 2347469 0369718 0441922 1553036
 0439267
 0597277 1708601 0024028 0369718 0441922 1553036

 0597277 1708601 0369773 2603361
 0439267



 0450348 0025141 3495095 0597277 1708601 0439394 1706495 3642217 0205090 0684010 2603358
 0442999 1621797 1553033 0597277 1708601


 0025141



 2347961


 0025141 2347469
 2603362
 2347469 0999213 0369773 2603361
 0027960 0324740 0439189 1456781 1824986
 0007634 1269647 1704653 1948049

 0450348
 2603362

 2767010 3495095 0439394 1706495 3642217 0597277 1708601 2347469 0205090 0684010 2603358



 0036397 0205090 0684010 2603358
 0369773 2603361 0021966 0221138
 0369637 0441923
 0369773 2603361
 0021966 0221138 2347469
 2603362
 2603360
 2603362


 0201682
 0678579 0439070 1705160 1553033 0369718 0441922 1553036
 0597277 1708601 0369637 0441923

 2347469
 2347469 2347469


 0201682
 0038817 0376223 2603360
 0023493 1961099
 0205090 0684010 2603358


 0201682
 0016327 0439133 1553038 1553033 0597277 1708601
 0033727 0369286 0441932 0564385 0369773 2603361


 0025141 1553033 1446468 0597277 1708601
 0033727 0369286 0441932 0564385 1553033 2347469 0597277 1708601 0369773 2603361 0369773 2603361
 1553033 0369637 0441923
 2347469
 1418943

 0268596 2700624
 3642273

 2603362

 0439394 1706495 3642217
 0369637 0441923
 2347469 2603362
 2603360 0439267
 0205090 0684010 2603358 2603362
 0597277 1708601


 0451119 1444662
 0025141 0327149
 1553033

 0027960 0324740 0439189 1456781 1824986

 0025141 0205090 0684010 2603358
 0439267
 2347469
 0999213 0439267
 2347469
 0033727 0369286 0441932 0564385


 0201682
 0369718 0441922 1553036
 0205090 0684010 2603358 1261259

 0369637 0441923
 0439267


 0201682
 0021966 0221138
 0205090 0684010 2603358
 0369773 2603361
 2603362

 0021966 0221138
 0205090 0684010 2603358
 0369773 2603361 0369637 0441923
 0021966 0221138
 0205090 0684010 2603358
 2603362


 2347379

 0025141
 0205090 0684010 2603358 1532464 2700314 0033727 0369286 0441932 0564385
 2767010
 3495095 0439394 1706495 3642217
 0597277 1708601
 2347469

 0439394 1706495 3642217
 0369637 0441923
 2347469 2603360 0205090 0684010 2603358 0439267
 0597277 1708601 0597277 1708601

 0451119 1444662
 0025141 0016327 0439133 1553038
 0439394 1706495 3642217
 0335326 1306756
 0439267
 2347469 0205090 0684010 2603358

 0025141 0439394 1706495 3642217 0439267
 0597277 1708601

 1418943

 0268596 2700624
 3642273

 2603362

 2603362

 0205090 0684010 2603358 0033727 0369286 0441932 0564385 0016327 0439133 1553038

 0007634 1269647 1704653 1948049

 0439084 0728893 0025141 0439267 0319862 1321554 0033727 0369286 0441932 0564385 0439267 0369637 0441923


 2347379

 0025141 1553033 0439267 0439267
 0004153 0025141
 0205090 0684010 2603358
 0369637 0441923

 0597277 1708601
 0597277 1708601 0439267 0444649
 0439394 1706495 3642217 3495095


 0451119 1444662
 0025141 2347469

 2603362
 2347469
 0033727 0369286 0441932 0564385
 0205090 0684010 2603358
 0369773 2603361
 1418943

 0268596 2700624
 3642273

 2603362

 0861352 2603360
 0369773 2603361 1431628 2826220 0597277 1708601
 0205090 0684010 2603358 0205090 0684010 2603358
 2347469 0369773 2603361
 3495095 2603362

 0369773 2603361
 0021966 0221138 0439267 2603362
 0369637 0441923


 0025141 0597277 1708601
 3476816 0369637 0441923


 0439267 0006736 2603360
 0369637 0441923
 2603360
 0597277 1708601
 0439267
 2603362

 0027960 0324740 0439189 1456781 1824986

 0439114
 0016327 0439133 1553038 0525773 0439394 1706495 3642217


 2347379

 0025141
 0033727 0369286 0441932 0564385 0006463 0439267 0439394 1706495 3642217



 0369637 0441923
 0025141 0439267
 0936038 1256204 2603362
 1553033 1817569 1826411 0369637 0441923



 2347379
 0025141
 0205090 0684010 2603358 2603360
 2603360 0369718 0441922 1553036

 1315013

 0025141 0369637 0441923
 0369637 0441923
 2603360

 0439267




 0201682
 2347469


 2347469 2603360
 0439267 2347469


 2347379

 0025141 2603362
 0205090 0684010 2603358 2347469
 0402830

 0597277 1708601 2347469


 1315013

 0205090 0684010 2603358
 0369773 2603361 0021966 0221138
 0369637 0441923
 0021966 0221138
 2603362
 0005477 0439509 0025141 2347469
 0439394 1706495 3642217 2603362

 0439267
 0033727 0369286 0441932 0564385
 0369637 0441923
 0205090 0684010 2603358 0453965
 0439394 1706495 3642217


 0201682
 2603362
 0033727 0369286 0441932 0564385 1551910
 2603360
 0369637 0441923


 0201682
 2826220 0597277 1708601
 0205090 0684010 2603358 2603360 0205090 0684010 2603358
 3540681 0439394 1706495 3642217 0491941 0369773 2603361
 0023882 0700321 2700395 2603362
 0369773 2603361
 0369773 2603361 2347469 2603362
 0369637 0441923

 0325074
 0025141
 2826220 0597277 1708601
 0205090 0684010 2603358 1431628 0369773 2603361
 0439394 1706495 3642217
 0597277 1708601 0038817 0376223 2603362
 0369637 0441923

 1315013

 0025141