 0205245 0542341 2700217 0243067 0025519 0025520 0439148 1519795 1704753 1880519 0019994 1510665 0035171 0035168 0242481 1707689 2983265 0557061 2584313 1514811 1706462 1883351 0023693 1306462 1881376 0011860 1320657 0441730 0011847 0011849 0332307 1547052 0441712 1314939 0557651 2603343 0205245 0542341 2700217 0871161 1292721 0441730 0205409 0241863 0332307 1547052 1548221 0030274 0029206
 1256369 0421248 0457592 1719133 0021641 0036536 0036537 1533581 1579433 0441994 1548802 2003888 0003765 0021641 0030685 0391871 0439180 0680255 1283071 1533581 1579433 1963578 0439092 0522501 0547044 0392760 1314939
 0243067 1515670 0035696 0185117 0392756 1335837 1504631 1705603 0740116 2827735 2981700 0017713 1415014 0017725 0030011 0205216 1515981
 1883712 1819041 0599177 1879547 2350345 0001497 0392756
 0185117 0205216 0392756 0442797 0013303 0030274 0242303 0598306 1333572 3273493 0179400 1533124 0205217 0442805
 0047645 0086045 0050078 0005516 0205250 1299351 2700149 1719133 0017725 0021641 0030685 0391871 0439180 0441889 0449286 0542560 0680255 0684336 1283071 1533581 1561545 1579433 1707520 1948023 1963578 2348088
 0332157 0274281 0086045 1446561 0237820 1555688 2004454 1515670 0185117
 1274040 1546471 2825142 1999230 0332120 0243067 0022131 0332281 1522529 0699040 0007634 0439064 1269647 1704653 1948049
 0205393 0557651 2603343 1547282 0684336 0439092 0547044 0449719 1709471 0205343
 1705535 0242606 0038435 0311404 1521840 2986546
 0011847 0011849 0524620 0039082 0311400 1524026 2707259 0011155 0021641 0162429 1533581 1579433 1623416 0015127 1524003
 0027361 0237401 0205171 1720467 2825407 0011900 0237753 0449788 1517001 1883351 0205173 1705764 1705765 2827734 2981698
 0012634 0443252 0205166 0205494 0443258 1274040 1515273 1546471 1705313 1706317 2707261 2825142 2826302 0009566 1171258 0332257 0035309 1962966 0022658 0442874 1281905 0035647 0205217 0442805 0277564 0740116 2827735 2981700
 0011847 0011849 0015127 1524003 0337308 0002689 0002688 0035078 1963154 0022646 0231174 0680095
 0085552 0086388 0010186 0018684 0220812 1947933 0205250 1299351 2700149 0010186 0220812 0041703 0439086 2827736 2981702
 0441729 0332307 1547052 0011860 1320657 0441730 0011847 0011849 0332307 1547052 0348078 0376315 0439084 0728893
 0011854 1320657 0441729 0011847 0011849 0332307 1547052 0021641 0205344 0231179 1533581 1579433 1880022 0007634 0030274 0205470 1261381 1948029 3282337 0015127 1327616 0021641 1533581 1579433 0011847 0011849 0868928 1533148 1551359 2741673 2981730
 0011860 1320657 0441730 0011847 0011849 0332307 1547052 0439855 1704241 0011155 0021641 0080103 0162429 0205345 1533581 1547039 1579433 1623416 1880022 0021641 0441472 1533581 1579433 3266814 0021655 2700570 1719133 0021641 0237834 1514892 1533581 1579433 0242692 1280260 0026845 0037253 0521324 0001527 0040300 1547928 0028754 1563743
 1280464 0205319 0231174 0680095 1256369 0021641 0036536 0036537 1533581 1579433 0021655 2700570 0021641 0205432 0237834 1514892 1533581 1579433 0242656 0449258 0231175 1883351 0021655 2700570 0021641 0205432 0237834 1514892 1533581 1579433
 1515926 0030705 0332257 1552866 2700399 0392756 0871261 1704632 1706817 2911692 0205421 3272602 0030685 0391871 0439180 0680255 1283071 1963578 1515926 0695434
 1883712 1256369 0021641 0036536 0036537 1533581 1579433 0424540 0542478 0234402 0392756
 1533716 0470187 0030705 0205409 1548221 0011860 1320657 0441730 0011847 0011849 0332307 1547052
 0007634 3282337 0029206 0441730 0392756 0547047 1292856 1948023 0150312 1523845 0871261 1704632 1706817 2911692 0017797 0205082 0439092 0547044 0392760 1314939
 1883712 1151278 0205177 0439167 0441655 1561536 0002594 0017789 0220839 0001899 1415274 0002594 0017789 0034354 0220839 0244104 0441994 1548802 2003888 0007634 0243148 1550141 1882979 2587213 3274648 3282337

 1441672 1425576 0391871 1283071 0021641 1533581 1579433 2346753
 0205172 0332185 1547282 1883351 1719133 0021641 0030685 0391871 0439180 0680255 1283071 1533581 1579433 1963578 1280519 1707887 0029216 0040732 0040733
 0557651 2603343 1521827 1425576 0332257 0021641 0030685 0391871 0439180 0680255 1283071 1533581 1579433 1963578 0017725 0234402 1171362 0017262 0185117 1314939 0007613 0031843 0542341 0700205 1705273 0086045 1446561
 0150312 1515926 1555029 0449719 1709471 0242606 0038435 0311404
 0035171 0035168 0242481 1707689 2983265 0086912 0035171 0035168 0242481 1707689 2983265 0557061 2584313 1514811 1706462 0439175 0439810 0204727 0205409 0220862 1522240 0022877 3244292
 0205549 2348044 0030274 1278931 0441730 1550335 0011900 0030705 0241863 0332307 1547052 0243161
 1274040 1546471 2825142 1301820 0204727 0204727 1707455 0013018 1527169 0039224 1706073 1706074 0001779 0150103 1708943 0007465 0804771 0015127 1524003 1563922 1563921 2986707 0009264 0009443 0022116 0040223 0234192 3541383 1115660 1518000 1710198 0449238 2926735
 0030274 1278931 0557651 2603343 1301820 0085546 0086471 0015000 0018704 0205540 1272753 1522240 1527243 2346845 2607850 2699414 0015003
 0012238 0205409 1548221 2349986 0243114 1998793 1552738
 0444930 2746065 0204727 0184661 1948041 2700391 3274430 3538935 3539779 0010454 0009458 0010453 0220814 0430400 0439536 1705217 2242979 3244283 0442504 1704765 1882509 3496241 0332256 2700400 0017725 2348935 0021178 2347816 0010453 0220814 0430400 2242979 2826182 0439228 0204727 0205409 0220862
 0449911 0039224 1706073 1706074 0557702 1272706 1704674 0557702 1272706 1704674 0683325 3645613 1521970 0262458 0220825 1261322
 0681814 0205451 0243148 1550141 1882979 2587213 3274648 0455052 1521827 1552738
 0017814 0231441 0443218 2827483 0006353 2678549 1882074 0020283 0450407 0450408 0450409 0700308 0033727 0369286 0441932 0564385 0450376
 1882955 0993610 0029385 0006353 0029383 0282083 0011744 0033727 0369286 0441932 0564385 2348236 0005903 0039476 1547703 1883708 0001962 0011175 0205549 2348044 0072229 0030015 0072221 0348011 2986642 0052301 0059460 1707903
 0205155 1293097 1522472 1552923 1705191 0312860 1280412 0481414 0000925 0057717 0181467 1706313 1706341 1883724 0007009 0009968 0950318 1522408 2347872 2348263 0442504 0181805 1135584 1552983 2984971 0077854 0000975 2986582 0008857 0376259
 0240341 0596928 1301820
 0440042 1521738 2346620 2349184 3539073 0936012 1883351 0750480 1705566 0007634 3282337 1709707 0449475 0007634 0229525 0007584 1882124 0014136 0237753 0332307 0449788 0521425 1269647 1547052 1704653 1948049 0237753 0439175 0439810 0449788 0229525 0007634 0014136 0521425 3282337
 0947630
 0947630 1550369 0025663 0449851 0871511 0884358 1550176 1948031 1524063 0184661 1948041 2700391 3274430 3538935 3539779 1552738
 0681814 1550176 1948031 0455052 1521827 0439531 1948053 0017725 0237884 0441833 0456389 0687744 1257890 1552516 1552839 1705428 1705429 0333118 0702093 0064411 0073386 0005367 0037633 0525069 0973231 1875730 2722820 0001924 0444499 2678549 1882074 0020283 0450407 0450408 0450409 0332256 2700400 0017725
 0444930 2746065 0439531 1948053 0009458 0439536 1705217 3244283 0205197 0849355 0064411 1690922 0073386 0005367 0037633 0525069 0559956 0973231 1299987 1875730 2722820 0332256 2700400 0017725 0017725 0003765 0017628
 0370003 2347026 1516695 1516698 1698986 0086045 0021073 0005507 0243073 0444706 1510438 3541902 0022277
 0947630 1550176 1948031 2826285 0806140 0871208 1521828 0017725 1883708 1532563 0017725 0439190 0798503 0805586 3274764 0003765 0017628
 0205450 0243148 1550141 1882979 2587213 3274648 1521827 0030274 1278931 0947630 0033727 0369286 0441932 0564385 0884358 0332157 0274281 0332152 0740175 2257086 0017817 1260386
 0444930 2746065 0681814 1698986 0242485 0017817 1260386 0012771 0017817 1260386 0061516 1550369 0005507 0017817 0079078 0220806 0243073 0812225 0884358 1150635 1260386 1510438 1705212 1705213 3272558 3273202
 0681814
 0030011 0444706 0449770 1516048 0220781 0439634 1522492 0017725 1552738
 0441833 0687744 1257890 1552516 1552839 1705428 1705429 0032167 1439852 1533124 1552944 2949743 0064411 0073386 0005367 0037633 0525069 0973231 1875730 2722820 0332256 2700400 0017725 0017725 0086045 1446561 1532563
 0180231 1708244 0017596 0184301 0439526 0678573 1442989 1533199 1553389 1553403 1705537 1947936 2828392 0030054 0017110 0596601 2347816 0439084 0728893 0179586 1657858 1706092
 0184301 1533199 1883708 0040822 1883023 0702093
 0025519 0025520 0003387 1532563 0052078 0439190 1272691 1720154 1381542 0001962 1549535 0180231
 0205548 0332283 0021485 0220853 0888480 1272883 1533685 1828121 1719918 0184301 1533199
 0009458 0439536 1705217 3244283 0021485 1272883 1533685 1828121 1533124 1552944 2949743 0037633 0525069 0020283 0450407 0450408 0450409 0456081
 0011744 0033727 0369286 0441932 0564385 2348236 0005903 0039476 1547703 1883351 0683607 0184047 0220853 0888480 1533124 1552944 2949743 0849355 0439526 0184301 1524062 1533199 1706497
 0034553 0036405 1710025 0302908 0444706 0677601 0678573 1304698 1546699 1561501 1705206 3541902
 0032520 0677874 0947630
 0040649 0017262 0185117 1514628 1709846 0599161 1550177 0032520 0040223 0237400 0392762 0444706 0677874 3272377 3541383 3541902
 0035668 0022131 0030274 0086418 0185115 3541890 1524063 1217267 1268822 2825050 1709793 1706689 0456603 1547037 0450385 2827734 2981698 0312860
 0205266 0872403 1947912 0013855 1516048 1706746 0017243 0487602 1704680 0019873
 0220781 1883254 0035668 0439175 0439267 0439810 0884358 0028953 0017262 0033684 1704222 0005507 0017337 0185117 0243073 0441516 0699784 1301820 1510438 1514468
 1883351 0683230 1517480 1521871 1705759 0206415 1707689 2983265 1883351 1711300 2700613 0205284 1522411 2828371
 0182400 1708632 3541878 0444930 2746065
 1517480 1521871 1705759 1511572 0449468 0439175 0439810 0884358 1690016 1705102 2700258 0332256 2700400 0370003 2347026 0439282 0439282
 1335439 1879547 0456692 0702093
 0035696 0441889 0456079 1547707 2946261 0001271 1882115 1552738
 0220825 1261322 2350345
 0184661 1948041 2700391 3274430 3538935 3539779 0884358 0034037 1704324 0450348 0750482 0392747 1883351 0086418 0185125
 1510844 0332256 2700400 0086376 0033684 0439267 0301871 0439175 0439810 2350345 0001497 0033640 0031727 0033684 1879547 1879547 0033640 0031727 0033684 1879547 1445860 0003241 0039421 0037083
 0021069 0003241 0442726 1511790 1524063 0025664 0184661 2700391 0302828 0680240 0884358 1442085 3263700 0162524 1450278 2349975 0454842 0597277 1708601
 0175723 0180321 1706216 1709793 1524063 0037585 0333052 2607870
 1148554
 0086045 1446561 0022131 1522529 1881488 0007634 1269647 1704653 1948049 0450074 1532280 0025663 0449851 0871511 0014441 2717977 1552738
 0007457 0043157 0205170 0220938 3146287 0005971 1139930 3537155 0022341 0205134 1442989 1522408 2828392 0370003 1514721 2348147 3542016 0439394 1706495 3642217 0439294 0022827 0205170 0450385 3146287 0005367 0006353 0973231 2722820 0020283 0450407 0450408 0450409 0333118 0439583 0450376
 0205370 0243122 0750540 1145667 1167622 0028778 0332206 2983591 0041415 0700308 0033727 0369286 0441932 0564385 0205170 3146287 0051979 0946139 0025914 0025929 0026809 0047645 0746619 1439852 1998793 0027976 1879958 0700308 0033727 0369286 0441932 0564385
 1883708 1139930 1548982 0003242 0051979 0432616 2754943 0003241 0018019 0021027 0025914 0025929 0026809 0027021 0027627 0031179 0175668 0205436 0522529 1265549 1318719 1439852 1510458 0702093
 1514468 1704444 1151518 3146294 1524063 0046880 0005047 1710236 0205170 3146287
 1139930 1439852 0702093 0439164 1268822 0178587 0042789 2707266 0034754 0312860 1705179 0182258 1514743 1706461
 1148554
 1265611 0050078 0022131 0012854 0030274 0086418 0868946 1524063 0812225 1150635 1705212 1705213 3273202 0050078 0014441 2717977 0005507 0014442 0021075 0243073 1510438 1517892 1704666 0018684 0595397 0869011 1514468
 0002778 0936012 1524024 0006751 1514721 2348147 3542016 0205173 0884358 3539942
 0012854 0439175 0439810 0185115 3541890 1524063 0449913 1553451 1704459 0072149 1883708 1268822 2825050 1709793 1706689 0456603 1547037 0450385 2827734 2981698 0312860
 0370003 2347026 0332256 2700400 0439267 0439962 0443286 1114821 0332256 2700400 0142785 0000975 0037473 0597484 0020283 0450407 0450408 0450409 0024472 2348935 1883708 0011519 1148702 0963236 1425233 3540559 0011522 0021966 0221138 0868946 0456692 0702093 2348236 0005903 0039476 1547703
 0003250 0003241 0021027 0746619 0050078 1442989 2828392 0370003 2347026 1709027 0005971 0205170 1139930 1524062 3146287 3537155 0050078 0003241 0021027
 0439164 1268822 0178587 0042789 2707266 0182258 1514743 1706461 1709027 0312860
 0871424 0002778 0936012 1524024
 1274040 1546471 2825142 1704970
 0681814 1706386 0030274 1274040 1278931 1546471 2825142 1510992 2825518 0369718 0441922 1553036 1444656 0237753 0449788 0205369 0542559 1273517 1318139 1552740 0042789 1947903 1274040 1546471 2825142
 1707455 1710574 1550369 0022885 0038492 0039259 0039593 0205448 0392366 0884358 2700112
 0034980 0002778 0684320 0684321 0936012 1524024 1273517 1883351 1256369 0021641 0036536 0036537 1533581 1579433 0005516 0242606
 0035171 0035168 0242481 1707689 2983265 0557061 2584313 1514811 1706462 0026019 2984656 0013852 0026018 3463986
 0022131 0233426 0700364 3538928 1265611 0349966 0684224 0700287 1337208 3496591
 2827734 2981698
 0007634 3282337 0450387 0243148 1550141 1882979 2587213 3274648 0369773 2603361
 1705241 1705242 1441672 0439165 1549488 1561533 0022131 0229525 1521798 0007634 3282337 0150312 0241863 0441833 0687744 1257890 1552516 1705428 1705429 0349966 1337208
 0449911 0333052 2607870 0557702 1272706 1704674 0557702 1272706 1704674 0349966 1337208
 2827734 2981698
 0486616 1555710 0129575 0369718 0441922 1553036 0441730 0241863 0332307 1547052 0441730 0241863 0332307 1547052 0369718 0441922 1553036
 1707156 3274014 3541345 1882932 0042295 0026009 1704254 1704922 3542466 0007634 3282337 0010837 0993609 1521970 0026018 0026019 2984656
 0369718 0441922 1553036 0007610
 0021027 0305052 0360506 3541296 0010837 0993609
 0018370 0010837 0993609
 0010837 0993609
 0369773 2603361
 1256369 0021641 0036536 0036537 1533581 1579433
 1256369 0021641 0036536 0036537 1533581 1579433 0017725 0003765 0017628 0243148 1550141 1882979 2587213 3274648 0557651 2603343 1274040 1546471 2825142 0039224 1522508 1706073 1706074
 1705241 1705242 0021641 0030685 0391871 0439180 0680255 1283071 1441672 1533581 1579433 1963578 0871261 1704632 1706817 2911692 0017725
 1532563 0017725 0439190 0798503 0805586 3274764 1327616 0030281 0021641 1533581 1579433 0039224 1706073 1706074
 1256369 1955116 0021641 0036536 0036537 1533581 1579433 1292856 1948023 0441994 1548802 2003888 0039224 1706073 1706074
 0391871 1283071 1265611 0871261 1704632 1706817 2911692 0003765 0017628 0871261 1704632 1706817 2911692 0017725 0039224 1706073 1706074
 1256369 0021641 0036536 0036537 1533581 1579433 0030685 0391871 0439180 0444686 0456603 0680255 1283071 1441506 1443182 1547037 1948023 1963578 0030685 0391871 0439180 0680255 1283071 1963578 0918012 1292856 1552854 1637833 1948023 0042295 0580272 1519043 2827734 2981698 0740116 0871261 1704632 1706817 2827735 2911692 2981700 0017725 0369773 2603361 0450316 0444499 3541329 2827734 2981698 1519042 0740116 0871261 1704632 1706817 2827735 2911692 2981700 0003765 0369773 2603361 0450316 0444499 2827734 2981698 1519042 0740116 0871261 1704632 1706817 2827735 2911692 2981700 0017628 0369773 2603361
 0684336 0205263 0234402 1547282 0600653 0918012 1292856 1948023 0871261 1704632 1706817 2911692 0003765 0017628 0205250 1299351 2700149 0369773 2603361 0871261 1704632 1706817 2911692 0017725
 0449911 0039224 1706073 1706074 0557702 1272706 1704674 0557702 1272706 1704674 1274040 1546471 2825142 3272448 0243148 1550141 1882979 2587213 3274648 1425576 0017725 0017725 0003765 0017628 0030705 1457869 1861101 0684224 0700287 3496591 0021135 1533691 2827718 1515655
 0557651 2603343 0033213 1706387 1274040 1546471 2825142 0349966 0684224 0700287 1337208 3496591
 0740116 2827735 2981700
 1292856 1948023 1518422 0449265 0020459 0442805 0349966 1337208
 0003765 0798503 0805586 3274764 0038766 3536898 0421248 0021641 1533581 1579433 2348205 0243148 1441672 1550141 1882979 2587213 3274648 0349966 1337208
 0449911 0333052 2607870 0557702 1272706 1704674 0557702 1272706 1704674 0349966 1337208
 0740116 2827735 2981700
 1256369 0421248 0457592 0021641 0036536 0036537 1533581 1579433 0681814
 0681814 0935616 0442504 1704765 1882509 3496241 1532563 0017725 0037633 0439190 0525069 0456693 1442458 0702093 1883708 0336721 0017725 0439267 0003765 0003765 0017628 0017628
 2826285 0806140 0871208 1521828 0439445 0702093 0370003 2347026 1516695 1516698 0439232 0700321 0702093 1282918 2347166
 0243148 1550141 1707455 1882979 2587213 3274648 2347469 1518422 1547282 0020459 0442805 0017725 0003765 0017628 0449265 0444505
 1532563 0017725 0369773 0439190 2603361 1517586 0012634 0348080 1705253
 0018578 1832073
 1883351 1292732 0441712 0243067 0332152 1522538 1719133 1256369 0021641 0036536 0036537 1533581 1579433 1261552 0017725 0018578 0175996 0178719 1314939 1832073
 0349966 1337208 1547282
 0439086 2827736 2981702 1515670 0185117 0740116 2827735 2981700 0017713 1415014 0441730 1425576 0241863 0332307 0392756 1547052 1705241 1705242 0031651 0162449 0185117 1441672 0016762 0034348 0031727 0034354 0244104
 1883712 0150312 1532563 0017725 0439190 1705241 1705242 0039224 1706073 1706074 0205250 0441889 0456079 1299351 1547707 2700149 2946261 0030011 0441994 1548802 2003888 0007634 3282337 0039224 1706073 1706074
 1515926 0392747 0443172 0017262 0017337 0185117 0567416 0178666 0005528 0017725 1314939 1317949 3495449 0025519 0025520 0017725 0030011 0392756 1515981
 0449911 0333052 2607870 0557702 1272706 1704674 0557702 1272706 1704674 0349966 1337208
 0439086 2827736 2981702
 0681814 1547282 1515670 0185117 0740116 2827735 2981700 0017713 1415014 0031651 0162449 0016762 0034348 0031727 0034354 0244104
 1707156 3274014 3541345 1882932 0444504 2347634 2348143 0042295 0243148 1550141 1882979 2587213 3274648
 0369773 2603361 0243148 1550141 1882979 2587213 3274648
 0243148 1550141 1882979 2587213 3274648
 0441730 0241863 0332307 1547052
 0449911 0039224 1706073 1706074 0557702 1272706 1704674 0557702 1272706 1704674 0030011 3272448 0243148 1550141 1882979 2587213 3274648 0455052 1521827 0035820 1705810 0040648 0040649 1515981 1521761 2827422
 0443264 1291081 0311400 1524026 1704259 1705987 2707259 0035820 1705810 0450348 1171362 0185117 1879547 0220825 0243148 1550141 1882979 2587213 3274648
 0349966 1337208 1547282
 1171362 0185117 0555903 1261360 1705242 0022131
 0439165 1549488 1561533 0441994 1548802 2003888 0349966 1337208 0037640 0456603 1547037 0033684 1879547 0441994 1548802 2003888
 0449911 0333052 2607870 0557702 1272706 1704674 0557702 1272706 1704674 0349966 1337208

 0681814 0220825 0439175 0439810 1171362 0185117 0243148 1550141 1882979 2587213 3274648
 1707156 3274014 3541345 1882932 0444504 2347634 2348143 0042295 0243148 1550141 1882979 2587213 3274648
 0369773 2603361


 0205309 0040648 0040649 1521761 2827422 0001721 0007613 0007634 0031843 0542341 0700205 1269647 1704653 1705273 1948049
 1515670 0185117 0013303 0030274 0242303 0598306 0013303 0030274 0242303 0598306 1333572 3273493 0179400 1533124 1333572 3273493 0179400 1533124 0444706 3541902 0150312 0238767 1706086 1521761 2827422 0205172 0241863 0349966 1337208
 0332281 0021641 0185117 0205216 0392756 0442797 1533581 1579433 0449475 0022131 0349966 1337208
 0449911 0333052 2607870 0557702 1272706 1704674 0557702 1272706 1704674 0349966 1337208
 0439084 0728893
 0681814 1547282 1515670 0185117 1333572 3273493 0179400 1533124 0021641 1533581 1579433 0441730 0241863 0332307 1547052 0441730 0241863 0332307 1547052
 1707156 3274014 3541345 1882932 0444504 2347634 2348143 0042295 0243148 1550141 1882979 2587213 3274648
 0369773 2603361 0243148 1550141 1882979 2587213 3274648
 0035820 1705810 1280500
 0205217 0442805 0242606 0038435 0311404 0684224 0700287 3496591 1883351 0332281 0012634 0241863 0348080 1705253 1517586 3176918 0542559 1318139 0450355 0444706 3541902 0086045 1446561 0050078 0011503 0005516 1947931
 0449381 0205250 1299351 2700149 0439282 0439275 0439526 0007634 0243148 1550141 1882979 2587213 3274648 3282337 0439282 0439275 0439526 0349966 1337208 0086045 1446561 0050078 0011503 0700307 1256369 0021641 0036536 0036537 1533581 1579433 1707520 0349966 1337208
 2607943 2926606 3539655 0332157 0003402 0017817 0332152 0450442 0740175 1254351 1260386 1521826 2257086 2986411 1441672 1882115 0918012 1292856 1552854 1637833 1948023 1553640
 0332281 0424099 0047645 0086045 0392756 1446561 0205216 0392756 0442797 1424736 0449982
 0442739 1548568 0392747 0443172 1705241 0010451 1256369 0021641 0036536 0036537 1441672 1533581 1579433 0918012 1292856 1552854 1637833 1948023 0740116 2827735 2981700 0441889 0456079 1547707 2946261 0439084 0728893 0439191 0450380 0439394 1706495 3642217
 0017817 1260386 0086045 0444706 3541902 0042295 0450367 0444499 0033684 0456603 1547037 1519042 0740116 2827735 2981700
 0441889 0033684 0441889 0033684 0369773 2603361 0150312 0456603 1547037 0441994 1548802 2003888 0007634 3282337 0369773 2603361
 0362046 0274281 0332152 0332157 0740175 2257086 1882115 0449381 0017817 1260386 0033684
 0061516 0033684
 0456603 1547037 0740116 2827735 2981700
 0449911 0333052 2607870 0557702 1272706 1704674 0557702 1272706 1704674 0349966 1337208

 0047645 0086045 0243148 1550141 1882979 2587213 3274648 0441730 0241863 0332307 1547052 0441730 0241863 0332307 1547052
 1707156 3274014 3541345 1882932 0444504 2347634 2348143 0042295 0243148 1550141 1882979 2587213 3274648
 0369773 2603361 0243148 1550141 1882979 2587213 3274648
 0449911 0333052 2607870 0557702 1272706 1704674 0557702 1272706 1704674 0349966 1337208

 1707520 0086045 1547282 0005516 0442805 0547047
 0449911 0333052 2607870 0557702 1272706 1704674 0557702 1272706 1704674 0349966 1337208

 0918012 1292856 1552854 1637833 1948023 0086045 1446561 2347469 1515670 0185117 0441730 0241863 0332307 1547052 1518422 0332157 0033727 0332152 0332157 0369286 0441932 0564385 0740175 2257086 0017817 1260386
 0392148 2986411 0679002 0301630 0392756 0441610 0185117
 1707156 3274014 3541345 1882932 0042295
 0369773 2603361 0011860 1320657 0441730 0011847 0011849 0332307 1547052
 0035171 0035168 0242481 1707689 2983265 0557061 2584313 2985663 0521116 0557651 1514811 1705970 1706462 2603343 0243067 0441730 0205409 0241863 0332307 1547052 1548221 1552738
 0007634 3282337 0205171 0750482 1720467 0241863 0392756 0243148 1550141 1707455 1882979 2587213 3274648 1883351 1515926 0150312 1518422 0007634 0577559 1269647 1306372 1457869 1704653 1861101 1948049 3152252 0015127 1524003 0750554 0558058 0205245 0542341 2700217 1515926
 0521093 0750484 1456348 0030685 0391871 0439180 0680255 1283071 1963578 0021641 1533581 1579433 0871261 1704632 1706817 2911692 0017725 1547282 0040223 3541383 0185117 0392747 1420172 0017713 1415014 1515981
 1420172 1516240 0037640 0871208 1521828 1420172 0851827 1701901 3244310
 0018563 1281583 1552914 0017713 1415014 0015272 0860801 0205251 1299352 1510827 1550472 0750591 1261552 1704379 1705117 2825408 0007634 1269647 1704653 1948049
 1515926 1150444 0017713 0205177 0439167 0441655 1415014 1515981 1561536 0332281 0011847 0011849
 0557651 2603343 1518422 0884358 2947996 0681814 0220825 0178666 0005528 0017725 1317949 3495449 0031715 1158886
 0332149 1518422 1705910 1947931 2362652 0679201 0439849 1705630 1706279 3540605 1280500
 0543488 0441730 1425576 0241863 0332307 1547052 0392756 0547047 1515670 0185117 1707520 0030012 0017725 0030011 0205170 0301630 0392756 0441610 1441672 3146287
 0150312 1457869 1861101 0234402 0439092 0522501 0547044 0392760 1314939 0680240 0947630 1547282 1160577 1256369 0021641 0036536 0036537 1533581 1579433 0332272 0441730 1425576 0241863 0332307 1314677 1547052
 1883712 1441672 0003765 0017628 0205263 0205390
 0003765 2825490 0007961 1706211 0038766 1517945 0007634 1269647 1704653 1948049 0015127 1524003 0007603 3161472 0007634 0025255 0596901 1269647 1704653 1706182 1948049
 0441471 0332283 0596235 1705654 0205217 0442805 0086045 1446561 0040715 2987521 0015283
 2607943 2926606 3539655 0243067 1704259 1705987 0178666 0005528 0017725 0332152 1317949 1522538 3495449 0015283 0010837 0993609
 0332120 0470187 1527178 1705938 0557651 2603343 1883351 0243067 0449475 0007634 3282337 0178666 0005528 0017725 1317949 3495449 1816453
 0544926 1515926 0032214 0600138 0035820 1705810 0332185 1705535
 0037088 0243095 2825141 1879547 0441730 1425576 0241863 0332307 1441672 1547052 0243148 1550141 1707455 1882979 2587213 3274648
 0031727 0851285 0243148 1550141 1882979 2587213 3274648 0237753 0449788 1947946 2948600 3540471 3540472 0009830 1947907 0012634 0348080 1705253 2350024 0038435
 1879547 0750591 1883351 1280500 0920875 0021641 0441472 1533581 1579433 3266814 0023884 0736268 1278929 2346688
 0031727 0332185 1256369 0021641 0036536 0036537 0243148 1533581 1550141 1579433 1882979 2587213 3274648
 0035173 0684224 0700287 3496591 0474395 3546468 0205177 0439167 0441655 1561536 1719133 0017725 0021467 0021469 0021641 0023175 0030685 0181586 0391871 0439180 0680255 1283071 1442948 1522538 1533581 1579433 1628982 1948023 1963578 2348269 3275067 3463820 0007634 3282337 0947630 1879547 1256369 1719133 0021641 0036536 0036537 1533581 1579433 0030274 1278931
 0086418 1879547 0051028 3273396 0597413 0205263 0279023 0302523 0700325 3244290 1883351 1265611 0441730 1425576 0241863 0332307 1441672 1547052 1256369 0021641 0036536 0036537 1457869 1533581 1579433 1861101 1880177
 0040223 3541383 0684224 0700287 3273238 0040648 0040649 1521761 2827422 0007589 1511938 2945687 0031843 0542341 0700205 1705273 0441730 1425576 0241863 0332307 0392747 1547052
 0013303 0030274 0242303 0598306 0035820 1705810 0182953 1704734 1704735 0439509
 1521761 2827422 0183683 1521721 0040649 1337112 1515877 1879547 0237753 0449788 0007613 0007634 1268443 0031843 0205307 0439166 0542341 0700205 1269647 1314939 1704653 1705273 1948049 2347086 0038952 0220921
 0150312 0441730 1425576 0205409 0241863 0332307 1547052 1548221 1515670 0185117 0205217 0442805 0185117 1333572 3273493 0179400 1533124 0750591 0079925 1418824 1999216
 1515670 0185117 1285553 1516084 0449475 0007613 0441730 0007634 0022131 0031843 0205432 0241863 0332307 0392756 0542341 0700205 1269647 1547052 1704653 1705273 1948049 1425576
 1280500 0040649 1335837 1705603 0021641 1533581 1579433 0681814 1441672 0441994 1548802 2003888 0243148 1441672 1550141 1882979 2587213 3274648
 2607943 2926606 3539655 0940338 0940730 1511726 1551058 3245479 1547282 0185117 0599779 0003062 0011847 0011849 0392756 3161035 0450355
 1883712 0684224 0700287 3496591 0242606 0038435 0311404 0392756 0547047 0681814
 0033213 1706387 1517331 0557651 0947630 2603343 0332272 1883351 0162340 1513822 1705739 1882071 1521761 2827422 0004379 0851285 1327622 0031843 0542341 0700205 1705273
 0947630 1705535 0030705 0242606 0038435 0205191 0311404 0681850 1550501 1706203 2349001 2697811 0450355
 0020456 0086045 1446561 0162772 0030054 0205332 0220781 0439634 1522492 1705920 1880177 0007634 0033684 1269647 1704653 1948049 0012854
 0022131 0242606 0038435 0311404 0040300 0003402 1516240 0007634 1269647 1704653 1948049
 0681814 0150312 0441889 0050078 0011503 0005516 0205250 1299351 2700149 0040223 0205435 1279901 1515981 3541383 1707520 0441889 0449286 0542560 1561545 2348088
 1883712 0301630 0392756 0441610 0242606 0038435 0311404 0047645 0205216 0441889 1719133 1256369 0021641 0036536 0036537 1533581 1579433 1515670 0185117
 2607943 2926606 3539655 0183683 1521721 0302523 0700325 1964257
 0030705 0271650 0178665 0013220 0017725 0020963 0220929 0221099 0231197 0684336 1704410 1256369 0021641 0036536 0036537 1533581 1579433 1883712 1704610 1522609 0003402 1880266 1704970 0022131 0007634 0450355
 0205393 2607943 2926606 3539655 0243067 0205343 0439092 0547044 0449719 1709471
 0557651 2603343 1518422 0884358 2947996 0681814 0220825 0031843 0542341 0700205 1705273
 0684224 0700287 3273238
 1547282 0243148 1550141 1707455 1882979 2587213 3274648 0241863 0681850 1521827 1550501 1706203 2349001 2697811 1280519 1704419
 0043227 0027552 0686904 1883351 0449261 1317750 1831145 0557651 0684224 0700287 2603343 3496591 1515655 0184511 0332272 0597198 1561611 1882330
 1316572 1317574 1369612 0521116 0681814 1705970 0439228 0010453 0220814 0430400 2242979 0009458 0439536 1705217 3244283 0031843 0542341 0700205 1705273 0544458 1518422 0017817 0332197 1260386 1689985
 0237820 1555688 2004454 0040223 1632851 0392747 0443172 1441672 1947931 0031330 0205464 1883712 0015127 1524003
 1316572 1317574 1369612 0441729 1550335 0030705 0241863 0332307 1547052 0030274 1278931 1521827 1547282 0031843 0542341 0700205 1705273 1705535 0032214 0600138 0035820 1705810 0011860 1320657 0441730 0011847 0011849 0332307 1547052 0392760 1314939 0007634 1269647 1704653 1948049
 1707478 1274040 1546471 2825142 0040223 0205435 1279901 1547282 3541383 0449475 0332281 0205245 0439064 0542341 2700217 1515926 0231298 0242606 0038435 0311404 1521840 2986546
 0679002 0301630 0392756 0441610 0184511 0332272 1327616 1561611 2698977 1705535 0007634 0150312 0332285 1269647 1704653 1948049 0031843 0542341 0700205 1705273 0441730 1550335 0030705 0241863 0332307 1441672 1547052 1518422
 0043227 0018684 0022275 0337810 1521721 0683933 0035168 0036397 0242481
 0282413 3273171 0686900 1272683 1522634 0587463 1704729 0025519 0025520 0439148 1519795 1704753 1880519 0022277
 0034036 0034037 1514756 1704324 0348078 0376315 1272684 1522492 1527075 1548435 2350345 0001497 0033640 0031727 0033684 1879547
 1333572 3273493 0179400 1533124 1333572 3273493 0179400 1533124
 0017817 1260386 0017817
 0061516 0012771 0017817 1260386
 0064411 0073386 0005367 0037633 0525069 0973231 1875730 2722820 0064411 0073386 0005367 0037633 0525069 0973231 1875730 2722820
 0050078 0011503 0050078 0011503
 0013303 0030274 0242303 0598306 0013303 0030274 0242303 0598306 1514811 1706462 0035171 0035168 0242481 1707689 2983265 0557061 2584313 1514811 1706462 0205246 2348867 0014499
 0025141 2828008 0009566 1171258 0750572 0016538 0033363 0348018
 1332781 0025141 1705019 0004083 0011847 0011849 0439849 0596070 0596306 0699792 0686907 0041703
 0000857 0600678 1552863 0022718 0439209 1418952 1550452 1704788 3539107 0011900 1704338 1704656 0008902 0008903 0678229 0009566 1171258
 0449719 1709471
 0011900 1704338 1704656 0008902 0008903 0678229 0009818
 0378666 1422509 0025141 0449445 1292724
 0022688 0543483 0699748
 3541894 0011860 2697407 0011854 0011849 0011847 0021641 0851827 1518422 1533581 1579433 1701901 3244310 0231174 0680095 0021655 2700570 0021641 0205432 0237834 1514892 1533581 1579433
 0243107 0678723 1527148 0242656 0449258 0011860 2984301
 3541894 0033727 0369286 0441932 0564385 0004684 1412800 2986890 0449774 0011860 2697407 0011854 0011849 0011847 0021641 0851827 1518422 1533581 1579433 1701901 3244310
 0369637 0441923 0577317 0011860 1320657 0441730 0011847 0011849 0332307 1547052 0031842 0031843 0031847 0277785
 0205090 0684010 2603358 0175860 0019664 0019665 0205296 0262512 0262926 1705255 2004062 0342335 0743125 0021655 2700570 0457592
 0021966 0221138 0205090 0684010 2603358 0311400 1524026 2707259 0449774 1829939 0581116 0030705
 0025141 0022337 0205090 0684010 2603358 0021641 0030685 0391871 0439180 0680255 1283071 1533581 1579433 1963578 0205409 0205449 1548221 0011860 1320657 0441730 0011847 0011849 0332307 1547052
 0369637 0441923 0312860 3540627 0678594 0000768 0000769 0441730 0205409 0241863 0332307 1547052 1548221
 0016327 0439133 1553038 0205090 0684010 2603358 0369637 0441923 0205090 0684010 2603358 0597166 0232786 0031843 0542341 0700205 1705273 0441729 1550335 0030705 0205409 0241863 0332307 1547052 1548221
 0016327 0439133 1553038 0369637 0441923 0205090 0684010 2603358 0369637 0441923 0016327 0439133 1553038 0016327 0439133 1553038 0205090 0684010 2603358 0079189 1524094 1280500 2348382 0038952 0220921 0332157 0205195 0079189 1524094
 0205090 0684010 2603358 0369637 0441923 0439267 0016327 0439133 1553038 1280500 2348382
 0205090 0684010 2603358 0016327 0439133 1553038 0369637 0441923 0439267 0369637 0441923 0016327 0439133 1553038 0332157 0274281 0439590 0010858 1280500 0332120 0007587 0011065 1306577 0030281 0010656 0086597 0127400 0851827 1701901 3244310 0376515 0851285
 0205090 0684010 2603358 0369637 0441923 0369637 0441923 0439267 0369637 0441923 0016327 0439133 1553038 0205090 0684010 2603358 0016327 0439133 1553038 0439267 0544458 0031843 0542341 0700205 1705273 0086418 0205409 0221099 0684336 1548221 0206243 0017890 0032529 1882417
 0439267 0369637 0441923 0205090 0684010 2603358 0016327 0439133 1553038 0035820 1705810 0536847 1421314 0597427 0033684 0205191 0205263 0274281 0332157 0860803 0017725 0015688 1280500
 0205090 0684010 2603358 0369637 0441923 0016327 0439133 1553038 0289313 0309872 1292733 0684336 0015684 0001128 0205263 0332120 0443264 1256369 0021641 0036536 0036537 1533581 1579433
 1292284 1421532 2349046 0021966 0221138 0035820 1705810 2350345 1719133 1256369 0021641 0036536 0036537 1533581 1579433 0017262 0017337 0185117
 0025141 0369637 0441923 0279759 0279766 1418864 3538934 3538935 0369637 0441923 0001905 1412243 0006100 1537501 0919442 1705347 3546468 0205177 0439167 0441655 1561536 3658127 0021760 0206745 1334122 2983957 0020898 0021764 0022271 0025914 0025929 0026809 0040300 0205216 0560617 1522225 1280500 2348382
 0025141 0597277 1708601 0018229 1423073 1427674 0242606 0038435 0311404 0023175 1442948 1522538 2348269 3275067 0335083
 0205090 0684010 2603358 0860803 0017725 2349975 0162638 0242606 0038435 0311404 0439849 0445223 3179121 0427861 0041637 0221313 0225336 1280193 0007634 0014257 0041638 0042449 0086418 1179027 1278960 3282337 0035820 1705810 1879547 0068355
 0597277 1708601 0205090 0684010 2603358 0033727 0369286 0441932 0564385 1511660 1817262 0220781 0439634 1522492 0242958 0079471 1533641 0034677 0596611 1705572 0017337 0026882 0005695 0005682 0027651 1281573 1511200 0037179 0087136 0205171 0274281 0332157 0015127 1524003 0025803 0028210
 0000857 0600678 1552863
 0025141 0680582 0449913 1553451 1704459
 0040833 1521798 0025141 0022337 1720950 1882071 0332298 2587213 0243107 0678723 1527148 0007613 0030281 0007634 0031843 0330390 0439096 0542341 0700205 1269647 1704653 1705273 1948049 2004068
 0205437 0442992 2349143 3538987 0022575 1705783 1333572 1517892 1704666 2756011 0037083 3537152
 1538326 3541325 0442027 0033727 0369286 0441932 0564385 0007634 3282337 0011860 1320657 0441730 0011847 0011849 0332307 1547052 0302912 0205169 0449379
 0369637 0441923 0681841
 0011198 0017480 3541240 0007634 0178539 0026376 0010819 0005532 1521991
 0025141 0369637 0441923 0851285 1327622 0017337
 2827734 2981698 0025141 3540627 0851285 1327622 0039796 0723712
 0025141 0201975 3539604 1539479 2347946
 0369637 0441923 0699032 0332298 2587213 1256369 0021641 0036536 0036537 1533581 1579433
 0025141 0031843 0542341 0700205 1705273 0030281 0007634 0330390 0439096 2004068 3282337
 0025141 0441472 3266814
 0021966 0221138
 0021641 0030685 0391871 0439180 0680255 1283071 1533581 1579433 1963578 0030274 1278931
 0450348 0025141 0040648 0040649 1521761 2827422 0031842 0031843 0035820 1705810 0007613 0030281 0007634 0031843 0330390 0439096 0542341 0700205 1269647 1704653 1705273 1948049 2004068
 1538326 3541325 0242606 0038435 0311404 0040539 0600688 0030281 0734999 0022131 0011847 0011849
 0369637 0441923 0524828 1545588 0040539 0600688 1514559 0014442 0014445
 0439267 0439267 0369637 0441923 0016327 0439133 1553038 0574032 1827465 1256369 1719133 0021641 0036536 0036537 1533581 1579433 0271650 0178665 0013220 0017725 0020963 0220929 0221099 0231197 0684336 1704410
 3541329 2827734 2981698 0000857 0600678 1552863 0205090 0684010 2603358 0369637 0441923 0369637 0441923 0016327 0439133 1553038 0016327 0439133 1553038 0544458 0031843 0542341 0700205 1705273 0871161 1292721 0030705
 0025141