 0597360 0185117 0599946 0034069 0016059 0038952 0220921

 0443030
 2827734 2981698
 0024109 2707265 2709248 1293097 2919030 2919031 0010337 0020028 0019994 0041740 1609061 0041740 0868928 1705493 1706255 1706256 2347957 0454845 0028905
 1293097 2919030 2919031 0013227 0025118 0036378 0036375 0025939
 0024109 2707265 2709248 1293097 2919030 2919031 0010337
 0557806 0008848 0022037 1555231 3262831 0022037 1555231 1515023 0000857 0205088 0348078 0376315 0520510 0600678 1272684 1522492 1546485 1548435 1552863 1704458 1514811 1706462 0626201 1367656 0752253 1323367 0034802 1414313 1509244 2825836 1522951 2753925 0206454 0242275 1149299 1523772 0018284 0597358 0014520 0018270 0086418 0220844 0221920 0243122 0597357 0812265 1145667 1167622 1521761 1621966 1704825 2827422 2911660 0032214 0600138 0035820 1705810 0237820 1555688 2004454 0021135 1533691 2827718
 1879547 0626201 1367656 0752253 0032214 0600138 0035820 1705810 0273115 3263722 3263723
 0392366 1512571 1524063 0273115 3263722 3263723 1550518 0812265 1704825 0185117
 0003062 0812265 1704825 1512032 0332234 1608322 1881366 0332448 0702249 1523986 0456947 0441889 0205217 0442805 3263722 3263723 2348205 1511501 0003062 0243148 1550141 1882979 2587213 3274648
 0812265 1704825 1518422 1879547 0003062 0870432 0392747 0443172 0543482 1260954 0439228 0369773 2603361
 1883712 0332256 2700400 0009325 1167364 0369773 2603361
 0040691 1527194 0018284 0018270 0220844 1510411 1521761 1621966 2827422 2911660 1518422 0006279 0189381 0396473 1535502 3641255 0005889 0022100 0302908 0442805 0444611 1546689 1704353 0025914 0025929 0026809 0025914 0025929 0026809 1707455 0369773 2603361 1705535 0441712 1706376 0040691 1527194 0476242 1442754 0018284 0018270 0205263 0220844 0332268 0857127 1510411 1521761 1621966 2827422 2911660 0025914 0025929 0026809
 0273115 3263722 3263723 0005740 0025914 0025929 0026565 0026566 0026809 1274040 1546471 2825142 0026565 0026566 0369773 2603361
 0021467 0021469 1628982 3463820 0034069 0016059 0024109 2707265 2709248 0273115 3263722 3263723
 0005740
 0018284 0018270 0220844 1621966 2911660 1521761 2827422
 0206364 0033681 0031727 0041485 0597357
 0242488 0273115 0740766 0024109 0205178 0819757 1278908 3263722 3263723 0449265 1883525 2346866 0332257 1160196 0041904 0162493 1705535 0035820 1705810 0237820 1555688 2004454 0273115 3263722 3263723
 0024109 0441889 0040691 1527194 0018284 0018270 0220844 1510411 1521761 1621966 2827422 2911660 0150312 0178987 0458827 0225694 1279457 0014609 0332282 1555389 0184959 1720298 0027375 0027378 0005740
 1883712 0034802 1414313 0206454 0242275 1323367 0018284 0014520 0018270 0220844 0221920 0597357 1521761 1621966 2827422 2911660 0185117 0273115 0005740 0024109 0205217 0205263 0442805 0819757 1278908 3263722 3263723
 0035820 1705810 0273115 3263722 3263723 1547282
 0150312 0206745 0025914 0025929 0026809 0040691 1527194 0034069 0016059 0024109 2707265 2709248 3263722 3263723
 0034069 0016059
 2827421 0025936 0003069 0025914 0025929 0026809 0080194 0456178 1518614 2987481 0040691 1527194 0018284 0018270 0220844 1510411 1521761 1621966 2827422 2911660 0225700 0225698 0442504 0006556 0086860 1442758
 0025936 0003069 0025914 0025929 0026809 0034069 0016059 0024109 2707265 2709248 0205351
 0040691 1527194 0018284 0018270 0220844 1510411 1521761 1621966 2827422 2911660 0025914 0025929 0026809 0025936 0003069 0025914 0025929 0026809 0080194 0456178 1518614 2987481 0006159 1704650 0040691 1527194 0018284 0018270 0220844 1510411 1521761 1621966 2827422 2911660 0034069 0016059 0024109 2707265 2709248 0205216 0392756 0442797
 1979874 0947630 1547282 0021467 0021469 1628982 3463820 0205217 0034069 0016059 0024109 2707265 2709248

 1519726 0031715 1158886 0205217 0442805 0016059
 0557651 2603343 0332206 3540676 0392756 1326341 0334097 0596290 0334094 1514485 1301751 1280500 2348382
 1883727 1883357 1511726 3245479 1705535 0034069 0016059 0024109 2707265 2709248 1709305 0449719 1709471 0206454 0597357 0018284 1704675
 0034802 1414313 0812265 1704825 0812267 1704826 2700400 0031727 0015576 1704727
 0024109 0819757 1278908 0812265 1704825 0626201 1367656 0023688 0752253 0626201 1367656 0752253 0127400
 1517880 0023688 0243122 1145667 1167622 0812265 1704825 0086418 0205431 1522492 1334952 0597357
 1519726 0031715 1158886 1548602 1704686 1155494 2611812 1707310
 0681827 0681828 0947630 1547282 0007601 0007600 0014597 0007634 0205132 0221908 1269647 1704653 1948049 1704675 1184743 1522240 0439084 0728893
 1883712 0014597 0007634 0024109 0221908 0332453 0872351 1269647 1704653 1879547 1948049 2707265 2709248 1514758 1879547 0040223 3541383 1705535 0035820 1705810 0237820 1555688 2004454 0014609
 0440744 0040300 0086418 1547928 0022877 3244292 1547282 0626201 1367656 0752253 0205263 1326341 0334097 0596290 0334094 1514485
 0947630 1527178 1705938 1514758 1879547 0237820 1555688 2004454 1515655
 1883351 0022885 0039593 0392366 1512571 0679199 1883351 0557651 2603343 0871261 1704632 1706817 2911692 0025936 0003069 0025914 0025929 0026809 0185117 1333312 0597357 0812265 1704825 1512032 0028778 0332206 1533157 1706084 2828370 0037083 3537152
 1333312 0597357 0014609 0024109 2707265 2709248 0243148 1550141 1882979 2587213 3274648 0086860 1442758 0205197 0311403 0037083 3537152
 0947630 0150312 0024109 0819757 1278908 3263722 3263723 0205263 0033268 0626201 1367656 1879547 0086418 0332234 1608322 1881366 0302158 0332448 0702249 1523986 0440752 0333562
 0025914 0025929 0026809 1514758 1879547 1518422 0273115 0024109 0819757 1278908 1709305 2745955 3263722 3263723 0033268 0626201 1367656 0205263 2348205
 0024109 1518039 0009325 0205216 0333562 0392756 0442797 1167364 0439228 0025914 0025929 0026809 0243148 1550141 1707455 1882979 2587213 3274648
 0444956 0005740 0178602 0205250 0869039 1114758 1299351 2700149 0798503 0805586 3274764 0025914 0025929 0026809 0812265 1704825 1512032 0025914 0025929 0026809 1707455
 0520510 0520510 1514811 1706462 0025914 0025929 0026809
 0025664 0184661 2700391 0178478 0868975 0003062 0041740 0205540 0868928 1705493 1706255 1706256 1947933 2347957 2699414
 0025921 0025936 0003069 0025914 0025929 0026809 0812265 1704825 1328830 0003062 0020056 0035201 0041740 0205099 0868928 1705493 1706255 1706256 2347957 0012634 0348080 1705253 0162470 0337189
 0016452 0043047 0599638 1550678 0683607 1879743
 0025914 0025929 0026809 1441672 0242856 0332173 1314677 1708320 1524063 0025664 0449851
 0441513
 1524063 0025664 0449851 0006556 0006556 0443225 0728990 0812265 1444754 1514575 1704825 1705542 1706316 2827421
 0812265 1704825 0521119 1519623 1167322 2752508 1880389 1883221 3541951 0205266 1554187 0175996 0178719 1880389 1883221 3541951 1880274 0439659 0937925 0002520 0001128 0205090 0684010 2603358
 0596260 0003316 0004793 0162326 0162327 1519249 1522485 1708067 1708632 0020792 0205396 0005863 0949466
 0006556 0032520 0677874 0443286 1114821 1706746 0000975 0013618 0017243 0036681 0041175 0077281 0086972 0443299 0687118 0814229 1382104 0185115 3541890 0812225 1150635 1705212 1705213 3273202 1217267
 0014834 0014833 0007634 3282337 1512032 0205160 0812265 1510411 1513916 1527180 1704825 2825415 2825491 0002682 0002680 0237834 1514892 1707391
 0012854 0012238 0021966 0221138 0936012 2349986 0009013 1522642 0332255 0443288 0486805 1512032 0205160 0681842 0812265 1513916 1527180 1704825 1882327 2825415 2825491 0205229 0205409 1548221 0812225 1150635 1705212 1705213 3273202
 1880022 0021135 1533691 2827718 0454802 0007634 3282337 1512032 0205160 0812265 1513916 1527180 1704825 2825415 2825491 2827421 1524063 0253711 0302828 1442085 3263700
 0033268 0812265 1704825
 0006556 0599566 0009013 0086022 0185117 0442335 1705099 0243148 1550141 1882979 2587213 3274648 0086860 0041740
 0332282 0009015 0037949 1267072 0012238 0014230 0849355 2349986 0282641 1442758 0033621 1168438 1418943 3540567 0033684 0034085 0038888 0038889 0038891 0086860 2825078 0332529 0006556 0037293 0181496 1710492 0021920 0032400 0071360 0747726 0039259
 0021485 1272883 1533685 1828121 1511521 1550369 0003069 0041740 0444669 0868928 0884358 1167518 1547538 1705493 1706255 1706256 1706352 1882467 2347957 3274653 0025936 0025921 0025914 0025929 0026809
 0263541 1273517 1883351 0080194 0456178
 1285573 0314650 0079411 3146294 0012854 0039259 0185115 0884358 3541890 1524063 0206415 0812265 1704825 0439851 1947931 0004793 0162326 0162327 1519249
 0273115 3263722 3263723
 0021485 1272883 1533685 1828121 0273115 1524063 0024109 0819757 1273517 1278908 3161035 3263722 3263723 0016059
 0025936 0003069 0025914 0025929 0026809 0021493 0700541 0021485 0022614 0439962 0442120 1272883 1533685 1720436 1828121 0000959
 0184898 2338258 0027530 1281592 1881534 0040578 1278905 3146235 0332157
 0021485 1272883 1533685 1828121 0332256 2700400 0439148 1519795 1719918 3538743 0232920 0678108 1720830 1823521 1720119 1948037 0040578 1278905 3146235 1720154 1524063 3540513 0027551 1704318 1882041
 0444099 1123023 1278993 1883708 0017780 0543467 0587267 0003062 0683607 1883351 0521108 2004454
 0006279 0189381 0396473 1535502 3641255 0005889 0022100 0302908 0444611 1546689 1704353 1516698 1704814
 2348792 0040223 3541383 1552961 2347617 0032790 0241311 0439086 2827736 2981702 0439228 0025914 0025929 0026809 0004044 0162388 2347816
 0817096 1269614 1881534 0035561 0849355 0040578 1278905 3146235 0332157 0027551 1704318 1882041 0441587 0040578 1278905 1416505 3146235
 0005767 0005768 0229664 0923302 0489802 0507816 0004916 0006901 0016382 0024109 0596170 0935624 1280521 2707265 2709248 1720830 1823521 0225883 1269891 0018827 0205090 2355627 0013103 0027551 0180499 0439787 0849355 1704318 1882041 0225897 1269892 0018827 0205091 0441587 1552822 2355627
 0024109 0232920 0678108 1421546 1720830 1823521 0022100 1546689 0439526 0444499 0006279 0189381 0396473 1535502 3641255 0005889 0022100 0302908 0444611 1546689 1704353 0179834 0582523 0456692 0702093 0450376 1550101 0002778 0936012 1524024 1698986
 0007634 3282337 0185125 0444330 1524063 0179834 3541314
 0444330 1512080 2827485 0439583 1520152 1261259 0392747 2986582 0082282 0046889 0020898 0021764 0022271 0007584 0007634 0750480 1269647 1704653 1705566 1948049 1180059 0007634 0884358 1979936 3282337
 1516698 1704814 0006279 0024109 0849355 0260055 1550121 0016701 0028158 0302908 0677542 1304698 1546699 1550581 1561501 1698986 0002778 0936012 1524024
 0949466 0005863 0002778 0936012 1524024 1705493
 0024109 0006353 0009264 0009443 0024348 0234192 1536403 0041175 0077281 0814229 2678549 1882074 0020283 0450407 0450408 0450409 0037494 1959973 0146951 0133689 0242759 0033607 0003641 0064858 0070329 0013618 0037568 0042305 0037508 1171560 1556062 0016327 0037473 0597484 0074764 0034320 3252566 1524063 0181200
 0427716 1304757 0086045 0006279 0189381 0396473 1535502 3641255 0005889 0022100 0302908 0444611 1546689 1704353 0025663 0449851 0871511 0022877 3244292
 1265611 0258024 0006353 0370003 1524062 2347026 0242301 1546559
 0033684 0013855 0086972 0443299 0687118 0017243 0071710 0025255
 0205370 0243122 0750540 1145667 1167622 0028778 0332206 1439852 2983591 0026131 0349374 0444318 2825079 0450376
 0025255 0312586 0626201 1367656 0003241 0021027 0752253 0182400 1704681 2347609 3536729 1553033 0312586 0003241 0021027 1553033 0312586 0003241 0021027 0041484 0041485 1421250 0312586 0003241 0021027 1553033 0005574 0444868 3539085 0312586 0003241 0021027
 0332282 0019941 0027021 0031179 0330510 0522529 0939835 1110641 1318719 2827734 2981698 0079240 1948037
 0005574 0175723 0004400 0162524 0442726 1450278 1511790 2349975 1551491 0027971
 1265611 0200765 0002778 0936012 1524024 1704254 1704922 1709793 3542466 1524063 0037585 0027468
 0947630 1881488 0332256 2700400 0060916 0086376 0439267 0003241 0021027 1439852 1548787 0560020 0720544 0439267 0450376
 1180347 1523872 0033684 1704241 1883708 0038164 0033684 0991566 1439852 0700308 0033727 0369286 0441932 0564385 0450376 0205430
 0991566 1548982 0040223 1632851 0258024 0006353 0370003 2347026
 0949466 0005863 0002778 0936012 1524024 1705493 1552738 0004927
 0455052 1521827
 0024109 1518039 0243148 1550141 1882979 2587213 3274648 0019638 0205462 0344441 1521827 0185023 0728733 1522662
 0332282 0011065 1306577 0817096 1527391 0175566 0035561 0849355 1883351 0683607 0021398 1318493
 0040578 1278905 3146235 0024109 0040223 1632851 1623737 3539687
 0520453 1706091 3463845 1883708 0231441 0442537 1705182 0332256 2700400 1550067 1561470 0949307 0024109 0700308 0033727 0231441 0369286 0441932 0443218 0564385 2827483 0033095 0460139 1306345
 1707478 0185023 0728733 1522662 0024109 0849355 1516835 0028778 0332206 1417861 1533157 1706084 2828370 2987294 0348011 0450240 1706210 0085185 1707903
 0332282 1707903 0205155 1293097 1522472 1552923 1705191 0000925 1883724 0348011 0444330 0523207 0018964 0014448 0885297 2986582
 0523207 0018964 0014448 0024109 0030664 0449820 0819757 0885297 1278908 1521733 1552081 2986582
 0205155 1293097 1522472 1552923 1705191 0523207 0018964 0014448 0885297 2986582 0449820 1883351 1442097 0037786 0162415 0001861 1883067 3536832
 0332282 0487602 1704680 0440042 1521738 2346620 2349184 3539073 0441468 1524063 0179533 1654607 1706254 0348000 0489786 0181839 0449878 1706379 0027976 1879958
 1704254 1704922 3542466 0003062 0025914 0025929 0026809 0439511 2348792 0040223 3541383 1552961 2347617 1415284 2348395 2825313 0444456 1706359
 0017446 0205146 2697794 2825197 0008902 0162415 0014609 0001861 1883067 3536832
 0007634 3282337 0205284 1522411 2828371 0001861 1883067 3536832 0008902 0014609 0007634 3282337 0001861 0086972 0443299 0687118 1883067 3536832 0934502 0008902 0162415
 0439175 0439810 0440042 1521738 2346620 2349184 3539073 0750480 1705566 1552961 2347617 0003062 0750480 1705566
 0237753 0439175 0439810 0449788 0014609 1552961 2347617 0332849 0178587 0449468 1690016 1705102 2700258 0003062 2348792 0040223 1552961 2347617 3541383
 1511726 3245479 1510992 2825518 1883351 0178587 0449468 1690016 1705102 2700258 0025914 0025929 0026809
 0005507 0243073 1510438
 0009325 0423896 0456205 1167364 1524063 0005507 0243073 1510438
 0024109 0006353 0024348 0205197 0439526 0725685 1536403 0456692 0560021 0439267 0702093 0179834 0450376
 0439243 0000983 0000985 0444499 1440942 0001128 0202406 0369637 0441923 0981805 1524062 0439526
 0370003 2347026 0456693 1442458 0205430 0702093 3160715 2348236 0005903 0039476 1547703 0683607 2246343 0220781 0439634 1522492
 0370003 2347026 0439267 0179834 0441436 0993610 1998480 1704241
 0013343 1883708 0444499 1440942 0369637 0439526 0441923 0936012 0312860
 0086045 1446561 1707455 0205134 2827421 1524063 1550420 1265611
 0005507 1704780 0040691 1527194
 0423896 0456205 0040691 1527194 0006279 0189381 0396473 1535502 3641255 0005889 0022100 0302908 0444611 0444706 1546689 1704353 3541902 1524063 0005507 1704780 0206414
 0014597 1273342 0007634 0221908 3282337 2827421 0332256 2700400 0086860 0206414 1334435 1414861 0017337 0024075 0335038 0699952 1522485 1705915 1709908 0565990 1552471 0205099 0205476 0027976 0205314 0027976 1879958 1273517
 0007634 3282337 0040284 0180454 0010453 0027361 0040300 0220814 0237401 0430400 1139930 1547928 2242979 2347578 0007634 0205170 3146287 3282337 0683607 1883351 0231441 0439583 0332283 0033727 0038187 0229671 0369286 0441932 0564385 1546774 1550100
 0007634 3282337 1883708 0006279 0189381 0396473 1535502 3641255 0005889 0022100 0302908 0444611 1546689 1704353 1948023 1512032 0205160 0812265 1513916 1516695 1516698 1527180 1704825 2825415 2825491 0025914 0025929 0026809
 0007634 3282337 0024348 0033727 0369286 0441932 0564385 1151115 0205177 0439167 0441655 1561536 0444706 3541902 1524063 0449913 1553451 1704459 0072149 0043193
 0423896 0456205 0040691 1527194 1151115 0024075 0205177 0439167 0441655 1561536 1709793 1524063 0205134 0007634 0335038 1522485 1705915 1709908 3282337 0040691 1527194 0018284 0332157 0018270 0205309 0220844 1265611 1510411 1521761 1621966 2827422 2911660
 0038953 0002778 0936012 1524024
 0038952 0220921 0332282 0273115 3263722 3263723 0220825 0442808 0178602 0869039 1114758 0439148 1519795
 0025914 0025929 0026809 0005740 1720154 1552738 0683607 1883351 0521108 2004454 1883708 0030695 0150369 0181904 0596972 1521743 1704646 1720725 1948050 0332173 0439228 0439505
 0038215 0600673
 1710574 0022885 0039593 0392366 1273517 1883351 1707455 0439828 0441833 0687744 1257890 1552516 1552839 1705428 1705429 1883351 1705241 1705242
 1511726 3245479 0449450 1704970
 0681873 1511726 3245479 1524063 0025663 0449851 0871511 0022885 0039593 0392366 0699794 0936012 1708728 2986775
 1709380 1522609 1883727 1883351 0237881 1709380 0038215 0750502
 0520510 1514811 1706462 1442161 1511760 1880274 1333312 0597357 1512032
 0681828 0947630 0205396 1550043 1551388 0014597 0007634 0024109 0221908 0332453 0872351 1269647 1704653 1879547 1948049 2707265 2709248 1514758 1879547 0040223 3541383 0039798 0087111 1522326 1533734 1705169 3538994 0626201 1367656 0205263 1326341 0596290 0334097 0334094 1514485
 2607943 2926606 3539655 1708698 1883351 0004457 0999597 1522496 1334952 0237820 1314939 1555688 2004454 0273115 3263722 3263723 1515655
 1883351 0022885 0039593 0392366 1512571 1707391 1883351 0018790 0237477 0392351 0521111 1879547 0332282 3263722 3263723 1524063 0679199 0812265 1704825 1512032
 0026882 1705285 0086418 1707391 0947630 1547282 1879547 1514873 0175996 0178719 1880389 1883221 3541951
 1880274 0175996 0178719 1880389 1883221 3541951 1819634 0220781 0439634 1522492 1709305 2745955 1879547 0031715 1158886 0683454 0849355
 1883712 0812265 1704825 0332462 0441889 0441994 1548802 1880834 2003888 0439801 0871208 1521828
 3244092 0185117 0309049 0220781 0439634 1522492
 1524063 0025664 0449851 0812265 1704825 1512032 0006556 0086418 0443225 0728990 0812265 1444754 1514575 1704825 1705542 1706316
 1521970 1706388 2346469 2348519 0521119 1519623 1167322 2752508 1880389 1883221 3541951 1880389 1883221 3541951 0004793 0162326 0162327 1519249 0596260 0450344 1553633
 0449911 0333052 2607870 0557702 1272706 1704674 0557702 1272706 1704674 0349966 1337208
 2827734 2981698
 1880022 0812265 1704825 1512032 2827421
 1514861 1882932
 0006556 0682969 1517050 1517880 0023688 0243122 0521119 1145667 1167622 1880389 1883221 3541951 1519623 1167322 1880389 1883221 2752508 3541951 1511625 1880389 1883221 3541951 0332256 2700400 0017446 0205147 0728990 1273517 1514575 1705542 0441513 0812265 1704825 1512032
 0812265 1704825 1512032 1517050 0205266 0332529 0521119 1554187 1880389 1883221 3541951 1519623 1167322 2752508 1880389 1883221 3541951 1511625 0010834 0233535 0521449 0680220 1880389 1883221 3541951 1880274
 0004793 0162326 0162327 1519249 0175996 0178719 0596260 1524062 1880389 1883221 3541951
 2347469 1881488 0040669 1515981 0003241 0003316 0021027 0521119 0812265 1704825 0301871 0005863 0949466 1705493 1708067
 0007634 3282337 1512032 0086045 0205160 0442808 0812265 1513916 1527180 1704825 2825415 2825491 0626201 1367656 0312860 0752253 1948023 0626201 1367656 0752253 0024348 0005863 0949466 1705493 0069515 0242957 0879250 1883351 0031843 0542341 0700205 1705273
 0185117 0005863 0521093 1708067
 0006556 0599566 0009013 0086022 0185117 0442335 1705099 0243148 1550141 1882979 2587213 3274648 0086860
 2827421 0454802 0007634 3282337
 0205265 0947630 1279901 1555582 1705685 1711411 2827734 2981698 0033684 0332256 2700400 0003316 0003316 0450345
 0740116 2827735 2981700 0812265 1704825 0007603 3161472 0007634 0025255 0392752 0596901 1269647 1704653 1706182 1948049
 0439086 2827736 2981702 0007634 3282337 0812265 1704825 0040669 0871261 1704632 1706817 2911692 1519726 0031715 0041485 0086418 0442797 1158886 0332120 0185117 0069515 0242957 0879250
 0441513 1880022 0812265 1704825
 0237944 1711411 0812265 1704825 1512032 0205160 1513916 1527180 2825415 2825491 0079613 0009013 1515563 0006556 0243148 1550141 1882979 2587213 3274648 0086860 1442758 1171285 0185117 0007634 3282337
 0282641 1442758 0033621 1168438 1418943 3540567 0033684 0034085 0038888 0038889 0038891 0086860 2825078 0332529 0006556 1708067 0021920 0032400 0071360 0747726 0039259 0012906 0012238 0014230 0443288 0521108 2349986 1998793 0004793 0162326 0162327 1519249
 0025936 0003069 0025914 0025929 0026809 1883708 2960425 0021485 0025664 0449851 1272883 1442989 1533685 1828121 2828392 1524063 0012854
 0025914 0025929 0026809 0205396 1550043 1551388
 0205132 0263541 3146294 1524084 0439086 2827736 2981702 0450348
 0949466 0005863 1705493 0002778 0936012 1524024 0024109 0819757 1278908 0314650 0025914 0025929 0026809 0079411 3146294 0205132 1547282 3244092 0441889
 0205132 1550648 1552960 0015272 3244092 0441889 0456079 1547707 2946261 0024109 0819757 1278908 0678323 0004927 1524063 0025914 0025929 0026809
 0006556 1273517 1883351 0282641
 0086418 0812265 1704825 0024109 0035804
 0002518 0002520 2917660 0001128 0162326 0202406 0812265 1704825 0205250
 1334043 0812265 1704825 1334043 0450355
 1705241 1705242 0035804 2987476 0812265 1704825
 1883351 1711411 0185117 0024109 0443288 0819757 1278908 0370003 2347026 0936012
 0819757 0040300 1547928 0033684
 1883712 0033684 0577559 1306372 3152252 0026385 1512032 0005910 0043100 0205160 0681842 0812265 1305866 1513916 1521991 1527180 1704825 1705104 1882327 2825415 2825491 0812265 1704825 1512032
 0812265 1704825 1512032 0333118 0085732 0086418 0376525
 0003241 0021027 0086418 0301871 0005863 0003241 0021027 0884358 1708067
 0392148 1444656 0812265 1704825 0332281 0086418 0349966 0450354 1337208 1706096
 0449911 0333052 2607870 1413114 0557702 1272706 1704674 0557702 1272706 1704674 0349966 1337208
 0740116 2827735 2981700
 1880022 0025936 0003069 0025914 0025929 0026809
 0005863 0949466 1705493 0680063 0263541
 0033684 0011980 0042241 1279038 1705367 0018787 1281570 0023884 0736268 1278929 2346688 0022646 0227665 1278978 1514845 0024109 0819757 1278908 0040113 1015036 1515430 0949466 0005863 0002778 0936012 1524024 1705493 0681850 1550501 1706203 2349001 2697811 0003316
 0597879 0205171 1720467 0819757 3152252 0043194 0258432 0577559 0681842 1306372 1421478 1521991 1882327 0812265 1704825 1512032 1532717
 2347469 0024109 0819757 1278908 1512032 0025914 0025929 0026809 0205160 0812265 1513916 1527180 1704825 2825415 2825491 1708639 1708639 0003241 0021027 0086418 0301871 0949466 0005863 0002778 0936012 1524024 1705493 0681850 1550501 1706203 2349001 2697811 0003316
 0175723 0439645 1521913 0376525 1708067 0812265 1704825 1512032
 0024109 1518039 0626201 1367656 0312860 0752253 1439852 0740116 2827735 2981700 0439509 0702093 1883708 0006353 0024348 1536403
 0949466 0005863 0002778 0936012 1524024 1705493 0681850 1550501 1706203 2349001 2697811 0069515 0242957 0879250 0369718 0441922 1553036
 1883676 0243148 1550141 1882979 2587213 3274648 1881488 0007634 1269647 1704653 1948049 0332529 1257858 0376702 0007634 3282337 1512032 0205160 0812265 1513916 1527180 1704825 2825415 2825491
 0022885 0039593 0392366 0031843 0542341 0700205 1705273 1518039 0024109 0819757 1278908 0626201 1367656 0752253 1439852 0312860 1280500 2348382
 0040223 1632851 0819757 0040300 1547928 0949466 0005863 0002778 0936012 1524024 1705493 0681850 1550501 1706203 2349001 2697811 0069515 0242957 0879250
 0819757 0040300 1547928 0025914 0025929 0026809 1518422 0626201 1367656 0274281 0332157 0752253 1879547 2348792 1552961 2347617 0557651 2603343
 0185117 0393009 0332120 0069515 0205217 0242957 0441889 0442805 0879250 0740116 2827735 2981700 0332462 1880834 0442805 0702093
 0626201 1367656 0752253 0024109 0819757 1278908 1879547 0332282 3263722 3263723
 0681829 0557651 2603343 1704788 3539106 0022702 0220865 2825046 1879547
 1883351 0205263 0242488 0273115 0740766 0024109 0205178 0819757 1278908 3263722 3263723 1720154 0005740 0439148 1519795
 0025914 0025929 0026809 0162388 0439086 2827736 2981702 0439228 2348792 0040223 0439086 1552961 2347617 2827736 2981702 3541383 0006279 0189381 0396473 1535502 3641255 0005889 0022100 0302908 0444611 1546689 1704353 1516695 1516698 0819757 0040300 1547928 1514534 0002778 0033684 0936012 1524024 0025914 0025929 0026809 1518422 0332157 0005740
 0274281 0332157 0033684 0332234 1608322 1881366 1274040 1546471 2825142 0006279 0189381 0396473 1535502 3641255 0005889 0022100 0033684 0205217 0302908 0442805 0444611 1546689 1704353 0332120 0039224 1706073 1706074
 0025914 0025929 0026809 0557651 2603343 0439228 0040223 1632851 0205250 1299351 2700149 0369773 2603361
 1271681 0023508 0427512 0005771 0009555 0023516 0005773 0007584 0205217 0442805 0040223 3541383 0332282 0005740 0205250 1299351 2700149 0332173 0439228 0439505 0039224 1706073 1706074
 0751982 2949735 0332173 0439228 0439505 0444505 0024264 2949735 0332173 0439228 0439505 0444505
 0449911 0039224 1706073 1706074 0557702 1272706 1704674 0557702 1272706 1704674 0039224 1706073 1706074
 0332234 1608322 1881366 0025914 0025929 0026809 0449911 0039224 1706073 1706074 0557702 1272706 1704674 0557702 1272706 1704674 0039224 1706073 1706074
 0002778 0936012 1524024 0025914 0025929 0026809 0599732 0273115 3263722 3263723 0205263 0036536 0036537
 0349966 1337208 1547282
 0442822 1265611 0006279 0189381 0396473 1535502 3641255 0005889 0022100 0302908 0442726 0444611 1511790 1546689 1704353 0025914 0025929 0026809 1516695 1516698
 3263722 3263723 0205263 0332462 1880834 0019728 0626201 1367656 0456947 0441889 0442805 0752253 0006279 0189381 0396473 1535502 3641255 0005889 0022100 0150312 0302908 0444611 0449450 1546689 1704353 0332173 0439228 0439505 0369773 2603361
 0442805 0443318 0439228 0205250 1299351 2700149 0369773 2603361
 0449911 0333052 2607870 0557702 1272706 1704674 0557702 1272706 1704674 0349966 1337208
 0439086 2827736 2981702
 0036536 0036537 0626201 1367656 1514758 1879547
 0006279 0189381 0396473 1535502 3641255 0005889 0022100 0302908 0444611 1546689 1704353 0006279 0189381 0396473 1535502 3641255 0005889 0022100 0302908 0444611 1546689 1704353 1704458 0025914 0025929 0026809 1511276 1552825 1516695 1516698 0439086 2827736 2981702 0439228 0332282 0184959 1720298 0949466 0005863 0002778 0936012 1524024 1705493 0681850 1550501 1706203 2349001 2697811 0626201 1367656 0752253
 1547282 1882932
 2347469 0024109 0005740 0332664 1883727 0025914 0025929 0026809 0033607 0006353 0024348 0030946 0243077 0332256 1536403 1947941 2700400 0949466 0005863 0002778 0936012 1524024 1705493 0681850 1550501 1706203 2349001 2697811 1879547 0041485 1704788 3539106 0069515 0242957 0879250
 0033684 0086418 0439175 0439810 0936012 0812265 1704825 1711411 0205360 2347098
 1882932
 0273115 3263722 3263723 0086418 1879547 1274040 1546471 2825142 0450365 1706097 0205091 1552822
 0441889 0024109 0442726 1511790 1518422 0332157 0005740 0332173 0439228 0439505
 0021485 1272883 1533685 1828121 0332462 1880834 0031715 0086418 0442805 1158886 1442459 0369773 2603361
 1879547 0549178 1883351 0442805 1879547 0332173 0439228 0439505 0740116 2827735 2981700 0040223 1632851 0205250 1299351 2700149 0332173 0439228 0439505 0369773 2603361
 1514758 1879547 0205216 0392756 0442797 0439093 0443228 1704243
 0577559 1306372 3152252 0086418 0441889 1704788 3539106 0812265 1704825 0205217 0442805 0332173 0439228 0439505 0750482 0439509 1883708 0442739 2346711
 3263722 3263723 0205263 0033268 0626201 1367656 1879547
 0871261 1704632 1706817 2911692 3263722 3263723 0557651 2603343 0205117 0332282 1883708
 0205435 1279901 0332128 0033268 0025914 0025929 0026809 0218063 0392747 0443172 0871261 1704632 1705241 1706817 2911692 3263722 3263723 0678226 1512032 0205160 0392148 0812265 1513916 1527180 1704825 2825415 2825491 3146286 1518422 1515926 0033268
 1520150 1883559 0025914 0025929 0026809 0332307 0445392 1441672 1547052 0273115 3263722 3263723 0442805 1274040 1546471 2825142 0033684 0006279 0189381 0396473 1535502 3641255 0005889 0022100 0302908 0442726 0444611 1511790 1546689 1704353 0039224 1706073 1706074 0332462 1880834 0439228 0369773 2603361 0006279 0189381 0396473 1535502 3641255 0005889 0022100 0302908 0444611 1546689 1704353 0039224 1706073 1706074 0332462 1880834 0439228 0442805
 0392747 0443172 2348042 2826345 0025914 0025929 0026809 1441672 1444656 0441889 0456079 1547707 2946261 0005740 0205263 2348205 0025914 0025929 0026809
 0006279 0189381 0396473 0626201 1367656 1535502 3641255 0005889 0022100 0302908 0444611 0752253 1546689 1704353 0205217 0442805 0871261 1704632 1706817 2911692 0039798 0087111 1522326 1533734 1705169 3538994 0441889 0332462 1880834 0019728 0205250 1299351 2700149 1547061 0439228 2348205
 0031715 1158886 2348205 0003062 0205397
 3263722 3263723 1518422 0205263 1514758 1879547 0332128 0450365 1706097 0205090
 0185117 0028778 0332206 2983591 1514762 0037083 3537152
 0185117 0309872 1292733 0021368 0333562
 0040223 3541383 0273115 3263722 3263723 0016059
 1883351 0035820 1705810 0871261 1704632 1706817 2911692 0024109 0025936 0003069 0025914 0025929 0026809 1273517 1883351 0009325 0423896 0456205 1167364 0019637 0205462 0231441 0443218 2827483
 0870432 1705417 0014448 0018964 0885297 1882932 0024109 0038128 0819757 1278908 0205155 1293097 1522472 1552923 1705191 0025936 0025914 0025929 0026809 0162388 3263722 3263723
 0024109 0025914 0025929 0026809 1547282 1516369 0007634 0178539 0332448 0702249 1523986 0000768 0000769 0332447
 1547061 0439228 0332282 3263722 3263723 0024109 0440752 0007634 0333348 1269647 1704653 1948049 0332448 0702249 1523986
 0439228 0680220 1883727 1692321 0332448 1546677 1549537
 0014609 0178587 0449468 1690016 1705102 2700258 0205216 0392756 0442797 0871261 1704632 1706817 2911692 3263722 3263723 0039224 1706073 1706074 0369773 2603361 0369773 2603361 0178587 0449468 1690016 1705102 2700258 0205217 0442805 0369773 2603361
 0449911 0333052 2607870 0557702 1272706 1704674 0557702 1272706 1704674 0349966 1337208

 0018964 0487602 1704680
 0024109 0025914 0025929 0026809 0231441 0439476 0443218 2827483 1550067 1561470 0949307 3263722 3263723
 0040300 0085185 0030415 1707903 0205155 1293097 1522472 1552923 1705191 0523207 0018964 0014448 0885297 2986582
 0205155 1293097 1522472 1552923 1705191 0441833 1704458 1999270 3537156 1547282 0205155 1293097 1522472 1552923 1705191 0441833 1511276 1552825 1999270 3537156 1547282
 0449911 0039224 1706073 1706074 0557702 1272706 1704674 0557702 1272706 1704674 0039224 1706073 1706074
 0178587 0449468 1690016 1705102 2700258 1518039 0024109 1547282 0871261 1704632 1706817 2911692
 1516369 0007634 0178539 0332448 0702249 1523986 0522501 0392756 3263722 3263723 1520150 1883559 0025914 0025929 0026809 0332307 0445392 1547052 1707455 0205146 0150312 0449450 0439228 0349966 1337208
 0178587 0449468 1690016 1705102 2700258 0205216 0392756 0442797 1518422 0178587 0449468 1690016 1705102 2700258 0205216 0392756 0442797 0369773 2603361 0178587 0449468 1690016 1705102 2700258 0205217 0442805 0369773 2603361 0039224 1706073 1706074
 3263722 3263723 0007595 1257975 1512032 0205160 0439092 0547044 0812265 1513916 1527180 1704825 2825415 2825491 0025914 0025929 0026809 0243148 1550141 1882979 2587213 3274648 0019737 0439083 0439087
 0369773 2603361
 1883712 0178587 0449468 1690016 1705102 2700258 0205216 0392756 0439792 0442797 0547044 0025914 0025929 0026809 1883559 0332307 0445392 1547052
 0450348 0019737 0450382 0369773 2603361
 0024109 0025936 0003069 0025914 0025929 0026809 0205117 0332282 1883708 0009325 0423896 0439175 0439810 0456205 1167364 0005507 0243073 1510438 0349966 1337208
 0025914 0025929 0026809 0035853 0995005 0086376 0033684 0450389
 0025914 0025929 0026809 0009325 0423896 0456205 1167364 0445247 0025914 0025929 0026809 0243148 1550141 1882979 2587213 3274648 0332173 0439228 0439505
 0439228 0009325 1167364 0086376 0033684 2825407 1520150 1883559 0025914 0025929 0026809 0332307 0445392 1547052 0369773 2603361
 0449911 0333052 2607870 0557702 1272706 1704674 0557702 1272706 1704674 0349966 1337208
 0439084 0728893
 0333562 1512032 0025914 0025929 0026809 0205160 0205216 0392756 0442797 0812265 1513916 1527180 1704825 2825415 2825491
 2246343 0220781 0439634 1522492 0024109 0025914 0025929 0026809 0162388 0439228 0332282 0021485 1272883 1533685 1828121
 0042295 1704970
 0441848 0441869 0369718 0441833 0441922 0687744 1257890 1552516 1553036 1705428 1705429
 0369773 2603361
 0033268 0025936 1512032 0003069 0025914 0025929 0026809 0205160 0812265 1513916 1527180 1704825 2825415 2825491
 0037083 3537152 0851285 1707310
 1517945 0080194 0456178 1518614 2987481 0392756 0547047
 0205225 0401925 0040691 1527194 0018284 0018270 0220844 1510411 1521761 1621966 2827422 2911660
 1883351 1517945 0392760 1314939 0871261 1704632 1706817 2911692 0040691 1527194 0006279 0189381 0396473 1535502 3641255 1521806 0005889 0022100 0302908 0444611 1546689 1704353 0040691 1527194 0018284 0018270 0220844 0423896 0439175 0439810 0456205 1510411 1521761 1621966 2827422 2911660 0005507 0243073 1510438 1524063 0005507 1704780 1334435 1553638
 0025914 0025929 0026809 3263722 3263723 0205263 0006279 0040691 1527194 0018284 0189381 0396473 1535502 3641255 0005889 0018270 0022100 0220844 0302908 0444611 1510411 1521761 1546689 1621966 1704353 2827422 2911660
 1710369 0439228 0441889 0456079 1547707 2946261 0040691 1527194 0332462 1880834 0205250 1299351 2700149 0740116 2827735 2981700 0141793 0450355 0439275 0439526 0369773 2603361 0439228 0040691 1527194 0018284 0018270 0220844 1510411 1521761 1621966 2827422 2911660 0332462 1880834 0450346 0205250 1299351 2700149 0439275 1412940 0439526 0740116 2827735 2981700 0369773 2603361 0025914 0025929 0026809 1707455
 0025914 0025929 0026809 1547282 0871261 1704632 1706817 2911692
 3263722 3263723 1518422 0442805 0006279 0040691 1527194 0018284 0189381 0396473 1535502 3641255 0005889 0018270 0022100 0220844 0302908 0444611 1510411 1521761 1546689 1621966 1704353 2827422 2911660
 0456947 0441889 0205250 1299351 2700149 0025914 0025929 0026809 0243148 1550141 1882979 2587213 3274648 0740116 2827735 2981700 0439275 0439526 1518422 0442805 3263722 3263723
 0456947 0441889 0456079 1547707 2946261 0006279 0189381 0396473 1535502 3641255 0005889 0022100 0302908 0444611 1546689 1704353 0439228 0021485 1272883 1533685 1828121 1278655 0332173 0439228 0439505 0445247
 0449911 0333052 2607870 0557702 1272706 1704674 0557702 1272706 1704674 0349966 1337208

 0040691 1527194 0018284 0018270 0220844 1510411 1521761 1621966 2827422 2911660 0040691 1527194 0018284 0018270 0220844 1510411 1521761 1621966 2827422 2911660 0205263 0857127 1518422 1512032 0025914 0025929 0026809 0205160 0812265 1513916 1527180 1704825 1709305 2745955 2825415 2825491 0206454 0441889 0597357 0442739 2346711
 0006279 0189381 0396473 1535502 3641255 0005889 0022100 0302908 0444611 1546689 1704353 1516695 1516698 1512032 0025914 0025929 0026809 0205160 0812265 1513916 1527180 1704825 2825415 2825491 0439228 0332282 3263722 3263723 0040691 1527194 0018284 0018270 0220844 0423896 0439175 0439810 0456205 0936012 1510411 1521761 1621966 2827422 2911660 1334435 0206414 0005507 0017337 0024075 0243073 0335038 1510438 1522485 1705915 1709908
 0042295 1704970
 0369773 2603361 0332173 0439228 0439505 1522609 1707455
 2347469 0024109 0819757 1278908 0025914 0025929 0026809 1516695 1516698 0439228 0332282 3263722 3263723 0949466 0005863 0002778 0936012 1524024 1705493 0681850 1550501 1706203 2349001 2697811 0016006 0021966 0221138 0040691 0206454 1527194
 1882932
 0024109 0819757 1278908 0025914 0025929 0026809 0040691 0206454 1527194 0018284 0018270 0220844 0441889 0597357 0936012 1510411 1521761 1621966 2827422 2911660 0005863 0332268 0040691 1527194 0018284 0018270 0220844 1510411 1521761 1621966 2827422 2911660 0003062 0678226 0043194 0258432 0392747 0443172 1421478 3146286 0597360 0185117 0040691 0206454 1527194
 1547282 0016006 0021966 0221138 0040691 0206454 1527194 0441926 0441889 0445247 0025914 0025929 0026809 0332173 0439228 0439505
 0332282 3263722 3263723 1705241 1705242 0441833 0687744 1257890 1441672 1552516 1552839 1705428 1705429 0206454 0597357 0040691 1527194
 0185117 0038952 0220921 0332282 0273115 3263722 3263723
 0016059 0185117 0392756 0547047 0026565 0026566 0332282 0273115 3263722 3263723
 1883351 0022885 0039593 0392366 1512571 0205263 0273115 3263722 3263723 0439148 1519795
 0025914 0025929 0026809 0439659 1883351 0011065 0231800 1704631 0439228 0349966 1337208 0026565 0026566 0439228 0439228
 1979874 0026565 0026566 1518422 1512032 0025914 0025929 0026809 0205160 0812265 1513916 1527180 1704825 2825415 2825491 2584321 0003062 1547061 0011065 0439228 1546956
 0080194 0456178 1518614 2987481 0273115 3263722 3263723 0026565 0026566 1274040 1546471 2825142 0025914 0025929 0026809 0450385 0439228 0310255
 0038952 0220921 0332282 0021485 1272883 1533685 1828121 1512032 0025914 0025929 0026809 0184511 0205160 0332272 0812265 1513916 1527180 1561611 1704825 2825415 2825491 1520150 1883559 0025914 0025929 0026809 0332307 0445392 1547052 1707455 0369773 2603361
 0449911 0333052 2607870 0557702 1272706 1704674 0557702 1272706 1704674 0349966 1337208

 0021469 1514761 0021467 1628982 3463820 0038952 0220921 0332282 0273115 3263722 3263723
 0273115 3263722 3263723 0025914 0025929 0026809 0369718 0441922 1553036 0005740 0205263 0439148 1519795 0038952 0220921 0030695 0150369 0181904 0596972 1521743 1704646
 1511726 3245479
 1512032 0205160 0369773 0812265 1513916 1527180 1704825 1707455 2603361 2825415 2825491
 0520510 1514811 1706462 0150312 0449450 0557651 2603343 0332128 1512571 1514762 0037083 3537152 3263722 3263723
 1524063 3161035 0033268 0626201 1367656 1514758 1879547 0025921 0024109 0025914 0025929 0026809 0205217 0442805 1518039
 0392747 0443172 0332281 0033684 0332234 1608322 1881366 0302158 0332448 0702249 1523986 0440752 0449468 1690016 1705102 2700258 0205217 0442805 0006279 0040691 1527194 0018284 0189381 0396473 1535502 3641255 0005889 0018270 0022100 0220844 0302908 0444611 1510411 1521761 1546689 1621966 1704353 2827422 2911660 0333562 0444868 3539085 0040223 0205217 0442805 3541383
 0025936 0003069 0025914 0025929 0026809 1550518 0597357 0185117 0033268 1514758 1879547 1518422 1709305 2745955
 0333562 0392756 1707455 0025914 0025929 0026809 0243148 1550141 1882979 2587213 3274648
 0006279 0040691 1527194 0018284 0189381 0396473 1535502 3641255 0005889 0018270 0022100 0220844 0302908 0444611 1510411 1521761 1546689 1621966 1704353 2827422 2911660 0205112 0441889 0456079 0750519 1547707 2946261 0205250 1299351 2700149 1518422 1512032 0025914 0025929 0026809 0205160 0442805 0812265 1513916 1527180 1704825 2825415 2825491
 1705241 1705242 0040691 0206454 1527194 0018284 0016006 0018270 0021966 0205397 0220844 0221138 0597357 1510411 1521761 1621966 2827422 2911660 0597360 0185117 0025914 0025929 0026809
 1707810 0005740 0178602 0205217 0442805 0869039 1114758 0798503 0805586 3274764 0025914 0025929 0026809 0870432 1707455
 1511726 3245479 0183683 1521721 1512571 0032214 0600138 0035820 1705810 3263722 3263723
 0004457 0999597 1522496 1518422 1547282 1883351 0032214 0600138 0035820 1705810 0016059 0185117 0040691 1527194 0018284 0018270 0220844 1510411 1521761 1621966 2827422 2911660 0032214 0600138 0035820 1705810
 1274040 1546471 2825142 0183683 1521721 0231448 0439792 0947630
 0681814 1705535 2244505 2249824 1326120 1514758 1879547 0015127 1314792 1524003 0016059 0016059 0206454 2249823 1512280 0018284 1514762 1514761 0018270 0021467 0021469 0037083 0220844 0597357 1521761 1621966 1628982 2827422 2911660 3463820 3537152 0309872
 1274040 1546471 2825142 0022877 0332185 3244292 0034037 1704324 0043227 0021135 1533691 2827718 1879547 0184511 0332272 1561611 0332282 3263722 3263723
 1705241 1705242 0150312 0332285 0557651 2603343 0012634 0348080 1705253 0750501 0205393 0332148 0750492 1705241 1705242
 0681828 0557651 2603343 0021135 1533691 2827718 0007634 0449475 0332307 1269647 1547052 1704653 1948049 0150312 0449450
 1515655 0449913 1553451 1704459 1881534 0014597 1273342 0007634 0221908 3282337 1257975 0007634 3282337 0440752 0007634 0333348 3282337 0018284 0018270 0220844 1621966 2911660 1521761 2827422 0234402 0150312 0449450
 0234402 1273517 0021135 1533691 2827718 0043250 0234402 0681829 1515655 0869040 0557651 1273517 2603343
 0001554 1533734 0085403 1274040 1546471 2825142 3263722 3263723 1883525 2346866 0037080 1704259 1705987
 1705241 1705242 1517589 1274040 1546471 2825142 1515655 0043240 0439086 2827736 2981702 0450348
 1524063 0014597 1273342 0007634 0221908 3282337 0332268 0253486 1955905 0282552 0524914 0282554 0597357 3538933
 0439086 2827736 2981702 0684224 0700287 3496591 1517945 0185003 1521802 0043250 0021135 1533691 2827718
 1515655 0253486 1955905 0282552 0524914 0282554 0597357 3538933 0025914 0025929 0026809 0005740 0016059 0205263 0450348
 0947630 0544461 1280500
 0206745 0025914 0025929 0026809 0013935 0332173 0439228 0439505 0011065 0231800 1704631 0741916 0243067
 0025914 0025929 0026809 0086418 0205203 0456148 1706907
 0018787 1281570 1880274 0025914 0025929 0026809 0870432 0012359 0393293 0700124 0332528 1846086 0026820
 1879547 1547282 1883351
 0025936 0003069 0025914 0025929 0026809 0220781 0439634 1522492 0228973 0017071 1518422 1548602 1704686 2827734 2981698
 0206745 0025914 0025929 0026809 0013935 0332173 0439228 0439505 0025914 0025929 0026809 0015272 1280500 0017067 0037303 0205082 0243067 1880022 3163632 0301630 0392756 0441610 0501399 0017067 0376604 0007634 3282337
 1879547 0684224 0700287 3496591 1883351 0010957 1883709

 1547282 1883712 0597298 0626201 1367656 0007600 0007635 3282338 0036387 0007634 3282337 0311403 0596991 0011304
 0027757 1762608 0040300 1547928 0030705 0002395 1521724 0025936 0003069 0025914 0025929 0026809 0085151 3538722 1456454 0033665 0002716 0011560 0033684 0611285 1709634 0626201 1367656 0752253 0597357 0333735 0004112 0205332 1282914 0333463 0740116 2827735 2981700
 0871261 1704632 1706817 2911692 0041625 0034519 0560559 0851346 1522449 1524020 1524021 1532472 0006142 1514559 1514758 1879547 0626201 1367656 0752253 1155873 1516332 0007586 1155839 0007634 0023175 0237477 0392351 1269647 1442948 1511572 1522538 1704653 1948049 2348269 3275067 0162638
 0682523 0427861 0007600 0007634 0205132 1269647 1704653 1948049 1514761 0021467 0021469 1628982 3463820 0031336 1135440 1704970 0309872 1292733 0162638
 1512505 0006142 0007600 0334227 0678222 0230087 0006141 0006826 0007634 0205132 0998265 1268990 1269647 1306459 1704653 1948049 1514559 0626201 1367656 0752253 0205263 0162638 0910167 0010656 0332120 1159825 1879547 0537969 0010813 0596311 1330957 0032405 1538577 0032403
 1274040 1546471 2825142 1517945 0080194 0456178 1518614 2987481 0626201 1367656 0086418 0162638 0752253 0812265 0851827 1701901 1704825 3244310 0005740 0205263
 1274040 1546471 2825142 0205369 1552740 0812265 1704825
 1518422 2963144 1363844
 1517945 0441471 1880389 1883221 3541951 0221099 0684336 1515655
 0812265 1704825 0086418 1514562 1515877 1879547 0037080 1704259 1705987
 0021467 0021469 1628982 3463820 0162340 0035820 1705810
 0812265 1704825
 1883712 0871261 1704632 1706817 2911692 1518422 1883351 0812267 1704826
 0812267 1704826 0086418 0348078 0376315 1522492 1334952 0597357 1299582 0442726 0812267 1704826 0599161 0032520 0677874 0005863
 0812267 1704826 1518422 0150312 0449450 2718050 0439801 1511790
 3244092 0185117 0441889 0456079 1547707 2946261 0812267 1704826 0150312 0449450 1518422 0001721 0459471 3173575 1333312 0597357 1879547
 0441712 1706376 0332294 0016059 0205216 0392756 0442797 0678226 0026565 0026566 1518422 2963144
 1705241 1705242 1516369 0007634 0178539 0332448 0702249 1523986 1316572 1317574 1369612 0205171 1720467 0033684 0423896 0456205 1512032 0205160 0812265 1513916 1527180 1704825 2825415 2825491 0003062 1517945 1518422 0392756 0547047 0273115 3263722 3263723
 1517331 0035820 1705810 3263722 3263723 1707455 0274281 0332157
 0441712 1706376 0026565 0026566 0700364 1883351 0449719 1709471 0476242 1442754 0332268 1947931 0037083 3537152
 0441889 0205250 1299351 2700149 0243148 1550141 1882979 2587213 3274648 0168634 1442488 1280500 2348382 0016059
 0442805 2246343 0005740 0009325 0205263 0220781 0439634 1167364 1441672 1522492 0678226 3146286 1521761 2827422 0205309 1883351 0032214 0600138 0449719 1709471 0021755 0600251 0020898 0021764 0022271 0020898 0021764 0022271 0214743 0020898 0021764 0022271
 0476242 1442754 0332268 0025914 0025929 0026809 1705535 0037083 3537152 0443264 0014406
 0332268 0080194 0456178 1518614 2987481 0185117 0040691 1527194 0018284 0018270 0220844 1510411 1517331 1521761 1621966 2827422 2911660 1705535 0205171 0439044 0679994 0040691 1527194 0205410 1518422 0205263 0016059 0037083 3537152
 0442739 1548568 0392747 0443172 0003062 0205397 1883351 0016059 0392756 1551359 2741673 2981730 0168634 0238767 1442488 1706086 0332282 3263722 3263723 0015450 1281591 0441889
 0024109 0819757 1278908 1512032 0205160 0812265 1513916 1527180 1704825 2825415 2825491 0025914 0025929 0026809 0441925 0441889
 1156245 1623229 0449774 0205280 0025914 0025929 0026809 0441833 0687744 1257890 1552516 1552839 1705428 1705429
 0016059 1512032 0025914 0025929 0026809 0205160 0812265 1441672 1513916 1527180 1704825 2825415 2825491 0392747 0443172 0597360 0185117 0040691 0206454 1527194
 1518422 0626201 1367656 0752253 0086597 1280500 0023688 1273518
 1883712 0439673 0392747 0443172 0014597 0678226 0007634 0221908 0439851 1269647 1280500 1551058 1704653 1947931 1948049 2348382 3146286 1280500 2348382 0007582 1704675
 2607943 2926606 3539655 1705535 0679199
 1514758 1879547 0018790 0237477 0392351 0521111 1184743 1522240 0237820 1555688 2004454 0332282 0273115 3263722 3263723
 0520510 1514811 1706462 0043227 0018787 1281570 1521721 3245503 0024109 0819757 1278908 0005767 0005768 0018173 0021622 0229664 1272753 1548284
 0520510 1514811 1706462
 0557061 0282411 0947611 1705247
 0376649 1442065 0282413

 0013227 0025118 0024109 2707265 2709248 1293097 2919030 2919031 0010337 0041740
 0019994 1609061 0108844 0454845 0220853 0013849 1705961 0024492 1538057 1547565 0010186 0220812 0449719 1709471 0220808 0680264 0007961
 1706852 0522501 1706089 0949214
 0205155 1293097 1522472 1552923 1705191
 1514811 1706462 0520510 1514811 1706462 0205090 0684010 2603358 1420193 1425679 1862190 3538902
 0243102 1264638 1547012 1150423 1152633 0205177 0439167 0441655 1561536 0205224
 0007634 0027960 0324740 0439189 1269647 1456781 1704653 1824986 1948049 2986463 0022337 1275573
 0626201 1367656 0752253 0597879 0332281 0333463 0006104 1269537 0002395 1521724 0002395 1519606 1521724 0683033 0684309 0003069 0012634 1515981 3161035
 1417055 0025141 0369637 0441923 0041700 1551090 0205090 0205437 0684010 2603358
 0185117 0225698 0014597 1273342 0007634 0221908 1440080 3282337
 2346604 0007634 0024109 0027960 0324740 0439189 0819757 1269647 1278908 1456781 1704653 1824986 1948049 3541894 0439267 0369637 0441923 0024548 0026385 0556966
 0812265 0007765 0205307 0439166 1514873 1707522 2347086 2263229 0243107 0678723 1527148 1707455 0025914 0025929 0026809
 0243107 0678723 1527148 0369637 0441923
 1514758 1879547 0626201 1367656 0752253 0007131 2984258 3539721 0149925 2984312 3540630 0007600 0262584 0445128 0242379 0334227 0684249 0006826 0007634 0024109 0205132 0700321 0819757 0998265 1269647 1278908 1306459 1518422 1704653 1948049 2749705
 0242379 0684249 0006826 0024109 0819757 0998265 1278908 1306459 0025141 0019202 0332135 1862191 3538902 1420193 1832169 3538902
 0443290 0040688 1527195 0185117 0034802 1414313 0206454 0242275 1323367 0018284 0014520 0018270 0220844 0221920 0597357 1521761 1621966 2827422 2911660
 2346604 0007634 0027960 0205535 0324740 0439189 1269647 1456781 1704653 1824986 1948049 0000857 0600678 1552863 0019202 0332135 1862191 3538902 0597277 1708601 0369637 0441923
 0185117 1518039 0024109 0819757 1278908 0015127 1314792 1524003 0034069 0016059 0024109 2707265 2709248
 2346604 0007634 0024109 0027960 0324740 0439189 0819757 1269647 1278908 1456781 1704653 1824986 1948049 0019202 0332135 1862191 3538902 2347167 0369637 0441923
 0040688 1527195 0040691 1527194 0018284 0018270 0220844 0439095 1510411 1521761 1621966 2003941 2350010 2827422 2911660
 2346604 0007634 0024109 0027960 0324740 0439189 0819757 1269647 1278908 1456781 1704653 1824986 1948049 0039725 0039738 1420718 0033727 0369286 0441932 0564385 0004739 0332297 1412999 0035493 2699077 2699078
 0034069 0016059 0024109 2707265 2709248
 1315013 0027971 0062941 1384665 1414862 0558269 1552984
 0009015 1880022
 0017337 0025141 0439267 0439254 0337445 0024548 0026385 0556966 0205090 0684010 2603358
 0449247 0040223 0750729 3541383
 0063789 1417055 3272375 0025141 0035978 2700310 0025885 0445039 1551087
 0037791 1511884 1510827 0597357
 0025141 0369637 0441923 0369637 0441923
 0020792 0205396 1880022 3489666
 0063789 0450348 3272375 0025141 0022337 1420193 1832169 3538902
 0185117 0205263 0034069 0016059
 1315013 0025141 0369637 0441923 0041700 1551090 1708595 3280986
 0162638 0013081 0376515 0086597 0127400 0851285 1327622 1159825 1879547 0256371 1150572
 0029016 0025141 0201975 3539604 1708595 3280986
 0162638
 0162638 0025141 0036243 1539696 1825840 3539736
 1514761 0021467 0021469 1628982 3463820 3269240 0022567
 0025141
 0626201 1367656 0752253 1515877 1879547 1704259 1705987 1326341 0334097 0596290 0334094 1514485
 2346604 0007634 0027960 0205535 0324740 0439189 1269647 1456781 1704653 1824986 1948049 0016703 1551081 2349143 0369637 0441923 2986463
 0547043 0851285 1282911 0185117 0040688 1527195 0017446 0205147 0034693 0034721
 0000857 0600678 1552863 0011318 0019907 2681927 2987742 3541334
 0185117 0040688 1527195 0034802 1414313 0206454 0242275 1323367 0018284 0014520 0018270 0220844 0221920 0597357 1521761 1621966 2827422 2911660 0205217 0442805 0332282 0273115 3263722 3263723
 2346604 0007634 0027960 0205535 0324740 0439189 1269647 1456781 1704653 1824986 1948049 0000857 0600678 1552863 0011318 1419366 2986463
 1842086 0011155 0162429 1623416 0040688 1527195 0034069 0016059 0024109 2707265 2709248
 2346604 0007634 0027960 0205535 0324740 0439189 1269647 1456781 1704653 1824986 1948049 0011318 0439267 0022772 1881334 0439267
 0205250 3163633 0441889 0035222 0035220 0748355 1704437 0476273 0039082 0205178 0231303 0521346 1546767
 0205535 1947933 0004739 0332297 0205090 0684010 2603358 0205437 1506978 1705538 0205090 0684010 2603358 0043038 0041700 1551090
 1545588 0332197 1689985 1514762 0037083 3537152 0253486 1955905
 1517844 0006100 1537501 1427198
 0035820 2263229 0243107 0678723 1527148 0031843 0542341 0700205 1705273
 0332185 2347379 0027951 3540591 0439254 0022337 0022337 0025885 0445039 1551087
 0626201 1367656 0752253 0069515 3496586 0034802 1509244 2825836 0439086 2827736 2981702 0032214 0600138 0035820 1705810 0021135 1533691 2827718
 2346604 0007634 0027960 0205535 0324740 0439189 1269647 1456781 1704653 1824986 1948049 0337445
 0233660 0332206 0069515 0242957 0879250 0031843 0542341 0700205 1705273 0007634 3282337 0597718 0626201 0752253 1522638 1948023 1705143 1837221 1512505 0006142 0334227 0678222 0029016 0919437 1861886 0006826 0007634 0998265 1306459 3282337
 0007595 0018270 0220844 1621966 2911660 0012836 0205436 3537453
 0871261 1704632 1706817 2911692 1333436 1372999 1523873 0015576 0243036 0439855 0597357 1704241 1704727 1706111 1704675
 0007634 0027960 0324740 0439189 1269647 1456781 1704653 1824986 1948049 0000857 0600678 1552863 0439267 0035978 2700310 0025885 0445039 1551087
 0441635 0040624 1514873
 0201682
 3263722 3263723 0189537 0043240 0374711 0178987 0458827
 0450355 1947933 0025141 0022773
 1706852 0040690 0040691 1527194 0018284 0018270 0220844 0330390 0439096 1510411 1521761 1621966 2004068 2827422 2911660 0562506 2246344 1157723 0851285 1327622 0016030
 0043240 0043250 0374711 0025141 3538806
 0002778 0936012 1524024 0015576 1704727
 2346604 0027960 0324740 0439189 1456781 1824986 0025141 3541334 0011198 0017480 3541240 0011318
 0040688 1527195 0242275 1323367 0018284 0014520 0018270 0220844 0221920 1521761 1621966 2827422 2911660 0242275 1323367 0018284 0014520 0018270 0220844 0221920 1521761 1621966 2827422 2911660 0034802 1414313 0206454 0242275 1323367 0018284 0018270 0578019 0014520 0220844 0221920 0597357 1521761 1621966 2827422 2911660 0024109 0819757 1278908
 2347379 0000857 0600678 1552863 0033727 0369286 0441932 0564385 0597277 1708601
 1512280 1519725 1514761 0021467 0021469 1628982 3463820 0034802 0205217 3161035
 0006826 0998265 1306459 2347379
 0205263 0857127 0034802 1414313 0441730 0243036 1706111 1882727 0024109 0819757 1278908
 0063789 1417055 3272375 0025141 0022337 0054868 3540479
 0520511 1704711 0034802 1414313 0023688 0599732 3263722 3263723 0025914 0025929 0026809
 0000857 0600678 1552863 0023031 0439254
 0080141 0023688 2249824 1514758 1879547
 0349590 1262865 0025141
 0025663 0025664 0449851
 0025663 0025664 0449851
 0027976 0205314 1510747 1550724 3242376
 0439267 0205090 0684010 2603358 0439254
 0752253 0119268 0626201 0018790 0237477 0392351 0521111 0596991 0205263 0011304
 0007634 1269647 1704653 1948049 1527021 1554111 1705606 3541382 0333052 0239110 1706852 0239110 1705565 1947976 0687676 1704687 0557854 0013849 1705961 1706852 0282420 1706852 0282111 1706852 1138432 0239110 0162443 0205314 0033213 1706387 1706852

 1706852

 1706852

 1706852

 0039224 1706073 1706074 0545082 1512346 2826704 0009993 0037455 0162443 0205394 0205463 0596070 1552856