 0026882 1705285 0392747 1704675 0872005 0439267
 1825319
 0005477 0022557 0041740 0022557 1704729 1862323 0006137 0034036 0034037 1514756 1704324 0520510 0557061 2584313 1514811 1706462 0017789 0220839 0205681 0019602 0205681 0021669 1415875 0014442 0021641 1533581 1579433 1705285
 0014442 0014445 0015272 0392756 0547047 0243102 1264638 1547012 0205177 0439167 0441655 1561536 0392747 0443172 1705241 0205447 0014442 0205397 0302891 0442532 1707429 0740116 2827735 2981700 0871261 1704632 1706817 2911692
 0678100 0015091 0146894 0442805 0678608 0443286 0871208 1114821 1521828 0332462 1880834
 1280500 2348382 0017789 0220839 0596988 1280500 2348382 0439092 0332462 0442805 0547044 1880834 0205177 0439167 0441655 1561536 0021467 0021469 0392747 0443172 1628982 3463820 0596988
 0597429 0014653 1547026 1547282 0596988 0021669 1415875 0015272 0520511 1704711 0596973 0146894 0023882 0700321 2700395 1280500 2348382
 0146894 0205263 0332621 0439168
 1301808 1442792 3148680 1518422 0022702 0871161 1292721
 0596988 1547282 1883351 1145667 1167622 0043481 2348288 0233535 0441994 1510827 1548802 2003888 0014442
 0596988 0870432 1979963 2003903
 0021669 1415875 0014442 0021641 1533581 1579433 0205242 0333853 0014242 0205752 0596988 0205145 0205242 0333853 0233535 1883712 1515981
 0205681 2945843 0026882 0205145 0205177 1515974 2825164 1705535 1883351 0205171 1518422 1720467 0243102 1264638 1547012 0205177 0439167 0441655 1561536 0015127 1524003 0301641 0392747 0443172 0001721 0871161 1292721
 0520510 0557061 2584313 1514811 1706462 1272684 1548435 0002716 0011560 0030956 0611285 0032214 0600138 0035820 1705810
 0441712 0494463 0814122 0002395 1521724 0277793 0012634 0205087 0332152 0332162 1522538 0439673 1274040 1546471 2825142 0449297 1382187 2825073
 0868928 1706255 1706256 0002395 1521724 0012634 2963144 0814120 1833334 0277793 0679245 0332162 1279919 1517892 1704666 0205217 0442805 0033268 0026882 1274040 1546471 2825142 0205447 0017337 3538722 0299212 1418985 2986918 0299212 1418985 0872078 0528480 1418986 0872078
 0205171 1720467 0439742 0494463 0002395 1521724 0012634 0596130
 0684224 0700287 0450387 0171484 1327133 1518961 2945683 0002395 1521724 0012634 0030705 0205217 0205422 0442805 0277564
 0442805 0015127 1524003 0686907 0442805 0030705 0032659 0205397 0443228 0549177 1257890 1704243 1883351 0443211 1272684
 0449297 1382187 2825073 0521116 1514756 0004268 0441889
 0700364 1883351 0919386 1705483 0006104 1269537
 1704259 1705987 0032105 1550098 0007806 0005889 0086597 0127400 0302908 0444611 0521329 1704353
 1704259 1705987 0449297 1382187 2825073
 0237753 0449788 0449297 1382187 2825073
 1514756 0004268 0681829 1515655 0947630 1521721 0025914 0025929 0026809 0332257 1552866 2700399 0025250 1366499 0021669 1415875 0021669 1415875 0014442 0021641 1533581 1579433 2745878 0014442 0079284
 2827447 0947630 1517331 1705535 0023745 0021669 1415875 0014442 0021641 1533581 1579433
 0023745 0494463 0002395 1521724 0012634 1709908 0441833 0684224 0687744 0700287 1257890 1552516 1552839 1705428 1705429 3496591
 1953345 0017446 0205147 0021669 1415875 1333402 0314622 1337112 0014442 0017337 0021641 1533581 1579433 0582519
 0011008 2348077 0002778 0936012 1524024 1518422 1552961 2347617 0023745 0443211 1272684
 0021669 1415875 0014442 0021641 1533581 1579433 0024188 0020289 0025543 0332256 2700400 0348078 0376315 1522492 0205309
 0014442 1383501 1264633 1554103
 0021669 1415875 0014442 0021641 1533581 1579433 0684224 0700287 3496591 0699040 0007634 0205148 1269647 1704653 1948049 1327616

 1547282 1709305 2745955 0599155 0026882 0021641 1533581 1579433 0243125 0699900
 0010453 0034693 0034721 1441547 3245521 1327616 0441889
 0678587 0683927 0205361 0441889 0456079 1301808 1442792 1547707 2946261 3148680 0003062 2986417 1705535 0441712
 0678612 0037791 1511884 0439855 1704241
 0014442 1883525 2346866 1518422 1527178 1709915 1882936 0450355
 1705535 0021669 1415875 0014442 0021641 1533581 1579433 0030956 0348078 0376315 1522492 0678594
 0010813 0596311 1330957 0235032 0030956 1274040 1280500 1517945 1546471 2825142 0309872 1292733 0011560 1705760 0333562
 0332185 1547282 0021669 1415875 0014442 0021641 1533581 1579433 0015272 0871161 1292721 0030956 1879547
 0030956 1879547 0021669 1415875 0014442 0021641 1533581 1579433 0010813 0021641 0596311 1330957 1518422 1533581 1579433
 1517331 0443211 1272684 0021669 1415875 0014442 0021641 1533581 1579433 0439962 0596973 2987476 0596448
 0750729 0947630 0871161 1292721 0021669 1415875 0014442 0021641 1533581 1579433 3146294 0237753 0449788 0014442 0014445
 1316572 1317574 1369612 0205177 0439167 0441655 1561536 0392756 0871161 1292721 0392747
 0684224 0700287 3273238 0683954 1274040 1546471 2825142
 0520510 0520510 0557061 2584313 1514811 1706462 1327133 1518961 2945683 0220781 1883254 1552738
 0086191 0013355 1418447 0086191 0013355 1418447 0086191 0013355 1418447 0073381 0013355 1418447 0021641 1533581 1579433 1301820
 0002716 0011560 0030956 0611285 1514468 1704444 0035168 0242481
 0014242 0205752 0030956 0439064 1301820 0449913 1553451 1704459 0336791 2827396 1513899 1709697 2728259 3484370
 0034760 1301820 1522427 0441800 0919553 3244287 0470187
 1566515 0030956 0444706 3541902
 0442805 0010813 0030956 0596311 1330957 1709305 0205090 0684010 2603358 0597277 1708601 0005971 0016315 0332283 1139930 1421550 1514743 1706461 3537155 1524063 0449819 0449819
 0020291 0014242 0205752 0002716 0011560 0030956 0611285 0030956 0332283 0008562 0205390 1555029 1524063 1185738 1706132 0439182 0812409 0043047 0599638 1550678 0050456 0043047 0599638 1550678 0050456
 0030956 0332283 1268822 2825050 0312860 0017446 0205146 0444505 1709793
 0455052 1521827 0243114 1998793 0596988 0048733 1521827 1524063 0812225 1150635 1705212 1705213 3273202
 1316572 1317574 1369612 0025646 1709915 1882936 0700364 1883351 1882932 0205145 0439659 1515974 1519614 2825164 0333118 0870982 0449913 1553451 1704459 0009676 1963086
 0028953 0079866 1273517 3146302 0002055 0178499 0392747 0443172 1880279 0004793 0162326 0162327 1519249 0021966 0039224 0221138 1706073 1706074 0745732 3272378
 0449911 0039224 1706073 1706074 0557702 1272706 1704674 0557702 1272706 1704674 0028953 1273517 0162807 0027627 0175668 0205436 0678594 1527178 1705938 0376691 1709697 2728259 3484370 0021669 1415875 0014442 0021641 1533581 1579433 0681842 1882327 1883351 0017446 0205147 1709915 1882936
 0026882 0456148 0549184 0681842 1882327 1883351 0001721 0085732 0348078 0376315 1522492 0018882 0229304 1704821 1705682
 0021669 1415875 1533581 0014442 0021641 1579433 0596988 0007634 3282337 0162768 0033684 0332466 1293131 0332256 2700400 0037293 0181496 1710492 0332283 0332256 2700400 0205145 1515974 2825164 0389661
 1883559 0332307 0445392 1547052 0596988 0021669 1415875 1998793 1707391 1185738 1706132 1719918
 0681814 0014442 0021669 1415875 0240016 0014442 0021641 1273517 1533581 1579433
 1883351 1711411 0332268 0389661 0030946 1947941 1000323 1273517 1883351 0849355 1883720 3244314 0017446 0205147 1552738
 0041609 0884358 0179834 1524063
 0034606 0441633 2826292 0312860 1301820 0808077 0456389 1261552 1704379 1705117 2825408
 0449445 0750591 1883351 0205197 0725685 0034606 0441633 2826292 1881534 0033727 0369286 0441932 0564385
 0040223 1632851 0205163 1549782 0439093 0443228 1704243 1550543 0243161
 0034606 0441633 2826292 0370003 2347026 1510992 2825518 0678536
 1274040 1546471 2825142 0439086 2827736 2981702 1444656 0036588 1551994 3244295 0021669 1415875 0039686 0449774 0596448 0596973 0750490 1706221
 1511726 3245479 0597429 0552449 0680240 0936012 0205090 0684010 2603358 1268822 2825050 2603360 1268822 2825050 0596448 0039686 0034627 1279083 1306504 0035826 1413096 2987048
 0369637 0441923 0026385 0005910 0043100 1305866 1521991 1705104 1418486 0740116 2827735 2981700
 0026385 0005910 0043100 1305866 1521991 1705104
 0449468 1690016 1705102 2700258
 0178587 0439830 1547053 0205090 0684010 2603358 1547014 1948059 2603360 0005903 0039476 0205344 1711330 0168634 1442488
 0178587 0444706 3541902 1524063 0475209 1706378
 0449468 1690016 1705102 2700258 0002520 2917660 0001128 0202406 0444686 0486616 1441506 1443182 1555710 1524063 0025663 0449851 0871511 0439509
 0150098 0036849 1442518 1511726 1705195 3245479 1277697 1301820 0370003 0035953 0205449 0600140 0678536 1704688 1705242 2346414 0036572 0424576 2349186 0521115 0552449 1524063 0025663 0449851 0871511 1552738 0024752 1306056 1527116
 0520510 0557061 2584313 1514811 1706462 0021669 1415875 0014442 0021641 1533581 1579433 0025543 0332256 2700400
 0019602 0017789 0220839 1883351 0023688 0079613 0043481 2348288 0205681
 0017789 0220839 1883351 1947931 0007382 1314939 0205393 0750492 0002055 0178499 0205246 1553889 1880279 0079613 0015252 0728940 0567416 0277793 1261512 1304680
 1280500 2348382 0017789 0220839 0205681 0019602 0684224 0700287 3496591 1883351 0014442
 1316572 1317574 1369612 0439792 1513776 1709915 1882936 1280500 2348382
 0596988 3146294 0596988
 0205265 1707455 0022702 0220865 2825046 0596988 1524063 1566515
 0021669 1415875 0014442 0021641 1533581 1579433 0870432 0205134 0349966 1337208 0238767 0596988 1706086 0205450 0444868 0596988 3539085 0870432 0205134 0596988 0349966 1337208
 2827734 2981698
 0449381
 0238767 0596988 1706086 0015272 0442805 0205216 0392756 0442797 0587267 0596988 0439092 0332462 0547044 1880834 0596988
 0026882 1705285 0042285 0023401 0001898 0031453 0014442 0348078 0376315 1522492 1280500 0439828 0442739 1548568 0392747 0443172 1705241 0596988 0442805 0596988
 1547411 1514721 2348147 3542016 0596988 0332462 0392756 0547047 1880834 0392756 0547047 0332462 1880834
 0449911 0333052 2607870 0557702 1272706 1704674 0557702 1272706 1704674 0349966 1337208
 2827734 2981698
 1707455 0022702 0220865 2825046 0596988
 0443286 1114821 0041175 0077281 0814229 0004927 2678549 1882074 0020283 0450407 0450408 0450409 0021669 1415875 0014442 0021641 1533581 1579433 1704458 0596988 2265200 0439267 1511276 1552825 1524063
 0449911 0039224 1706073 1706074 0557702 1272706 1704674 0557702 1272706 1704674 0871161 1292721 1566515 0205177 0439167 0441655 1561536 0071778 0991865 0006353 0031603 0031701 0032821 0597277 1601799 0601906 1882074 0020283 0450407 0450408 0450409
 0332128 1280500 2348382 0026882 0021669 1415875 0014442 0021641 1533581 1579433 0021641 1533581 1579433 0014242 0205752 0002716 0011560 0030956 0611285
 0039224 0439070 1705160 1706073 1706074 1547282 0012634 0348080 1705253 0014242 0205752 0020291 0205216 0392756 0442797 0332462 1880834 0332462 1880834
 0021641 1533581 1579433 1710236 0020291 0442726 0596988 1511790 0012634 0348080 1705253 0392756 0547047 0442726 1511790 0596988 0020291 0205216 0392756 0442797 0332462 1880834 0332462 1880834
 0449911 0039224 1706073 1706074 0557702 1272706 1704674 0557702 1272706 1704674 0871208 1521828 1145751 0243102 0205177 0439167 0441655 1561536 0021669 1415875 0041175 0006353 0077281 0814229 2678549 1882074 0020283 0450407 0450408 0450409 0030956
 0871208 1521828 1710236 0332283 1719822 0008562
 0021669 1415875 0014442 0021641 1533581 1579433 0150312 1883351 0332256 2700400 0205145 1515974 2825164 1145667 1167622 0146894
 0243122 1145667 1167622 0205145 1515974 2825164 0442805 0871208 1521828 1710236 0021641 0205463 0443228 0549177 1518422 1533581 1579433 1704243 1710236 0002716 0011560 0030956 0611285
 0019602 0205681 0026882 0015127 1524003 1517945 0392366 0014442 0014445 1879547 0146894
 0039224 1706073 1706074 1547282 1524063 1566515 0073381 0013355 1418447 1710236 0596988 1879547 0439792 1883559 0014442 0332307 0445392 1547052 1707455
 1280500 2348382 0146894 1441672
 0449911 0039224 1706073 1706074 0557702 1272706 1704674 0557702 1272706 1704674 1280500 2348382 1566515 0369637 0441923 0073381 0041175 0006353 0013355 0077281 0369637 0441923 0814229 1418447 2678549 1882074 0020283 0450407 0450408 0450409 0392148 1707455 0332197 1689985 1883712
 0205369 0441655 1552740 1710236 0332283 1719822 0021669 1415875 0014442 0021641 1533581 1579433 0439291 0439269 1960952 2346927
 0439291 0439269 1960952 2346927
 0439291 0439269 1960952 2346927
 0439291 0439269 1960952 2346927
 0439291 0439269 1960952 2346927
 0439291 0439269 1960952 2346927
 0439291 0439269 1960952 2346927
 0596988 0392760 1314939 0146894 0243077 0079613
 0596988 0146894 1999216 0086045 0369637 0441923 0014429 1879547 1514873 0086045
 0349966 1337208
 0740116 2827735 2981700
 0449911 0333052 2607870 0557702 1272706 1704674 0557702 1272706 1704674 0349966 1337208
 0740116 2827735 2981700
 1707455 0020291 1566515 0021669 1415875 0014442 0021641 1533581 1579433 1704458 1511276 1552825
 0205177 0439167 0441655 1561536 0041175 0006353 0077281 0814229 2678549 1882074 0020283 0450407 0450408 0450409 1566515 1710236 0086045 1446561
 0443286 1114821 0332256 2700400 0596988 0332256 2700400 0060916 0086376 0439267
 0014442 0205177 0439167 0441655 1561536 2827910 0702093
 1518422 1547282 1301751 1280500 2348382 0205177 0439167 0441655 1561536 0014442 0086045 1446561 1514721 2348147 3542016 0596988 1273517
 1273517 0597429 0014653 1547026 1280500 2348382 0205681 0026882 0205145 0205177 1515974 2825164 0021669 1415875 0014442 0021641 0062074 1415458 1533581 1579433 3539897 0349966 1337208
 0684224 0700287 3496591 0041175 0006353 0077281 0814229 0014442 0700364 0439962 0596973 0596448
 0596973 1705920
 1883712 1314677 0596973 0849355 1265611
 0557651 2603343 0150312 0596988 0700364 2362652 0039686 0150312 0449450
 1883712 0205216 0392756 0442797 0037628 1518422 0392747 0443172 1705241 0520511 1704711
 1979874 0596988 0700364 1749467 1948047 1547282
 1883712 0205216 0392756 0442797 0037628 1547282 0392148 0150312 0449450
 0596973 0700364 0442822 1524031 1883002 0150312 0449450
 0015272 0037628 1518422 0936012
 1883712 1301751 1280500 2348382 0205263 0332621 0439168 0332621 0439168
 1707520 0243102 0014442 0205177 0439167 0441655 1561536
 0449911 0333052 2607870 0557702 1272706 1704674 0557702 1272706 1704674 0349966 1337208
 0439086 2827736 2981702
 0002778 0936012 1524024 1564139 0033684
 0370003 2347026 0041175 0006353 0077281 0814229 1549535 2678549 1882074 0020283 0450407 0450408 0450409 0597429 0014653 0332302 0597428 1384604 1547026 0582523
 1282913 1551714 0021669 1415875 0014442 0021641 1533581 1579433
 1282913 1551714 0021669 1415875 0014442 0021641 1533581 1579433
 0205134 1882932 1416400 0036572 0150098 0036849 1442518 1511726 1705195 3245479 1301820 0582523
 1609982 0237519 1881693 1511726 3245479
 1511726 3245479 1883559 0332307 0445392 1547052 0021669 1415875 0014442 0021641 1533581 1579433 0332290 0014442 0332251 1264633 0027960 0324740 0439189 1456781 1824986

 1547282 1709915 1882936 0332120 0043481 2348288 0205681 0596988 0745777
 0033213 1706387 0596988
 1883351 0013618 0085732 0233426 0087870 0031370 0018790 0237477 0392351 0521111 0205177 0439167 0441655 1561536
 0039224 1706073 1706074 1547282 1512693 0031370 1280500 2348382
 0013618 0031370 1301751 1280500 2348382 0596988 1511726 3245479 1518422 1547282
 1979874 3537172 0007974 3537131 0450442 1254351 1521826 0311403 0205177 0439167 0441655 1561536 0039224 1706073 1706074 1547282
 1518422 1547282 0877008 1524081 0021467 0021469 1628982 3463820 0596988 1418486 0013618 0086045 1441672 0205250 1299351 0087870 0031370
 0596988 0700364 1883351 0333118 0043481 2348288 0205681 0043481 2348288 0332297 1145667 1167622 1689898 2349209 0205172
 0043481 0085732 2348288 0233426 0442805 0678608 0443286 0871208 1114821 1521828 0596988
 0349966 1337208 1547282
 1883712 0086045 1446561 1514721 2348147 3542016 0369637 0441923 0015127 1524003 0442805 0596988 0442805 0596988
 0332283 0021467 0021469 1628982 3463820 0086045
 1979874 0043481 2348288 0086045 0392366 3463820
 0449911 0039224 1706073 1706074 0557702 1272706 1704674 0557702 1272706 1704674 1280500 2348382 0041175 0077281 0814229 2678549 1882074 0020283 0450407 0450408 0450409 1566515 1710236 0021641 1533581 1579433 0042295 1710236 0013618 0031370 1524062 1444656
 0449911 0333052 2607870 0557702 1272706 1704674 0557702 1272706 1704674 0349966 1337208

 1280500 2348382 0205177 0439167 0441655 1561536 0021669 1415875 0014442 0021641 1533581 1579433 0596988
 0205177 0439167 0441655 1561536 0041175 0006353 0077281 0814229 2678549 1882074 0020283 0450407 0450408 0450409 1566515 1710236 0086045 1446561
 1705175 1705176 1705177 1705178 1882348 0026882 0021669 1415875 0014442 0021641 1533581 1579433 1292748 0392760 1314939 0678612 0037791 1511884 0010813 0030956 0205449 0205463 0449774 0596311 1330957 0233426 0014242 0205752 0021641 1533581 1579433 0002716 0011560 0030956 0611285 1524063 0596988 1457900 0039224 1706073 1706074 0745732 3272378
 0021641 1533581 1579433 0002716 0011560 0030956 0611285 1710236 1441672 0010813 0596311 1330957 1514468 0014442
 0010813 0021641 0596311 1330957 1533581 1579433 0596988 0349966 1337208
 0439084 0728893
 1316572 1317574 1369612 0021669 1415875 0014442 0021641 1533581 1579433 0205242 0333853 0014242 0205752 0596988 0449774
 0017789 0220839 0596988 1457900 0010813 0596311 1330957 0010813 0596311 1330957 1515981
 0349966 1337208
 0439084 0596988 0728893
 1274040 1527178 1546471 1705938 2825142 1707455 0010813 0596311 1330957 0021669 1415875 0014442 0021641 1533581 1579433 0596988 1515981
 0150312 0086191 0013355 1418447 0086191 0013355 1418447 0086191 0013355 1418447 0073381 0013355 1418447 0442739 1548568 0392747 0443172 1705241
 0449911 0333052 2607870 0557702 1272706 1704674 0557702 1272706 1704674 0349966 1337208
 0439084 0728893
 1547282 0014242 0205752 0596988
 1704458 0439962 0332256 2700400 0021641 1533581 1579433 2678549 1882074 0020283 0450407 0450408 0450409 0021669 1415875 1883559 0457592 0014442 0021641 0332307 0445392 1533581 1547052 1579433 0560021 0720544 0439267 2347469
 0443286 1114821 1514468 0008562 0086972 0439182 0443299 0687118 0812409 1185738 1706132 0520510 1552738 0025663 0025664 0449851
 0444505 1516695 1516698 0037813 0205396 0436196 0577559 1306372 1550043 1551388 3152252
 0444505 3470196
 0444505
 0444505
 0444505
 0444505 0021642 0021641 0337112 1524075 1533581 1579433
 3179172 0021641 0337112 1524075 1533581 1579433
 1511276 1552825 0439962 0014242 0205752 0021669 1415875 1883559 0457592 0014442 0021641 0332307 0445392 1533581 1547052 1579433 0560021 0720544 0439267 2347469
 0444505 0014242 0205752
 0444505 0014242 0205752
 0444505 0014242 0205752
 0444505 0014242 0205752
 0444505 0014242 0205752
 0444505 0014242 0205752
 0444505 0014242 0205752
 0520510 0557061 2584313 1514811 1706462 0026882 1705285 1514562 0205681 0025543 0684224 0700287 3496591 1883351 0243102 1264638 1547012 0007382 0023175 0205177 0439167 0441655 1442948 1517945 1522538 1561536 2348269 3275067
 0868928 1533148 0392148 1518422 1564139 0470187 0033684 0332268 0549177 0596988 1265611
 0868928 1533148 0017789 0220839 0205681 1705285 0014442 0684224 0700287 3496591 1883351 0205254 0014442 0333118 0085732 1145667 1167622 1710236
 0017789 0220839 0205681 0019602 0205681 0021669 1415875 0014442 0021641 1533581 1579433 1705285
 0596988 0376702 0007634 0454802 3282337 0700364 1883351 0205254 1258023 0444706 3541902 0021641 1533581 1579433 1710236
 0596988 0333118 0085732 1145667 1167622 0021641 1533581 1579433 0332220 0947630
 1316572 1317574 1369612 0021641 1533581 1579433 0332220 0080103 0205217 0205345 0442805 0596988 1547039 0014442 0026377 0026837 0035028 0231517 1882952 0449234 1704772 1882133 0043481 0184512 2348288
 0332120 0205681 0205145 0205177 1515974 2825164 0039798 0087111 1522326 1533734 1705169 3538994 0087870 0031370 0205217 0442805 0439792 0332220
 0087870 0031370 1518422 0442805 0332220
 1524063 0043481 2348288 0917903 0596988 1518422 1145667 1167622 0043481 2348288
 0037088 0243095 2825141 0205177 0439167 0441655 1561536 1518422 0596988 1517331 0039798 0087111 0392756 1522326 1533734 1705169 3538994 1881795 3537172 0007974 0596988 0332256 2700400 0043481 2348288 0043481 2348288 0332297 1145667 1167622 1689898 2349209 0033684 0302891
 1274040 1546471 2825142 0596988 0183683 1521721 0231448 0439792 1707478 0026882 1705285 0015127 1314792 1524003 0301641 0392747 0443172 1705241 0205681 0205145 0205177 1515974 2825164 0021669 1415875 0014442 0021641 1533581 1579433
 1274040 1546471 2825142 0449450 1705535 0678226 1148621 0043481 0243122 1145667 1167622 1517945 1518422 2348288 3146286 0678226 0301641 0205276 0392747 0443172 0750492 3146286 0205681 0205145 0205177 1515974 1709305 2745955 2825164
 0037088 0243095 2825141 0026882 1705285 0017789 0220839 0019602 0439830 1547053 0205134
 1879547 1709908 0684224 0700287 3496591 0332197 2699517
 0443211 1272684 0021669 1415875 0014442 0021641 1533581 1579433 1301808 1442792 2987476 3148680 0681841 0205681 2945843 0205145 0205177 1515974 2825164 0205448 1708533 2698172 1711351 0026882 1705285 0301641 0392747 0443172 1705241 0001721 1704675
 1518422 0700364 1883351 0868928 1706255 1706256
 1547282 0220781 0439634 1522492 0332256 2700400 0205177 1711351 1518422 0205177 0439167 0441655 1561536
 1879547
 1511726 3245479 0750492 1555306 1948033 0205681 0026882 0205145 0205177 1515974 2825164 0026377 0392747 0443172 1705241 0205117 0242781 0332289 1521797 1711351
 1274040 1546471 2825142 0445247 0700364 1705241 1705242 1513776 0017789 0220839 1513776 0019602
 1979963 2003903 0017789 0220839 0392747 0596988 1518422 0596988
 0205681 0026882 0205145 0205177 1515974 2825164 0392760 1314939 0022702 0220865 2825046 0026882 0014429 0014442 0146894 0348078 0376315 1522492 0146894
 0442805 0014442 0205397 0302891 0392756 1280500 2348382 0439092 0332462 0442805 0547044 1880834 0205177 0439167 0441655 1561536 0596988
 1280500 2348382 0205681 0019602 0205145 0205177 0205397 0596988 1515974 2825164
 0868928 1706255 1706256 0146894 0392747 0443172 1999216
 0205681 2945843 0205145 0205177 1515974 2825164 1705242 1517331 0301641 0392747 0443172 0443264 1524062 0146894 0243122 1145667 1167622
 1511726 3245479 0597429 1547282 1554961 1705847 0596988 0014442 0596988 0596973
 0146894 1518422 0001721 0596524 0441712 1706376 0205217 0442805 0348078 0376315 1522492 0205418 0596988
 0332621 0439168 0558058 0301641 0392747 0443172 1705241
 1707520 0205177 0439167 0441655 1561536 0037088 0243095 2825141 0332290
 0018563 1281583 1552914 0008559 0016107 0017243 1382104 1547282 2987476 1882368 0596837 0670902 0427716 1304757 0023693 0033684 0086045 0439742 0729333 1306462 1515981 1881376 0205250 1299351 1547282
 2963144 0021669 1415875 0014442 0021641 1533581 1579433 0237753 0449788 1301808 1705242 2987476
 1705535 0022702 0220865 2825046 1441672 1274040 1546471 1710236 2825142 0205263
 0868928 1706255 1706256 0021669 1415875 0014442 0021641 1533581 1579433 0301641 0392747 0443172 1705241 0033684 0242781 0332289 1521797 0309872 1292733 0220781 0439634 1522492
 2825232 0043227 0449719 1521721 1709471 0021622 1272753 2346686 0033727 0369286 0441932 0564385 2346686 0033727 0369286 0441932 0564385 1306057 0016327 0439133 1553038 0456715 0018173 2346686 0033727 0369286 0441932 0564385 0369637 0441923
 0010186 0220812 0449719 1709471 0220808 0680264 0007961
 1706852 0522501 1706089 0949214
 0205155 1293097 1522472 1552923 1705191
 0282413 1519246 1521991 0005477 0557806 0022557 0041740
 0254343 0796520 3272379

 0085205 1549619 1880669
 0013849 1705961 0024492 1538057 1547565 0059804 0000723 1273517 0002716 0011560 0030956 0611285
 0146894
 0002395 1521724 0012634 0002395 1521724 0012634
 0021669 1415875 0014442 0021641 1533581 1579433 0021669 1415875 0014442 0021641 1533581 1579433
 0008562 0008562 0008565 0008550 0033095 0205250 0302908 0460139 1299351 1304698 1306345 1546699 1561501 2700149

 0678100 0015091
 1511726 3245479 0037813 0022557 0041740 0436196 0577559 1301820 1306372 1547538 3152252 0037813 0436196 0577559 1306372 1547538 3152252 0205099 0597531 0005532
 2986676
 0031831 1707664 2348314 3540849

 0024171 0024176 2697939 0002778 0936012 1524024 1883073
 1514811 1706462 0520510 0557061 2584313 1514811 1706462 3272372
 0369773 2603361
 0033727 0369286 0441932 0564385
 0086345 0019247 0017398 0017399 1521991 0027976 0205090 0684010 2603358
 0021966 0221138
 0439267 3613423 1720589 0033727 0369286 0441932 0564385 0861352 1553033 3495095 0439267 0597277 1708601 2603360 0439394 1706495 3642217
 0016327 0439133 1553038
 1553033 0369637 0441923
 0369773 2603361
 0349590 1262865 0025141 0369773 2603361

 0033727 0369286 0441932 0564385 1006780 1553033 0369773 2603361
 2603362
 0597277 1708601
 0016360 1424823
 0033727 0369286 0441932 0564385 2603362
 0082651 1439334
 0036397 0025141
 0021966 0221138 0205090 0684010 2603358
 0439267 3613423 1720589 0033727 0369286 0441932 0564385 0861352 1553033 0597277 1708601 2603360 0439394 1706495 3642217 2347469 0439394 1706495 3642217
 0349590 1262865 0025141 0369637 0441923
 0024171 0024176 2697939 0369637 0441923

 2347469 0205090 0684010 2603358
 0073187


 0201682
 0033727 0369286 0441932 0564385 2347469 2347469
 2603360 0369637 0441923

 0230467 0741204

 2945617 0439394 1706495 3642217
 2347469 0597277 1708601 0205090 0684010 2603358 0759909 1135895 2945617
 0331781 2603360 0439394 1706495 3642217 0369773 2603361 0080045 3495095 0205090 0684010 2603358


 0025141 3495095 0205090 0684010 2603358 0597277 1708601 2945617 0439394 1706495 3642217
 2347469 0759909 1135895 0205090 0684010 2603358 0331781 2603360 0439394 1706495 3642217 0064494 0033727 0369286 0441932 0564385 0369773 2603361 0080045
 1418943

 0268596 2700624
 3642273

 2603362

 0205090 0684010 2603358
 2347469 2826220 0597277 1708601
 0205090 0684010 2603358

 2603362

 0369637 0441923
 1418943

 0268596 2700624
 3642273

 2603362

 0205090 0684010 2603358
 2347469 2826220 0597277 1708601
 0205090 0684010 2603358
 2603362

 0369637 0441923
 0036397 2347469



 0025141
 0043402 0369773 2603361



 0201682
 0439394 1706495 3642217
 2347469

 0451119 1444662
 0025141 0439394 1706495 3642217
 2347469



 0025141 1551667




 0025141 0369718 0441922 1553036 0597277 1708601 0033727 0369286 0441932 0564385
 1291910 1295018 3541258 2603360



 0025141 0205090 0684010 2603358
 0325602 0033727 0369286 0441932 0564385 0456564 1521879 0016327 0439133 1553038
 0033727 0369286 0441932 0564385 0021966 0221138 0439394 1706495 3642217
 2347469

 0027960 0324740 0439189 1456781 1824986

 0025141 0402830 2347469

 0597277 1708601 0369718 0441922 1553036 0324335 0597277 1708601
 0369637 0441923

 2347469
 0439394 1706495 3642217
 2347469
 0439394 1706495 3642217 1418943

 0268596 2700624
 3642273

 2603362

 0439394 1706495 3642217 0369773 2603361
 2347469 0205090 0684010 2603358

 2603362
 1418943

 0268596 2700624
 3642273

 2603362



 0597277 1708601
 2347469


 0201682

 3476816 0439394 1706495 3642217 0597277 1708601
 2347469


 0201682
 0439394 1706495 3642217 0005680 0027567 0085756 0439541 0597277 1708601 0443013 0369637 0441923
 0439267 1822658 0205090 0684010 2603358
 0597277 1708601

 0205090 0684010 2603358

 0036397 0369718 0441922 1553036 0369718 0441922 1553036 0439394 1706495 3642217
 0033727 0369286 0441932 0564385 1553033 0238749
 2603362
 0439267
 0036397 0369718 0441922 1553036 0439394 1706495 3642217 0439394 1706495 3642217 0205090 0684010 2603358
 0369718 0441922 1553036 2603362
 0439267


 0450348 0025141 0369773 2603361 1551881 0033727 0369286 0441932 0564385 0175735 0016327 0439133 1553038
 0205090 0684010 2603358 0442982 0205090 0684010 2603358 0369718 0441922 1553036 0035567 1140671 1509547 3484401 0016327 0439133 1553038 0369773 2603361 0443013 0439394 1706495 3642217 0369637 0441923

 0369637 0441923
 0036397
 0205090 0684010 2603358
 0439267 0016327 0439133 1553038
 0439267

 2347961
 0597277 1708601
 0205090 0684010 2603358



 2347379

 0025141 0597277 1708601 0043402
 0324525 0369637 0441923
 0205090 0684010 2603358




 0043402 0597277 1708601 0369637 0441923
 2347469 0369637 0441923
 0205090 0684010 2603358 0439394 1706495 3642217
 2347469



 0201682
 0369637 0441923

 0439394 1706495 3642217
 2347469 0205090 0684010 2603358





 0016327 0439133 1553038 2347469
 0021966 0221138

 0369637 0441923
 1315013


 0025141 0402830 2347469
 0439394 1706495 3642217 0439394 1706495 3642217
 2347469
 0005477 0025141 0021966 0221138

 0040833 1521798
 3642273
 0025141 0872005

 0369773 2603361 1708595 3280986
 0439394 1706495 3642217
 2347469


 0872005
 0369637 0441923
 0439394 1706495 3642217 0439394 1706495 3642217
 2347469


 0201682
 0369637 0441923


 0439394 1706495 3642217 0439394 1706495 3642217
 2347469
 0003461 2939124

 0025141 0205090 0684010 2603358
 0597277 1708601 0369637 0441923
 0205090 0684010 2603358


 0201682
 2347469

 0025141 2347469 1504648

 0027960 0324740 0439189 1456781 1824986

 0025141

 2603360
 0033684 0002520 0030956 0022023
 0027976 0369637 0441923


 0033727 0369286 0441932 0564385
 0205090 0684010 2603358


 0000857 0600678 1552863 0205090 0684010 2603358
 0597277 1708601 2347469

 0439394 1706495 3642217 0369637 0441923
 0205090 0684010 2603358


 0201682
 0369637 0441923
 0439394 1706495 3642217
 2347469
 0230467 0741204


 0025141 0872005 0369637 0441923
 0439394 1706495 3642217 1825319 0369637 0441923
 0439267 2603362
 0439394 1706495 3642217 0439394 1706495 3642217
 2347469


 0201682
 1553033 0369637 0441923
 2347469
 0369773 2603361 0369773 2603361 0439267


 0201682
 2767010
 0016327 0439133 1553038 0439114 0205090 0684010 2603358
 2347469
 0439394 1706495 3642217 2347469
 1418943

 0268596 2700624
 3642273

 2603362

 0439267 0369773 2603361


 0201682
 1420648
 2603362
 0005477 0025141 2603360
 1858559
 1568941

 0000857 0600678 1552863 1419419 0439394 1706495 3642217
 2347469 0998924 0205090 0684010 2603358



 0201682
 0597277 1708601 0597277 1708601 0205090 0684010 2603358

 0011847 0011849 1527021 1554111 1705606 3541382 0333052 0441061 0179636 1824528 0239110 1706852 0239110 1705565 1947976 0687676 1704687 0557854 0013849 1705961 1706852 0282420 1706852 1138432 0239110 0162443 0205314 0033213 1706387 1706852 0872005
 2603362
 1706852 0439394 1706495 3642217
 2347469
 1706852
 2603362
 1706852 0439394 1706495 3642217
 2347469
 0039224 1706073 1706074 0162443 1521991 0162443 0026376 0005532 0009993 0013621 0013622 0013658 0037455 0039401 0596070 1521991 1552856 0005477 0026376 0005532 1521991