 0679560 0796344 0085801 0796451 0002778 0936012 1524024 0369637 0441923
 0740116 2827735 2981700
 0439086 2827736 2981702
 0439084 0728893 0021966 0221138


 0740116 2827735 2981700 0439086 2827736 2981702 0086345 0017398 0017399 1521991 1709697 2728259 3484370 0013227 0025118 0036375 0041740 0086312 0442696 0585034 0205099 0013227 0025118 0036375 0041740 0086312 0442696 0585034 1704729 0013227 0025118 0036375 0041740 0086312 0442696 0585034 1704729 0013227 0025118 0036375 0041740 0086312 0442696 0585034 1512352 0036397 0013227 0025118 0036375 0041740 0086312 0442696 0585034 0035171 0035168 0242481 1707689 2983265 0557061 2584313 1514811 1706462 0084821 1415629 0872184 0227525 0521447 0669372 1521761 2827422 0017337 0348078 0376315 1522492 0011860 1320657 0441730 0011847 0011849 0332307 1547052 0441730 0017446 0205147 0332307 1547052 1521057 0008651 1521056 0008633 1521055 1549864 1332838 0079429 0314611 0017337 0887940 0683971 0032659 1257890
 0947630 0205396 1550043 1551388 0205171 1720467 0026882
 0947630 1705535 0752046 0028630 0032529 0037179 0087136 0205171 0007634 1269647 1384585 1419693 1539372 1704653 1948049 0086860 0084821 1415629 0332281 0011847 0011849 0012655 0220898 1264642 1547045
 0557651 2603343 0220825 0752046 0028630 0032529 0037179 0087136 0205171 1711300 2700613 0332257 0017337 0011860 1320657 0441730 0011847 0011849 0332307 1547052 1516698 1704814 0030705 0022661 2316810 0679247 0022658 0205088 0012634 0022646 0205390 0444930 1300072 1306673 2746065 0369718 0441922 1553036 0243148 1550141 1882979 2587213 3274648 0681850 1550501 1706203 2349001 2697811 0369718 0441922 1553036
 0752046 0027361 0028630 0032529 0037179 0087136 0205171 0237401 0456148 0549184 0011860 0332281 0441730 1320657 0011847 0011849 0332307 1547052 1516698 1704814 0681850 1550501 1706203 2349001 2697811 1709380 0042295 1514721 2348147 3542016
 0002778 0936012 1524024 1705241 1705242 0868928 1706255 1706256 0243148 1550141 1882979 2587213 3274648 0681850 1550501 1706203 2349001 2697811 0369773 2603361 0522498 0035647 0018591 0740116 2827735 2981700 0008662 0008633 0740116 2827735 2981700 0018591 0008668 0444499 0008633 0439084 0728893 0000938
 1274040 1546471 2825142 1705535 0011860 1320657 0441730 0011847 0011849 0332307 1547052 1517892 1704666 0012634 1708726
 0947630 0332120 0575519 0446516 1269078 1269612 0008663 0008633 0007457 0043157 0078988 1705535 0205447 1708726 2599609 0008633 1521048
 0084821 1415629 0872184 0227525 0521447 0669372 1521761 2827422 0084821 1415629 0872184 0227525 0521447 0669372 1521761 2827422 1332838 0079429 0314613 0017337 0026882 1852093 0342276 2984262 0011860 0011854 0441729 1320657 0011847 0011849 0332162 0332239 0332307 0449560 0449989 0700597 1547052 0011860 1320657 0441730 0011847 0011849 0332307 1547052 3463805 0348078 0376315 1522492 1256369 0021641 0036536 0036537 0332452 1533581 1579433 1880022
 0084821 1415629 0872184 0227525 0521447 0669372 1521761 2827422 0680022 2698041 0034987 0013879 0220905 1704735 0086860 0086222 0008377 1314939 0015684 0001128 0202406 0596620 0025519 0025520
 0015295 0084821 1415629 0872184 0205396 0227525 0521447 0669372 1521761 1550043 1551388 2827422 0002345 0035687 2610186 1274040 1546471 2825142 0597298 0017337
 0040649 0086860 0332270 1523987 0013126 0205309 1384585 1419693 1539372
 0947630 1705535 0086860 0007613 0232786 0007634 0030274 0031843 0542341 0700205 1705273 3282337 0086860 0013126 0040649
 0947630 0038951 0079941 0009219 0017446 0205147 1511993 0014290 0013879 0037088 0243095 2825141 0332120 0011860 1320657 0441730 0011847 0011849 0332307 1547052 0683971 0032659 1257890
 0332185 0441833 0687744 1257890 1552516 1552839 1705428 1705429 0752046 0028630 0032529 0037179 0087136 0205171 0752046 0028630 0032529 0037179 0087136 0205171 0017446 0205147 0004083 0439849 0596306 0699792 0011860 1320657 0441730 0011847 0011849 0332307 1547052
 0684224 0700287 1705535 0752046 0028630 0032529 0037179 0087136 0205171 0086860 0011860 0332281 0441730 0243083 0457464 1317301 1320657 0011847 0011849 0012634 0332307 0449438 1547052 1425076 0681850 1550501 1706203 2349001 2697811 0015576 1704727 0015576 1704727
 0035171 0035168 0242481 1707689 2983265 0086912 0035171 0035168 0242481 1707689 2983265 0557061 2584313 1514811 1706462 0370003 2347026 0220825 0557651 2603343 0445613 0441730 0007457 0030705 0043157 0241863 0332307 0445356 1516698 1547052 1704623 1704814 1550335 0332529 0022661 2316810 0679247 0022658 0205088 0012634 0022646 0205390 0444930 1300072 1306673 2746065 1516698 1704814 0681850 1550501 1706203 2349001 2697811
 0200345 0600644 1516698 1704814 0521115
 0243161 1552738 1522508 1561567
 0681850 1550501 1706203 2349001 2697811 0011860 0441730 1320657 1550351 0011847 0011849 0011900 0332307 1527178 1547052 1704338 1704656 1874451 0022661 2316810 0679247 0022658 0205088 0012634 0022646 0205390 0444930 1300072 1306673 2746065
 0681850 1550501 1706203 2349001 2697811 1518422 2700055 0015576 1441547 1516698 1704727 1704814 3245521 1547282 0332120 1521048 2827734 2981698 1524063 0243161
 0681850 1550501 1706203 2349001 2697811 0457464 0015780 0043210 0086287 1705497 1705498 1828181 0001779 0439234 0456689 0457242 0806909 1552615 2826546 0684224 0700287 3496591 0449238 2926735 0439234
 0243148 1550141 1882979 2587213 3274648 0681850 1550501 1706203 2349001 2697811 0015780 0043210 0086287 1705497 1705498 1510829 0001779 0005910 0043100 1305866 1705104 0456689 0457242
 0036576 1285573
 0752046 0028630 0032529 0037179 0087136 0205171 0869040 0557651 1273517 2603343 0242356 0993637 1710090 1707391 1512989 0450429 1710548 0024779 0084821 1415629 0872184 0017337 0227525 0521447 0669372 1515981 1521761 2827422
 0084821 1415629 0872184 0017337 0227525 0521447 0669372 1515981 1521761 2827422 0004083 0205156 0439849 0596306 0684224 0699792 0700287 1527178 1552607 1874451 1707391 0011860 1320657 0441730 0011847 0011849 0332307 1547052 1711254 0032659 1257890
 1285573 0449913 0884358 1285573 1553451 1704459 1826357 1552738
 0871424 0002778 0936012 1524024
 0022885 0039593 0392366 1881065 1709707 0185125 1883351 1705241 1705242 0681850 1550501 1706203 2349001 2697811
 0013194 2700580 1555015 1273517 1883351 0220825 0752046 0028630 0032529 0037179 0087136 0205171 1883351 1441506 0038215 0600673
 0017446 0205147 0023746 0023745 0281825 0394006 0449820 1555015 0440015 0877851 0939896 1093500 1256220 1273517 1883351 0750572 0018591 1883351 0004083 0018591 0022885 0039593 0392366 0439849 0596306 0699792 0032662 0872128 0032659 0243148 1257890 1550141 1882979 2587213 3274648
 1553778 1561491
 0079941 0009219 0017446 0205147 0018591 0205369 1552740 0004793 0162326 0162327 1519249 1883351 1516048 0026882 0004083 0018591 1441672 1880177
 0033413 0017446 0086860 0205147 0015295 1416886 1442449 0441730 0007457 0043157 0241863 0332307 0868928 1547052 1706255 1706256 0004793 0162326 0162327 1519249 0018591 0035647 0681850 1550501 1706203 2349001 2697811 0007457 0043157 0205163 0237753 0243148 0449788 1515981 1549782 1550141 1882979 2587213 3274648 0681850 1550501 1706203 2349001 2697811 0018591
 0015295 0007457 0043157 0243148 1550141 1882979 2587213 3274648 0004793 0162326 0162327 0681850 1519249 1550501 1706203 2349001 2697811 1704689 0018591 0441730 1882124 0007457 0043157 0205163 0237753 0241863 0332307 0449788 0868928 1515981 1547052 1549782 1706255 1706256 0018591 0681850 1550501 1706203 2349001 2697811
 1883712 0017428 0017446 0205147 0887950 0441730 0007457 0043157 0241863 0332307 0868928 1547052 1706255 1706256 0004793 0162326 0162327 1519249 0681850 1550501 1706203 2349001 2697811 1883351 0521093 0750484 1456348 0017431 0449913 1516050 1552601 1553451 1704459 0752046 1527094
 0370003 2347026 0439780 0004793 0162326 0162327 1519249 1953384 0206415 1524063 0008848 0242298 0344349 3262831
 0443286 1114821 1883708 0012854 0185125 0936012 0008848 0242298 0344349 3262831
 0035171 0035168 0242481 1707689 2983265 0557061 2584313 2985663 0557651 1514811 1706462 2603343 0220825 0752046 0028630 0032529 0037179 0087136 0205171 0180153 0439844 0017428 0017446 0205147 0887950 1711300 2700613 0205108 0079941 0004793 0009219 0162326 0162327 1519249 0349966 1337208
 0752046 0028630 0032529 0037179 0087136 0205171 0017446 0205147 0015295 1953353 0002520 0332294 2917660 0001128 0202406 0392747 0443172 0678226 1705241
 1710137 0205103 1548610 0012751 0439083 0439087 1514721 2348147 3542016
 0220825 0332257 1261322 3538986 0752046 0028630 0032529 0037179 0087136 0205171 1547282 0004083 0439849 0596306 0699792 1711254 0022422 0178443 0032659 1257890
 1883712 0752046 0028630 0032529 0037179 0087136 0205171 0220825 0752046 0028630 0032529 0037179 0087136 0205171 1547282 0004083 0439849 0596306 0699792 0752046 0028630 0032529 0037179 0087136 0205171 1547282 0004083 0439849 0596306 0699792
 0449911 0333052 2607870 0557702 1272706 1704674 0557702 1272706 1704674 0349966 1337208
 2827734 2981698
 3540819 0024779 1706473 0450429 0450348 0017431 0752046 0028630 0032529 0037179 0087136 0205171
 0017446 0205147 0015295 0449788
 0017446 0205147 0017446 0205147 0205396 1550043 1551388
 0522637 1882932 0450429 1515974 1710137 0582519 0084821 1415629 0872184 0227525 0521447 0669372 1521761 2827422
 0752046 0028630 0032529 0037179 0087136 0205171 1516698 1704814 0017431 0681850 1550501 1706203 2349001 2697811 0369718 0441922 1553036 0243148 1550141 1882979 2587213 3274648 0681850 1550501 1706203 2349001 2697811 0369718 0441922 1553036 0002778 0936012 1524024 0884358
 0032662 0032659 0243148 1257890 1550141 1882979 2587213 3274648 0369773 2603361 0369773 2603361 1518422 0014653 1547026
 0205447 0004083 0439849 0596306 0699792 0011860 1320657 0441730 0011847 0011849 0332307 1547052 0032659 1257890 1441672
 0002778 0936012 1524024 0039224 1706073 1706074 1547282 0600091 1554104 1554159 0002085 0439603 0243148 1550141 1882979 2587213 3274648 0681850 1550501 1706203 2349001 2697811 1709380 0042295 0004083 0439849 0596306 0699792
 0002778 0936012 1524024 0443289 0023882 0700321 2700395 0332120 0752046 0028630 0032529 0037179 0087136 0205171 0011860 1320657 0441730 0011847 0011849 0332307 1547052 1521798 1709380 0042295
 1709380 1522609 1518422 0752046 1527094 0947630
 0449911 0039224 1706073 1706074 0557702 1272706 1704674 0557702 1272706 1704674 3536614 0085801 0002778 0936012 1524024 0796451 0681850 1550501 1706203 2349001 2697811 0457464 0243148 1550141 1882979 2587213 3274648 0681850 1550501 1706203 2349001 2697811 0752046 0028630 0032529 0037179 0087136 0205171 0332281 0243083 0012634 0449438 0332149 1705910 2362652 0018591 0084821 1415629 0872184 0332281 0205217 0442805 1171304 0035647 0011860
 0023746 0023745 0281825 0394006 0682613 1518439 0678594 0332128 1883351 0018591 0011860 0332281 0441730 1320657 0011847 0011849 0332307 1547052 0032659 1257890
 0205103 1548610 0042295 0084821 1415629 0872184 0017337 0017446 0205147 0227525 0444686 0521447 0669372 1441506 1443182 1521761 2827422 0349966 1337208
 1273517 1883351 0281825 0394006 0028778 0332206 1533157 0205396 1550043 1551388
 0028778 0332206 1533157 1706084 2828370 0439659 1384585 1419693 1539372 0444930 2746065 1384585 1419693 1539372 1882932 0028778 0332206 1533157 1706084 2828370 1711300 2700613 0017446 0205147
 0028778 0332206 1533157 1706084 2828370 0439659 0021920 0444930 2746065 0021920 0180153 1707529 1999244 0017446 0205147
 0752046 0028630 0032529 0037179 0087136 0205171 0028778 0332206 1533157 1706084 2828370 0752046 0028630 0032529 0037179 0087136 0205171 0028778 0332206 1533157 0023746 0023745 0281825 0394006 1518422
 0449911 0333052 2607870 0557702 1272706 1704674 0557702 1272706 1704674 0349966 1337208
 0740116 2827735 2981700

 0205103 1548610 0042295 1882932 1524063 0814812 0205126 1704553 0004457 0999597 1522496 0680240 0175659 0349674 1947916 3536777 0205103 1548610 0012751 0450355
 0028778 0332206 1533157 1706084 2828370 0936012 1524063 0449820 0440015 0877851 0939896 1093500 1256220
 0439603 0750572 0002778 0936012 1524024 0011860 0441730 1320657 0011847 0011849 0332307 0679133 0884358 1547052 0032662 0872128 0032659 0243148 1257890 1550141 1882979 2587213 3274648
 0039224 1706073 1706074 1274040 1546471 2825142 0440015 0877851 0939896 1093500 1256220 0220825 0018591 0018591 0205396 1550043 1551388 0376249 0439603 0871396 1561548 1705502 0750572 0868928 1706255 1706256 0243148 1550141 1882979 2587213 3274648 0681850 1550501 1706203 2349001 2697811 0449820 0449820 0444686 1441506 1443182 1709380 1522609 0237881 0444686 0449820 0750502 1441506 1443182
 0449820 0018591 1709305 2745955 0205172 0243148 0332183 1550141 1882979 2587213 3274648 0681850 1550501 1706203 2349001 2697811 0449820 0018591 1709305 2745955 0441730 0205172 0241863 0332183 0332307 0868928 1547052 1706255 1706256 0681850 1550501 1706203 2349001 2697811
 1883712 1709380 1522609 0558058 0237881 0750502 0868928 1706255 1706256 0243148 1550141 1882979 2587213 3274648 0681850 1550501 1706203 2349001 2697811 0684224 0700287 3496591
 0449911 0039224 1706073 1706074 0557702 1272706 1704674 0557702 1272706 1704674 0085801 0002778 0936012 1524024 0681850 1550501 1706203 2349001 2697811 0457464 0243148 1550141 1882979 2587213 3274648 0681850 1550501 1706203 2349001 2697811 1524063 0449820 0440015 0877851 0939896 1093500 1256220 0002778 0936012 1524024 0028778 0332206 1533157 1706084 2828370 0017446 0205147 0439603 0868928 1706255 1706256 0243148 1550141 1882979 2587213 3274648 0681850 1550501 1706203 2349001 2697811 1705242 0282416 1561607 0039224 1706073 1706074
 1705241 1705242 0678226 1518422 1705241 1705242 3146286 0439603 0018591 0750572
 0205448 0205214 1522138 3245511
 0018591 0205214 1522138 3245511 1705241 1705242 1273937 0237881
 0332120 0011847 0011849 0678226 3146286 1705241 1705242 0439603 0868928 1706255 1706256 0243148 1550141 1882979 2587213 3274648 0681850 1550501 1706203 2349001 2697811 0369773 2603361 0018591 0740116 0868928 1706255 1706256 2827735 2981700 0681850 1550501 1706203 2349001 2697811 0243148 1550141 1882979 2587213 3274648 0681850 1550501 1706203 2349001 2697811 0740116 0868928 1706255 1706256 2827735 2981700 0681850 1550501 1706203 2349001 2697811 0243148 1550141 1882979 2587213 3274648 0681850 1550501 1706203 2349001 2697811
 0752046 1527094 0035647 0205615 0522498 0205214 1522138 3245511 1518422 0035647 0018591 0035647 0035647
 0004083 0004083 0037179 0087136 0205171 0332197 0752046 1441672 1527094 1689985 1292732 0205245 0542341 2700217 0752046 0028630 0032529 0037179 0087136 0205171 1880177
 0004793 0162326 0162327 1519249 0086860 0015295 1416886 1442449 0019425 0019904 0019425 0035647 0018591
 1883712 0004793 0162326 0162327 1519249 0237753 0449788
 0162801 0002778 0004793 0162326 0162327 0936012 1519249 1524024 0205396 1550043 1551388 0026882 0032529 1705535 0441730 0032659 0241863 0332307 1257890 1547052 0032529 0079941 0009219 0162326 0023746 0023745 0281825 0394006 1551058 0018591 0011860 0683454 0021966 0221138 1705241 1705242 0205419
 0302523 0700325 1964257 0752046 1527094 0035647 0205615 0018591 0521093 0750484 1274040 1546471 2825142 0004793 0162326 0162327 1519249 0015264 0681850 1550501 1706203 2349001 2697811 0521093 0750484 1456348 0017431 0025663 0449851 0871511 1516050 1552601
 0680240 0017431 1441672 1524063 0025663 0449851 0871511 1511726 3245479 1518422 1547282
 0002778 0936012 1524024 0028778 0332206 1533157 1706084 2828370 0017446 0205147 0021920 0439603 0243148 1550141 1882979 2587213 3274648 0681850 1550501 1706203 2349001 2697811 1705242 0282416 1561607 0039224 1706073 1706074
 0205448 1709305 2745955 0032659 0205172 0332183 0868928 1257890 1706255 1706256 0205171 1720467 0018591 0237881 0750502 1546944 0369773 2603361 0004083 0439849 0596306 0699792 0011860 1320657 0441730 0011847 0011849 0332307 1547052 0018591 0205163 0439603 1549782 1709305 2745955 0868928 1706255 1706256 0032662 0032659 0243148 1257890 1550141 1882979 2587213 3274648
 2348205 0332120 0028778 0332206 1533157 1706084 2828370 0678226 0237881 0750502 1546944 3146286 1705241 1705242 0439603 0868928 1706255 1706256 0243148 1550141 1882979 2587213 3274648 0681850 1550501 1706203 2349001 2697811 0243148 1550141 1882979 2587213 3274648 0681850 1550501 1706203 2349001 2697811 0868928 1706255 1706256 0681850 1550501 1706203 2349001 2697811 0243148 0439084 0728893 1550141 1882979 2587213 3274648 0681850 1550501 1706203 2349001 2697811 0868928 1706255 1706256 0681850 1550501 1706203 2349001 2697811 0681850 1550501 1706203 2349001 2697811 0369773 2603361
 0332185 0026882 1705285 0084821 1415629 0872184 0227525 0521447 0669372 1521761 2827422 0205396 1550043 1551388 0026882 1705285 0150312 1883351 0011860 0332281 0441730 1320657 0011847 0011849 0332307 1547052 0681850 1550501 1706203 2349001 2697811
 0018591 0015295 0441633 0032659 1257890 0015295 1553778 1561491 0243148 1550141 1882979 2587213 3274648 0681850 1550501 1706203 2349001 2697811 0019425 0019904 0019425 0019904 0018591
 1883712 0004793 0162326 0162327 1519249 1882124 0237753 0449788 0681850 1550501 1706203 2349001 2697811 1704689 0018591 3274651
 1511726 3245479 0205396 1550043 1551388 0026882 0026882 1511726 3245479 1518422 1547282
 1274040 1546471 2825142 1518422 0026882 1705285 0332281 0035647 0205217 0442805 0011860 1320657 0441730 0011847 0011849 0332307 1547052 1883351 0002085 1704689 0018591
 0035171 0035168 0242481 1707689 2983265 0557061 2584313 1514811 1706462 0947630 1705535 0752046 0028630 0032529 0037179 0087136 0205171 0332281 1317301 0011847 0011849 0449438 0332120 1521061 0015576 1704727 0449234 1704772 1882133 0206243 0002085
 0220825 0752046 0028630 0032529 0037179 0087136 0205171 1711300 2700613 0387852 0007328 0085973 0557651 2603343
 0002778 0332257 0936012 1524024 3538986 0752046 0028630 0032529 0037179 0087136 0205171 0150312 1883351 0332281 1711254 0370003 2347026 0752046 0028630 0032529 0037179 0087136 0205171 0150312 1883351 0205171 0332281 1711254 1720467 0370003 0752046 0028630 0032529 0037179 0087136 0205171 0150312 1883351 0205171 0332281 1720467 0370003
 1274040 1546471 2825142

 1441672 0023882 0700321 2700395 0332120 0752046 0028630 0032529 0039224 1706073 1706074
 0023746 0023745 0281825 0394006 0678594 0028778 0332206 1533157 0034865 0086972 0443299 0687118 0017446 0205147 0752046 0028630 0032529 0037179 0087136 0205171 0205452 1704788 3539106
 0023746 0023745 0281825 0394006 0678594 1709908 0024028 0684224 0700287 3496591

 1273517 0023746 0023745 0281825 0394006 0678594 1883351 0181090 0302614 1706050 0002778 0936012 1524024
 0002778 0936012 1524024 0023746 0023745 0028778 0281825 0332206 0394006 1533157 1706084 2828370 0033413 0017446 0086860 0205147 0039224 1706073 1706074 0018591 0011860 0332281 0441730 1171304 1320657 0011847 0011849 0035647 0332307 1547052
 0018591 0018591 0205214 1522138 3245511 1708726
 1547282 1521798 0002778 0936012 1524024
 1553778 1561491 0521093 0750484 0017431 1516050 1552601 1708726 2349182 0018591 1518422 0678226 0743559 0750572 1285573 1608199 3146286
 0743559 1608199 0332149 1705910 2362652 0376691 3484370 0449820 0440015 0877851 0939896 1093500 1256220 1518422 1516050
 1280903 1708698 1883351 0917903 1516050 2349182 1511726 3245479 1518422 1547282
 1552616 1706244 0027361 0237401 0035647 0018591 0039224 1706073 1706074 2348609 1547282 0470187 1522486
 0033204 0018591 0679006 1292769 1516050 1552601 1947967 0018591 0033204 0018591 1384585 1419693 1539372 0021920 0018591
 1883712 1441672 0042295 1709380 1518422 0750572 1524063 0449820 0086792 0009452 0449820 0332272 0558058 1880177 1705241 1705242 0868928 1706255 1706256 0243148 1550141 1882979 2587213 3274648 0681850 1550501 1706203 2349001 2697811
 0000936 2981153 0449820 0205171 0439044 0679994 1518422 0392747 0459471 3173575
 0015295 1416886 1442449 0033413 0017446 0086860 0205147 0004793 0027361 0162326 0162327 0237401 1519249 0206243 0018591 0035647
 0026882 0032529 0205396 1550043 1551388 1705535 0004083 1518422 0205245 0542341 2700217 0013126 0026882
 0018591 1881865 0018591 0205214 1522138 3245511 1708726 1518422 0332281 0035647 0205217 0442805 0453882 0004379 0004083 0031437 1285572 0678226 0205419 0439064 3146286 0043227 0205195 1947911
 0028778 0332206 1533157 1706084 2828370 0180153 0439844 0017428 0017446 0205147 0887950 0021920 0039224 1706073 1706074 0018591 0332281 0035647 0205216 0392756 0442797 0011860 1320657 0441730 0011847 0011849 0332307 1547052 0237881 0750502 1546944 0369773 2603361
 0026882 1705285 0332185 0205396 1550043 1551388 0004793 0162326 0162327 1519249 0015295 0027361 0237401 0206243 0018591
 0026882 1705285 1518422 0150312 0243148 0449450 1550141 1882979 2587213 3274648 0370003 2347026 1704689 0018591
 0026882 0205396 1550043 1551388 0004083 1551359 2741673 2981730 0205195 1947911 1514873 1883351 1545588

 0332185 1705535 0079941 0009219 0017446 0205147 0084821 1415629 0872184 0227525 0521447 0669372 1521761 2827422
 0752046 0028630 0032529 0037179 0087136 0205171 0018591 1518422 0557651 2603343 0017431
 1273517 1517495 0678594 0181090 0302614 1706050 0002778 0936012 1524024
 0439603 1524063 0752046 0028630 0032529 0037179 0087136 0205171 1711300 2700613 0028778 0332206 1533157 0017446 0205147 0028778 0332206 1533157
 0002778 0936012 1524024 0332257 3538986 0752046 0028630 0032529 0037179 0087136 0205171 0205450 0205452 0750572 0018591 1524063 0752046 0028630 0032529 0037179 0087136 0205171
 0002778 0936012 1524024 0205396 1550043 1551388 0018591 1709908 0684224 0700287 3496591
 0018591 0456148 0549184 0332281 1709380 0042295 1514721 2348147 3542016 0282416 1561607 1880496 1511726 3245479 1518422 1547282
 0752046 0028630 0032529 0037179 0087136 0205171 1518422 1883351 0032214 0600138 0035820 1705810 2348561 0032659 0557651 1257890 2603343 0947630 1441672 1711254 0022422 0178443 0015576 1704727
 0543488 1883351 1316572 1317574 1369612 1441672 0332120 0012655 0220898 1264642 1547045 0011860 1335281 0017337 1521061
 1274040 1546471 2825142 1705535 1171304 0035647 0011860 1320657 0084821 1415629 0872184 0332281 0227525 0521447 0669372 1521761 2827422 0032659 1257890
 2986490 0022885 0039593 0392366 1280500
 0018591 0205171 1720467 0868928 1441672 1706255 1706256 0681850 1550501 1706203 2349001 2697811 1705535 1825598 0205360 2347098
 1707478 0084821 1415629 0872184 0679688 0018591 0227525 0521447 0669372 1521761 2827422 0013113
 1316572 1317574 1369612 0231174 0680095 0205173 0205341 1883725 0332120 1709908 0684224 0700287 3496591

 0678226 0814897 0032863 0038215 0332268 2987476 3146286
 0032662 0872128 0032659 0243148 1257890 1550141 1882979 2587213 3274648 0032863 0442726 0028873 0444499 0369773 0456603 1547037 2603361
 0028873 0456603 1547037 0441994 1548802 2003888 0557651 2603343 1518422 0032863 0442726 0004083 0439849 0596306 0699792
 1883712 1316572 1317574 1369612 2348561 0032659 0557651 1257890 2603343 1552738 0332529 0868928 1706255 1706256 0681850 1550501 1706203 2349001 2697811 0221786 0007457 0043157 0445356 0596070 1704623 0011900 1704338 1704656 0011860 1320657 0441730 0011847 0011849 0332307 1547052 0022661 2316810 0243083 0679247 0022658 0205088 0012634 0022646 0205390 0444930 1300072 1306673 2746065
 0032659 1257890 0557651 2603343
 0015576 1704727
 0015576 1704727 1705242
 0750558 1710571 0002085 0084821 1415629 1441672

 1545588 0022661 2316810 0678236 0521114 0522498 1514917
 1707455 1511726 3245479 1518422 1547282 1518422 1947931 1705535
 0282416 1561607 1274040 1546471 2825142 0684224 0700287 3496591 0205195 1947911 0002778 0936012 1524024 1335056 1335281 1274040 1546471 2825142

 0332290 0017337 0011860 0441730 1320657 0011847 0011849 0332307 1547052 1880177 0017337 0001721 0035647 0032659 1257890
 0183683 1521721 0011318 1549838
 1546922 1706499 1533716 0003617 0150312 1269000 1555015 1522486
 0282413 3273171 0686900 1272683 1522634
 1704729 0013227 0025118 0036375 0041740 0086312 0442696 0585034 0565990 1552471 0027964 0028407 0067895
 0013849 1705961 0024492 1538057 1547565 0059804 0034036 0034037 1514756 1704324 0348078 0376315 1272684 1522492 1527075 1548435 0022661 2316810 0679247 0022658 0205088 0012634 0022646 0205390 0444930 1300072 1306673 2746065 0022661 2316810 0679247 0022658 0205088 0012634 0022646 0205390 0444930 1300072 1306673 2746065
 0872184 0521447 1521761 2827422
 0023746 0023745 0281825 0394006 0023746 0023745 0281825 0394006
 0752046 1527094 0752046 0028630 0032529 0037179 0087136 0205171 1882417 1514811 1706462 0035171 0035168 0242481 1707689 2983265 0557061 2584313 1514811 1706462 0369637 0441923 0005005 0439267 0023745 0008643 0008663 0008633 0086418 0011860 3273872 0037047 1709450 0019664 0019665 0262512 0262926 1705255 2004062 0011881 1442864 0022658 0241863
 0000857 0600678 1552863 0369637 0441923 0268060 1415529 2945617 1708726 0008643 2599609 0008633 0086418 0392752 1521048
 0000857 0600678 1552863 0033727 0369286 0441932 0564385 1520135 1552154 0016327 0439133 1553038 1708726 0011860 2984301 1320657 0011849 0441730 0011847 0332307 1547052 0814036 2599609 0008633 0024779 0026045 1521048 1706473 0205107
 2951520 0228339 1424729 1858854 2347167 1708595 3280986 0597277 1708601 0439267 0205090 0684010 2603358 0369637 0441923
 0011860 1320657 0441730 0011847 0011849 0332307 1547052 0332120 0008663 0008633 0037047 1709450
 0006100 1537501 1552154 1517519 0017428 0034606 0441633 2338314 2826292 0032659 1257890
 0039725 0039738 1420718 0439267 2700323 0369637 0441923 1552603 1706202 1551910
 0025141 0597277 1708601 0597277 1708601 0597277 1708601 1552603 1706202 0037047 1709450 0521093 0750484 1456348 0919453 0017337 1520622 1521048 1708726
 0597277 1708601 0033727 0369286 0441932 0564385 0027971 0369637 0441923 3539617 0596611 0026882 0011860 0011847 0011849 0332162 0449989 0700597 0332239 1852093
 0025141 3540627 1708595 3280986
 1420639 0680022 2698041
 0000857 0600678 1552863 0369637 0441923 0036243 1539696 1825840 3539736 0342276 2984262 0011860 0011847 0011849 0332162 0449989 0700597 1852093 0040648 0017262 0185117 0178666 0005528 0017725 1317949 1514873 3495449 0025519 0025520
 0033727 0369286 0441932 0564385 0597277 1708601 0369637 0441923 0145779 3540468 0036154 0314621 0086860 0522505 2986575 0040648 0040649 1521761 2827422 0342276 2984262 0011860 0011847 0011849 0332162 0332239 0449989 0700597 1314939
 0369637 0441923 0678662
 0016327 0439133 1553038 0597298 1415629 1565829 0084821 0086860 0030281 0427861 0007634 0030274 0086418 0330390 0439096 2004068 3282337 0015272 3245505 0013126 0597298
 3540510 0002778 0936012 1524024 0030705
 0025141 0796358 0085801 0683941 0002778 0936012 1524024
 0025141 0597277 1708601 1366480 1416656 0439267 1418867 1518860 1552158 2347167 0039462 1705540 3540639 2951520 0369637 0441923 0042333 0205419 0012655 0220898 1264642 1547045
 0023746 0023745 0281825 0394006 0558269 1552984 0006100 1537501 0032529 1882417 0017337 0084821 1415629 0872184 1521048 0011860 0332281 0441730 1320657 0011847 0011849 0332307 1547052 0700364 1883351 0332120 1880177 0023745 0032659 1257890
 0033727 0369286 0441932 0564385 0005005 0796345 0002778 0023745 0936012 1524024 0003018 0004457 0035094 0035100 0999597 1419338 1522496 0022661 2316810 0679247 0022658 0205088 0699749 0012634 0022646 0205390 0444930 1300072 1306673 2746065
 0000857 0600678 1552863 0033727 0369286 0441932 0564385 0005005 0796345 0085801 0679560 0796344 0002778 0936012 1524024 0022661 2316810 0679247 0022658 0205088 0699749 0012634 0022646 0205390 0444930 1300072 1306673 2746065
 0025141 0033727 0369286 0441932 0564385 0005005 0242954 0020792 0205396 0220825 1261322 0022661 2316810 0679247 0022658 0205088 0012634 0022646 0205390 0444930 1300072 1306673 2746065
 0033727 0369286 0441932 0564385 1517495 0314607 0678594 0020792 0205396 0002778 0936012 1524024 0022661 2316810
 0025141 0033727 0369286 0441932 0564385 0004684 1412800 2986890 0679560 0796344 0002778 0936012 1524024 0079284 0022661 2316810
 0033727 0369286 0441932 0564385 0004684 1412800 2986890 0019409 0008643 0008652 0008633 0086418
 0025141 0439090 1423767 3540510 0036154 0205419 0678594 1511978 0004083 0439849 0596306 0699792 0022661 2316810 0017258 1555715 1704332 1708431 0314604
 0025141 0012836 0011198 0017480 3541240 2951520 0237855 0237856 0022885 0392366 0599883 1427926 0018591 0205390 1549102 3539086
 0025141 0439090 1423767 1707455 2986798 0002778 0936012 1524024
 0021966 0221138 1538326 3541325 1836672 0242397 0035978 2700310 0230613 0027971 2717881 0035171 2985227 0557651 2603343 0035820 1705810 0007613 0030281 0007634 0031843 0330390 0439096 0542341 0700205 1269647 1314939 1704653 1705273 1948049 2004068 0021641 0441472 1533581 1579433 3266814
 0025141 0597277 1708601 0596611 0026882 1705285 0026882 1705285 0011860 2984301 0011849 0332281 0441730 1320657 0011847 0205087 0332162 0332307 1547052 0681850 1550501 1706203 2349001 2697811
 0025141 0023031 0004083 0439849 0596306 0699792 0011860 1320657 0441730 0011847 0011849 0332307 1547052
 1420098 0022337 0036154 3540639 0004083 0439849 0596306 0699792 0079809 1879489 1326961 0019868 0019576 0086409 0596070 0199236 0557651 2603343
 1552950 0814812 0814812
 0000857 0600678 1552863 1527021 1554111 1705606 3541382 0003617 1269000 0239110 1706852 0239110 1705565 1947976 0687676 1704687 0557854 0013849 1705961 1706852 0282420 1706852 1138432 0239110 0162443 0205314 0033213 1706387 1706852
 0369637 0441923
 1706852

 1706852
 0369637 0441923
 1706852

 0039224 1706073 1706074 1947933 0282425