 0010813 0596311 1330957 0623362 0025543 1704640 1706515 0037173 0234857 0037173 0234857 0562547 3160718 1555430
 0220853 0205090 0684010 2603358
 1704729 0005532 1704729 0557806 0041740 0022771 1704729 0557806 0041740 0022771 0036375 2717958 0014279 0557806 0041740 3245503 0022771 0022877 3244292 0027910 1552241 1555991 0041740 0027976 0205314 0027976 0205314 0034036 0034037 1514756 1704324 0348078 0376315 1515981 1522492 1527075
 1514811 1706462 0165073 0449432 1705248 0348078 0376315 1522492 0030567 0752347 0085200 0242821 1995017 0031843 0542341 0700205 1705273 0035820 1705810 0205169 0162340
 0150312 0449450 0557651 2603343 0332128 2700217 0439849 1705630 1706279 3540605 0348078 0376315 0027819 0700095 3540583 0369718 0441922 1553036 0007600 0007634 0205132 1269647 1550648 1552960 1704653 1948049
 0369718 0441922 1553036 0007634 3282337 0165073 0010454 0009458 0010453 0162867 0220814 0430400 0521119 1254021 1327616 2242979 0007620 0007634 0237881 0392756 0443348 0547047 0750502 1269647 1546944 1704653 1948049
 1883712 0007634 3282337 0015127 1524003 0165073 0868946 0332255 1708096 0456389 2348205 0165073 3146294 0623362 0025543 1704640 1706515 0021135 1533691 2827718
 0348078 0376315 0623362 0025543 1704640 1706515 0165073 0205242 0333853 0164371 0205393 0623362 0919336 0037813 0037812 0002778 0936012 1524024 1547282 0165073 1707271 0205088 0205242 0333853 0444930 1705314 1705315 2746065 0205145 0449432 1705248 0004793 0162326 0162327 1519249
 0205266 0348078 0376315 1522492 1554187 1707455 0165073 0332255 0392148 0486805 0597304 1947941 0205418 1547282 0600688 1280500 1407029 2348382
 0456949 0441889 0150312 1883351 0205217 0442805 0030567 0678910 1521736 2681933 0006111 0683033 0684309 1882598 0006104 0012634 0034693 0034721 1269537 3161035 0021485 0205795 1272883 1533685 1828121 0038590 1269578
 0150312 0449450 0557651 2603343 1705535 1327616 0165073 0164371 0623362 0919336 1522240 1879547
 0557061 2584313 1514811 1706462 0030567 1521736 2681933 0012634 0030567 1521736 2681933 0012634 2827734 2981698 0011164 0205329 1880022 1880269 2754100 0011065 1306577 0038590 1269578 0205708 0010834 0392148 0521449 1515981 1512693 0085200 0205309 0242821 1995017
 1705535 0165073 0032214 0600138 0035820 1705810 2827734 2981698 0740116 2827735 2981700
 0085200 0242821 1995017 0032521 1881534 0439086 2827736 2981702 1512693 0205397 0752347 0085200 0012634 0205219 0242821 0460148 1268086 0037019 0393571 0333641 0439064 0449913 1553451 1704459
 1883712 0162735 0596611 0026882 1552961 2347617 0814120 0030567 0332281 1521736 1833334 2681933 0243083 0277558 0277793 0679245 0012634 0015576 0241888 0332162 1279919 0439084 0728893
 0392747 0443172 0086739 0027746 1709305 2745955
 0243125 0699900 0332298 0623362 0025543 1704640 1706515 2587213 0623362 0025543 1704640 1706515 0015576 1704727 0025255 0332297 0596901 1145667 1167622 1689898 1706182 2349209 0030946
 1705535 0623362 0025543 1704640 1706515 0032214 0600138 0035820 1705810 0524851 1522560 0008679 0012634 0002395 1521724 0012634 0026769 1417325 0036429 0439064
 0442808 0332120 1705535 0311404 3263722 3263723 0524851 1522560 0012634 0543483 0699748 0332257 0030567 1521736 2681933 0012634
 1707959 0332120 3263722 3263723 0030567 1521736 2681933 0012634 2349975
 0242606 0038435 0311404 0205309 1883351 1521970 1706388 2346469 2348519 0332621 0439168 0162574 0205179 0348078 0376315 0444930 0598528 1441672 1514468 1522492 2746065 0085200 0242821 1995017 0040223 3541383 0031437 1285572 0332120
 1883712 0086272 0683033 0684309 3161035 1547282 0441889 0027746 0011164 1880269
 0686907 1879547 1883254 0004112 0206116 0027882
 0185117 0010957 0521390 1274040 1546471 1883709 2825142
 0332120 1705535 0623362 0025543 1704640 1706515 0030567 1521736 2681933 0012634 0543483 0699748 1314939
 0205177 0439167 0441655 1561536 0079189 1524094 0028128 0030015 2986642 0162772 0030054 0205332 1705920 0870883 2698672 0450348 0030567 1521736 2681933 0012634 0031847 0277785
 1512571 1527178 1705938 0079411 3146294 1150224 0205177 0439167 0441655 1561536 0010957 1883709 1363844 0030567 1521736 2681933 0012634 1883351 0623362 0025543 1704640 1706515 0030567 1521736 2681933 0012634 0031847 0277785 1314939
 0007634 0178539 0031843 0542341 0700205 1705273 0165073 0205169 0205309
 0033684 0150312 1883351 0206181 0205088 1705314 1705315 0039869 1883351 0032214 0600138 0035820 1705810
 2982836 0165073 0032214 0600138 1705810 0035820 0007610 0015352 1883067 1515981 1709694
 0150312 0449450 0557651 2603343 0332128 0033684 1327616 0815000 0427861 1512035 0007634 0027819 0086418 0282151 0700095 1269647 1704653 1948049 3540583 0369718 0441922 1553036 0205132 1550648 1552960
 1516084 1883351 0332255 0486805 0015352 0150312 0449450 0521119 1883067 2700217 0439849 1705630 1706279 3540605 0165073
 0040223 0205435 1279901 1547282 3541383 1327616 0165073 0164371 0623362 0919336 1522240 1879547 1292856 1948023 1512035 0007634 3282337 0028128 0030015 2986642
 0557061 2584313 1514811 1706462 0229671 1546774 1550100 0009458 0325564 0392747 0439536 1551720 1705217 3244283 0030842 0220892 0038425 0869011 1513016 1301820
 0164371 0623362 0919336 0003241 0022877 0869011 1160185 3244292
 0032136 1273517 1883351 0165073 1883559 0205090 0684010 1999230 2603358
 0022886 1552406 3242770 0022877 3244292
 1883351 1521827 0165073 0033684 0869011 0022771 1998793 1552738 0023866 0034036
 0220806 0869011 1719918
 0007585 0007634 0010453 0220814 0430400 1269647 1704653 1948049 2242979 0369718 0441922 1553036 0007634 3282337 0010454 0009458 0325564 0392747 0439536 1551720 1705217 3244283 0010453 0220814 0430400 2242979 0332256 2700400 0229671 0230445 1305418 1546774 1550100 1314677
 0007634 3282337 0599566 0086022 0185117 0440102 0442335 1524063 0034760 0302828 1442085 3263700
 1265611 0681814 1706386 0456081 1524063 0012854
 0007634 3282337 0010453 0220814 0430400 2242979 0033727 0369286 0441932 0564385 0040669 0021069 0332282 1273517 0949466 0005863 0002778 0936012 1524024 1705493 0681814
 1261322 1516048 0884358 1524063 0449341 0025663 0449851 0871511
 0439268 1635169 0439086 2827736 2981702 0740116 2827735 2981700 0006222 0647210 0005971 0205170 1139930 1524062 3146287 3537155 0009458 0439536 1705217 3244283 0442504 1704765 1882509 3496241
 0011744 0332256 2700400 0012426 1524062
 1439852 0034760 0439164 1268822 0178587 0042789 2707266 0312860 0444706 3541902 1524063 1514743 1706461 0014441 0025080 0220819 0699733 1524063 0006353
 0871424 0002778 0936012 1524024 0018896 0205197 0449435 1709697 2728259 3484370 3540469 0009622 0178566
 1511726 3245479 1709320 0002780 0002778 0205447 0936012 1524024 1711260 2348152 1707455 1550369 0884358 1704970 2348149 2828391 0444504
 0443286 1114821 1704970
 1524062 1550101 0205091 1552822 1883351 0456692 0596013 0702093 1704644 0001128 0202406 0015091 1524062
 0456693 1442458 0702093 1268822 2825050 0444706 3541902 1524063 0183400
 1268822 2825050 0037532 0028137 0037473 0037633 0597484 1384115 1442989 1707455 2828392
 1514534 0002778 0936012 1524024 0301633 2700094 0030695 0150369 0181904 0596972 1521743 1704646 0016315
 0332282 0041609 0456692 0702093 0849355 1883720 3244314 0033684 0205387 0079613 0205099 1184743 1522240 0165073 2348236 0005903 0039476 1439852 1547703 0040822
 0301633 2700094 0033684 0332621 0439168 0015127 1524003 0332128 1268822 2825050 0312860
 0439792 0018563 1281583 1552914 0076466 0016315 0220825 0243122 0950261 1145667 1167622
 1510844 0076466 1440942 0205195 0369637 0441923 0950261 0017890 0522461 0020283 0450407 0450408 0450409 0449468 1690016 1705102 2700258 0868928 1706255 1706256 0016315 0312860 0444706 3541902 0549255 0182258 1514743 1706461 0348000
 0700364 0262880 0181845 0013852 0040722 0181839 0242781 0332128 1521797 1706379 3463986
 1510844 2348935 0007009 0009968 1415284 1522408 2347872 2348263 2348395 2825313 0181805 1135584 1552983 1301862 0001861 0702093 1512080 2827485 3536832
 0085194 0205160 0487602 1513916 1704680 2825415 2825491 0077854 0000975 0702093 0205418 0181845 0013852 0181839 1441672 1706379 3463986
 0455052 1521827 0172537 1334522 2698024 0007382 0033382 0086418 0623362 0919336 1514798 2987124 3494245 0007634 3282337 0009450 0079005 0935640 0684296 0008552 0008550 0017237 0036681 1145617 1185738 1706132 1998793 1552738 0450355
 0006556 0009013 0079005 0935640 1524063 1511040 0449913 1553451 1704459
 0185117 0243114 1998793 1550369 0025663 0445247 0449851 0871511 0884358 0526871 0172537 1334522 2698024 0104281 0033382 0623362 0919336 2987124
 0127082 1417199 2698023 0033382 0623362 0919336 2987124 0164371 0033382 0623362 0919336 2987124 0029016 0869011
 0007382 1880389 1883221 3541951 0332256 2700400 0025646 0162330 1415522 0019602 0007637 0242821 0460148 1268086 1512693 0014834 0014833
 0600499 1880389 1883221 3541951 0671550 0623362 0919336 1301820 1305923 1514798
 0600499 1880389 1883221 3541951 0600499 0007382 1521827 1880389 1883221 3541951 0007637 0242821 0460148 1268086 1512693 0014834 0439509
 0010813 0596311 1330957 0439267 0165073 0623362 0025543 0086045 0440102 1439852 1704640 1706515 0872291 0040223 0440102 1272706 1515981 3541383 0006353 1882074 0020283 0450407 0450408 0450409 0037494 1959973 0078774
 0443286 1114821 0006353 0370003 1553404 1883712 2347026 2348570 0443286 1114821 1514468 0600209 1704732 0681850 1550501 1706203 2349001 2697811
 1148554 0004793 0162326 0162327 1519249 1706793 0002520 0001128 0205242 0333853 0439962 0600209 0041175 0077068 0077281 0086972 0443299 0687118 0814229 1704732 0332283 0025255 0596901 1706182 0179586 1657858 1706092 0020283 0450407 0450408 0450409 0332256 2700400 0001963
 0033684 0234621 0487602 1704680 0056271 0056270 0056269 0054051 0205090 0684010 1260957 2603358 0175723 0000925 0439787 0849355 1883724 0243125 0699900 0004793 0162326 0162327 1519249 1524063 3166866 0041740
 1883351 3152252 0577559 1306372 0205242 0333853 0439962 2700095 0036588 0184967 1551994 2828386 3244295 0179630 0033684
 0037633 0525069 1273517 1883351 0441648 0449432 0033684 0439294 0001128 0202406 0439269 0439526 1960952 2346927 0040982 0001128 0202406 1549535 0050456
 1518101 0005971 0039685 0282597 0370003 1139930 1825291 2347026 2348791 3537155 1880359
 0370003 2347026 0683607 2348236 0001861 0005903 0011682 0039476 0205222 1512080 1547703 3536832 1883708 1518101 0002778 0039685 0282597 0936012 1524024 1825291 2348791 0681850 1550501 1706203 2349001 2697811
 0002778 0936012 1524024 0183396 1518101 0011198 0017480 0039685 0183395 0282597 0577559 0884358 1306372 1710143 1825291 2348791 3152252 3541240 1513371 1705738 2347637 2348146 1524063 1955850 0023089 0458142 1023865 1706315 0312860
 0037813 0577559 1306372 3152252 1883073 2827424 0022023 0439178 1446409 1513371 1514241 1516695 1516698 1700702 1705738 2347637 2348146 2825490 1524063 0598352 0205421
 0598352 0522510 0036849 1442518 1705195 0740116 2827735 2981700
 0037813 0577559 1306372 1883073 2827424 3152252 1516695 1516698 1882932 1515051 1456647
 0010749 0010754 0653778 1153524 1426584 0010798 1325304 0003641 0205102 1273517 1553872 1619620
 0332255 1708096 0444504 2347634 2348143 0871420 0012727 0205419 1442989 1705236 2828392 0085862 0205452 0681814 1299583
 3152252 0577559 1306372 1524063 1709697 2728259 3484370
 0599161 0032520 0677874 0005863 0949466 0442726 1622984 0220781 1883254 0599161 0032520 0677874 0206415 0439084 0728893 0206415 0439084 0728893 0164371 0623362 0919336 1883254
 0949466 0005863 0002778 0936012 1524024 1705493 0007634 3282337 0006353 0024348 1536403 0332256 2700400 1882074 0020283 0450407 0450408 0450409 0037494 1959973 0013714 0017861 0146951 0133689 0242759 0031493 0016327 0003641 0064858 0037508 1366571 1705592
 1883708 0007592 2828366 0600209 1514893 1704732 2699488 0025255 0348011 0596901 0600190 1706182
 0233660 0332206 0025255 0003241 0021027 1439852 0003241 0021027 0027021 0027627 0031179 0175668 0205436 0522529 1318719 1439852 0175723 0024100 0034760 0234621 2349975 0005526 0036397 0376558
 0370003 2347026 0006353 0231441 0282083 0369637 0441923 0443218 2827483 2678549 1882074 0020283 0450407 0450408 0450409 0332257 0017814 0070066 0006353 0282083 0369637 0441923 1548982
 0370003 2347026 0231441 0443218 0687676 1704687 2827483 0006353 0011744 0033727 0369286 0441932 0564385
 0370003 2347026 0006353 0282083 1548982 0456692 0702093
 0441648 0370003 2347026 0001962 0011175 0072229 0030015 0072221 1439852 2986642 0456692 0702093
 0439962 0003030 0003030 0740116 2827735 2981700 0031428 0070570 1521827 0370003 2347026 0205155 1293097 1522472 1552923 1705191 1524063 0332283 0205173 0487602 1704680 1705764 1705765 0077854 0000975 0008857 0376259
 0370003 2347026 0678118 0026019 2984656 0013852 0026018 0040722 0242781 1441672 1521797 3463986
 0543467 0184661 1948041 2700391 3274430 3538935 3539779 0205664 0003062 0681814 0205540 2699414 1947933 1524063 0042153 0457083 1947944 0041740
 0003062 1947933 0181090 0302614 1706050 0205664 0003062 0681814 0025118 0000876 0036397 0205476 1556095 0868955 0332290 1947933 1524063 0042153 0457083 1947944 0441792
 0034715 2699239 0034693 0034721 1305866 0439267 1273517
 0020056 0337189 0332256 2700400 0003062 2718082 0023693 0332582 1306462 1511572 1881376 0444454 1554204 0016452 0043047 0599638 1550678
 0034693 0034721 0008161 1300563 0439267 0442120
 0038894 0038895 0543467 0205795 0085196 1719918 0036082 1549535 0332256 2700400 0003968 0001128 0202406 0020746 0333118 1550583 0023693 1306462 1881376
 0085196 1720154 0205449 1705242 1552961 2347617 2326039 0010097 0162512 2827734 2981698
 0740116 2827735 2981700
 0439086 2827736 2981702 0004170 0004171 2652343 3476816
 0205174 0021485 1533685 1828121 1521827 0332256 2700400 3274421 0439267 2348935 1521801 1524063 0520453 1706091 3463845 0036572 0424576 2349186 0871208 1521828 0702093
 0205197 1554962 0021485 1272883 1533685 1828121 0027551 1704318 1882041 0205091 0442504 1552822 1704765 1882509 3496241 0702093 0439834 1883708 0424092 2349954 2825032
 0200728 0455052 1521827 0221198 1546698 0003062 0008161 0003956 1269009 0003483 0205385 1278934 1547175 1962987 0036082 0332283 0070066 0991865 0006353 0031603 0031701 1601799 2678549 1882074 0020283 0450407 0450408 0450409
 0006104 1269537 0849355 0231441 0332173 0439228 0439505 0443218 0687676 1704687 2827483 0037633 0525069
 0006104 1269537 0011175 0038636 1161331 0991865 0006353 0031603 0031701 1601799 0439228 0205155 1293097 1522472 1552923 1705191
 0205549 2348044 0205123 0205155 1293097 1522472 1552923 1705191 0000925 0016701 0181856 0700320 1883724
 0557061 2584313 1514811 1706462 0165073 0015127 1524003 0220781 0439634 1522492 0332128 0165073 0682523 0007600 0815000 0427861 1512035 0007634 0027819 0086418 0205132 0282151 0700095 1269647 1550648 1552960 1704653 1948049 3540583 0369718 0441922 1553036
 1881488 0007634 1514485 3282337 0392148 0949466 0005863 0002778 0936012 1524024 1705493 1524063 0003241
 0349966 1337208 1547282
 0450344 1553633 0165073 0369718 0441922 1553036 0007634 3282337 0205251 1299352 1550472 0442726 1511790
 0007634 3282337 0032136 0165073 1547699 2700640 0033684 0007634 3282337 0007634 0243148 0562577 1550141 1707455 1882979 2587213 3274648 3282337 0450344 1553633
 0596973 0220781 0439634 1522492 1441672 0450344 1553633
 0175631 2827662 1547282 0520511 1704711 0165073 1515187 0348078 0376315 1522492 0010834 0450344 1553633
 0332282 0040669 0007634 3282337 0007620 0443348 0033727 0369286 0441932 0444706 0564385 3541902 0449341 0025663 0449851 0871511
 0349966 1337208 1547282
 0450345 0165073 0205216 0392756 0442797 0007620 0007634 0443348 1269647 1704653 1948049 0369718 0441922 1553036 0007634 3282337
 1547282 1883712 0165073 1333887 1333888 2754100 0007587 0007634 0011065 0023175 0181586 0521390 1269647 1306577 1442948 1522538 1704653 1948049 2348269 3275067 1274040 1546471 2825142 0700364 1883351 0332281 0165073 0220781 0439178 0439634 1446409 1514241 1522492 2825490 0449432 0030567 1521736 2681933 0012634 0030705 0150312
 0036536 0036537 0027819 0282151 0700095 3540583 0369718 0441922 1553036 1292732 0165073 0015352 0521119 1327616 1883067 0369718 0441922 1553036 0007634 3282337 0032136 0165073 0165073 0949466 0005863 0002778 0332128 0936012 1524024 1705493
 0349966 1337208 1547282
 0010834 0150312 0165073 0010454 0009458 0010453 0162867 0220814 0430400 0442726 0521119 1254021 1511790 2242979 0033727 0369286 0441932 0564385 0040669 1705535 0036536 0036537 1709305 2745955
 0079411 3146294 2348205 1440087 0333463 2936349 0002723 0002716 0011389 0011560 0332461 0449432 0611285 1441672 1518422 1705248 1518422 1441672 1514485 0369718 0441922 1553036 0007634 3282337
 0449911 0333052 2607870 0557702 1272706 1704674 0557702 1272706 1704674 0349966 1337208
 2827734 2981698
 0165073 0015127 1314792 1524003 0007587 0007634 0011065 1269647 1306577 1704653 1948049 0369718 0441922 1553036 0007634 3282337
 0007634 3282337 0562577 1553033 0032136 0165073 0439267 1547699 2700640 1444656
 0033727 0369286 0441932 0564385 0165073 0205396 1550043 1551388 1524063 0005863 0002778 0936012 1524024 0003241 0021027
 2347469 0032136 0369718 0441922 1553036 0007634 3282337 0007620 0007634 0443348 1269647 1704653 1948049 0444706 3541902 1524063 2986858 0005507 0243073 1510438 0369773 2603361 0562577
 1883712 0165073 0332472 1327616 1881708 1274040 1546471 2825142 0623362 0025543 1704640 1706515 0369718 0441922 1553036 0442808 0332120 1705535 3263722 3263723 0524851 1522560 0012634 0543483 0699748 0332257 0030567 1521736 2681933 0012634 1328815 0205263 0311404 3263722 3263723 0332281 0220781 0439634 1522492 1521970
 0205156 1527178 1552607 1705938 2607943 2926606 3539655 0205117 0332282 1883708 0332128 0079411 3146294 0001721 0165073 0369718 0441922 1553036 0007634 3282337 0441712 1706376 0165073 1515187 0442504 1704765 1882509 3496241 1883351 1709305 2745955
 1883351 1516048 0079411 3146294 0220781 0439634 1522492 1298908 1549444 1514468 1704444 1516048 0021966 0221138
 0040669 0165073 0369718 0441922 1553036 0007634 3282337 0007452 0015965 0205272 0229671 0521457 1140701 1546774 1550100 3146294 0028137 1384115 1265611 1554108 1561573 0444706 3541902 0587267
 1979874 0039798 0087111 1522326 1533734 1705169 3538994 0013018 0040288 1527169 0815304 0028137 0220781 0332302 0332462 0439634 0442805 1384115 1522492 1880834
 0013018 1527169 0037533 0009458 0162867 1254021 1524062 0033727 0205091 0369286 0441932 0564385 1552822 0220781 0439634 1522492 0205217 0442805 0332462 1880834 1517001 0021966 0221138
 0449911 0039224 1706073 1706074 0557702 1272706 1704674 0557702 1272706 1704674 1280500 2348382 0220781 0439634 1522492 0369718 0441922 1553036 0007634 3282337 0439267 0165073 0165073 0033727 0369286 0441932 0564385 0369718 0441922 1553036 0007634 3282337 0332155 0013018 0040288 0369637 0441923 1527169 1948023 0815304 0037533 1444656
 1265611 1550101 1524063 0025663 0449851 0871511 0025664 0184661 1517586 1552738 2700391 0042295 1444656
 0369718 0441922 1553036
 0449911 0333052 2607870 0557702 1272706 1704674 0557702 1272706 1704674 0349966 1337208
 0740116 2827735 2981700
 0036536 0036537 0165073 0871261 1704632 1706817 2911692 0013018 1527169
 0369718 0441922 1553036 0007634 3282337 0032136 0165073 0439267 1547699 2700640 0040223 1632851 0010454 0009458 0010453 0220814 0430400 0439536 1705217 2242979 3244283 1512335 1880165
 0165073 0220781 0439634 1522492 0009458 0162867 1254021 0949466 0005863 0002778 0205396 0936012 1524024 1550043 1551388 1705493
 2347469 0205369 0369718 0441922 1553036 0007634 3282337 0562577 0032136 0165073 0439267 1547699 2700640 0033727 0369286 0441932 0564385
 0007634 3282337 1513016 0127082 1418486 1418824 0623362 0919336 1999216 0033727 0369286 0441932 0564385 0369637 0441923 0815304 1948023 0033727 0369286 0441932 0564385 1444656
 0009458 0162867 1254021 0205409 1548221 1880165 0033684 0600209 0086972 0443299 0687118 1704732 0332283 0020985 0003241
 0369718 0441922 1553036 0007634 3282337 0032136 0165073 0439267 0033727 0369286 0441932 0564385 0007634 3282337 0332155 0013018 0040288 1527169 1948023 0037533 0028193 0037473 0597484 0332197 1689985 0392148 1444656
 0033727 0369286 0441932 0564385 0009458 0162867 1254021 1880165 0033684 0600209 0086972 0443299 0687118 1704732 0392148 0165073 0005863
 0332282 0040669 0369718 0441922 1553036 0007634 3282337 1883712 0442805 1274040 1546471 2825142 0521119 1327616 0441889 0165073 1707455 0007634 0243148 1550141 1882979 2587213 3274648 3282337
 0039798 0087111 1522326 1533734 1705169 3538994 0086045 1446561 0369637 0441923 3146294 0165073 0456389 1705535 0165073 0332302 0028128 0030015 0079411 0175996 0178719 2986642 3146294 0450354 1706096
 0013018 1527169 0037533 0150312 0449450 0449774 1441672 0369718 0441922 1553036 0007634 3282337 1511726 3245479 1518422 1547282
 0623362 0025543 1704640 1706515 0524851 0012634 0543483 0699748 0038454
 0037088 0243095 2825141 1515877 1879547 0165519 1334523 2698028 0623362 0919336 1660771 0162638 0332152 0521390 1522538 1314939 2754100 0007587 0007634 0011065 1269647 1306577 1704653 1948049 1515877 1879547 0623362 0025543 1704640 1706515
 1883351 0521093 0750484 1456348 1314939 0165073 0007634 3282337 1513016 0623362 1152589 0025543 1704640 1706515 1999216 0369718 0441922 0700307 1553036 0442757 0439084 0728893 2827734 2981698 0439086 2827736 2981702 1513016 0205309 0623362 0919336 1999216 0332293 0815304 1522326 1883708 0165073 1516048
 1513016 0684224 0700287 3496591 1883351 0018790 0237477 0392351 0521111 0127082 1417199 2698023 0623362 0919336 0439086 2827736 2981702 0312860 0600495 1514721 2348147 3542016
 0349966 1337208 1547282
 0450354 1706096 1550147 2709094 3539075 3539076 0028778 0332206 2983591 0165073 0623362 0025543 1704640 1706515 0032214 0600138 0035820 1705810 0369718 0441922 1553036 0007634 3282337
 0165073 0349966 1337208 1547282
 0165073 0623362 0025543 0205242 0333853 0392366 1704640 1706515 0439792
 0205543 1265611 0165073 0164371 0205242 0333853 0623362 0919336 0671550 0623362 0919336 1705175 1705176 1705177 1705178 1882348 1883708 0172537 1334522 2698024 0623362 0919336 0127082 1417199 2698023 0623362 0919336 0165519 1334523 2698028 0623362 0919336
 1883351 0022885 0039593 0392366 1280500 2348382 1880389 1883221 3541951 0164371 0623362 0919336 0165073 0165073 0332268 0019067 1415712 1880389 1883221 3541951 1707455 0450365 1706097
 0449774 0205242 0333853 1278655 0445247
 0019067 1415712 1880389 1883221 3541951 0164371 0623362 0919336 1301751 1280500 2348382
 1883351 0750572 0013682 1707455 0165073 0085201 0003592 0003591 0021966 0221138
 0085201 0003592 0021966 0221138 1179435 0449432 1705248 0205309 1883351 0205242 0333853 0164371 0442824 0623362 0919336 0166059 1417212 2698026 3273828 0623362 0919336 1881878 0623362 0919336 0127082 1417199 2698023 0623362 0750482 0919336 0165519 1334523 2698028 0623362 0919336 1518422
 0165073 0085201 0003592 0003591 0021966 0221138 0868946 0012634 0348080 1705253 0348078 0376315 0441889 2348205 0349966 1337208
 0521093 0750484 0165073 1710236 0085201 0003592 0003591 0021966 0221138
 1148554 0243125 0699900 0165073 0702093 1439852 0600499 1880389 1883221 3541951 2825550 0456603 1547037
 0165073 0442726 1511790 0332255 0486805 2347469 0175723 0332255 0486805 0073187 0175723 2348792 0040223 3541383 1552961 2347617 0332255 0486805 0016327 0439133 1553038 0175723 0439267 0205087 0450373 1553636
 0162326 0073187 0016327 0439133 1553038 0175723 0439267 1883351 0052543 0031453 1550543
 0165073 0205197 0702093 1881707 0600499 1880389 1883221 3541951 0164371 0623362 0919336 0450373 1553636
 0349966 1337208
 0450375 1547282 0037813 0577559 1306372 3152252 1883073 2827424 0165073 2348792 0040223 3541383 1552961 2347617 0702093
 3152252 0577559 1306372 1522609 2945706 1292425 0740116 2827735 2981700 2945706
 0444505 0442726 0733755 1511790 1415383 1516050 1552601 1709915 1882936 0349966 1337208 2347469 1553033
 0522510 0450429 0450373 1553636 0162326 0522510 3152252 0577559 1306372 0450375 0444505 0016327 0439133 1553038 0439267 0600209 0332255 0349966 0450373 0486805 1337208 1553636 1704732 1708096
 1883712 0444505 1516050 0349966 1337208 2347469 1553033 2347469 0332255 0486805
 0205448 0444505 1516050 1552601 1709915 1882936 0042295 0369637 0441923 0332255 0486805 1708096 0332255 0486805 0349966 1337208 2347469 1553033
 0165073 0443161 1881704 0444930 2746065 1707271
 0543488 1883351 1316572 1317574 1369612 0164371 0623362 0919336 0010813 0205145 0205450 0596311 1330957 1705242 3539897 0004793 0162326 0162327 1519249 0165073
 0332148 0750492 0164371 0623362 0919336 1280500 2348382
 0449911 0333052 2607870 0557702 1272706 1704674 0557702 1272706 1704674 0349966 1337208
 0439086 2827736 2981702
 0165073
 0165073 0172537 1334522 2698024 0623362 0919336 0164371 0623362 0919336 0165519 1334523 2698028 0623362 0919336 0671550 0623362 0919336
 0381279 0526871 0172537 1334522 2698024 0033382 0623362 0919336 2987124 0164371 0033382 0623362 0919336 2987124 0165519 1334523 2698028 0033382 0623362 0919336 2987124 0065984 0000975 1879547
 0165073 0439267 0127082 1417199 2698023 0623362 0919336 1439852 1879547 0172537 1334522 2698024 0623362 0919336 0164371 0623362 0919336 0165519 1334523 2698028 0623362 0919336 2825550 0456603 1547037
 0012238 2349986 0006353 0370003 1272691 2347026 1883712
 0370003 2347026 0600209 0041175 0077068 0077281 0814229 1704732 0013855
 2347469 1707455 0164371 0623362 0919336
 0165073 0164371 0205242 0333853 0623362 0919336 0449774 1707455
 0073187 0165073 0085201 0003592 1515146 0003591 0021966 0221138 0021135 1533691 2827718
 0165073 0439267 1553033 0085201 0003592 0003591 0021966 0221138 0439267 0868946 2827734 2981698 2827734 2981698 2827734 2981698 2827734 2981698 2825550 0456603 1547037 0702093
 0370003 2347026 0017243 0041175 0077068 0077281 0814229 0936012 1382104 1553033 0017243 1382104
 1274040 1546471 2825142 0441889 0369718 0441922 1553036 1292732 0165073 0001721 0456949 0441889 0369718 0441922 1553036 0007634 3282337
 0349966 1337208 1547282
 1553637 0200931 0599161 0002778 0032520 0677874 0936012 1524024 1547282 0456949 0035696 0441889 0040669 0040704 0165073 0205374 0392760 1314939 0007634 0243148 0562577 1550141 1707455 1882979 2587213 3274648 3282337
 0949466 0005863 0002778 0936012 1524024 1705493 1547282 0205177 0205242 0333853 0348078 0376315 1522492 0165073
 0684224 0700287 1527178 1705938 3273238 0234402 0185117 0450348 1292732 1883712 0001721 0456949 3244092 0441889 0040669 0165073 0205263
 0349966 1337208 1547282
 1883712 0815304 0205171 0439044 0679994 0164371 0185117 0205263 0623362 0857127 0919336 1274040 1546471 2825142 0599161 0032520 0677874 0949466 0005863 0002778 0936012 1524024 1705493
 0442805 0456949 0428479 0033684 0441889 0007634 1441672 3282337 0332293 0165073 0332287 0815304 1522326
 0033268 0164371 0033268 0033684 0623362 0919336 1274040 1546471 2825142
 1883727 1883357 2607943 2926606 3539655 1705535 0165073 0164371 0623362 0919336 1879547 1274040 1546471 2825142 0035696 0392747 0443172 1705241 0428479 0033684 0441889 1280500 2348382 0700364 1883351 0079411 0086597 0127400 0175996 0178719 3146294 0028125 0205198 0699857 1706082 0369718 0441922 1553036 0007634 3282337
 0332290 0684224 0700287 3496591 0165073 0015127 1314792 1524003 0220781 0439634 1522492 0007634 3282337
 0022702 0220865 2825046 0235032 0165073 0205263 0205266 1554187 1512693 1705242 0392148 1441672 0165073 0392148 0332197 1689985 0868946 0332255 0486805 0220825 0444706 0449770 0301633 2700094
 0332255 0486805 0164371 0623362 0919336 1553638 0015272 1292856 1948023 0332621 0439168 1441672 0033684 0205171 0205266 1554187 1720467 0439834 0439792 0547044 1272688 1553638
 0016315 0521115 0220825 1705241 1705242 0392148 0332197 1689985 0164371 0623362 0919336 0333164 0301633 1707455 2700094
 0596402 0165073 0205266 0205418 1554187 1707455 0164371 0012238 0086597 0127400 0332255 0486805 0623362 0919336 2349986 1521827 0205418 0332282 0039798 0087111 1522326 1533734 1705169 3538994 0164371 0600688 1280500 1407029 2348382
 0220781 0439634 1522492 0678594 0392148 0332197 1689985 0164371 0623362 0919336 3146294 0262880 0181845 0013852 0040722 0181839 0242781 0936012 1521797 1706379 3463986
 0349966 1337208 1547282
 0175168 1510464 0678594
 0205418 0332256 2700400 0205171 1720467 0348078 0376315 1512693 0164371 0623362 0919336 1301820 0868946 0165073 1547282 0348078 0376315
 0220781 0439634 1522492 0348078 0376315 1522492 1518422 0332283 1719822 0599156 2700061 1184743 1522240 0205447 0205103 1550465 2827755
 1184743 1522240 0205103 1550465 2827755 0225328 1948066 0039869 1883351 0450254
 1880022 0547044 0700321 0700364 1184743 1279919 1522240 0348078 0376315
 0332290 0449911 1705241 1705242 0022702 0220865 0332621 0439168 0449774 0558058 2825046 0235032
 0442805 0017446 0205147 0947630 1547282 0392756 0547047 0815010 0449913 1553451 1704459 0015127 1314792 1524003 0332514 1262869
 0683368 1457887 1514721 2348147 3542016 0035868 0677597 0205092 0441987
 0221198 1546698 0034693 0034721 0021485 0205263 1272883 1533685 1828121 0205197 0221198 1546698 0034866 0205245 0542341 0947630 1301808 1705242 2700217 0815010 0449913 1553451 1704459
 0449911 0333052 2607870 0557702 1272706 1704674 0557702 1272706 1704674 0349966 1337208

 1148554 0165073
 0165073 0031843 0542341 0700205 1705273 0040223 3541383
 0165073 0439267 0868946 2825550 0456603 1547037
 0872291 0040223 1272706 3541383 1510844 1883727 0017243 0041175 0077068 0077281 0814229 0936012 1382104
 2347469 0577559 1306372 3152252 0037813 1883073 2827424 0205242 0333853 0165073
 0037813 0577559 1306372 3152252 1883073 2827424 1516695 1516698
 3152252 0577559 1306372 0577559 1306372 1510992 1522609 1708632 2825518 3152252
 1514861 1882932
 0577559 1306372 3152252 0165073 0444504 1708632 2347634 2348143 0085862 0205452 0444686 0681814 1299583 1441506 1443182
 0449911 0333052 2607870 0557702 1272706 1704674 0557702 1272706 1704674 0349966 1337208
 0439084 0728893
 1879547 0165073 0369718 0441922 1553036 0007634 3282337
 1444656 0042444 0348005 1553033 0032136 0369718 0441922 1553036 0007634 3282337
 0033727 0369286 0441932 0564385 0010454 0009458 0010453 0162867 0220814 0430400 1254021 2242979 1880165 0033684 0600209 0086972 0443299 0687118 1704732
 0456949 0033684 0441889 0428479 0949466 0005863 0002778 0936012 1524024 1705493
 0243148 1550141 1882979 2587213 3274648 1708715 0441889 0005863 0949466 0332128 1705493 1882115 1444656
 2347469 0369718 0441922 1553036 0007634 3282337 0042444 0348005 0205171 0439044 0679994 1553033 0032136 0165073 1444656
 0033727 0369286 0441932 0564385 0035696 0034760 0185115 0916178 1704970 3541890 0599161 0032520 0677874 0164371 0205369 0623362 0919336 1552740 1705848 0206415
 0332255 1708096 0599161 0032520 0442726 0677874 1511790 0243148 1550141 1882979 2587213 3274648 1708715
 0205369 0007634 3282337 0042444 0348005 0205171 0439044 0679994 0439267 0165073 0033727 0369286 0441932 0564385
 0007634 3282337 0332155 0369637 0441923 0815304 1948023 0033727 0369286 0441932 0564385
 0456949 0428479 0033684 0441889 0010454 0009458 0010453 0162867 0220814 0430400 1254021 1327616 2242979 0005863 1624602 1444656
 1524063 0002778 0936012 1441616 1524024 0332128 0456949 0441889 0205217 0442805 0205216 0392756 0442797 0017446 0205147 0683033 0684309 0678910 3161035 1882598
 0021485 1533685 1828121 1883351 0205263 0031437 1285572
 0872250 0520511 1704711 1882598 0006104 1269537 1292732 1524063 0021044
 1879547 0439230 1441672 0021485 1272883 1533685 1828121 0085196
 0349966 1337208 1547282
 0678812 0001554 1533734 0085196 0205263 0456949 0441889 0814896 0017446 0205147 0025462 1280997
 0596948 1882598 0006104 0205155 1269537 1293097 1522472 1552923 1705191 1518422 1547282 1710082 0349966 1337208
 1511726 3245479 1705535 0456949 3244092 0441889 0814896 0205263
 1883727 1883357 2607943 2926606 3539655 1705535 1327616 0165073 0164371 0623362 0919336 1522240 1879547 0332307 0032214 0600138 0035820 1705810
 1514811 1706462 0205288 0002778 0936012 1524024 0443289 0206181 0085255 0392752 1420554 0205088 1705314 1705315 0039065 0333262 1705535 0165073 0033684
 0150312 0449450 0557651 2603343 1441672 0165073 0027819 0282151 0700095 3540583 0369718 0441922 1553036 0007634 3282337 0015352 0521119 1327616 1883067
 0004627 0034861 0033684 0010454 0009458 0010453 0220814 0430400 0439536 1524062 1705217 2242979 3244283 0150312 1883351 0599814 0010834 0175996 0178719 1159563 0005528 1317949 3495449 0027540 0007587 0332294 0007634 0011065 0678226 1269647 1306577 1704653 1948049 0007634 3282337
 0205448 1527178 1705938 2607943 2926606 3539655 0165073 2698977 0025255 0596901 1706182 2828386 0243122 1145667 1167622 1274040 1546471 2825142 0165073 0682685 0205242 0392752 1817671 0178587 0206181 0205170 3146287 0205088 1705314 1705315
 0033684 0150312 1883351 0206181 0205088 1705314 1705315 0039869 1883351 0032214 0600138 0035820 1705810 1265611 1705535 0165073 0332255 1708096 0032214 0600138 1705810 0035820 0007610 0015352 1883067
 1279901 3546241 0085200 0242821 1995017 0700364 1282913 1512693 0085200 0242821 1995017 0027882 0230625 0332296 1880497 1996904 0205543 1691010 0085200 0242821 1995017
 0205436 0332255 1708096 1709915 1882936 0165073 0333463 2936349 0002716 0011560 0392079 0449432 0611285 1518422 1704788 1705248 3539106 0150312 1883351 0332281 0521119 0333562
 0449432 1705248 0332281 0225328 0002716 0011560 0611285 0165073 1547282 1883351 1145667 1167622 0333463 2936349
 0205437
 0684224 0700287 3496591 0033684 0027882 0391871 1283071 0007806 0007807 0005889 0302908 0444611 1704353
 1511790 0424606 0348078 0376315 0544357 0032105 0086418 1550098 1705535 0007634 3282337 1327616 0165073 0021135 1533691 2827718 1515655
 0165073 0680022 2698041 0237876 0424215 2003939 0150312 1883351 0853879 0006142 0678222 0006141 0007097 0332448 1268990 1514559
 0449774 0524851 0012634 0443264 0017262 0185117 1705535 1314939 0623362 0025543 0086597 0127400 1704640 1706515
 0684224 0700287 0441712 1706376 0007806 0007807 0005889 0302908 0444611 1327616 1704353 1522634 1314939 1709694 1514873 0165073 0449432 1705248 1518422
 1883351 1516048 1515655 0936012 0165073 1524063 0026019 2984656 0013852 0026018 3463986 0150312 0165073 0027747 0206181 0027740 0027757 0392752 1280541 0205088 1705314 1705315 0597879 0150312 0449450 0682537 0007603 0025255 0032105 0596901 1550098 1706182 0035553 0230779 0014239 0035295 0598268 0026237 0333262 1167072 0028584 1167331 0025255 0205101 0521447 0596901 1706182 0597879 0332281 0205146 0682685 0205242 0740116 2827735 2981700 0183683 1521721 0597879 0369718 0441922 1553036 0007634 3282337 1883351 0165073
 1511726 3245479 1705535 0165073 0032930 1444748 0036536 0036537 0851285 1327622
 0165073 0205242 0333853 0021135 1533691 2827718 0332255 1708096 0439792 0868946 0671550 0623362 0919336 0172537 1334522 2698024 0623362 0919336 0127082 1417199 2698023 0623362 0919336 0165519 1334523 2698028 0623362 0919336
 1292856 1948023 0220781 0439634 1522492 0028128 0030015 2986642 0165073 0002716 0011560 0449432 0611285 1327616 1518422 1705248 0332255 1708096 0332294 1333498 0597295 0033684 0205217 0220781 0439634 0442805 0521119 0678226 1522492
 0035820 1705810 0030567 1521736 2681933 0012634 1517331 0037088 0243095 1521721 2825141 0456949 3244092 0441889 0814896 1441672 0038590 1269578 0017446 0205146 0332284 1704259 1705987 0683033 0684309 0678910 3161035
 1285529 1516048 0332255 1708096 0030956 0332621 0030944 0884358 1883351 2986669 0002520 0164371 0205242 0333853 0623362 0919336 0165073
 0002778 0936012 1524024 0443289 0165073 0164371 0623362 0919336 0165073 0443161 1881704 0041119 0033727 0369286 0441932 0564385 0555878 0079411 0205164 0205450 0439175 0439810 1708698 3146294 0332255 0486805
 1883712 0164371 0623362 0919336 1547282 1883351 0010813 0205145 0205450 0596311 1330957 1705242 3154893 3539897 0004793 0162326 0162327 1519249 0165073 0164371 0623362 0919336 0001721 0165073
 0521093 0037088 0243095 0750484 2825141 0164371 0623362 0919336 0868946 0332255 0486805 0022702 0220865 2825046 0235032 1280500 2348382
 0449911 0333052 2607870 0557702 1272706 1704674 0557702 1272706 1704674 0349966 1337208

 1280500 2348382 0220781 0439634 1522492 0596402
 2347469 0164371 0623362 0919336 0220825 0301633 2700094 0016315 2347469
 0165073 0206243 0699809 0442722 0442723 0442724 0442725 2724205 2724207 2724208 0165073 0392148 0439267 0439787 0849355 0164371 0623362 0919336 0039798 0087111 1522326 1533734 1705169 3538994
 0439792 1547282 0243148 1550141 1707455 1882979 2587213 3274648
 0453107 1080898 0165073
 0301633 2700094 0220781 0439634 1522492 2347469 1282913 1551714 0332197 1689985 1282913 1551714 0332255 0486805 0332128 1268822 2825050 0312860 0016315 0025664 0184661 1517586 1552738 2700391
 0007620 0007634 0443348 1269647 1704653 1948049 2986858 0005507 0243073 0444706 0647210 1510438 2828366 3541902 0039798 0087111 1522326 1533734 1705169 3538994 0205418 0165073 0205418 0164371 1366358 1619831 0369773 2603361 0243148 1550141 1882979 2587213 3274648 0369773 2603361
 0073187 1705241 1705242
 0033684 0205418 0165073 0332197 1689985 1521827 0243148 1550141 1882979 2587213 3274648 0392148 0164371 0623362 0919336 0165073 0181845 0013852 0181839 0332128 1706379 3463986
 1707156 3274014 3541345 1882932 0312860
 0449911 0333052 2607870 0557702 1272706 1704674 0557702 1272706 1704674 0349966 1337208

 0442805 0017446 0205147 1882598 0006104 1269537
 0205174 0021485 1533685 1828121 1882598 0006104 1269537 0206243 0699809 0439787 0849355
 0439230 1882598 0006104 1269537 0231441 0443218 2827483 1519355 0205155 1293097 1522472 1552923 1705191 0332256 2700400 0038590 1269578 0205462 0947630 0681853
 0002778 0936012 1441616 1524024 0164371 1624602 1444656
 0684224 0700287 1705535 1883525 2346866 0001721 0449774 0022702 0220865 2825046
 1707959 0165073 0442805 0332621 0439168 0040539 0600688 1883559 0165073 0332307 0445392 1547052 1707455
 0165073 0165073 1521840 1551432 1551969 1519751
 0165073 0031715 1158886 0023175 0181586 0392747 0443172 1442948 1522538 1705241 2348269 3275067 0022702 0220865 2825046 0332437 0543482 0700329 0700619 1511726 3245479 1547282 0165073 0001721 0449774 0871161 1292721
 1524063
 1441672 0301630 0392756 0441610 0038590 1269578 0006111 0030567 0440746 0459385 1521736 2681933 0444184 0004398 0006104 0012634 0030705 0040300 0580205 0848632 1269537 1301820 1547928 0277564 0872128 0001779 0150103 0243148 0868928 1533148 1550141 1707455 1708943 1882979 2587213 3274648 1705535 1515926 0038590 1269578 0030567 1521736 2681933 0012634 0012634 0543483 0699748 1880177
 0150312 0449450 0557651 2603343 1999230 0332120 1705535 0456949 0441889 0030567 0332281 1521736 2681933 0243083 0012634 0543483 0699748 0030567 0683033 0684309 1521736 2681933 0012634 0034693 0034721 3161035 0048433 1547282
 0623362 0025543 1704640 1706515 0524851 0012634 0543483 0699748 0038454 0441712 1706376
 0162772 0030054 0205332 1705920 1547282 1883351 0567416

 0332120 0020281 0205103 1550465 2827755 1318746 0127082 0678587 1417199 2698023 0035696 0205217 0205263 0205361 0332152 0441889 0442805 0623362 0857127 0919336 1301808 1442792 1522538 3148680 0428255 0456947 0683927 0861064

 0450382 0332185 0684224 0700287 3496591 1879547
 0332290 0150312 0449450 0557651 2603343 1879547 0205263 1292856 1948023 0600437 0028128 0013018 0030015 0040288 1527169 1999230 2986642 0007634 3282337 0032930 1444748 0012238 2349986 0033414 0871161 1292721 0165073 0205266 1554187 1707455
 1518422 0805874 0870077 1446409 0439787 0849355 0205447 0623362 0919336 0164371 0623362 0919336 0012238 1314939 2349986 0165073 1515655
 1883727 1883357 2607943 2926606 3539655 1705535 0684336 0441471 0332152 0332162 1522538 0242656 0449258
 0015264 0441712 1706376 0023175 0039796 0205314 0243107 0302350 0678723 0679199 0679622 1442948 1522538 1527148 2348269 3275067 0030567 1521736 2681933 0012634
 2825232 0043227 1568415 0681759 0683939 0035176 0683935 0006104 0035168 0205099 0242481 0719214 1269537 1521721 1709697 2728259 3484370 0016820 0036397 0039421 0022773 0022771 0018173 1548284 1709701 0037440 0018173 1548284 0260206 0018173 1548284 0681833 0036397 0016617 0018173 1548284 1549838 1521991 0683935 0260206 0007634 0018173 0035168 0036397 0039421 0178539 0242481 1548284 1709697 2728259 3484370 0018173 1548284 0022886 0683935 0022877 0035168 0036397 0039421 0242481 1515981 1709697 2728259 3244292 3245503 3484370 0018173 0027778 0560008 1548284
 0010186 0220812 0449719 1709471 0220808 0680264 0007961
 1706852 0522501 1706089 0949214
 0205155 1293097 1522472 1552923 1705191
 0282413 0376649 1442065 0254343 0796520 3272379

 0085205 1549619 1880669
 0013849 1705961 0024492 1538057 1547565 0022773 0282413 0376649 1442065 0254343 0796520 3272379

 0085205 1549619 1880669
 0013849 1705961 0024492 1538057 1547565 0022773 1412573 2350443 3539770 0000723 1273517 0030567 1521736 2681933 0012634 0030567 1521736 2681933 0012634
 0002395 1521724 0012634
 0085200 0242821 0460148 1268086
 0623362 0919336 0623362 0025543 1704640 1706515
 0647210 0439086 2827736 2981702 0740116 2827735 2981700 0006222
 0002716 0011560 0611285 0449432 1705248 0449432 1705248
 0085196 0085196 0205795
 0815304
 0179586 1657858 1706092 0439086 2827736 2981702 0001128 0202406
 0077068 0369718 0441922 0700307 1553036 0556985 2247301 3540495 0017890 0522461
 1518101 0039685 1825291 2348791 2348791 1555977 2610507 0282597
 0035380 0040649 1555029


 0037173 0234857 0597277 1708601

 0302523 0700325 1964257 0600659

 0439267
 1999230 2827421 0033727 0369286 0441932 0564385



 2945617 0680022

 0022877 3244292 0018896 1552861 0557061
 1514811 1706462 0557061 2584313 1514811 1706462
 0016327 0439133 1553038
 0369637 0441923


 2347379
 0025141 0870824
 2347469
 0007634 1269647 1704653 1948049
 0027960 0324740 0439189 1456781 1824986
 3642273
 0025141 0369637 0441923
 0439267 0369637 0441923


 0205090 0684010 2603358 0369637 0441923
 0349590 1262865 0025141




 0025141 0369637 0441923
 0033727 0369286 0441932 0564385 1553033 0328104 1415875 2826366 0165073
 0014878 0522667 0730321 2347469 0040452 0242726 1318154 1705917 0033727 0369286 0441932 0564385 0205090 0684010 2603358
 0165073 0165073 2603360
 0439267
 0205090 0684010 2603358
 0439267 0439394 1706495 3642217
 0021966 0221138 0205090 0684010 2603358
 0439394 1706495 3642217
 0036397 0205090 0684010 2603358 2603360 0165073 0033727 0369286 0441932 0564385
 2603360 0439394 1706495 3642217 0439114

 0325074
 0025141
 0439267



 0025141
 0016327 0439133 1553038
 1708595 3280986

 0369718 0441922 1553036

 0268596 2700624
 3642273
 0025141

 0165073
 0165073 0597277 1708601
 0205090 0684010 2603358
 0205090 0684010 2603358


 0025141
 0205090 0684010 2603358 0369773 2603361
 1051267 0369637 0441923

 2603360


 0315755 0597277 1708601 0597277 1708601 0369637 0441923
 0349590 1262865 0025141 2603360


 0025141



 0025141 0205090 0684010 2603358



 1417055

 0450382 0025141 2347469
 0021966 0221138
 0021966 0221138
 0999213
 0033727 0369286 0441932 0564385
 0021966 0221138 0033727 0369286 0441932 0564385

 0369637 0441923
 0036397
 0165073 0369637 0441923
 0016327 0439133 1553038

 0599851


 0025141
 0016327 0439133 1553038 0369773 2603361
 0369773 2603361



 1417055

 0025141
 0165073 0085639 0238715
 0369773 2603361 0205090 0684010 2603358
 0033727 0369286 0441932 0564385 0554249 2603360
 0165073
 0402830 0165073
 0562547
 0369773 2603361

 0369773 2603361


 0025141 0369773 2603361
 0059541 0165073
 0027842 0450388 0025141 0165073
 0165073 0165073 0369637 0441923
 0016327 0439133 1553038
 1417055

 0025141 0439267
 0205090 0684010 2603358



 2347379

 0025141 1553033 0369773 2603361


 0201682

 0025141 2603360 2603360 2603360 0597277 1708601 0033727 0369286 0441932 0564385 0597277 1708601 0369637 0441923
 0014137 0000857 0600678 1552863 3538705 0369718 0441922 1553036 0439394 1706495 3642217 0144237 0033727 0369286 0441932 0564385
 2603360
 0027882 0025141
 0027960 0324740 0439189 1456781 1824986
 0007634 3282337 0025141 0369637 0441923
 0165073 0369773 2603361
 2603360 1708595 3280986


 0740116 2827735 2981700 0025141 0369773 2603361
 2603360 1708595 3280986
 1418943

 0268596 2700624
 3642273

 0165073

 0037173 0234857
 0165073
 0205090 0684010 2603358 0562547 3160718
 0033727 0369286 0441932 0564385
 0165073 0597277 1708601



 0201682
 0369637 0441923
 0369773 2603361



 0597277 1708601 0021966 0221138 0369718 0441922 1553036
 2347379
 0025141 0022418
 0369637 0441923

 0033727 0369286 0441932 0564385
 0165073
 2603360


 0027960 0324740 0439189 1456781 1824986

 0439267 3476816
 1882598 0006104 1269537 3538926 0027976 0165073
 0037173 0234857

 0369718 0441922 1553036 0597277 1708601 0165073
 0205090 0684010 2603358 0597277 1708601



 0201682


 0369773 2603361
 1706917 0205090 0684010 2603358
 0205090 0684010 2603358
 0040833 1521798
 0025141
 0032863 1553033 0369773 2603361
 0205090 0684010 2603358

 2347961

 0740116 2827735 2981700 0025141 0439267

 2347379
 0025141 0165073 0165073 0597277 1708601
 2347379
 0027960 0324740 0439189 1456781 1824986
 2347379
 0025141 0369637 0441923
 0439267 0369637 0441923

 0369718 0441922 1553036

 0268596 2700624
 3642273
 0033727 0369286 0441932 0564385

 0033727 0369286 0441932 0564385 0021966 0221138
 0597277 1708601 0165073
 2603360
 0033727 0369286 0441932 0564385 0597277 1708601
 0033727 0369286 0441932 0564385 0165073
 2603360
 0027960 0324740 0439189 1456781 1824986
 0007634 3282337 0025141 0043402
 0439394 1706495 3642217


 0005477 0450355 0025141 0369773 2603361


 0201682
 0597277 1708601 0033727 0369286 0441932 0564385
 2603360
 1418943

 0268596 2700624
 3642273

 0165073

 0439083 0439087
 2603360
 1418943

 0268596 2700624
 3642273

 0165073

 0369773 2603361
 0033727 0369286 0441932 0564385 0369773 2603361 0033727 0369286 0441932 0564385 0369637 0441923
 0165073 0439394 1706495 3642217 0439114
 0016327 0439133 1553038 0205090 0684010 2603358


 0025141 0205090 0684010 2603358 0205090 0684010 2603358 0005680 0439394 1706495 3642217 0439267 0439267 0369637 0441923


 0450385 0025141 0439114
 0369637 0441923
 0165073
 0597277 1708601
 0335912 0439394 1706495 3642217
 0369718 0441922 1553036
 0369637 0441923
 0369637 0441923
 0178572

 0369637 0441923
 3613423 0165073 0369637 0441923
 0205090 0684010 2603358

 2603360


 2347379




 0230467 0741204

 0021966 0221138
 0439267
 0205090 0684010 2603358

 0369773 2603361
 0230467 0741204


 0025141 0369718 0441922 1553036 0439394 1706495 3642217
 2347469


 0033727 0369286 0441932 0564385 0369718 0441922 1553036 0369637 0441923
 0165073 0597277 1708601 2603360


 0025141 0033727 0369286 0441932 0564385 2603360 0597277 1708601 0033727 0369286 0441932 0564385

 2603360


 0201682
 0439394 1706495 3642217 0369718 0441922 1553036 0033727 0369286 0441932 0564385 0369773 2603361
 2603360


 0201682
 0369773 2603361 0597277 1708601 0597277 1708601
 1328660


 0025141 2347469 0165073
 1707476 2348662 0554249
 0205090 0684010 2603358
 1553033 0165073

 0036397 1527021 1554111 1705606 3541382 0333052 0441061 0179636 1824528 0239110 1706852 0239110 1705565 1947976 0687676 1704687 0557854 0013849 1705961 1706852 0282420 1706852 1138432 0239110 0162443 0205314 0033213 1706387 1706852 0037173 0234857

 1706852 0597277 1708601

 1706852

 1706852 0597277 1708601

 0039224 1706073 1706074 0162443 1521991 0162443 0026376 0005532 0009993 0013621 0013622 0013658 0037455 0039401 0596070 1521991 1552856 0005477 0026376 0005532 1521991