 1537028 0011923 0079595 0336791 2827396
 0205090 0684010 2603358
 0033727 0369286 0441932 0564385
 2603362


 1293097 2919030 2919031 1319413 0152036 1522005 1704729 0041740 0017480 0475309 0205099 0679199 0041740 0039021
 0282413
 0027855 0019994 1510665 0041740 0005125 0017480
 0013849 1705961 0024492 1538057 1547565 0243107 0678723 1527148 1521991
 0725066
 1521991 0003873 2697391 0003864 0004271 0011923 0079595 1514811 1706462 1537028 0011923 0079595 1637379 0683945 0440042 1521738 2346620 2349184 3539073 0175631 2827662 1947946 2948600 3540471 3540472 1880022 1709793 0007613 1325880 1184743 1522240 0031845
 1883351 0036658 1517486 0031845 1184743 1522240 0302600 1519670 0162638 0007634 1269647 1704653 1948049 0599896 1515655 0011923 0079595 0450442 1254351 1521826 1513403 1521991 1521840 2986546 2697665 0449913 1553451 1704459 0243107 0521116 0678723 1527148
 0003873 2697391 0003864 0336791 2827396 1273517 1883351 0220825 0205463 1184743 1522240 1883351 0011900 1704338 1704656 0030695 0150369 0181904 0596972 1521743 1704646 1276413 2945654 1883351 0562342 1171285 0033325 1883351 0183683 1521721 0243107 0678723 1527148 0556496 1522647
 0282443 1552617 0243107 0678723 1527148 1512628 0450442 1254351 1521826 1537028 2698977 0725066 3245505
 1272460 1706839 0035435 0012634 1513403 1521840 2986546 0449445 1292724 0003873 2697391 0003864 0011923 0079595
 1705313 0028580 0917874 1551403 0024488 0040395 0040405 0231881 0459800 0563532 0684213 3494219 0042789 2707266 0034571 0043299 1962945 0243107 0678723 1527148
 0725066
 1521991 0003873 2697391 0003864 0004271 0011923 0079595 1514811 1706462 0011900 1704338 1704656 0588350 0554833 0079595 0025664 0449851 0332218 0443288 0220784 0441889 0456079 1547707 2946261
 0680220 0008964 0013227 0025118 0205210 1273517 0034571 0043299 1962945 0040405 0040404 0034571 0043299 0043309 1306645 1552357 1962945 0040395 0086894 0851346 1441526 1880157 2314876 0028580 0917874 1551403 0024488 0040395 0040405 0231881 0459800 0563532 0684213 0041618 0041621 0220934 1456803 1875843 0040300 0424589 0542479 1442080 1547928 1704675
 0009924 1979874 0450442 1254351 1521826 1518422 1513403 0205369 1521991 1552740 1521840 2986546
 1979874 0175631 2827662 0205615 0030664 1521733 2987514 0205463 0220784 1527178 1705938 0237066 0019409 0007634 0178539 0441471 3541888 0012634
 0003873 2697391 0003864 0587240 0333307 1880549 1959609 0545594 1859695 0332463 0333164 0224497 0205170 3146287 0034571 0043299 0439858 1962945
 1444637 0041618 0041621 0220934 1456803 1875843 1719039 0028580 0917874 1551403 0024488 0040395 0040405 0231881 0459800 0563532 0684213 0184511 0332272 1561611 0085732 0442726 1261381 1948029 1998882 0332152 0683368 1457887 0443211 0011900 1704338 1704656 0684224 0700287 3273238 0242656 0012634 0205087 0750729 1518422 1999230 1533716 0441712
 0725066 0243107 0678723 1527148 0243107 0678723 1527148 3539073 0150312 0332285 0440042 1521738 2346620 2349184 0683607 0220825 1261322 0441471 3541888 0017262 0017337 0185117 0302600 1519670 0162638 0007634 1269647 1704653 1948049 0599896 0449255 0542559 0014406 0029235
 0039421 0679006 1947967 1537028 0011923 0079595 0242726 0042153 0457083 1947944 1522485 1145667 1167622 1513403 1521991 1521840 2986546
 0007634 0178539 0392747 0443172 1709305 2745955 1279919 0040223 3541383 0392747 0443172 0332120
 0175631 2827662 0205303 1709793 0441889 0456079 1547707 2946261 0596473 1511790 0359589 1999230 0681322 1533716 0012634 1314939 1275506 0011923 0025663 0025664 0079595 0439858 0449851 1707455
 1537028 0011923 0079595 0336791 2827396 0031847 0277785
 0562342 1171285 0162340 1279919 0033325 1261322 1516048 0243107 0678723 1527148 0556496 1522647 0012634 0027552 0686904
 1704382 0039421 1537028 0521116 1527178 1705938 0205171 1518422 1720467 0028582 0034606 0203634 0013227 0025118 0025664 0449851 0521447 1527178 1705938 0028580 0917874 1551403 0024488 0040395 0040405 0231881 0459800 0563532 0684213 0041618 0041621 0220934 1456803 1875843 1830736 0440042 1521738 2346620 2349184 3539073
 1825598 1516615 0001554 0376636 1273870 3273539 0332257 0006826 0998265 1306459 0205494 2707261 1290884 0012634
 0003873 2697391 0003864 0031845 0005517 0005532 0150369 0205369 0205460 1516647 1552740 0333348 1704259 1705987 0086272 3161035 0993582 0012634 0086418 1515981 0003864 1516615 0001554 0376636 1273870 3273539
 0178742 0243107 0678723 1527148 1184743 1522240 0003873 2697391 0003864
 0243107 0678723 1527148 1171285 0002778 0936012 1524024 0008300 1707391 1272460 1706839
 1521991
 0725066
 1521991 0003873 2697391 0003864 0004271 0011923 0079595 1514811 1706462 1707689 2983265 0441516 0699784 0033213 1706387 0027552 0686904 1883351 0376649 1442065 0021966 0221138 1184743 1522240 0020792 0205396 0220908 0220909 1698960 1710031 1710477 0237944 1711411 0040300 0441889 0456079 1547707 1547928 2946261 1514873 1554132 1619643
 0023688 1513403 1145667 1167622 1521840 1521991 2986546 0037791 1511884 1510827 0027552 0686904 1883351 0205396 1550043 1551388
 0439070 1705160 0023688 0027552 0686904 1883351 0567416 1710082 0181496 2827499 0175631 2827662 1275506 1551339 0011923 0079595 0695347 1547664 0725813 1273517 1883351 0036658 1512628 0450442 1254351 1521826
 1706912 1513403 1521840 2986546 2983310 0021135 1533691 2827718 1515655
 0679199 1705175 1705176 1705177 1705178 1882348 0442805 0036667 0312418 0427965 1511883 1522640 2346484 2349185 0027552 0686904 1883351 0443211 1272684
 1261552 0008976 1096775 0205210 1711411 1272460 1706839 0042153 0349966 1337208
 0449911 0333052 2607870 0557702 1272706 1704674 0557702 1272706 1704674 0349966 1337208
 2827734 2981698
 0243107 0678723 1527148
 1705175 1705176 1705177 1705178 1882348 0441471 3541888 0011923 0079595 0450442 1254351 1521826 0027552 0686904 1883351 1707689 2983265 1513403 1521991 1548787 1521840 2986546 0012634 0031847 0277785 1314939
 0332257 1552866 2700399 0005516 0205390 1300072 1306673 0521117 0439793 2983285 0087113 1280519 1707887 0033325
 1720092 1948045 1521840 2986546 1704788 3539106 0023688 1145667 1167622 1521840 2986546 0205250 1299351 1510827 2700149 0037791 1511884 0027552 0686904 1883351 1707689 2983265
 1275506 1551339 0011923 0079595 0695347 1547664 0725813 0567416 0181496 2827499 0034595 0011923 0079595 0025397 0597177 0205198 1706082 0043299 0043309 1306645 0021966 0021968 0885449 2348268 0040405 1552357 0040395 1441526 1880157 1883351 0023688 1517892 1704666 1511790 3176918 0542559 1318139
 2347172 1704254 1704922 3542466 0027552 0686904 1883351 2348043 1522240 1524063 0009612 0449913 1553451 1704459
 1512628 0450442 1254351 1521826 0205449 0683312 0182400 0182400 0182400 0349966 1337208
 0449911 0333052 2607870 0557702 1272706 1704674 0557702 1272706 1704674 0349966 1337208
 0740116 2827735 2981700
 2346471 0332307
 0205393 1273517 1512628 0450442 1254351 1521826 0683454 0021966 0221138 1518422 1513403 0205369 1145667 1167622 1521840 1521991 1552740 2986546
 0182400 0037775 0011923 0079595 0392747 0443172 1273517 0005850 0005767 0005768 0229664 0449468 1690016 1705102 2700258 0031001 0232338 0005767 0005768 0229664 0806140
 1979874 1521840 0182400 0205369 1552740 1521840 2986546 1881534 0332149 1705910 2362652 0007634 0178539 0441889 0456079 1547707 2946261
 0182400 0205369 1145667 1167622 1552740 1521840 2986546 0597357 0597360 0185117 0597357 1273517 1704254 1704922 3542466 0520511 1704711 0206552 0597357
 0182400 1704675 1879547 1521840 2986546
 0237753 0449788 1518422 1704254 1704922 3542466 1550608 0243102 0205177 0439167 0441655 1561536 0623362 0025543 1704640 1706515 0007428
 2937289
 1512628 0450442 1254351 1521826 0037775 1518422 1513403 0205369 1521840 1521991 1552740 2986546
 0443202 1705241 1705242 0031164 0031001 0005850 0005767 0005768 0229664 0449468 1690016 1705102 2700258 0806140 0031001
 0003873 2697391 0003864 0224494 1305077 0039099 1547282 0237753 0449788 0031001 0031164
 0021494 0021485 0348016 1272883 1533685 1828121 1265611 0039099 0442726 1511790 0040300 1282914 1547928 1707455 0039099
 0871208 1521828 0449286 1704240 1704254 1704922 3542466 0028580 0917874 1551403 0021494 0205370 0205369 1518422 1552740 0009924 1979874 0450442 1254351 1521826 0060933 1547282 1883351 0012634 0205177 0439167 0441655 1561536 0332324 1550474
 0009924 1979874 0450442 1254351 1521826 1516615 0001554 0376636 1273870 3273539
 1512628 0450442 1254351 1521826 1707531 1706214 1948027 0567416 0023688 0003241 0021027 0332255 1708096 0030956 1328819 0567416 2827421
 0023688 0037791 0205250 1145667 1167622 1299351 1511884 2700149 1521840 2986546 1550608 0597357
 0003873 2697391 0003864 0332307 1273517 1883351 0220825 0597360 0185117 0520511 1704711 0206552 0011923 0079189 0079595 0597357 0012634 1314939
 1264633 1710082 0332294 0028263 0205250 0678226 1299351 1706907 2700149
 1883712 1512628 0450442 1254351 1521826 1265611 1710661 2986829
 1883351 0036667 0312418 0427965 1511883 1522640 2346484 2349185 0679199 1517480 1521871 1705759 1273517 1511253 1874596 0456603 1521840 1610540 1706907 2986546
 0015264 0449234 1704772 1882133 0332257 1552866 2700399 2698650
 1512628 0450442 1254351 1521826 0182400 0392747 0443172 1705241 1521840 2986546
 1301808 1442792 3148680
 1704675 1710082 0442805
 0567416 0014442 1515877 1879547 0567416 0026381 1537028 1517480 1521871 1705759 1710082 1709305 2745955 2986823 0332294 0028263 0205250 0456603 0678226 1299351 1610540 1710082 2700149 0221103 0301625 0439181 0728721
 1512628 0450442 1254351 1521826 0028580 0917874 1551403 0024488 0040395 0040405 0231881 0459800 0563532 0684213 0016315 0011923 0079595
 1707959 0332257 1552866 2700399 0011923 0079595 0182400 0010813 0596311 1330957 1879547
 0003873 2697391 0003864 0182400 0150369 1273517 1516647 0243102 0205177 0439167 0441655 1561536 0623362 0025543 1704640 1706515 0007428
 0243107 0678723 1527148
 0725066
 1521991 0003873 2697391 0003864 0004271 0011923 0079595 1514811 1706462 1275506 0034571 0043299 1962945 0040405 1552357 0040395 1441526 1880157 0041618 0041621 0220934 1456803 1875843 0028580 0917874 1551403 0024488 0040395 0040405 0231881 0459800 0563532 0684213 1275506 0025663 0025664 0449851 0032743 0032744 0040395 0040405 0233929 2349995 0025663 0025664 0449851 0332257 1275506 1518598 0025663 0025664 0449851 0011923 0079595 0011923 0079595 0162404 1367880 0470187
 0023693 1306462 1881376 0430876 0025397 0162676 1623049 0016315 0549255 0023693 0449416 1306462 1705919 1881376 0179533 0332324 0442726 1511790 1550474 0011923 0079595 0162404 1367880 0023693 1306462 1881376
 0011923 0079595 0162404 1367880 0024075 0185117 1527178 1705938 0007634 3282337 0007382 0030011 0030685 0086805 0391871 0439180 0680255 1274040 1283071 1546471 1963578 2825142
 1275506 0470187 0011923 0079595 0023693 0449416 1306462 1705919 1881376 0180392 1705235 0441987 0445247 0681850 1550501 1551058 1706203 2349001 2697811 1704254 1704922 3542466 1705052 0040395 0040405 0681850 1550501 1706203 2349001 2697811 0449416 1705242 0023693 1306462 1881376 0180392 0439064 1704254 1704922 3542466 0450363
 1275506 0025663 0025664 0449851 0679133 1428114 1514893 1706463 2699488 0085732 1704254 1704922 3542466 0450363 0439801 1549649 2349209 0036667 0312418 0427965 1511883 1522640 2346484 2349185 0470187 3245505 0007634 0178539 0441889 0010186 0220812 0015264 0039224 1706073 1706074
 0008300 1707391 1537028 0011923 0079595 0332307 0725813 0450429 1515974 0441471 0027552 0686904 1883351 0030695 0150369 0181904 0596972 1521743 1704646 1522634 0027552 0686904 1883351 1706817
 0449911 0039224 1706073 1706074 0557702 1272706 1704674 0557702 1272706 1704674 0039224 1706073 1706074
 2346469 1521970 1706388 2348519 0035820 1705810 0040405 1552357 0040395 1441526 1880157 0041618 0041621 0220934 1456803 1875843 0028580 0917874 1551403 0024488 0040395 0040405 0231881 0459800 0563532 0684213 1999230 1704254 1704922 3542466 1533716 0521447 1999230 1518598 1275506 0025663 0025664 0449851 0439801 3542948 0206100 1511790 1527178 1705938 1710082 0597354 1512628 0450442 1254351 1521826
 0521447 1518598 1275506 0025663 0025664 0449851 1273517 0336789 1275506 1999230 1533716 1705175 1705176 1705177 1705178 1882348 0336789 0220784 1533716
 0449295 0729619 0040405 1552357 0040395 1441526 1880157 0036667 0312418 0427965 1511883 1522640 2346484 2349185
 1705175 1705176 1705177 1705178 1882348 1979874 1265611 0205145 1515974 2825164
 0034525 0392615 0001688 0879626 0034526 0205341 0011923 0079595 1514873
 0150312 0449450 1522609 1537028 0011923 0079595 0031843 0542341 0700205 1705273 0695347 1547664 0521447 3494219 0011923 0079595 0359589 1999230 1704254 1704922 3542466
 0025663 0025664 0449851 0041618 0041621 0220934 1456803 1875843 0205179 0037640 0011923 0079595 0220784 1822658 0162481 0041618 0041621 0220934 0554756 1456803 1875843 0009393 0041618 0444916 1550604 1705245 0009219 0805701 0562342 1171285 0005776 0242485 0429854 0449738 0678536
 0243107 0678723 1527148 2698977 0681814 0947630 1517586 0332120
 0041618 0041621 0220934 1456803 1875843 0332324 1550474 0205360 2347098 0332218 0042789 1947903 0205155 1293097 1522472 1552923 1705191
 1514893 1706463 2699488 0205125 0392756 0547047 0041618 1518422 1522508 1561567 1999230 0678594
 0028580 0917874 1551403 0024488 0040395 0040405 0231881 0459800 0563532 0684213 1537028 0011923 0079595 1533716 0441889 0034869 0521115 0439064 0449445 1292724 1517586 1547282
 0028580 0917874 1551403 0024488 0040395 0040405 0231881 0459800 0563532 0684213 1518422 0036667 0312418 0427965 1511883 1522640 2346484 2349185 1518598 0025663 0025664 0449851 1265611 1521840 2986546 1999230 1979874
 0439855 1704241 0182400 0042789 1947903 0205155 1293097 1522472 1552923 1705191 0205447 1707689 2983265 0798503 0805586 3274764
 0036667 0312418 0427965 1511883 1522640 2346484 2349185 0032743 0032744 0040395 0040405 0233929 2349995 0332324 1550474
 0085732 1999230 0242485
 0439801 1521761 2827422 1514893 1706463 2699488 1881534 0332218 1516050 1710082 0205432 0079595 0025664 0449851 0040405 1552357 0040395 1441526 1880157
 0079595 0025664 0449851 1518598 1275506 0025663 0025664 0449851 0332324 1550474
 1514893 1706463 2699488 0205321 0596837 0023693 0439742 1306462 1881376 0000854 0220777 2347023 2347080 2698776 2825050
 1525427 0040300 0205101 0205148 0037284 0221198 0444099 1123023 1278993 0016125 0016129 0022417 0392905 1281584 0205102 0205148 1524063 0809784 0025080 0220819 0699733 0221198 3494219 0011923 0079595 1999230 0015663 0456962 0025663 0449851 0871511 1514873
 0439234 0011923 0079595 0021632 0348000 1704339 0003062 0700321 0011923 0079595 0470187 2350281 0449913 1553451 1704459 2986783 0453882 0040405 1552357 0040395 1441526 1880157 0040405 1552357 0040395 1441526 1880157
 0449913 1553451 1704459 0470187 1519361 2697665 0449913 1553451 1704459 0021953 1521798 2937289 0183115 0011923 0079595 1550608 1524063 0003062 0028580 0917874 1551403 0024488 0040395 0040405 0231881 0444764 0459800 0563532 0684213 1413568 1705945 1705946
 0021632 0348000 1704339 3494219 0003062 0011923 0079595 0700321 1527178 1705938 2987476
 0725066 1521991
 0725066
 1521991 0003873 2697391 0003864 0004271 0011923 0079595 1514811 1706462 1512628 0450442 1254351 1521826 1521840 0182400 0041618 0041621 0220934 1456803 1875843 1707689 2983265 0028580 0917874 1551403 0024488 0040395 0040405 0231881 0459800 0563532 0684213 0521447 3494219 0011923 0079595
 1273517 1704254 1704922 3542466 0007634 0178539 0441471 3541888 0017262 0017337 0185117 0302600 1519670 0162638 0007634 1269647 1704653 1948049 0599896
 1512628 0450442 1254351 1521826 1521840 1512628 0450442 1254351 1521826 0041618 0023688 1510827 0301869 0597177 0332257 1258018 0023828
 1285529 0450442 1254351 1521826 0011923 0040053 0079595 1424976 0007578 0567416 0040048 1333522 0040300 1547928 1521761 2827422 0023516 0302600 1519670
 0449295 0009924 1979874 0450442 1254351 1521826 0205360 2347098 0456389 0312860 0439801 0085732 2983310 1706912
 0450442 1254351 1521826 0246249 0060240 0030015 0302583 0376520 1166521 1450054 1527178 1705938 2986642 0205838 0060933 0060934 0013254 0016911
 0597177 0246249 0060240 0030015 0302583 0332256 0332529 0376520 0444626 0444669 0567415 1166521 1167518 1706352 1882467 1883310 2700400 2986642 3274653 0032521 1282914 1522408 1704806
 0524527 0456389 0312860 1522408 1704806 0086140 0032483 0871161 1292721 1335648 1824685 2697937 0012655 0220898 1264642 1547045
 1521840 0679199
 0337189 0441239 0332220 1522408 1704806 0597177 0178576 0332220 2828360 1517892 1704666 0060240 0030015 0302583 0376520 1166521 2986642 1915069 1273517 1527178 1874451 0597357 0021701 0007634 3282337
 0060933 0060934 0013254 0009924 0028580 0917874 1551403 0449900 0449881 0024488 0040395 0040405 0231881 0459800 0563532 0684213 1273517 1979874 0441994 1548802 2003888 1882924 2827421 0023828 1563732 1450054 1883351
 0450442 1254351 1521826 0302600 1273517 1519670 1704254 1704922 3542466 0038250 0007634 3282337 0441471 3541888 1515655
 1512628 0450442 1254351 1521826 0005847 1558950 1801960 1184743 1522240 1521840 2986546 0332257 0162638 0302600 1519670 0443348 0004153 0040053
 0450442 1254351 1521826 0017262 0017337 0185117 1707959 1521840 0751455 1333498 0033684 0206414 0017262 0017337 0185117 0335038 1522485 1705915 1709908 0442726 0879457 0206558 0019369 0019348 0040078 0019340 0031727 0040077 0042776 0319157 2338991
 1512977 0007634 3282337 0879457 0206558 0019369 0019348 0040078 0019340 0031727 0040077 0042776 0319157 2338991 1709915 1882936 1517480 1521871 1705759 1710082 0034595 0184047
 0237753 0449788 1552738 0332257 0037791 1511884 0597357 0178638 0037659 1881011 0023688 0007634 3282337
 1524063 0016342 0021431 0023693 1306462 1881376 0544711 0205321 1706690 0019046 0043047 0599638 1550678 1441621 0000854 0220777 2347023 2347080 2698776 2825050 1707429
 3494219 0011923 0079595 0439831 0025663 0449851 0871511
 1524063 0042153 0457083 1947944 0683607 0205420 0011923 0079595 0439064 1521840 0011923 0079595
 1704675 0015127 1314792 1524003 0392747 0443172 1705241 1879547 0028580 0917874 1551403 0024488 0040395 0040405 0231881 0442726 0459800 0563532 0684213 1511790
 0182400 0205838 1527178 1705938 1450054 0332185 0439234 1883351 0243102 0014442 0205177 0439167 0441655 1561536 1510827 0115305 1337114 0282651 1325391 1521840 2986546 1883351 0220825 1167622 1704675 1328819 0567416
 0237753 0449788 1515655 1150095 0011923 0030946 0079595 0205177 0439167 0441655 1561536 1947941
 0016321 0016315 1879547 0010813 0596311 1330957 0442805 0522501 1274040 1546471 1706089 2825142 1710082
 0182400 0007428 0623362 0025543 1704640 1706515 0010656 0392366 0920779 0006826 0011923 0079595 0998265 1301757 1306459 1880022 0162638
 1521991 0003873 2697391 1537028 0000857 0003864 0011923 0079595 0205314 0243107 0600678 0678723 0679622 1521991 1527148 1552863 1704458 1706907
 0725066
 1521991 0003873 2697391 0003864 0004271 0011923 0079595 1514811 1706462 1513403 1521840 2986546 0003873 2697391 0003864 0011923 0079595 1547011 1879746 0021368 1261381 1948029 1882154 0599779 0003062 1515981 3161035
 1883712 1511790 0546881 0150369 1516647 0004379 3463820 1184743 1522240 0543488 0243107 0678723 1527148 0679199
 0947630 1524063 1512628 0450442 1254351 1521826 0521116 0439801 0521447 3542948 1518598 1275506 0025663 0025664 0449851
 0679199 1521840 2986546 1184743 1522240 1524063 0449445 1292724 0332257 1552866 2700399 1521840 2986546 1521761 2827422 0007634 3282337 0205148 0567416 1326120 1879547 0162638 1184743 1522240
 0021755 1522428 0021764 1527200 0567416 0004379 0003864 0333423 0021368 0441833 0687744 1257890 1552516 1552839 1705428 1705429 1273517 1416402 1704264 3536785 0231491 0063710 1416395 1149393 1704264 3273854 0003242 0003250 0003241 0021027 0746619 1883351 0392752 0567416
 1524063 0023516 0002508 0030020 1879694 0181496 2827499 0021368 0234621 0680844 0681916 0750572 0332149 1705910 2362652 0450348
 0449445 0030956 0392752 0007578 0567416
 0543488 1273517 0039103 1704254 1704922 3542466 0037791 1511884 0203668 0034606 0441633
 0008405 1514486 0005516
 0022752 0376554 1527178 1705938 0008405 1709634 1959616 0243092 1178969 0449432 1705248 0392747 0443172 0039099 1709305 2745955 2349975 0920582 0220781 1883254 0442805 0441516 0699784 0005516 0085732 1299581 0441655 0205177 0334094 0439167 1561536
 1527178 1705938 0024501 1265611 0596620 0025519 0025520 0872169 0032743 0046056 0032744 0040395 0040405 0233929 0872172 2349995 1704254 1704922 3542466 0011923 0079595 0349966 1337208
 1883712 0557651 2603343 1547282 0872169 0032743 0046056 0032744 0040395 0040405 0233929 0872172 2349995 1516048 0205177 0439167 0441655 1561536 0079809 0242485 0205177 0439167 0441655 1561536
 0449468 1690016 1705102 2700258 0028580 0917874 1551403 0024488 0231881 0424612 0459800 0563532 0684213 1260953 1704254 1704922 3542466
 0449468 1690016 1705102 2700258 0243144 0347980 1707520 0155094 0333350 0392747 0443172 0449468 1690016 1705102 1705241 2700258 2349975 0449468 1690016 1705102 2700258
 0449468 1690016 1705102 2700258 0243144 0347980 0037088 0332281 0043262 0085415
 1707501 0024485 1824234 0032743 0032744 0040395 0040405 0233929 2349995 0683607 1709793 0392747 0443172 1707455
 1979874 1524063 0042153 0457083 1947944 0162638 0087111 0150369 1273517 1516647 0205263 0334094 1514485 0162638
 0449911 0333052 2607870 0557702 1272706 1704674 0557702 1272706 1704674 0349966 1337208
 0439086 2827736 2981702
 0872169 0032743 0032744 0040395 0040405 0233929 0872172 2349995 0032743 0032744 0040395 0040405 0233929 2349995 0003864 0011923 0079595
 0449302 1704254 1704922 3542466 2347469 0030705
 0028377 0332617 0520511 1704711 0018563 0150312 0332285 1281583 1552914 0043262 1283836 1322271 2347469
 0520511 1704711 1553033 0043262 1283836 1322271
 1547282 0872169 0032743 0046056 0032744 0040395 0040405 0233929 0872172 2349995 1516048 0205177 0439167 0441655 1561536
 3273171
 3494219 0011923 0079595 0449445 1292724 0237753 0449788 0542559 1318139 1547282 3245505 0011923 0079595 0011923 0079595 0162404 1367880 1883351 0220825 0007634 0178539 0441471 3541888
 0449445 1292724 0332257 1552866 2700399 0150369 1516647 0040648 0040649 1521761 2827422 0012634 1314939 0011923 0079595 1517499 0017337 0040671 1705822 0162638 0243102 0205177 0439167 0441655 1561536 0541875 0022417 0392905 1261381 1269611 1314939 1706309 1948029 0030695 0150369 0181904 0596972 1521743 1704646 0871261 1704632 1706817 2911692
 1524063 0003250 0003241 0746619 0025397 1532326 0181496 2827499 0450355 0440752 1537000 0007634 0011923 0079595 0333348 3282337 0022417 0392905 1515657 1515655
 0011923 0079595 1547282 0574941 0022745 0439792 0441988 1518422 0022745
 0449445 0440752 0007634 0150369 0333348 1516647 3282337 2698651 0021485 1272883 1533685 1828121 0025397 0242485 0439228 0439531 1948053
 0025936 0003069 0025914 0025929 0026809 0024075 1171285 0011923 0079595 0162404 1367880 0003062
 2986594 3161035 0003873 2697391 0003864 0022417 0392905 0003864 0392760 1314939 0205177 0439167 0441655 1561536 0332294 0871362 0205250 0522510 0678226 1299351 1710082 2700149 1704254 1704922 3542466 1518422
 0035448 0201660 1521761 2827422 3161035 0336791 2827396
 0079595 1513384 0025664 0449851 1537028 1524063 0012634 0175631 1273517 2827662 0302189 0007634 3282337
 0205447 2936595 0546881 0542559 1318139 0039194 0007634 3282337 0026809 0591833 3161035 0003873 2697391 0003864
 1883351 0085732 1299581 0085732 0232902 0574941 0022417 0040300 0333348 0521339 1547928 1708481 0011923 0079595 0162404 1367880 0185125
 0039421 0683607 0002778 0936012 1524024
 1707959 0007634 3282337 0003062 0027361 0237401 0030695 0150369 0181904 0596972 1521743 1704646 1550177 0040223 0237400 3272377 3541383 0439228 0439531 1948053 0040223 3541383 0027552 0686904 0162388 0681205 1550555 0003062
 1285529 0007634 3282337 1883351 0024075
 1883708 0003062 1514756 0024076
 0439836 0069820 0024075 0007634 3282337 3146294 0023693 1306462 1881376 0442726 1511790 0179533 0449913 1553451 1654607 1704459 1706254
 0596836 0023693 0522510 1306462 1881376 0234621 1524063 2986819 0175659 0349674 1947916 3536777 0522510 0015230 0329155 0848332 1427618 1705203 0003062 0175659 0349674 0556636 1269776 1704254 1704922 1947916 3536777 3542466 0004093 0023693 0023700 0684292 1301820 1762617 1964256 0935616 0449913 1553451 1704459
 0015230 0329155 0848332 1427618 1705203 1444656 1660153 0475264 1744691 0033684 1704222 0017337 1514468 0040300 0003062
 1704254 1704922 3542466
 0449911 0333052 2607870 0557702 1272706 1704674 0557702 1272706 1704674 0349966 1337208

 0011923 0079595 0162404 1367880 1515655
 1511646 0025923 0025914 0025929 0026809 1720154 0009331 1413580 1883351 0024075
 0021493 0021485 0442120 1272883 1533685 1828121 0024076 0007634 3282337 0162404 0678226 1367880 0040594 0442726 1511790 1524063 0449913 1553451 1704459
 0596836 0023693 0522510 1306462 1881376 2986819 0009393 0175659 0205237 0349674 1550604 1705245 1947916 3536777 1882932 1260957 0205251 1299352 1550472 0332575 1260956 0596836 0522510
 0205082 0333348 0230459 0687080 2983612 0332173 0439228 0439505 0332173 0439228 0439505 2347469 0040671 1705822
 0332173 0439228 0439505 2347469 1710082 0230459 0205090 0442726 0687080 1511790 2983612 0021368
 2937289
 0449445 1292724 1547282 0016315 0494012 0430876 2697665 0011923 0016315 0079595 0449913 1553451 1704459 0205303 0205281 1273517 1518422 0011923 0039798 0079595 0087111 0871261 1522326 1533734 1704632 1705169 1706817 2911692 3538994 0025914 0025929 0026809 0003873 2697391 0003864 3161035 1524063 0059249 1332095 0231966 0065042 0016321 0203668 0203679 0011923 0079595 0182400 1704681 2347609 3536729
 0059249 1332095 0065042 0205250 1145667 1167622 1299351 1510827 2700149 0031623 0301704 0031676 0202177 1512782 1179839 0007603 0023768 0025249 1278073 0023779 0025255 0032105 0205102 0443288 0596901 1550098 1706182 1708664 3273178 0699040 0007634 0205148 0332157 3282337 0162638
 0687080 0332293 0025677 1522326 1547282 0016315 0522510 0687080
 0150369 1516647 0243144 0347980 0687080 0016315 0011923 0079595 1999230 0025663 0449851 0871511 0521982 0683154 0871261 1704632 1706817 2911692 0025677 0871261 1704632 1706817 2911692 0021632 0205352 0348000 1704339 2945704 0039798 0087111 0242485 0439858 0871261 1522326 1533734 1704632 1705169 1706817 1709305 2911692 3538994
 0449445 1273517 0360722 1512628 0450442 1254351 1521826 1150095 0011923 0030946 0079595 0205177 0439167 0441655 1561536 1947941 0150369 1516647 0205303 0871261 1704632 1706817 2911692
 0030940 0030946 1947941 0623362 0025543 1704640 1706515 0014442 0014445 1521840 2986546 1518681 0039798 0087111 1280500 1522326 1533734 1705169 3538994 1515655
 1883351 0022885 0039593 0392366 1273517 1512628 0450442 1254351 1521826 0388267 0016342 0250829 0439064 0032518 0037949 0181074 0332297 0332835 0596383 1145667 1167622 1267072 1689898 1961139 2349209
 1704675 0016342 0016315 1709305 2745955
 0182400 1704681 2347609 3536729 1518422
 0010813 0596311 1330957 1515655 0699919 1332804 0007428 0030685 0391871 0439180 0680255 1283071 1963578 0388267 0250829 0237881 0442805 0750502 1274040 1546471 1546944 2825142 0016315 1879547
 0021494 0021485 0348016 1272883 1533685 1828121 0011923 0079595 0182400 1704681 2347609 3536729 0040357 0687080 1547282 0016315 0522510
 0003062 1710082 1441672 0349966 1337208
 1524063 0679199 0205171 1518422 1720467 0011923 0079595 0182400 1273517 1883351 1150095 0205177 0439167 0441655 1561536 1515655 2267000 0301630 0392756 0441610 0332282 0039798 0087111 1363945 1273517 1883351 0030695 0150369 0181904 0596972 1521743 1704646 0521982 0871261 1704632 1706817 2911692
 0449911 0333052 2607870 0557702 1272706 1704674 0557702 1272706 1704674 0349966 1337208
 0439084 0728893
 1150095 0011923 0030946 0079595 0205177 0439167 0441655 1561536 1947941 0871261 1704632 1706817 2911692 0003864
 0009393 1550604 1705245 0009219 0805701 1704254 1704922 3542466 0563228 0007457 0023693 0043157 0220938 0332155 1306462 1881376 1704254 1704922 3542466 0332293 1522326 1511646 0025923 0025914 0025929 0026809 0971858 0003864 0009325 0205263 1167364 0392760 1314939 0230459 0687080 2983612 0205091 1552822 0040357 0205090 1080898 0033727 0369286 0441932 0564385 0030940 0030946 1879547 1947941 0699919 1332804 0007428
 0025677 0392756 0016315 0522510 0687080 0025914 0025929 0026809 0332155 1707455
 0449247 0040223 0750729 3541383 0040357 0687080 0021485 1272883 1533685 1828121 0441833 1999270 3537156 1547282
 0042295 0016315 0080103 0205345 0522510 1547039 1424884 1882541 0444504 2347634 2348143 0369637 0441923
 0746573 0039798 0087111 1522326 1533734 1705169 3538994 0205216 0392756 0442797 0016315 0033727 0369286 0441932 0564385 0369773 2603361
 0033727 0369286 0441932 0564385 0814896 0441889 0456079 1547707 2946261 0040357 0369773 2603361 0369773 0687080 2603361
 0040357 1547282 1424884 1882541 0687080 0332462 1880834 0033727 0369286 0441932 0564385
 2937289
 0243107 0678723 1527148
 0725066
 1521991 0003873 2697391 0003864 0004271 0011923 0079595 3645598 1514811 2348042 2826345 0442808 0376554 1704675 0007634 0178539 0449432 0079595 0025664 0449851 0332185 0439234 0205171 1518422 1720467 0683607 0020792 0205396 0175631 2827662 1709793 0750501 0205393 0332148 0750492 1999230 2698977 0087113 0039798 0087111 0150369 1280519 1516647 1522326 1533734 1705169 1707887 3538994 0087111
 0221193
 1293097 2919030 2919031 1319413 0152036 1522005 1704729 0041740 0017480 0599518

 0587475 1704729 0041740 0017480
 0043227 1568415 0035176 0260206 0018173 0035168 0037455 0242481 1521721 1548284 1556085 0347978
 0221193 0079152 0009671 0543488
 1514811 1706462 0243107 0678723 1527148
 0725066
 1521991 0003873 2697391 0003864 0004271 0011923 0079595 1514811 1706462 3540812
 1522609 0003873 2697391 0003864
 0003864 2347379 0439084 0728893 0025141 0054868 3540479
 0243107 0678723 1527148 0003873 2697391 0003864 0011923 0079595
 0025141 0205090 0684010 2603358
 1707455 0041618 0203244 0034571 0043299 1962945 0030705 0003873 2697391 0003864
 0450355 0025141 0205090 0684010 2603358
 1537028 0011923 0079595
 0034599 0043299 0807679 1962945
 1521991 1552741 0011923 0079595 0376558 0681850 1550501 0042789 0871317 0031845 1184743 1522240
 0017337
 1537028 0011923 0079595 1546466 0042789 0871317 0037633
 0036397
 1521991 0003873 2697391 0003864 0011923 0079595
 0025141
 1521991 0026857 1536986 0011923 0012634 0079595 0497254 2707260
 0025141 0205090 0684010 2603358
 0237849 0392757 1947916 1283195 0025914 0025929 0026809
 0006826 0998265 1306459 2347961 0740116 2827735 2981700 0025141
 1521991 0011923 0079595 0805586
 0025141 0205090 0684010 2603358
 0023693 1306462 1881376
 0025141 3541314
 1521840 0011923 0079595 1524063 0041618 0041621 0220934 1456803 1875843
 0011923 0079595 0025141 1708595 3280986
 1521991 0041618 0011923 0041621 0079595 0220934 1456803 1875843 1979874 1258018
 0025141 0016327 0439133 1553038
 0233820 1704241
 0011923 0079595 0025141
 0202671 0024485 1552358 0028580 0917874 1551403 1537028 1512628 0011923 0024488 0079595 0231881 0459800 0563532 0684213
 0007634 1269647 1704653 1948049 0439083 0439087 0025141 0439214 2348814
 0185125
 0011923 0079595 0025141 0012836
 0302523 0700325 3244290 1537028 0011923 0079595
 0007634 1269647 1704653 1948049 0025141
 0175631 2827662 1524063 0024485 1552358 0028580 0917874 1551403 0011923 0024488 0079595 0231881 0459800 0563532 0684213
 0025141 1708595 3280986 0205090 0684010 2603358
 1274040 1517480 1521871 1546471 1705759 1710082 2825142 1273517 2347167 1537028 1513403 0011923 0079595 1521991 1521840
 0027960 0324740 0439189 1456781 1824986 0011923 0079595 2827734 2981698 0025141 0022337 0205090 0684010 2603358
 0035028 1707719
 0025141
 1416402 1704264 3536785 0231491 0030705 0003873 2697391 0003864
 0035452 0334889 1412791 3539565
 1511790 0030705 0003873 2697391 0003864
 0035431 0451119 1444662
 0145055 0041405 0121638 1824670 3272447 0181496 2827499 0948898 0034606 0003873 2697391 0003864 1707455
 0450348 0025141 0022773
 1521840 0003865 0001551 0001552 0003864 1522673 0030956
 0003864 0035431 0025141 0016327 0439133 1553038
 0034606 1524063 0021031 0332255 1708096 0003873 2697391 0003864
 0035452 0334889 0205090 0684010 2603358
 1524063 0042153 0457083 1947944 0008405 0069851 0017725 0024485 1552358 0028580 0917874 1551403 0011923 0024488 0079595 0231881 0459800 0563532 0684213 1261322 1516048 0334094 1514485 0039099
 0003864 0035431 0025141 1538326 3541325 0029434
 1524063 0042153 0457083 1947944 0032743 0032744 0040395 0040405 0233929 2349995 0596620 0025519 0025520 0003873 2697391 0003864
 0003864 0035431 0025141 3538902 3541881
 1709793 0043262 1283836 1322271 2347167 0011923 0079595 0032743 0032744 0040395 0040405 0233929 2349995 0016327 0439133 1553038 0069851 0017725
 0034599 0043299 0807679 1962945
 1261322 1516048 0003873 2697391 0003864 0872169 0032743 0032744 0040395 0040405 0233929 0872172 2349995
 0687676 1704687 0036154 0439214 2348814
 0007587 1537000 0007634 0011065 1269647 1306577 1704653 1948049 0086272 3161035 0003873 2697391 0003864

 1515655 0993582 0003864 0011923 0079595 1517586 0016315
 0003864 0035431 0025141 0033727 0369286 0441932 0564385 0022418 0038108 0205090 0684010 2603358
 1515655 0079904 2986464 0011923 0079595 0205177 0439099 0439167 0441655 1561536
 1517844
 1706821 0545322 0302189 1861886 0017296 0017337 0039798 0087111 1363945 0971858 0003864 0009325 0205263 1167364
 1315013 0230613
 0039798 0087111 1522326 1533734 1705169 3538994 0079613 0302189 0017296 0017337 0039798 0087111 1363945
 0268596 2700624 3642273
 0025677 0205263 0971858 0003864 0009325 0205263 1167364
 0027960 0324740 0439189 1456781 1824986 0011923 0079595
 0558269 1552984 0205090 0684010 2603358
 1515655 1150095 0011923 0030946 0079595 0205177 0439167 0441655 1561536 1947941 0003864 0449445
 0003864 0035431 0025141 1515023
 0333052 2607870 1272684 1548435
 1527021 1554111 1705606 3541382 0333052 0239110 1706852 0239110 1705565 1947976 0687676 1704687 0557854 0013849 1705961 1706852 0282420 1706852 1138432 0239110 0162443 0205314 0033213 1706387 0003738 0024552 1519021 1554162 1883712 1706852
 1706852
 1706852
 1706852
 0037455 2735290 0242456 1522634 0205145 0887933 0947619 0035621 0205090 0439658