 3178870 0014239 0035295 0038435 0599177 1879547 0217529 1420398
 1704729 0025519 0025520 0000872 0565990 1552471 0041740 0205099 0205476 0558269 1552984 0039021 0221193 0013849 1705961 0024492 1538057 1547565 0558269 1552984 1272684 1548435 0520510 0557061 2584313 1514811 1706462 0301630 0392756 0441610 0577559 1306372 3152252 0011860 0441730 1320657 0011847 0011849 0332307 1441672 1547052 0039869 1883351 0015127 1524003 0175668 0027627 0205436 0020473
 1947946 2948600 3540471 3540472 1883351 0441712
 0150312 1707520 0599177 1879547 0537474 0007634 3282337
 0039798 0087111 1522326 1533734 1705169 3538994 0860803 0599177 1879547 0537474 0007634 3282337 0333574 0023779 1274040 1546471 2825142 1719133 1256369 0021641 0036536 0036537 1533581 1579433 0162638 0449774 0332257 0041904 0162493 0017337 0949469 0013081 0381451 1334141 1334191 1332397 1427500 1826562
 1158774 1280500 1512032 0205160 0205263 0596988 0857127 1513916 1527180 2825415 2825491 0309872 0537474 0815047 2246292 0034987 0242210 0013879 0033684 0038323 0220905 0243122 1145667 1167622 1704735 1705248 1705535 0537474 0815047 2246292 0034987 0242210 0013879 0033684 0038323 0220905 0243122 1145667 1167622 1704735 1705248 1521761 2827422 1273518
 1514559 1826259 3158709 0108401 1148582 0242210 0033684 0243122 1145667 1167622 0007634 3282337 1518422 0015127 1524003
 0039798 0087111 1522326 1533734 1705169 3538994 0007634 3282337 3178870 0014239 0005516 0017337 0035295 0038435 0205263 0857127 1708698 0920532 0063423 1415761 1413947 2985165
 0039798 0087111 1522326 1533734 1705169 3538994 0860803 0017725 3178870 0076374 0041385 0217529 1420398 0086860 1334191 0381451 1334141
 1274040 1546471 2825142 1705535 0599177 1879547 0217529 1420398 3178870 0014239 0035295 0038435 0015127 1524003
 1705313 3178870 0014239 0035295 0038435 0537474 0815047 2246292 0034987 0242210 0013879 0033684 0038323 0220905 0243122 1145667 1167622 1704735 1705248 0520510 0557061 2584313 1514811 1706462 0301630 0392756 0441610 0577559 1306372 3152252 0011860 0441730 1320657 0011847 0011849 0332307 1441672 1547052 0039869 1883351 0015127 1524003 0449719 1709471 0020456 0020473
 0020456 0679209 1441414 1553874 1578820 0020473 0205263
 0333574 0205136 0001527 0040300 0022131 0030274 0023884 0736268 1278929 2346688 0018787 1281570 0332183 0011860 0332281 0441730 1320657 0011847 0011849 0332307 1547052 0009566 1171258
 0441712 1706376 0543483 0699748 0007634 3282337 0001527 0040300 0750600
 0017262 0017337 0185117 0023884 0736268 1278929 2346688 0205309 1883351 0040648 0040649 0851285 1521761 2827422 0332257 1566548 0815047 2246292 0034987 0242210 0013879 0033684 0038323 0220905 0243122 1145667 1167622 1704735 1705248 1826259 3158709 0108401 1148582 0242210 0033684 0243122 1145667 1167622 0108685 0597716 0242210 2752241 0033684 0086222 0243122 1145667 1167622 0166418 1708639
 0815047 2246292 0034987 0242210 0013879 0033684 0038323 0220905 0243122 1145667 1167622 1704735 1705248 0021699 0033684 1167322 2752508
 0871261 1704632 1706817 2911692 0038323 1521761 2827422 1327378 0815047 2246292 0034987 0242210 0597304 0010813 0013879 0033684 0038323 0220905 0243122 0596311 1145667 1167622 1330957 1704735 1705248 1879547 1545958 1550481 1566548 0034987 0242210 0815047 2246292 0018042 1566548 0815047 2246292 0034987 0242210 0013879 0033684 0038323 0220905 0243122 1145667 1167622 1704735 1705248 0759784 1423502 0030946 0205145 0205242 0333853 1515974 1947941 2825164 1423501 0030946 1947941
 1566548 0033666 0815047 2246292 0034987 0242210 0013879 0033684 0038323 0220905 0243122 1145667 1167622 1704735 1705248 1522196 0007610 1332838 0017337 0678579
 0597298 0205396 1550043 1551388 0753747 0815047 2246292 0034987 0242210 0013879 0033684 0038323 0220905 0243122 0450344 1145667 1167622 1553633 1704735 1705248 0205309 0206131 1148554 0007589 1511938 1521761 2827422 2945687 0945818 1883712 0017337 0445247 1441547 3245521 0002345 0035687 2610186 0250036 1420399 0815047 2246292 0034987 0242210 0013879 0033684 0038323 0220905 0243122 1145667 1167622 1704735 1705248 0017337 0679058 2700640 0678579
 1566548 0815047 2246292 0034987 0242210 0013879 0033684 0038323 0220905 0243122 1145667 1167622 1704735 1705248 0032214 0600138 0035820 1705810 0003062 1547282 1883351 1947931 1515877 1879547 0185117 0017337 0599474 0005572 0008377 0220781 0015684 0001128 0041004 0031676
 1171362 0185117 0537474 0023884 0736268 1278929 2346688 0030705
 0333574 1719133 1256369 0021641 0036536 0036537 1533581 1579433 0017262 1861886 0017337 0185117 0021641 1533581 1579433 1427500 1826562 0017713 1415014 1420172 0041623 0003062 0007634 0241863 0684224 0700287 3282337 3496591
 0309872 1514559 0537474 1879547 0205214 1522138 3245511 0025598 0389071 0243192 2987634 0166418
 1707520 0815043 1527118 0031843 0542341 0700205 1705273 0537474 1280500
 1955473 1514559 0537474 0815047 2246292 0034987 0242210 0013879 0033684 0038323 0220905 0243122 1145667 1167622 1704735 1705248 0021670 2827734 2981698 0007634 3282337 1274040 1546471 2825142
 1547282 0274281 0332157 0007634 3282337 0017725 3146294 0348078 0376315 1522492
 0017725 1148853 0035696 0441889 0428479
 0205170 0205309 3146287 0039798 0087111 1522326 1533734 1705169 3538994 0015127 1314792 1524003
 0599177 1879547 0537474 0032214 0600138 0035820 1705810
 1517331 1883351 0443211 1272684 0598091 0007600 1414685 3538717 0950951 0007634 0205132 0205360 1269647 1547311 1550648 1552960 1704653 1948049 0221103 0301625 0439181 0728721 0205263 0857127 1512032 0596988 0537474 0815047 2246292 0034987 0242210 0013879 0033684 0038323 0220905 0243122 1145667 1167622 1704735 1705248
 0332120 0221103 0301625 0439181 0728721 1512032 2266866 1537044 0205177 0439167 0441655 1561536 0537474 0309872
 1883712 0150312 0033666 1709694 0537474 1879547
 0520510 0520510 0557061 2584313 1514811 1706462 0007585 0007634 0010453 0220814 0430400 1269647 1704653 1948049 2242979 0021670 0598089 0443211 1272684 1826259 3158709 0108401 1148582 0242210 0033684 0243122 1145667 1167622 0683607 0185117 1826259 3158709 0108401 1148582 0242210 0033684 0243122 1145667 1167622 0348078 0376315 1522492 0010453 0220814 0430400 2242979 0332256 2700400 0017725 1444656
 0007634 3282337 0023636 0329040 0185117 0205435 1279901 1261552 1704379 1705117 2825408 0205360 1547311 0205543 1883351 0007600 0007634 0205132 1269647 1550648 1552960 1704653 1948049 0206243 0699809 0040627 1552738
 0032136 0027627 0040669 0175668 0205360 0205436 1273517 1547311 2827421 0006556 1547699 2700640 1420310 1512032 0205160 0348078 0376315 1513916 1522492 1527180 2825415 2825491 1512032 0596988 0369637 0441923 1999230 0599566 0086022 0185117 0442335 1705099
 0025664 0184661 2700391 0036576 0220908 0220909 1698960 1710031 1710477 1552738
 0007634 3282337 0017596 0071632 0332293 1522326 1947936 0439584 0456696 1442770 0332293 0439227 1522326 0439275 0013090 0439526
 0007634 3282337 1883708 1548982 0070066 0231441 0443218 2827483 0146951 0133689 0242759 0991865 0006353 0031603 0031701 0036082 0150312 0332256 0332285 1601799 2700400
 0455052 1521827 1883708 0991865 0006353 0028778 0031603 0031701 0036082 0332206 0332256 1601799 2700400 2983591 1439852 0003241 0021027 0217529 1420398 0815047 2246292 0034987 0087044 0103404 0242210 0013879 0033684 0038323 0220905 0243122 1145667 1167622 1704735 1705248 0331779 0039021
 2827734 2981698 0079240 1948037 0332283 0003241 0021027 0205436 0457385 0565930 1167624 1561503 1705190 1947902 2827499
 1518434 0949632 0028589 0949374 0005507 0033684 0185115 0243073 0333051 0425245 0449580 0521447 0684295 1510438 2347509 0201719 2828366 0013855 0007634 3282337 0025663 0449851 0680240 0871511 1521827

 0012238 0162745 0205409 1548221 2349986 1552738 0028589 0185115 3541890 0684224 0700287 3496591
 0028953 0034987 0013879 0038323 0220905 1704735 1705248 0086860 1334191 0381451 1334141 0182400 1273517 1704681 2347609 3536729
 0185115 0684295 0949632 0332257 0012634 0348080 1705253 0443286 1114821 0884358

 0359168 0003250 0443737 0700271 1317659 1445860 0003241 0746619 0041703 0250036 1420399 0815047 2246292 0034987 0242210 0013879 0033684 0038323 0220905 0243122 1145667 1167622 1704735 1705248 0007600 0020204 0007634 0205132 1269647 1550101 1550648 1552960 1704653 1948049 1998793 0040278 1516698 1704814 0041703 0681814 1273517
 0487602 1704680 0014792 0007634 3282337 1442989 2828392 0010453 0220814 0430400 2242979 0009458 0439536 1705217 3244283 0332197 1689985 0439586 1442464 0439227
 0007634 3282337 0231441 0443218 2827483 2986582 0684224 0700287 3496591
 0230704 0234621 1524063 0026024 0444701 0026018 0205390 1979874
 0202098 0242485 1256369 1327616 0036536 0036537 1512032 0596988 0205170 0444706 3146287 3541902 0456693 1442458 0005971 0439232 0439531 0700321 0702093 1139930 1282918 1948053 2347166 3537155 0006353 0037494 1959973 0074722 0019215 0332256 2700400 0427743 1287281 0086045
 0021641 0423896 0456205 1533581 1579433 0185115 0684295 0001962 0332282 0025664 0184661 2700391

 0021641 1533581 1579433 0020980 0021060 0034546 0442726 1304639 1511790 1524063 0021641 1533581 1579433
 0204727 0205409 0220862 0035668 0185115 3541890 0025255 0028736 0740034 1552738
 0025255 0596901 1706182 1883708 0006556 0034656 0206415 0439605 1553631 0181496 2827499 0025663 0182400 0449851 0680240 0871511 1704681 2347609 3536729
 1883351 0218063 1708715 0040671 1705822 0025255 1321564 1334046 0441088 0017337 0182400 0442519 1704681 2003847 2347609 2986904 3536729 0333118 0136073 0917877 1325303
 0332255 0486805 0182400 1273517 0537474 0815047 2246292 0034987 0242210 0013879 0033684 0038323 0220905 0243122 1145667 1167622 1704735 1705248 1826259 3158709 0108401 1148582 0242210 0033684 0243122 1145667 1167622 0017713 1415014 1420172 0034348 0031727 0034354 0244104 0021641 1533581 1579433 0063423 1415761 1413947 2985165 1511790 0032136 0868946
 0006556 0536847 0066604 1421314 0949610 1335665 0026237 0033684 0034693 0034721 0182400 0521451 1704681 2347609 3536729 0001999 1412347 0016762 0015683 1367441 0015684 0001128 0132555 0202406 0001022 0001026 0007064 0017874 0001390 0017861 0031603 0031701 1601799 0020374 0063164 1415615 0047420 0030016 0205169 1539477 1332397 0381451 1334141 1334191 0034818 1334133 0021641 0597357 1533581 1579433 1710236 0034821 1366529 0023823 0065059 0023820 0178587 0205251 0597357 1299352 1550472 0599161 0032520 0677874 1521827 0521093 0750484 1553778 1561491
 0007620 0443348 0596290 1709793 0444706 3541902 1524063 0039021 0442711 1507394 1522729 2348563
 0005507 0243073 1510438 0671437 0039704 0010813 0036140 0037494 0206136 0596311 1330957 1527178 1705938 0030016
 0007595 0442805 1274040 1546471 2825142 0205177 0439167 0441655 1561536 0030016 1293122 0205431
 0013343 1441322 0007634 0443348 3282337 0183400 1709793 0444706 0449770 1268822 2825050
 0681814 0884358 1524063 0039021 0332282 0442711 1507394 1522729 2348563
 1274040 1546471 2825142 0444504 2347634 2348143 0369637 0441923 0871424 0002778 0936012 1524024 0884358 1524063 0022885 0038492 0039593 0392366 1551041 1552573
 1274040 1546471 2825142 0520510 0557061 2584313 1514811 1706462 1158774 1518681 1280500 1256369 0021641 0036536 0036537 1533581 1579433 0017262 1861886 0017337 0185117 0007634 3282337 0349966 1337208 1547282
 0450344 1553633 0039798 0087111 1522326 1533734 1705169 3538994 0007634 3282337 0439586 1442464 0439227 0017725 0392756 1274040 1546471 2825142 1256369 0021641 0036536 0036537 1533581 1579433
 1979874 0021641 0030685 0391871 0439180 0680255 1283071 1533581 1579433 1963578 2986417 1705535 0015283 2986417
 0521093 0750484 1456348 0684224 0700287 3496591 0039798 0087111 1522326 1533734 1705169 3538994 0333574 0023779 1708698 1414685 3538717 0007634 0162638 1269647 1515981 1704653 1948049 0042789 1947903
 1883351 0441712 1706376 0005861 0884358 1883351 1292732 0449774 0007634 3282337 0439586 1442464 0332293 0439227 1522326 0017725
 0035696 0441889 0021641 1533581 1579433 1427500 1826562 1420172 0017713 1415014 0381451 1334141 1334191 0034818 1334133 0021641 0597357 1533581 1579433 1710236 0860803 0017725 0039798 0087111 0205250 1260953 1299351 1522326 1533734 1705169 2700149 3538994 0450345
 1883712 0017337 0205169 1539477 1705955 1332397 0450345
 0017337 0015683 1367441 0015684 0001128 0132555 0202406 0001022 0001026 0007064 0017874 0001390 0017861 0031603 0031701 1601799 0020374 0063164 1415615 0047420 0030016 0034821 1149327 0597357 0522501 0860803 0017725 0039798 0087111 0205250 0205263 1299351 1522326 1533734 1705169 2700149 3538994
 0596611 1515926 1282910 1552828 0598091 0007600 1414685 3538717 0007634 0205132 0205360 0684224 0700287 1269647 1547311 1550648 1552960 1704653 1948049 3496591
 1449575 1956267 1979963 2003903 1705535 0860803 0017725 0015127 1524003
 0449911 0333052 2607870 0557702 1272706 1704674 0557702 1272706 1704674 0349966 1337208
 2827734 2981698
 1158774 1518681 1280500 1256369 0021641 0036536 0036537 1533581 1579433 0017262 0017337 0185117 0007634 1269647 1704653 1948049
 0020498 1442989 2828392 0010453 0220814 0430400 2242979 0009458 0439536 1705217 3244283
 1442467 0009458 0439536 1705217 3244283 0007634 3282337 1548982 1720725 1948050
 0021641 0030685 0391871 0439180 0680255 1283071 1533581 1579433 1963578 0007634 3282337 0017725 1948023 0023401 0332256 2700400 0450346 1555599 1691010 0205112 0205543 0020980 0021060 0034546 1304639 0007634 0021641 0178539 0423896 0439165 0456205 1533581 1549488 1561533 1579433
 0439531 1948053 0042789 1947903 0007634 3282337
 0021641 0423896 0456205 1533581 1579433 0205216 0392756 0442797 0039798 0087111 1522326 1533734 1705169 3538994 0439586 1442464 0017725
 1511726 3245479 1882932 0444504 2347634 2348143 0369637 0441923 0681814
 0369773 2603361
 0449774 0007634 3282337 1442989 2828392 0010453 0220814 0430400 2242979 0009458 0439536 1705217 3244283 0005861
 0370003 2347026 1708639 0007512 0182400
 0681814 1547282 0441987 0332529 1547017
 0684224 0700287 3496591 0040649 1518440 0040715 2987521 2266866 1537044 0205177 0439167 0441655 1561536 0017725 0851285 0007634 3282337
 0349966 1337208
 1148853 0428479 1547597 0035696 0441889 0001999 1412347 0016762 0522501 0860803 0017725 0205217 0205250 0442805 1299351 2700149
 1826259 3158709 0108401 1148582 0242210 0033684 0243122 1145667 1167622 0205309 1883351 0017262 0017337 0185117 0332128 1314939
 0537474 0815047 2246292 0034987 0242210 0013879 0033684 0038323 0220905 0243122 1145667 1167622 1704735 1705248 1826259 3158709 0108401 1148582 0242210 0033684 0243122 1145667 1167622 0449774 0007634 3282337 1826259 3158709 0108401 0242210 0600508 0349966 1337208
 2347469
 0005861 0205360 0205448 0884358 1547311 0007600 0007634 0205132 1269647 1704653 1948049 0443211 1272684 1883351 1826259 3158709 0108401 1148582 0242210 0033684 0243122 1145667 1167622
 1274040 1546471 2825142 0349966 0870432 1337208
 1826259 0001999 1412347 0016762 0205263 0857127 2349975 0185117 0001022 0001026 0007064
 1979874 0205263 0857127 0537474 0205217 0442805 0017262 0751455 1171362 0017337 0185117 0015683 1367441 0015684 0001128 0132555 0202406 0001022 0001026 0007064 0020374 0063164 1415615 0047420 0030016 0034821 1149327 0597357 1518422 0001721 0035696 0441889 0001999 1412347 0016762 0450354 1706096
 0033618 0815043 1527118 0031843 0542341 0700205 1705273 0537474 0250036 1420399 0033618 0034987 0242210 0815043 0815047 1527118 2246292 0013879 0031843 0033684 0038323 0185027 0220905 0243122 0542341 0700205 1145667 1167622 1704735 1705248 1705273 1948020 0017262 1332838 0017337 0185117 0007634 3282337 0020374 0063164 1415615 0047420 0030016 0851285
 1883712 0597360 0185117 1260953 2986417 1826259
 0684224 0700287 3496591 0332185 0537474 0815047 2246292 0034987 0242210 0013879 0033684 0038323 0220905 0243122 1145667 1167622 1704735 1705248 1334191 0381451 1334141 1448132 0034818 0795635 1334133 0021641 0086418 0086860 0597357 1145667 1167622 1533581 1579433 1710236 1260953 0205177 0439167 0441655 1561536 1522062 0227525
 0449911 0333052 2607870 0557702 1272706 1704674 0557702 1272706 1704674 0349966 1337208
 0740116 2827735 2981700
 1707455 0007634 3282337 0683607 0185117 1826259 3158709 0108401 1148582 0242210 0033684 0243122 1145667 1167622 0348078 0376315 1522492
 1826259 3158709 0038164 0108401 1148582 0242210 0033684 0243122 1145667 1167622 0007634 3282337 0010454 0009458 0439536 1442989 1705217 2828392 3244283 0010453 0220814 0430400 2242979 0017725 0013090
 0010453 0220814 0430400 2242979 1532563 0009458 0017725 0439190 0439536 0549178 1705217 3244283 0086045 0013090 0439227 0332283 1292429 0439227 1524062 0010454 0009458 0010453 0220814 0430400 0439536 1705217 2242979 3244283 0450346 0740116 2827735 2981700 0017725 1515981 0013090
 0439531 1948053 0042789 1947903
 0537474 0377800 1336694 1455498 0006030 0815047 2246292 0034987 0242210 0013879 0033684 0038323 0220905 0243122 1145667 1167622 1704735 1705248 0007634 3282337 0010454 0009458 0017725 0439536 1705217 3244283 0010453 0220814 0430400 2242979 0086045 0013090 0439227 0332283 1292429 0439227 1524062 0010454 0009458 0010453 0220814 0430400 0439536 1705217 2242979 3244283 0450346 0740116 2827735 2981700 0017725 1515981 0013090
 0537474 0815047 2246292 0034987 0242210 0013879 0033684 0038323 0220905 0243122 1145667 1167622 1704735 1705248 0439584 0456696 1442770 0205263 0439175 0439227 0439810 1280500
 0449774 0005861
 0370003 2347026 0007512 0182400
 2700323 0537474 0815047 2246292 0034987 0242210 0013879 0033684 0038323 0220905 0243122 1145667 1167622 1704735 1705248
 0597484 1272460 0348078 0376315 1522492
 0681814 0205341 1948050 0040223 0205448 1632851 2348205 1274040 1546471 2825142
 0205263 0857127 1826259 0007634 3282337 1518422 0001721 1719133 1256369 0021641 0036536 0036537 1533581 1579433 0007595 0018270 0220844 1621966 2911660
 1280500 2348382 0205263 0857127 1826259 0013090 0439586 1442464 0439227 1518422 0392747 1719133 1256369 0021641 0036536 0036537 1533581 1579433 0021641 0423896 0456205 1533581 1579433
 1883351 1516048 1825598 1826259 0007595 0018270 0220844 1621966 2911660 0443348 0884358 0005507 0243073 1510438 0450365 1706097
 0005507 0243073 1510438 0671437 0039704 0010813 0036140 0037494 0206136 0596311 1330957 1527178 1705938 0030016
 0007595 0442805 1274040 1546471 2825142 0205177 0439167 0441655 1561536 0030016 1293122 0205431
 1514559 0205263 0857127 1826259 0439586 1442464 0439227 1518422 0007595 0333951 1414685 3538717 0007634 0015127 0018270 0220844 0237477 0392351 1269647 1524003 1621966 1704653 1948049 2911660 0450365 1706097 0162638 0376669 0012854 0332472 0681814 1516048 1881708 1511726 3245479 1518422 1547282
 1547282 0205263 0857127 0015127 1524003 0162638 0007634 3282337
 0449911 0333052 2607870 0557702 1272706 1704674 0557702 1272706 1704674 0349966 1337208
 0439086 2827736 2981702
 1514559 1826259 1518422 0001721 1719133 1256369 0021641 0036536 0036537 1533581 1579433 0007595 0018270 0220844 1621966 2911660
 1826259 3158709 0038164 0108401 1148582 0242210 0033684 0243122 1145667 1167622 0007634 3282337 0010453 0220814 0430400 2242979 0013089 0013089 0013090 0017725 0439584 0456696 1442770 0439227 1883708 0009458 0017725 0439536 1705217 3244283 0439584 0456696 1442770 0439227
 1623517 0021641 0030685 0391871 0439180 0680255 1283071 1533581 1579433 1963578 1826259 0007634 3282337 0332256 2700400 0427743 1287281 0086045 0020980 0021060 0034546 1304639 0007634 0021641 0178539 0423896 0439165 0456205 1533581 1549488 1561533 1579433
 1511726 3245479 1882932 0681814
 0005507 0243073 1510438 0439164 1268822 0178587 0449450 0312860 1547282 1826259 3158709 0108401 1148582 0242210 0033684 0243122 1145667 1167622 0007620 0038952 0220921 1518422 0439586 1442464 0039798 0087111 0392760 0439227 1314939 1522326 1533734 1705169 3538994 0013090
 0598091 0007600 0007634 0205132 1269647 1550648 1552960 1704653 1948049 0023636 0329040 0185117 1517331 0537474 3146294 0598091 0007600 1414685 3538717 0950951 0007634 0205132 0205360 1269647 1547311 1550648 1552960 1704653 1948049 1512032 0596988 0679006 1947967 1512032 0596988 0007634 3282337
 1564139 0033684 0332256 2700400 1880389 1883221 3541951 0332268 2266866 0205177 0439167 0441655 1561536 1148673
 1512032 0596988 0015264 0031843 0542341 0700205 1705273 0205300 1566548 0815047 2246292 0034987 0242210 0013879 0033684 0038323 0220905 0243122 1145667 1167622 1704735 1705248
 0487602 1704680 0537474 0815047 2246292 0034987 0242210 0013879 0033684 0038323 0220905 0243122 1145667 1167622 1704735 1705248 1512032 1564139 0596988 0013090 0205263 0450373 1553636
 0449911 0333052 2607870 0557702 1272706 1704674 0557702 1272706 1704674 0349966 1337208

 1521970 1512032 0596988
 1704254 1704922 3542466 1704458 0487602 1704680 1511276 1552825 1979003 0312586 0003241 0021027 0217529 1420398 0815047 2246292 0034987 0087044 0103404 0242210 0013879 0033684 0038323 0220905 0243122 1145667 1167622 1704735 1705248 1547282 1512032 1564139 0596988 0013090 0205263
 1512032 0596988 0007634 3282337 0010453 0220814 0430400 2242979 0013089 0013089 0013090
 0949632 0005507 0017243 0243073 0333051 1382104 1510438 2347509 1512032 0537474 1420398 3538602 0205160 0596988 1513916 1517320 1527180 2825415 2825491 0007634 3282337 1524063 0314642 0004793 0162326 0162327 1519249
 1512032 0596988 0007634 3282337 1442989 2828392 0010453 0220814 0430400 2242979 0009458 0439536 1705217 3244283 0392148 0013089 0332197 1689985 0013089 0013090
 0003250 1445860 0443640 0003241 0021027 0217529 1420398 0681814 1273517 1706386
 0681814 0205341 1948050 0205448 1274040 1546471 2825142
 0949632 0005507 0185115 0243073 0333051 0425245 0449580 0684295 1510438 1553033 2347509 0013855 1518434 0521447 2828366 1512032 0537474 1420398 3538602 0205160 0205263 0596988 1513916 1517320 1518422 1527180 2825415 2825491 0007634 3282337 1524063 0314642 0004793 0162326 0162327 1519249
 1512032 0596988 0007634 3282337 1442989 2828392 0010453 0220814 0430400 2242979 0009458 0439536 1705217 3244283
 0003250 1445860 0443640 0003241 0021027 0250036 1420399 0681814 1273517 1706386
 0681814 0205341 1720725 1948050 2348205 1274040 1546471 2825142
 1280500 0205263 0857127 1512032 0537474 1420398 3538602 0205160 0332285 0596988 1513916 1527180 2825415 2825491 0217529 1420398 0086860 0381451 1334141 1334191
 1512032 0596988 0007634 3282337 1442989 2828392 0010453 0220814 0430400 2242979 0009458 0439536 1705217 3244283 0392148 0013089 0332197 1689985 0013089 0013090
 0185115 0684295 0949632 0086860 1334191 0381451 1334141 1547282 0205217 0442805 1442445 0332462 1880834 0017725 0205216 0205263 0857127 1512032 0537474 1420398 3538602 0205160 0332285 0596988 1513916 1527180 2825415 2825491 0450375
 1335858 0037791 1511884 0521093 0750484 1441672 0003250 0003242 1445860 0003241 0021027 0217529 1420398 0443737 0700271 0450375
 1518422 0332196 2828389 2266866 1537044 0205177 0439167 0441655 1561536 0250036 1420399 1512032 0537474 1420398 3538602 0205160 0311403 0596988 1513916 1527180 2825415 2825491
 0003250 0003242 1445860 0003241 0021027 0250036 1420399 0015127 1524003 0233535 0439792 0547044 1445860 0443640 0003241 0021027 0217529 1420398 0450376
 1274040 1546471 2825142 1705535 1551359 2741673 2981730 2266866 0205177 0439167 0441655 1561536 1148590 0086860 0381451 1334141 1334191
 0205263 0857127 0205216 0333574 0162638 1256369 0021641 0036536 0036537 1533581 1579433 0007634 3282337
 0069388 1294000 0028908 0332575 0487602 1260956 1517288 1704680 1553637 0039798 0087111 1522326 1533734 1705169 3538994 0007634 3282337 0333574 0023779 0522501 1274040 1546471 2825142 1512032 0537474 1420398 3538602 0205160 0205263 0596988 0857127 1513916 1527180 2825415 2825491 0309872
 0039798 0087111 1522326 1533734 1705169 3538994 0007634 3282337 1292423 0439227 0015127 1524003 0376669 0332472 1881708 1512330 0162638
 1512032 0596988 0524828 0162638
 0449911 0333052 2607870 0557702 1272706 1704674 0557702 1272706 1704674 0349966 1337208
 0439084 0728893
 0205263 0857127 0309872 0007634 3282337
 1512032 0596988 0205216 3278535 0333574 0230704 0205397 0487602 1704680 0069388 0028908 0332575 1260956 1517288
 1512032 0596988 0007634 3282337 1442989 2828392 0010453 0220814 0430400 2242979 0243148 1550141 1882979 2587213 3274648 0017725 0860803 0017725 0009458 0439536 1705217 3244283 0392148 0013089 0332197 1689985 0013089 0013090
 1512032 0596988 0309872 0162638
 0376669 0332472 1881708 1512032 0537474 1420398 3538602 0205160 0596988 1513916 1516048 1527180 2825415 2825491 0007634 3282337 0010454 0009458 0017725 0439536 1705217 3244283 0010453 0220814 0430400 2242979 1292423 0439227 0392148 0013089 0332197 1689985 0013089 0013090
 1512032 1719133 0537474 1256369 1420398 3538602 0017725 0021641 0036536 0036537 0205160 0596988 1513916 1527180 1533581 1553033 1579433 1948023 2825415 2825491
 1512032 0596988 2347578 2347576 0007634 3282337 1442989 2828392 0010453 0220814 0430400 2242979 0243148 1550141 1882979 2587213 3274648 0017725 0860803 0017725 0009458 0439536 1705217 3244283
 1442467 0009458 0439536 1705217 3244283 0007634 3282337 1548982 1720725 1948050
 0021641 0030685 0391871 0439180 0680255 1283071 1533581 1579433 1963578 0007634 3282337 1948023 0205112 0017725 0020980 0021060 0034546 1304639 0007634 0021641 0178539 0423896 0439165 0456205 1533581 1549488 1561533 1579433
 1511726 3245479 1882932 0444504 2347634 2348143 0369637 0441923 0681814
 0369773 2603361
 0369773 2603361
 0680240 1274040 1546471 2825142 1301820 0450344 1553633 0039798 0087111 1522326 1533734 1705169 3538994 0007634 3282337 0439586 1442464 0439227 1256369 1719133 0017725 0021641 0036536 0036537 0392756 1533581 1579433 1708698 1948023
 1719133 1256369 0021641 0036536 0036537 1533581 1579433 1512032 0537474 1420398 3538602 0185117 0205160 0596988 1513916 1527180 2825415 2825491
 0205263 0857127 0205217 0442805 0205112 1548189 0030281 0021641 0030685 0391871 0439180 0680255 1283071 1533581 1579433 1963578
 1512032 0596988 0205202 0017262 0017337 0185117 0007634 3282337 0332293 0860803 0017725 0205191 0205250 1299351 1522326 2700149 0349966 1337208
 0039798 0087111 1522326 1533734 1705169 3538994 0007634 3282337 0439586 1442464 0439227 0205217 0442805 0035696 0441889 0001999 1412347 0016762 1826259 3158709 0108401 1148582 0242210 0033684 0243122 1145667 1167622 1518422 1512032 0537474 1420398 3538602 0205160 0205263 0392760 0596988 0857127 1314939 1513916 1527180 2825415 2825491
 1274040 1546471 2825142 1705535 0860803 0017725 0033414 0185117 0001999 1412347 0001998 0377800 1412344 0016762 1704259 1705987 1826259 3158709 0108401
 1979874 1280500 1512032 0537474 0860803 1420398 3538602 0017725 0150312 0205160 0205250 0332285 0332293 0596988 1299351 1513916 1522326 1527180 2700149 2825415 2825491 0007634 3282337 0443289 1317658 0449774 0537474 0332257 0041904 0162493 0020374 0063164 1415615 0047420 0030016 0034821 1366529 0023823 0065059 0023820 0178587 0205251 0597357 1299352 1550472 0013081 0017713 1415014 1427500 1826562 0381451 1334141 1334191 0034818 1334133 0021641 0597357 1533581 1579433 1710236 1332397 0349966 1337208
 1511726 3245479 0017362 0751455 1332838 0017337 0537474 0860803 0017725 0205191 0205250 1299351 2700149 0086597 0127400
 1421314 1332838 0017362 0079429 0751455 0017337 0007634 3282337
 0205263 0857127 1260953 0536847 1421314 0033684 1372360 0650607 1256369 0020459 0021641 0036536 0036537 0205112 0205217 0442805 1533581 1551359 1579433 2741673 2981730 1441672
 0449911 0333052 2607870 0557702 1272706 1704674 0557702 1272706 1704674 0349966 1337208

 1280500 0449774 0017262 0860803 0017725 0205191 0205250 0205263 1299351 2700149 0007634 3282337
 1512032 0596988 0007634 3282337 1442989 2828392 0010453 0220814 0430400 2242979 0009458 0439536 1705217 3244283 0392148 0013089 0332197 1689985 0013089 0013090
 0449774 0005861
 0370003 2347026 0007512 0182400
 0681814 0205341 1720725 1948050 2348205 1274040 1546471 2825142
 3178870 0014239 0035295 0038435 0599177 1879547 0217529 1420398 0441712 0205217 0442805 0185117 0063423 1415761 1521970 0449475
 0150312 0039798 0087111 1522326 1533734 1705169 3538994 0007634 3282337 0439586 1442464 0439227 0017725 0205263 0017337 3178870 1571602
 3178870 0014239 0035295 0038435 0441712 1706376 0217529 1420398 0034987 0087044 0103404 0242210 1414685 3538717 0007634 1269647 1704653 1948049 0205170 1301725 1609436 3146287 3178870 0014239 0035295 0038435 0015127 1314792 1524003 0033666 2985687 1709694 1423501 0030946 1947941
 0449911 0333052 2607870 0557702 1272706 1704674 0557702 1272706 1704674 0349966 1337208

 3178870 0014239 0035295 0038435 0599177 1879547 0217529 1420398
 0449774 0007634 3282337 1442989 2828392 0010453 0220814 0430400 2242979 0009458 0439536 1705217 3244283 0005861
 0370003 2347026 1708639 0007512 0182400
 0681814 1547282 0441987 0332529 1547017
 0949632 0005507 0017243 0243073 0333051 1382104 1510438 2347509 1524063 0314642 0004793 0162326 0162327 1519249
 2266866 1537044 0205177 0439167 0441655 1561536 0217529 1420398 0034693 0034721 1516048 0332293 0017725 1522326 0205409 1548221 2827734 2981698 0740116 2827735 2981700 0439086 2827736 2981702 1442466 0439228 3178870 0014239 0035295 0038435 0205448 0076374 2827734 2981698 0041385 0439267 0439446 0439526
 1445860 0003241 0021027 0681814 1273517
 0441712 1706376 0022131
 0949632 0005507 0185115 0243073 0333051 0425245 0449580 0684295 1510438 2347509 0013855 0349966 1337208 1547282
 0039798 0087111 1522326 1533734 1705169 3538994 0860803 0017725 3178870 0076374 0041385 0217529 1420398 0314642 0004793 0162326 0162327 1519249 0086860 0381451 1334141 1334191
 1335858 0037791 1511884 0521093 0750484 0392148 0003250 0003241 0021027 0746619 0217529 1420398 0815047 2246292 0034987 0087044 0103404 0242210 0013879 0033684 0038323 0220905 0243122 1145667 1167622 1704735 1705248
 0520510 0557061 2584313 1514811 1706462 0205170 0205309 3146287 0332257 0333574 1719133 1256369 0021641 0036536 0036537 1533581 1579433 0162638
 1521970 0034719 0034693 0034721
 1514559 0537474 0003062 1441414 1521761 1553874 1578820 2827422
 1514559 0537474 0815047 2246292 0034987 0242210 0013879 0033684 0038323 0220905 0243122 1145667 1167622 1704735 1705248 0007634 3282337 2827734 2981698 0007634 1269647 1274040 1521970 1546471 1704653 1948049 2825142 3538928
 0035173 0205543 0686907 0015688 0333574 1955473 1705535 0679209 0439092 0547044 0007634 3282337
 1515273 1705313 2826302 0031847 0277785
 1883351 0441712 0205435 1279901 1292732 0449774 0007634 3282337 0332293 1522326 0860803 0017725 0205250 1299351 2700149
 0017262 0185117 0381451 1334141 1334191 0034818 1334133 0021641 0597357 1533581 1579433 1710236 0021641 1533581 1579433 1427500 1826562 1420172 0017713 1415014 1332397 0035696 0441889 0017337 1880177
 1449575 1956267 1979963 2003903 0017262 2348205 0007600 1414685 3538717 0007634 0205132 0684224 0700287 1269647 1550648 1552960 1704653 1948049 3496591
 1979874 1521970 1518422 0007600 1414685 3538717 0007634 0205132 1269647 1441672 1550648 1552960 1704653 1948049 1514559 1826259 1149367 3158709 0108401 1148582 0242210 0033684 0243122 1145667 1167622
 1274040 1546471 2825142 1301820 0007634 3282337 0166418 0108685 0597716 0242210 2752241 0033684 0086222 0243122 1145667 1167622 1511726 3245479 1705535 0537474 0815047 2246292 0034987 0242210 0013879 0033684 0038323 0220905 0243122 1145667 1167622 1704735 1705248 0040648 0040649 1521761 2827422 1273518
 1517331 1883351 1512571 0443211 1272684 0598091 0007600 1414685 3538717 0950951 0007634 0205132 0205360 1269647 1547311 1550648 1552960 1704653 1948049 0185117 1512032 0537474 1420398 3538602 0205160 0332285 0596988 1513916 1527180 2825415 2825491
 0205263 0857127 0205216 0217529 1420398 0332255 1708096 0086860 0381451 1334141 1334191
 1158774 1280500 0597360 0185117 0381451 1334141 1334191 1512032 0537474 1420398 3538602 0205160 0332161 0596988 0599946 1513916 1527180 2825415 2825491
 0684224 0700287 3496591 0537474 0815047 2246292 0034987 0242210 0013879 0033684 0038323 0220905 0243122 1145667 1167622 1704735 1705248 0381451 1334141 1334191 0034818 1334133 0021641 0086860 0597357 1145667 1167622 1533581 1579433 1710236 1260953 0597360 0185117
 1274040 1546471 2825142 1705535 0441712 1706376
 1442161 1511760 1880274 0381451 1334141 1334191 1522183 0020663 1280712 0007634 3282337 0332185 1547282 1883351 0015127 1524003 0011860 1320657 0441730 0011847 0011849 0332307 1547052 0039082
 0381451 1334141 1334191 0034818 1334133 0021641 0597357 1533581 1579433 1710236 0205309 1883351 0033414 0007620 0038952 0220921 0007595 0230107
 0221103 0301625 0439181 0728721 0537474 0815047 2246292 0034987 0242210 0013879 0033684 0038323 0220905 0243122 1145667 1167622 1704735 1705248 1880177 0439092 0547044 0449719 1709471
 0221103 0301625 0439181 0728721 1512032 0537474 0007634 3282337 0332257 0333574 1719133 1256369 0021641 0036536 0036537 1533581 1579433 0162638
 1280500 0015683 1367441 0015684 0001128 0132555 0185117 0202406 0020374 0063164 1415615 0047420 0030016 0034821 1366529 0023823 0065059 0023820 0178587 0205251 0597357 1299352 1550472 1420172 0017713 1415014 1427500 1826562 0381451 1334141 1334191 0034818 1334133 0021641 0597357 1533581 1579433 1710236 1332397
 1883712 1512032 0596988 1260953 1171362 0185117
 1979874 1512032 0596988 1518422 0001721 0185117 0001999 1412347 0016762 1826259 3158709 0108401 0242210 0600508
 0017713 1415014 0014442 0872382 1625163 0007634 0017725 0183210 1269647 1704653 1705193 1948049
 1427500 1826562 0017262 1861886 0007634 0017337 0185117 0205369 1269647 1514873 1552740 1704653 1948049 0024501 0427385 1318444 0031437 1285572
 1522528 0011155 1636779 0034821 1366529 1547282 1883351 0332325 2827757
 1442161 1511760 1880274 0007613 0007634 0031843 0542341 0700205 1269647 1704653 1705273 1948049 0003062 1515981 0342895 0521974 0301585 0012155 0205250 0424612 1299351 1442959 1519433 2700149 2983588
 1883712 1522528 0011155 1636779 0015684 0001128 0202406 0205263 1514559 1256369 1719133 0017725 0021641 0023175 0036536 0036537 0181586 0221099 0684336 1442948 1522538 1533581 1579433 1948023 2348269 3275067
 0860803 0017725 0217529 1420398 0034987 0087044 0103404 0242210 1521840 2986546 0017337 0678227
 0205393 0150312 0039798 0087111 1522326 1533734 1705169 3538994 0015127 1524003 0149784 0871261 1704632 1706817 2911692 0007634 3282337 0017262 0332120 0017337 0185117 0205250 0205448 1521970 3163633 2945739 0063423 1415761
 0684224 0700287 3496591 0017725 0597295 1158884 3160734 0086206 1521761 2827422 0030943 0589507 1158830 1521761 1704686 2827422 0013729 1166851 3539639 1879547
 0860803 0017725 0205263 3178870 0014239 0018850 1827667 0035295 0038435
 1511726 3245479 1705535 3178870 0014239 0035295 0038435 0441712 1706376 1709694 1879547
 0150312 0039798 0087111 1522326 1533734 1705169 3538994 0860803 0017725 3178870 0076374 0041385 0522501 0205217 0442805 2266866 1537044 0205177 0439167 0441655 1561536 0217529 1420398 0086860 0381451 1334141 1334191
 0205170 0443211 1272684 3146287 3178870 0014239 0035295 0038435 0015127 1314792 1524003 0033666 2985687 1709694 1423501 0030946 1947941
 0599177 1879547 0537474 3178870 0014239 0035295 0038435 0205263 0015695 2711227 0023884 0152254 0205263 0598608 0736268 1278929 2346688 3495426
 3178870 0231298 0014239 0035295 0038435 0025914 0025929 0026809 0025914 0025929 0026809 1515981 0521974 0301585 0012155 0205250 0342895 0424612 1299351 1442959 1519433 2700149 2983588 0021655 2700570 0015127 0021641 0237834 1441414 1514892 1524003 1533581 1553874 1578820 1579433
 2613145 0149784 0871261 1704632 1706817 2911692 0007634 0034693 0034721 0684224 0700287 3282337 3496591 0015684 0332293 0001128 1522326
 0439590 3178870 0014239 0035295 0038435 0599177 1879547 0537474 0441712 1706376 0031847 0277785 0342335
 2827447 0947630 0032529 0021655 2700570 0021641 0237834 1514892 1533581 1579433 0011860 1320657 0441730 0011847 0011849 0332307 1547052
 0537474 0815047 2246292 0034987 0242210 0013879 0033684 0038323 0220905 0243122 1145667 1167622 1704735 1705248 1710252 2954564 0040627 0038233 1419846 0075202 0599871 0017337
 0017337 0381451 1334141 1334191 0034818 1334133 0021641 0597357 1533581 1579433 1710236 1421314 0011155 0162429 1623416 1547282 1883351 0442805 0920563 0021641 0036667 0312418 0427965 1511883 1522640 1533581 1579433 2346484 2349185 1158366 0015684 0001128 0030011 0202406 0014272 0015316 0424589 0542479 1442080 0332325 0237834 1514892
 0537474 0815047 2246292 0034987 0242210 0013879 0033684 0038323 0220905 0243122 1145667 1167622 1704735 1705248 0205447 0243107 0678723 1527148 0031847 0277785 0342335
 0599177 1879547 0537474 0015695 0332281 2711227 0023884 0152254 0736268 1278929 2346688 0023787 0011881 0022658 0012634 0022646 0381451 1334141 1334191 0034818 1334133 0021641 0597357 1533581 1579433 1710236 0025914 0025929 0026809 0034693 0034721 0241863 0034719 0034693 0034721 1517914 0025914 0025929 0026809 0030705 0205170 3146287 0023787
 0039798 0087111 1522326 1533734 1705169 3538994 0019932 0332257 0025598 0245514 0299583 1416825 0389071 0309872 0030705
 0178659 0185111 0947647 1260953 0815043 1527118 0031843 0542341 0700205 1705273 0537474 1547282 1883351 1280519 1704419
 1552616 1706244 0150312 0039798 0087111 1522326 1533734 1705169 3538994 0205171 0439044 0679994 0015127 1524003 1449575 1956267 1979963 2003903 0017262 0185117 0015127 1524003 0007634 3282337
 1449575 1956267 1979963 2003903 0017262 0205393 0332185 0025914 0025929 0026809 0521093 0750484 1514559 0537474 0815047 2246292 0034987 0242210 0013879 0033684 0038323 0220905 0243122 1145667 1167622 1704735 1705248 1705535 1274040 1546471 2825142 3161035 2347578 0007634 0205170 0302891 3146287 3282337 1515655
 1883351 0162638 1719133 1256369 0021641 0036536 0036537 1533581 1579433 0333574 0023779 1709305 2745955 0085862 0441712 1299583 1706376
 0205393 0150312 0221103 0301625 0439181 0728721 1512032 0815043 1527118 0031843 0542341 0700205 1705273 0537474 0309872 0007634 3282337
 0537474 0815047 2246292 0034987 0242210 0013879 0033684 0038323 0220905 0243122 1145667 1167622 1704735 1705248 0332152 1522538
 0150312 0449450 0557651 2603343 0018896 1552861 1883351 2986669 0441712 1184743 1522240 0039869 1883351 0015127 1524003 1517945 0871261 1704632 1706817 2911692 0011860 1320657 0441730 0011847 0011849 0332307 1547052
 0199176 1706420 2700409 1145667 0441472 3266814 0537474 0039798 0087111 0750591 1363945 0007613 0524828 0007634 0031843 0542341 0700205 1269647 1545588 1704653 1705273 1948049 1947946 2948600 3540471 3540472 0011860 1320657 0441730 0011847 0011849 0332307 1547052





 0581901
 0369637 0441923
 1512032 0596988
 0205090 0684010 2603358
 0006556 0033727 0369286 0441932 0564385
 0086022 0442335 1705099 0369718 0441922 1553036
 0032136
 0043227 0016617 0036397 0241315 1521721 3245503 0018173 1548284 1298908 1549444
 0221193 0079152 0009671 0543488 1705242
 1514811 1706462 0520510 0557061 2584313 1514811 1706462 0439394 1706495 3642217 0597277 1708601 0033727 0369286 0441932 0564385

 0598496 0544461 1318445 0030281 0427385 1318444 0007634 0031437 0330390 0439096 1269647 1274040 1285572 1517945 1546471 1704653 1948049 2004068 2825142 0011860 0011847 0011849 0332162 0449989 0700597

 1553033 0439267 0016327 0439133 1553038 1553033 0016327 0439133 1553038 0369773 2603361 0016327 0439133 1553038 0439267


 1292856 1948023 0017725 0021641 0030685 0391871 0439180 0680255 1283071 1533581 1579433 1963578 0537474 0034987 0242210
 0011847 0011849 1084907 0369773 2603361 3495095 0439267 0369773 2603361

 2347469


 0014137 0000857 0600678 1552863
 0369773 2603361 0033727 0369286 0441932 0564385 1553033 0369773 2603361


 0004083 0439849 0596306 0699792 0001527 0040300 1547928 0028754 1563743 1549592 0030705 1159884 0007589 1511938 2945687 0021655 2700570 0021641 0237834 1514892 1533581 1579433
 0777169 0025141 1416990 0033727 0369286 0441932 0564385
 0369637 0441923

 0009015 1880022 0162493 0599177 1879547 0035143 0008377


 2347379

 0025141
 0016327 0439133 1553038 0439267


 0161912 0030279 1457869 1861101

 1315013

 0450389 0025141 0678579 0369637 0441923
 2603362
 0439394 1706495 3642217

 1514829 1704259 1705987 1159402 0851285 1327622 0597304 0040648 0040649 1521761 2827422
 0007634 1269647 1704653 1948049 0025141 0402644
 0205090 0684010 2603358 0205090 0684010 2603358
 0402644 0369773 2603361


 0162429 2987487 0030281 0162638 0011860 1320657 0441730 0011847 0011849 0332307 1547052
 0011847 0011849
 2347469 0369637 0441923
 0369637 0441923
 2347469

 0536847 1421314 0033684 0031843 0542341 0700205 1705273
 0011847 0011849 0011429 0205090 0684010 2603358
 0369773 2603361 0016327 0439133 1553038 0016327 0439133 1553038 0369773 2603361 0369637 0441923


 0017713 1415014 1826259 3158709 0108401 0242210 0600508 0537474 0034987 0242210 0017262 0017337 0185117


 0201682
 0016327 0439133 1553038 0439394 1706495 3642217 0369773 2603361 0016327 0439133 1553038
 0369773 2603361 0021966 0221138 0439267


 1171362 0185117 0205136 0537474 0022131 0030274 0205263 0596843 1563744 0392756 0547047 1719133 0021641 0030685 0391871 0439180 0680255 1283071 1533581 1579433 1963578 0443264


 0025141 0369773 2603361 0315755 0369773 2603361
 0439267
 0369637 0441923
 0369637 0441923

 0011155 0162429 1623416 0442805 1158366 0015684 1159301 0001128 0030011 0202406 0023884 0736268 1278929 2346688
 1418943

 0268596 2700624
 3642273
 0041703 0597277 1708601 2700230 0369773 2603361 0369773 2603361 0016327 0439133 1553038

 0678951 0032529 0332281 0028754 1963185 0011860 0441730 1320657 0011847 0011849 0332307 1547052 0599755
 0011847 0011849 0021966 0221138
 2347469 2603362
 2347469 2603362 0369773 2603361
 0439114

 0017725 0040374 0205263 3157088 0162638
 1184743 1522240 0851827 1701901 3244310


 0201682
 0439394 1706495 3642217
 0033727 0369286 0441932 0564385 0181107 0205090 0684010 2603358

 0678579 0369637 0441923

 0439394 1706495 3642217 0439267

 1514559 0023884 0025936 0003069 0025914 0025929 0026809 0018790 0237477 0392351 0521111 0033666 1709694 0596843 1563744

 1315013

 2603360 0016327 0439133 1553038


 0035820 1705810 0008857 0376259 1719133 0021641 0030685 0391871 0439180 0680255 1283071 1533581 1579433 1963578
 0011847 0011849 0043114 0439267
 0021966 0221138 0021966 0221138 2603360
 0205090 0684010 2603358
 0683296
 0439267 0597277 1708601

 0017725 0205177 0439167 0441655 1561536


 0201682
 0369637 0441923
 0021966 0221138
 0331828 2603360
 0369773 2603361

 0597295 1750295 2362547 2599779 0033684 0220781 1883254 1948023 2348042 2826345 0442805 1158884 3160734


 0201682
 0491941 0439267 0439267 0033727 0369286 0441932 0564385

 0162493 1879547 1512977 0007634 3282337
 0036397 0025141

 0205090 0684010 2603358
 0369773 2603361

 0020456 0020473 0332281 0041004 0205217 0423896 0442805 0456205 1295676 0202098 0428405 0035696 0441889 0456079 1547707 2946261
 0011847 0011849

 0439394 1706495 3642217 0678579 0369637 0441923
 2603362

 1566548 0815047 2246292 0034987 0242210 0013879 0033684 0038323 0220905 0243122 1145667 1167622 1704735 1705248 0596562 0220781 1883254

 1315013


 0369718 0441922 1553036

 0369718 0441922 1553036
 0562547 3160718 2603362
 0678579 0369637 0441923
 2603362
 0439394 1706495 3642217

 0010992 1449575 0002778 0936012 1524024 0003069 0206745 0025914 0025929 0026809 0017362 0751455 1332838 0017337 1550500
 1418943

 0268596 2700624
 3642273
 0041703 0328104 1415875 2826366 2603360 0033727 0369286 0441932 0564385 0369718 0441922 1553036 2603360 0450955 2603360 0998924 0033727 0369286 0441932 0564385 1564199 1825500

 1566548 0815047 2246292 0034987 0242210 0013879 0033684 0038323 0220905 0243122 1145667 1167622 1704735 1705248 1260953 3537152


 0025141 0597277 1708601 0205090 0684010 2603358
 0597277 1708601 0439267
 0597277 1708601

 0033626 0011155 0162429 1623416 1826259 1826259 3158709 0108401 1148582 0242210 0033684 0243122 1145667 1167622 0596843 1563744 0017952
 1418943

 0268596 2700624
 3642273
 0041703 0597277 1708601 0402830 2347469
 0597277 1708601

 1826259 3158709 0108401 1148582 0242210 0033684 0243122 1145667 1167622 0033414 0040649
 1418943

 0268596 2700624
 3642273
 0041703

 2347469
 2347469
 2347469 0369637 0441923
 2347469

 0206745 0025914 0025929 0026809 0536847 1421314 1516240
 0011847 0011849
 0369637 0441923

 0021966 0221138
 2347469
 2347469
 2347469 0369637 0441923
 2347469

 0243067 0851827 1701901 3244310


 0201682
 2603360 0085999 0021966 0221138 0205090 0684010 2603358
 0033727 0369286 0441932 0564385

 0299583 1416825 0245514 1171362 0185117 1566548 0023884 0736268 1278929 2346688 0022131 0030274
 1418943

 0268596 2700624
 3642273
 0041703 0439073 0439082 0021966 0221138 0439394 1706495 3642217
 0597277 1708601 0280276 0369637 0441923
 0439394 1706495 3642217

 0015688 0079189 1524094 0205263 3157088 0162638 0035820 1705810 3178870 0014239 0035295 0038435
 0014137
 2347469 2347469
 0369637 0441923

 0217529 1420398 3538602 0033414 1159884 0007589 1511938 2945687 0017262 0017337 0185117 0596563 0015684 0001128 0025519 0025520 0202406 1517892 1704666

 0000857 0600678 1552863 0369718 0441922 1553036 0597277 1708601 0998924 0205090 0684010 2603358 0597277 1708601 0021966 0221138 0033727 0369286 0441932 0564385 2603360

 0381451 1334141 1334191 0034818 1334133 0021641 0597357 1533581 1579433 1710236 0032214 0600138 0035820 1705810 0020663 1280712

 1315013

 0369718 0441922 1553036 0369773 2603361 0369637 0441923 0016327 0439133 1553038

 0536847 1421314 0033684 1517892 1704666 1719133 1256369 0021641 0036536 0036537 1533581 1579433
 0011847 0011849 0021966 0221138 0369637 0441923
 0439267 0439394 1706495 3642217
 0369718 0441922 1553036


 0205419 0039082 1558916 0021655 2700570 0021641 0237834 1514892 1533581 1579433 0011860 1320657 0441730 0011847 0011849 0332307 1547052
 0011847 0011849 0861352 0033727 0369286 0441932 0564385
 2945617 2603362
 1553033 0016327 0439133 1553038 0439267
 0369637 0441923

 0025598 1555029 0023895 0012634


 0025141 0861352 0562547 3160718
 3495095 0016327 0439133 1553038 3495095 0007457 0043157 0220938 0369637 0441923
 0016327 0439133 1553038

 0381451 1334141 1334191 0030281 0007634 0330390 0439096 2004068 3282337 0006104 1269537 0015127 1314792 1524003 0028754 1963185 0011847 0011849

 1315013

 2603360
 0369637 0441923 1708639 0369637 0441923


 0443264 1158770 0243148 1550141 1882979 2587213 3274648


 0325074

 0025141 2603360 0033727 0369286 0441932 0564385 0369718 0441922 1553036 0033727 0369286 0441932 0564385 0597277 1708601

 0205263 0857127 0023884 0025914 0025929 0026809
 0011847 0011849
 0234880 0439394 1706495 3642217
 0597277 1708601
 2603362

 0017263 0851285 1327622 0030281 0007634 0330390 0439096 2004068 3282337 0028928 0028929 0001128 0202406


 0201682

 0033727 0369286 0441932 0564385 0369718 0441922 1553036
 0439267 1553033 0439394 1706495 3642217
 0033727 0369286 0441932 0564385 0439267
 2603362

 3178870 0014239 0035295 0038435 1517892 1704666 0028754 1963185 0021641 0441472 1533581 1579433 3266814 0011860 1320657 0441730 0011847 0011849 0332307 1547052
 0036397 0597277 1708601
 0016327 0439133 1553038 0442027
 1553033 1006780 1553033 0439267

 2603362
 0021966 0221138

 0299583 1416825 1555029 0021655 2700570 0021641 0237834 1514892 1533581 1579433 0015695 2711227 0152254 0205054 0023787

 1315013

 0205090 0684010 2603358
 0369773 2603361

 0231174 0680095 0443193 1446614 2700387
 0014137 2603360

 0439267 0439394 1706495 3642217




 0162714 3536890 3536912 0033607 0079522 0019682 0019699 0030946 1947941 1999216 0205263 0015684 0001128 0202406 1156542 0005572 0220781 0001527 0040300 0007610


 0201682
 0369637 0441923
 2603362

 0037791 1511884 0217529 1420398 0024779 0026045 1706473 0282642 0079686 0023401 0453984 1880389 1883221 3541951 1524063 0042153 0457083 1947944


 0201682
 0331965 0439394 1706495 3642217
 0016327 0439133 1553038 2603360 2347469
 0672708
 0597277 1708601 0369637 0441923

 0274281 0332157 0007634 3282337 0427743 1287281 0086045 0442805 0596843 1563744 0017262 0017337 0185117
 0011847 0011849 0000857 0600678 1552863 0369637 0441923
 0439482 0369773 2603361


 1969875 0031847 0277785 0023820 0086418 0205263


 0201682
 2347469 0033727 0369286 0441932 0564385 0016327 0439133 1553038
 0439267
 2347469 0369773 2603361

 0011094 1256369 0030296 0232787 1719133 0030281 1327616 0021641 0036536 0036537 1533581 1579433


 0201682
 0369773 2603361 0369637 0441923
 0369637 0441923

 0020792 0205396 0450354 1706096 0005507 0243073 1510438

 0000857 0600678 1552863 0021966 0221138


 0428479 0441889 0015695 0332281 0023884 0025914 0025929 0026809 0011849 0011847 3161035


 0201682
 0021966 0221138
 0678579 0369637 0441923
 2603362
 0439394 1706495 3642217

 0021641 1533581 1579433 0442805 1148853 0035696 0038433 0011847 0011849
 1418943

 0268596 2700624
 3642273
 0041703 0021966 0221138 0181107 0205090 0684010 2603358
 0678579 0369637 0441923
 2603362
 0439394 1706495 3642217

 0299583 1416825 1555029 0021655 2700570 0021641 0237834 1514892 1533581 1579433 0011849 0011847 0221032 0023787
 0349590 1262865 0025141 0021966 0221138 0181107 0205090 0684010 2603358
 0678579 0369637 0441923
 2603362
 0439394 1706495 3642217

 1334191 0537474 0815047 2246292 0034987 0242210 0013879 0033684 0038323 0220905 0243122 1145667 1167622 1704735 1705248 0021655 2700570 0356369 0332325 0021641 0023175 0205430 0237834 1442948 1514892 1522538 1533581 1579433 2348269 3160715 3275067 0036667 0312418 0427965 1511883 1522640 2346484 2349185 0025914 0025929 0026809
 0027960 0324740 0439189 1456781 1824986
 0007634 1269647 1704653 1948049 0025141 0038817 0376223 0439394 1706495 3642217 0369718 0441922 1553036 3463939 2603360 0369637 0441923

 0035820 1705810 0217529 1420398 0851285 1327622 1373180 0598783 1517898 0023779 0025519 0025520 0178664 1417247


 0201682
 0597277 1708601 0721226 1551914 2603360 2603360 0369718 0441922 1553036 1564199 1825500 0033727 0369286 0441932 0564385 0998924 0033727 0369286 0441932 0564385 0033727 0369286 0441932 0564385

 0025936 0003069 0025914 0025929 0026809 1514559 0537474 0028589 0949374 0815047 2246292 0034987 0242210 0013879 0033684 0038323 0220905 0243122 1145667 1167622 1704735 1705248 0030281 0007634 0030274 0330390 0439096 2004068 3282337
 0011847 0011849 0597277 1708601 0439394 1706495 3642217 0369637 0441923
 3495095 0205090 0684010 2603358
 0033727 0369286 0441932 0564385

 1514559 0596843 1563744 0034693 0034721 0205307 0439166 1515981 2347086 0015663 0456962
 1418943

 0268596 2700624
 3642273
 0041703 0597277 1708601 0998924 0205090 0684010 2603358 2603360 0369718 0441922 1553036

 0017262 1171362 0185117 0381451 1334141 1334191 0034818 1334133 0021641 0597357 1533581 1579433 1710236 1517914 0023884 0736268 1278929 2346688


 0201682
 0369773 2603361
 2347469 0205090 0684010 2603358
 2347469
 0369637 0441923

 1412230 0040648 0040649 1521761 2827422 0332281 0206131 1148554 0007589 1511938 2945687
 0027960 0324740 0439189 1456781 1824986
 0007634 1269647 1704653 1948049

 0000857 0600678 1552863 0597277 1708601 2603360
 0033727 0369286 0441932 0564385
 0205090 0684010 2603358

 0035820 1705810 0015695 2711227 0152254 0205054 0021655 2700570 0021641 0237834 1514892 1533581 1579433 0524620 1857276 0039082 0311400 1524026 2707259
 1418943

 0268596 2700624
 3642273
 0041703 0205090 0684010 2603358
 0033727 0369286 0441932 0564385

 0012634

 2347961

 0025141 0205090 0684010 2603358
 0033727 0369286 0441932 0564385
 2603360

 0028754 1963185 0015684 0001128 0015127 0202406 1314792 1515981
 0011847 0011849 0205090 0684010 2603358
 0033727 0369286 0441932 0564385
 2603360 0439394 1706495 3642217

 0851285 1327622 0007634 3282337 0035820 1705810
 1418943

 0268596 2700624
 3642273
 0041703 0033727 0369286 0441932 0564385 0369773 2603361
 2347469

 0443264 1514559 0017713 1415014
 1418943

 0268596 2700624
 3642273
 0041703 0033727 0369286 0441932 0564385
 2347469

 1826259 3158709 0108401 1148582 0242210 0033684 0243122 1145667 1167622 1421377 1447047 1292856 1948023 0030281 0007634 3282337


 0201682
 0033727 0369286 0441932 0564385 0369773 2603361 0597277 1708601

 2347469

 0221103 0301625 0439181 0728721 0040649 1948027

 0033727 0369286 0441932 0564385 0369773 2603361 0023089 0458142 1023865 1706315 2347469 0597277 1708601
 0033727 0369286 0441932 0564385
 2347469

 0441889 0456079 1547707 2946261 0449774 0007589 1511938 2945687


 0201682
 0033727 0369286 0441932 0564385 0369773 2603361 0369773 2603361
 0439394 1706495 3642217 0597277 1708601

 2347469

 0537474 1336788 1149367 0815047 2246292 1564097 0034987 0242210 0013879 0033684 0038323 0220905 0243122 1145667 1167622 1704735 1705248


 0201682
 0369637 0441923
 0597277 1708601
 2347469 0205090 0684010 2603358
 0033727 0369286 0441932 0564385

 1514559 0022131 0030274 0034719 0034693 0034721 1420172 1335837 1705603 0017713 1415014 1719133 1256369 0021641 0036536 0036537 1533581 1579433
 1418943

 0268596 2700624
 3642273
 0041703 0439267


 0011860 2697407 0011854 0011849 0011847 0021641 0851827 1518422 1533581 1579433 1701901 3244310 0021655 2700570 0021641 0237834 1514892 1533581 1579433



 0025141 0439267

 0205090 0684010 2603358 0033727 0369286 0441932 0564385 2603362

 0000934 0392673 0030281 0231187
 0011847 0011849 0439267
 0033727 0369286 0441932 0564385 2603362
 0205090 0684010 2603358 0439267
 2603362
 0597277 1708601
 0369718 0441922 1553036 2603362
 0597277 1708601 0369637 0441923


 3178870 0014239 0035295 0038435 0015127 1314792 1524003 1721101 1704259 1705987

 1315013

 0230107

 0033727 0369286 0441932 0564385
 0022646 1419338 1427479
 0032639 1280999 0439267


 0332453 0015127 1314792 1524003 0011860 0441730 1320657 0011847 0011849 0332307 1547052
 0349590 1262865 0025141 2945618 0439394 1706495 3642217 0597277 1708601
 0597277 1708601
 2603362

 0389071 0242339 3536912 0019682 0033607 0682458 3536890 0318356 0021051 0030946 0042776 0086418 0205263 0292818 0319157 1947941 1999216 0025914 0025929 0026809
 0014137 0369718 0441922 1553036 0033727 0369286 0441932 0564385
 0033727 0369286 0441932 0564385 0033727 0369286 0441932 0564385 0016327 0439133 1553038 0597277 1708601

 0035820 1705810 0851285 1327622 0017262 0017337 0185117 0032615 0015684 0001128


 0201682
 0369718 0441922 1553036 0033727 0369286 0441932 0564385
 0033727 0369286 0441932 0564385 2603360 0328104 1415875 2826366 2603360 2603360 0033727 0369286 0441932 0564385

 0332197 1689985 0217529 1420398 0015695 0023884 0028754 1963185 0021655 2700570 0021641 0237834 1514892 1533581 1579433


 0201682
 2603360 0597277 1708601 2603360 0369718 0441922 1553036 0205090 0684010 2603358 0369637 0441923 2603360

 0035820 1705810 0038164 1750295 2362547 0537474 0815047 2246292 0034987 0242210 0013879 0033684 0038323 0220905 0243122 1145667 1167622 1704735 1705248
 0014137 0439394 1706495 3642217
 0033727 0369286 0441932 0564385
 0369637 0441923


 0017725 0031715 1158886 0059037 0597295 0040712 1519614 2827734 2981698 1441547 3245521 0007634 3282337


 0201682
 0043402 0205090 0684010 2603358
 2347469 0205090 0684010 2603358 0999213
 0369773 2603361 0205090 0684010 2603358 0678579 0369637 0441923
 2603362
 0439394 1706495 3642217

 3178870 0014239 0035295 0038435 0205263 0010813 0596311 1330957 0030940 0030946 1947941 1566548 0033666 0815047 2246292 0034987 0242210 0013879 0033684 0038323 0220905 0243122 1145667 1167622 1704735 1705248
 0027960 0324740 0439189 1456781 1824986
 0007634 1269647 1704653 1948049 0025141 0369637 0441923



 0001962 0205263 1514528 3156336 1704259 1705987 1514829


 0201682

 0439267 0369773 2603361 0439114 2603360
 0265514 1265540 0439114


 0536847 1421314 0033684 1256369 0021641 0036536 0036537 1533581 1579433 1517892 1704666 1969875 0031847 0277785 0011860 1320657 0441730 0011847 0011849 0332307 1547052
 0007634 1269647 1704653 1948049 0025141 0439267 0205090 0684010 2603358 3495095 0999213 1431628 2603360

 0035820 1705810 2350345 0441712 1706376 0441472 3266814

 1315013

 1706852 0815047 2246292 0034987 0242210 0013879 0033684 0038323 0220905 0243122 1145667 1167622 1704735 1705248 0038435 0017725 0439787 0849355
 1527021 1554111 1705606 3541382 1552616 1706244 1527021 1554111 1705606 3541382 0333052 0239110 1706852 0239110 1705565 1947976 0687676 1704687 0557854 0013849 1705961 1706852 1706852 0282420 1706852 1138432 0239110 0162443 0205314 0033213 1706387 1706852 0033727 0369286 0441932 0564385
 1706852
 2347469
 1706852 0033727 0369286 0441932 0564385
 1706852
 2347469