 1711351 0002716 0011560 0611285 0332197 1689985 0333463 0002716 0011560 0611285
 0032098 0033872 0033873 0031330 1524059 0021621 0021622 1272753 0036375 0027976 0205314 0027976 0205314 0587493 1704729 0442598 0872261 0021622 1272753 0041700 1708611 0166872 0876934 1540677 1555824 0027855 0020028 0019994 0041740 1510665 0011318 0019994 1510665 0027926 0524850 0041700 1708611 0166872 0034036 0034037 1514756 1704324 0348078 0376315 1515981 1522492 1527075
 0557061 2584313 1514811 1706462 1861735 0751071 0011265 0497327 0814120 0277793 0524851 0012634 0000768 1737329 0017296 0314603 1457869 1861101 1517892 1704666 0017337 0011265 0497327 1880022 0004134
 0002716 0011560 0611285 0333562 0002716 0011560 0611285 0002716 0011560 0611285 0332197 1689985 0085400 0011164 1880269 0002395 1521724 0012634 1441672 1521970 1706388 2346469 2348519
 0002778 0936012 1524024 1705920 0037628 0392756 0547047 0019409 0442805
 0333562 0205266 1554187 2827734 2981698 0369718 0441922 1553036 0392747 0600319 2827734 2981698 0002716 0011560 0611285 2827734 2981698 0439962
 0033666 0392747 0687676 1519614 1554963 1704687 0600319 1518422 0150312 0175630 0449450 1749467 1948047
 1264633 0019409 0205266 1554187 0687676 1704687 0392747 0600319 0002716 0011560 0611285 0002716 0011560 0611285
 0868928 1533148 0392148 0439509 0332269 0037088 0243095 2825141 0333562 0205422 1441672 0276496 0277558 0002395 1521724 0013080 0039082 0423866 2626739 0001811
 0392148 0558058 0233577 1883351
 1704675 0567416 0021135 1533691 2827718 1524063 0597551 0030956 1883254
 0332197 1689985 0392148 0011164 1880269 1705535 0333463 0221198 0205224
 0557061 2584313 1514811 1706462 1861735 0751071 0011265 0497327 0740116 2827735 2981700 1552738 2827734 2981698 0814120 0277793 0524851 0012634 0086543 0521707 1880022 0011053 0018772 0581883 1859521 0004134 0011265 0497327 2827734 2981698 0740116 2827735 2981700
 0035320 0035298 0027686 0042909 0332294 1963280 0019080 0678226 0017609 0017601 0997768 1962986 0027686 0150312 0449450 0439086 2827736 2981702
 0086543 0521707 1510829 0001779 0439234 1883351 1280464 0205319
 0011053 0018772 1384666 0018767 1455844 1517945 0439234 0007758 0004134 0007765 1707522 1709305 2745955 0205246 1553889 0001779 0439509
 1456784 0033975 0349204 0001779 0700364 0338656 0332253 0684336 1516691 0011265 0497327
 0030705 0205439 0011065 0231800 1704631 2981279
 1861735 0751071 0011265 0497327 0237876 1521970 1706388 2346469 2348519 0002395 1521724 0012634 0520574 0002726 0002716 0011560 0611285 0221198 0085400 0011164 1880269 0439084 0728893
 0005847 1558950 1801960 0002716 0011560 0611285 0221198 0333463 0030956
 0333562 2674684 0085103 0333607 0392752 1282914 0333463 0085400
 0597162 0010851 0041623 1709450 0221191 0449774 2348205 0205280 0150312 0449450 0002395 1521724 0012634 0439084 0728893
 0038951 0004398 0868928 1533148 0086282 0332257 0868928 1706255 1706256 0150312 0449450 0557651 0936012 2603343 0439084 0728893 0002716 0011560 0611285 0333562 0005847 1558950 1801960 0221198 0175659 0349674 0547044 0700321 1947916 3536777 0333562 0333562 1441672 0439084 0728893
 0011560 1705760 0333562 1521970 1706388 2346469 2348519 0470187 0205370 0750540 1704675 0030956
 0030705 1861735 0751071 0007294 0079941 0009219 0017446 0205147 0017337 1276871 1520537 0449721 0008655 0575519 0008633 0205166 0446516 1269078 1269612 1706317
 0017337 0205309 1416512 2700640 0441730 0037179 0087136 0205171 1711300 2700613 0021699 0033684 1167322 2752508 1416512 0231162 0205307 0439166 2347086 0012634 0348080 1705253 0287990 0919550 1522240 0030946 1947941 0010813 0596311 1330957 1283071 0030956
 0030705 1861735 0751071 0011265 0015576 0241888 0392760 0497327 1314939 0021107 0441587 1512796 1883719 0009221 1095825 0017337 1416512 0079380 1710082 0205166 1706317
 0287990 0919550 1514570 1709694 1274040 1546471 2825142 0030685 0391871 0439180 0680255 1283071 1963578 1449651 2936349 0002716 0011560 0225328 0333562 0348078 0376315 0611285 1522492 1273723 0006104 1269537 0017446 0205147 0030705 1861735 0751071 0678594
 0021107 0441587 1512796 1883719 1861735 0751071 0011265 0015576 0030705 0241888 0497327 1441672 1518422 0000768 1737329 0017296 0314603 1457869 1861101 0524851 0012634 1517892 1704666
 0162735 0596611 0026882 1552961 1705285 2347617 0150312 1883351 1867773 0332281 0751071 0011265 0015576 0241888 0497327 0596227
 0814120 0277793 0012634 1833334 0743039 0011265 0205329 0497327 1880022 0007758 0004134 0007765 1707522 0037771 0221166 0205435 1279901 0013140 1552738
 0751071 0011265 0497327 0085621 0443306 0522224
 0876934 1540677 1555824 2348205 0002395 1521724 0012634 0085400 0392148 0597162 0439858 0443177 1709450 0010851
 1861735 0751071 0011265 0015576 0241888 0497327 1947925 2746065 1867773 0751071 0011265 0015576 0241888 0497327 0596227 0242611 0009221 1095825 0205166 1706317
 0002716 0011560 0611285 1867773 0751071 0085220 2931784 2936349 0002716 0011560 0042373 0333562 0348078 0376315 0611285 1522492 0221198 0333463 2936349 1711351 1514570 0287990 0597304 0919550 1709694 1947941 3146294 0237876 0424215 2003939 0002520 1705242
 1515981 2348205 1861735 0751071 0011265 0497327 1867773 0751071 0011265 0015576 0241888 0497327 0596227 1522508 0002716 0011560 0611285 0333562 0392752
 0204727 0205409 0220862 1880022 1705920 0005847 0333562 0221198
 0221198 0439855 1704241 0205169 0205171 0687676 1704687 1720467 0392747 1881707
 0030956 0444930 1709915 1882936 2746065 1705920 0333562
 1515981 0002716 0011560 0030956 0611285 0439509 0444930 1709915 1882936 2746065 2003902 0449432 1563245 0002726 0002716 0011560 0611285 1705920 0449432
 1316572 1317574 1369612 1704675 0002716 0011560 0611285 0030956 0002778 0023688 0936012 1524024 0030956 1704675 1552961 2347617 0441712 1706376 0475264 1744691 1515655
 0557061 2584313 1514811 1706462 0002716 0011560 0611285 0002716 0011560 0611285 2827734 2981698 0022877 0869011 1619828
 0450363 2986797 0002716 0011560 0611285 0043194 0258432 0683758 1421478

 1720655 1947974 0043194 0258432 1421478 0004950
 1624602 1301820 1512888
 0002520 0001128 0007776 0205088 0442818 1176472 1705314 1705315 2700441 0002520 0001128 0007776 0205088 0442818 1176472 1705314 1705315 2700441 0022877 3244292 1521827 1264633 1517331 1998793 1524063 0017011 1552644 2349976 1145667 1167622 0036681 1524063 0442711 1507394 1522729 2348563
 0991566 0034493 1522408 0051979 0011133 0043193
 0683758 0869011

 0043194 0258432 1421478
 0220806 1719918
 0439962 0681834 0036397 0185125 0331965 0869011
 0033684 0423896 0456205 0005507 0033684 0243073 0444706 1332420 1510438 3541902 0557351 0036774 0036773 0728877
 0002716 0011560 0611285 0597551 2827734 2981698 0002716 0011560 0611285 2827734 2981698 1882932 0600319 2827734 2981698 0600319 1511997 0012771 0733755 1883254
 0369637 0441923
 1547538 1524063 0007996 0079107 0201682 0008562 0687276 1579831 2717789 0597410 0008565 0008550 0205250 0205390 0302908 0597198 1299351 1304698 1546699 1555029 1561501 1882330 1998793 2700149 3152252 0577559 1306372 1518101 0282597 0596822 2348791 0037813 0023089 0040223 0436196 0458142 0577559 0596801 1023865 1269765 1306372 1555977 1704640 1706315 1706515 2610507 3152252 3541383 0086045 0002520 2917660 0001128 0002778 0202406 0936012 1516048 1524024
 0440746 0459385 0006104 0040300 1269537 1547928 0470187 0344232 0042789 2707266 1511231 0028738 1963184 0240914 0278127 0311392 1547188 1857318 0002622 0751295 1517945
 0042903 0439234
 0007787 0745413 0040704 0205374 0475224 1261512 1304680 0001779 0450355 1709305
 0243107 0678723 1527148 0012569 0042789 0205173 1705764 1705765 2707266 0004134 0011265 0497327 0001779 0011065 1546956 0006285 0439084 0728893
 0030705 1955829 0021107 0441587 1512796 1883719 1521970 0521093 0750484 0684224 0700287 3496591 0017431 0392366 1552738 0150312 1883351
 1261322 0206243 0699809 1861735 0751071 0007320 0011265 0015576 0205449 0241888 0439787 0497327 0684224 0700287 0849355 0868928 1533148 3496591 0439084 0728893 1524063 2316368 1522472 0205155 1293097 1552923 1705191
 0003241 1273517 0332257 3538986 2827734 2981698 0740116 2827735 2981700 0450363 2986797 2827734 2981698 2827734 2981698
 0242842 0026018 2316368 0205155 1293097 1522472 1552923 1705191 0205173 0487602 1704680 1705764 1705765 0003241
 2316368 0205155 1293097 1522472 1552923 1705191 0016576 0885348 0001128 0202406 0441035
 0205155 1293097 1522472 1552923 1705191 0205265 0003241 0021027 1439852 0332283 0003241 0021027 0027627 0175668 0205436 1548787 0439855 1704241
 0243122 1145667 1167622 0234621 0185125 1632850 1879355 0005526 0036397 0376558
 1261552 1704379 1705117 2825408 0332283 1439852 0205155 1293097 1522472 1552923 1705191 0439583 0332293 1522326 0439855 1704241
 0243122 1145667 1167622 0005526 0036397 0060520 0234621 0376558 0812225 1150635 1517480 1521871 1705212 1705213 1705759 1710082 3273202
 0037585 0181839 1706379 1524063 0018670 1281590 1706305 0392247 0392274 0003781 0022792 0023089 0458142 1023865 1706315 1948015 0869040 0947630 1273517
 0005847 0016733 0007776 0205123 1176472 2700441 0869040 0205474 0947630 1273517 1552738
 0016733 0007776 0205123 1176472 2700441 1517331 0205239 0556636 1269776 0682708 0007457 0043157 0220938 0225990 0005847 0936012
 0679199 1515187 1749467 1948047 2678549 1882074 0020283 0450407 0450408 0450409 0332256 2700400 1720830 1823521 1749467 1948047 0678594 1749467 1948047
 0370003 2347026 0439267 0250870 0919445 1418546 0033607 3536890 0009264 0009443 0030946 0234192 0332256 0439526 0439962 1720830 1823521 1947941 1999216 2700400 0205197 0725685 1524063 0181200 0020746
 0225988 1282841 0005847 0016107 1516695 1516698 0441210 0181805 1135584 1552983 0005847 0205195 0205239 0228126 0521401 1300563 2346927 0439269 1960952 0018220 0556636 1269776 1517331 0005847 0185115 1264633 1511228 1554103 3541890 2984062 0439294 0439526 0005847 0041609 0681850 1550501 1706203 2349001 2697811 1524063 0700308 0033727 0369286 0441932 0564385 0450376
 1550101 0185115 0936012 1264633 1720830 1823521 3541890 0993610 0041175 0077281 0814229 2678549 1882074 0020283 0450407 0450408 0450409 0332256 2700400 0179834 0005903 0039476 0010423 1550101 0936012 0185115 3541890 1264633
 0520510 1449651 0002716 0011560 0225328 0359583 0611285 1517331 0185115 3541890 0016576 0885348 0001128 0202406 0582523 0179834 1524063 0027976 1879958 1550101 0016576 0885348 0001128 0185115 0202406 0936012 3541890 0002716 0011560 0611285 1264633
 0439243 0051979 0018019 0034493 1265549 1510458 1522408 0051979 0683607 1883351 0439267 1998793 0020960 0205195 1947911 1457900
 0441648 0040223 1632851 0991566 0028778 0332206 2983591 0560267 0036774 0036773 0728877
 0991566 0439160 1264633 0439175 0439810 1439852 1554103 1264633 1554103 0041175 0444499 1440942 0002055 0077281 0178499 0369637 0441923 0814229 1880279 0020283 0450407 0450408 0450409 0449468 0439175 0439810 1690016 1705102 1720830 1823521 2700258 1749467 1948047 1264633 1554103
 0868928 1706255 1706256 1264633 0750554 0332152 0021069 0849355 2826257 0034760 0557351 2348235
 1441565 0991566 1550369 0025663 0025664 0449851 0884358 1705242 0449851 0869040 0947630 1273517 0332283
 1718396 1518101 0002778 0936012 1524024 0282597 0991566 1548982 0040223 1632851 0040223 1632851 0030956 0439962
 0949466 0005863 0002778 0936012 1524024 1705493 0991566 0041175 0006353 0077068 0077281 0370003 0814229 1553389 1553403 1705537 2347026 0332256 2700400 0025402 0560268 2349105 1719918 1947931 0017243 0041175 0077068 0077281 0185125 0814229 0002778 0936012 1524024 0600209
 0868928 1533148 2348935 1719918 0301630 0370003 0392756 0441610 1273517 2347026 0025402
 1883351 1711411 0002716 0011560 0611285 0681814 1524063 1624602 0206243 0699809 0439787 0849355 0225992 1283832 0005847 2828366 1524063 0442711 1507394 1522729 2348563 1552738 1282910 1552828
 0370003 2347026 1624602 0002716 0003241 0011560 0332287 0439962 0611285 0949466 0005863 0002778 0936012 1524024 1705493 0182400 1704681 2347609 3536729 0003242 0003241 0021027 0370003 2347026 0003242 0003241 0021027 0301871 0002716 0011560 0611285 0182400 1704681 2347609 3536729 0439962 1624602
 0597879 0162524 0442726 1450278 1511790 1552738
 0175630 0439234 0580836 0205170 3146287 2986416 0021069 0936012
 0439243 0683607 1883351 0003241 0021027 1552738
 0441648 0233660 0332206 0332152 1705850 0991566 0439526 1439852 0079240 1948037 0006353 0146951 0133689 0078589 0242759 0020283 0450407 0450408 0450409 0332256 2700400 0037494 1959973 0055568 0001128 0202406 0013618 0033607 3536890 0030946 1947941 1999216
 0030956 1518101 0282597 0596822 2348791 0037813 0023089 0040223 0436196 0458142 0577559 0596801 1023865 1269765 1306372 1555977 1704640 1706315 1706515 2610507 3152252 3541383 0949466 0005863 0002778 0936012 1524024 1705493
 1718396 0002778 0936012 1524024 0282597 0002778 0936012 1524024 0037813 0030956 1264633 1517331 0021069 1998793
 2346714 1264633 0021069 0037813 0436196 0577559 1306372 3152252
 0868928 1533148 2828366 0016576 0885348 0597410 0008550 0085672 0205390 1553035 1555029 1998793 1524063 0439083 0439087 0050456 0560268 2349105 0040982 0001128 0202406 1441565
 1718396 1518101 0002778 0936012 1524024 0282597 0027976 1514534 0002778 0033684 0041740 0205314 0884358 0936012 1524024 1547538
 0370003 2347026 0439294 0001128 0202406 0439269 0439526 0936012 1960952 2346927 0050456 0040982 0001128 0202406 1719918 1704640 1706515 1514721 2348147 3542016 2348791 0183396 0040223 0183395 0577559 1306372 1555977 1710143 2610507 3152252 3541383 1513371 1705738 2347637 2348146 1524063 0542559 1318139
 0012634 0348080 1705253 1705920 0002716 0011560 0611285 0442726 1511790
 0205102 1553872 1619620 0006751 0206243 0699809 0439787 0849355 1524063 0001655 1523997 2825093 0019932 0030956 0086418 0577559 1306372 3152252 0021641 1533581 1579433 0577559 1306372 3152252
 0336791 2827396 0470187 0336791 2827396 1273517 1883351 1516050 0042295 1883351 0033666 0392148 0687676 1519614 1552603 1704687 1706202 0392747 1554963
 1303103 0370003 2347026 0021069 0600209 0041175 0077068 0077281 0086972 0443299 0687118 0814229 1704732 0702093 0025255 0123400 0683758 1524063 0001128 0202406 1719918 0006353 0020283 0450407 0450408 0450409 0332256 2700400 0001963 0560268 2349105
 0026131 0233660 0332206 0349374 0444318 2825079 1720830 1823521 0332256 2700400 0041415 1719918 0025255 1624602 1300565 0439526 1300565 0439526 1300565 0439526 1300565 0439526 1300565 0439526 0332283 0034493 0313107 0019941 0016327 0025914 0025929 0026809 0027021 0031179 0330510 0439133 0939835 1110641 1318719 1553038 1708632
 1710082 1710082 0332157 1332684
 1883351 2349975 0597879 0025255 1720830 1823521 0242301 1546559 0439084 0702093 0728893
 0025255 1439852 0006353 0702093 2348236 0005903 0039476 1547703 0003241 0021027 0182400 1704681 2347609 3536729
 0439211 1457900 1883254 2827734 2981698 2827734 2981698 0030956 0600209 0041175 0077068 0077281 0086972 0443299 0687118 0814229 1704732 0123400 0025255 0063412
 0026131 0233660 0332206 0349374 0444318 2825079 1720830 1823521 0025255 0007776 1176472 1439852 2700441 0041119 0033727 0369286 0441932 0564385 0002716 0011560 0611285 2827734 2981698 0002716 0011560 0611285 0030956 1300565
 0002716 0011560 0611285 0439583 1516048 0007776 1176472 2700441 0439962 1300565 0439526 0026131 0349374 0444318 1457900 1720830 1823521 2825079 0332283 0700308 0033727 0369286 0441932 0564385 2348236 0005903 0039476 1547703 0313107 0019941 0016327 0025914 0025929 0026809 0027021 0031179 0330510 0439133 0939835 1110641 1318719 1553038 1708632 0162524 1450278 0442726 1511790
 0439212 0030956 0949466 0005863 0002778 0936012 1524024 1705493 0681850 1550501 1706203 2349001 2697811 1524063 0439962 0439267 0439526 0439267 0439526 1273517
 1706793 1705920 0016576 0885348 0001128 0185115 0202406 3541890 0206243 0699809 0205554 0243125 0439787 0699900 0849355
 1510844 0600209 0041175 0077068 0077281 0086972 0443299 0687118 0814229 1704732 0348011 0234621 0560267 0056271 0056269 0205090 0684010 1260957 2603358 0001963 0560268 2349105
 0449432 0369718 0441922 1553036 0004793 0162326 0162327 1519249
 0449911 0333052 2607870 0557702 1272706 1704674 0557702 1272706 1704674
 0002778 0936012 1441616 1524024
 0231218 0333463 0333562 1704788 3539106 0336721 0005847 0336721 0019564 0949582 1029104 1284077 0868928 1706255 1706256 1861735 0751071 0003241 0021027 0442726 1511790
 0221198 2348205 1550025 1704782 1708715
 0687760 1551065 0369637 0441923
 2347469 0021044 0003241 0021027 0443289 0085400 0336721 0521175 1710394 1882475 0453107 1080898 0085103 0336721 0005847 2945706
 0369637 0441923
 0003595 0523511 1412481 1285573 3272453 0012854 0017428 0887950 0440746 0459385 0006104 0040300 0185115 1269537 1547928 3541890 1524063 1217267 1285573 0884358 1552738 0392747 1554963
 1514468 3146294 1524063 1953384 0439084 0728893 1953382 0439084 0728893 0033727 0369286 0441932 0564385 0868946 0007776 1176472 2700441 0439148 1519795 0072149 0043193 0013855 0681850 1550501 1706203 2349001 2697811 0071500 0017243 0071499 0041625 0023693 0234621 1306462 1881376 1961129 0487602 1704680 0019873 0006222 0015008

 2827734 2981698 0439792 0450344 1553633 0030664 0205469 0677042 0450345 0030705 1861735 0751071 0011265 0497327
 0349966 1337208 1547282
 0450344 1553633 0348078 0376315 1522492 0205219 0333463 0336721 1180033 0005847 1283786 1511228 0333562 0677535 0336721 1861735 0751071 0011265 0497327
 0221198 0950261 0205160 1513916 2825415 2825491 0009742 0700364 0750554 1979848 3546235 0520510 0333562 0002716 0011560 0349590 0611285 1262865 1551058
 0392148 1998882 0333562 0392752 0392752 0086282 0079411 1705242 0687672 0439084 0728893 1517331
 0150312 0449450 0679560 0796344 0002778 0936012 1524024 0444263 0370003 2347026 1861735 0007294 0751071 0011265 0015576 0017296 0205448 0241888 0314603 0497327 1301820 1457869 1861101 0000768 0870545 1737329 0234984 0443289 0392148 0205369 1552740 0332255 1708096

 0037813 0436196 0577559 1306372 3152252 1522609 0444505 0680240 0577559 1306372 3152252 0017789 0030956 0220839 0443225 1444754 1704689 1706316 1511997 0759863 0012771
 1518422 0444263 0032105 0442726 1511790 1550098 0370003 2347026 2986416 0012634 0369718 0441922 1553036 1524063 1517586 0012634 0348080 1705253 1518422 1547282
 0205266 1554187 0449432 0370003 2347026 0225992 1283832 0005847 0185115 1720830 1823521 3541890 0016576 0885348 0001128 0202406 0392148 0936012 1705920 0037813 0436196 0577559 1306372 3152252 0005863 0949466 1705493
 0868928 1533148 0370003 2347026 0016576 0885348 0001128 0185115 0202406 3541890 2346714 0751970 0162801 0002778 0936012 1524024
 1517001 0680220 0002716 0011560 0521108 0611285
 1524063 0205195 1947911 0037813 0436196 0577559 1306372 3152252 0332149 1705910 2362652 0442726 1705920 1264633
 0444263 0032105 0370003 1550098 1707455 1705241 1705242 0033666 0687676 1519614 1704687 0392747 1554963
 0349966 1337208
 0450354 1706096 1705920
 0596973 0596448 0205379 1264633 0005863 0949466 1444656 1705493
 0037813 0436196 0577559 1306372 3152252 0443289 1264633 0205448 0439962 1705920 0439148 0577559 1306372 1519795 3152252 0933845 0005847 1517001 0933845 0005847 1517001 0205163 0439185 0750492 1705920 0456603 1547037 0042789 1947903
 0933845 1264633 1882932 0750489 1705920 2346714 0006104 0933845 1269537
 1274040 1546471 2825142 0185115 1264633 1301820 3541890 0456603 0596448 0596973 1547037 0221191 0370003 2347026 0596973
 0349966 1337208 1444656
 0456603 1547037 0439086 2827736 2981702 0005847 1558950 1801960 2828366 0348078 0376315 1522492 0456603 1547037 2827734 2981698
 0002778 0936012 1524024 0037813 2828366 0332256 2700400 1705920 0205397 1720830 1823521 2348205 0456603 1547037
 0577559 1306372 3152252 0933845 0005847 0933845 0005847 0205170 0680240 0577559 1306372 3152252 0392747 0687676 1704687 1960442 1883559 0332307 0445392 1547052 0759863 1511997 0012771 0010654 1709915 1882936
 0002778 0936012 1524024 0443289 0441889 0449286 0542560 1561545 2348088 1264633
 0459471 3173575 0678226 0392148 1524062 1551432 1551969 3146286 0798503 0805586 3274764 3538902 3541881 1705920 0024337 0750492 1709915 1882936 0185115 0184661 0684295 1948041 2700391 3146294 3274430 3538935 3539779
 0349966 1337208
 0439086 2827736 2981702 0933845 1402315 0221198 0019409 0439962 0687676 1704687 0392747 0369718 0441922 1553036 1705920
 0449432 2827734 2981698 2827734 2981698 2827734 2981698 0392148 0439086 2827736 2981702 2827734 2981698 2827734 2981698 0439086 2827736 2981702 0439086 2827736 2981702 2827734 2981698 2827734 2981698 0042789 1947903 0037813 1883073 2827424 0039224 1706073 1706074
 0019409 0205231 0332621 0439168 0558058 0600209 1441672 1704732 1707455 1720830 1823521 2828366
 0596973 0596448 0205418 0016576 0885348 0001128 0202406 2828366
 0449774 0205402 0005847 1301820 0450365 1706097 0012173 1337615 1861735 0751071 0011265 0015576 0030705 0241888 0497327 1709305 2745955
 2346714 0043047 0599638 1550678 1707455 1749467 1948047 0205171 1518422 1720467 0522510 0558058 0597879 2828366 0033684 0233535 1265611 1705920 2827734 2981698 0033684 1514873 1720830 1823521 0933845 2828366 0005847 1264633
 0019409 1264633 0162801 0521093 0002778 0004793 0162326 0162327 0205088 0750484 0936012 1519249 1524024 1705314 1705315 0933845 2828366
 0162326 2911689 0439659 0733755 2827734 2981698 0439086 2827736 2981702 0456603 1547037
 1441506 0443289 0162326 0520510 1882932 0179630 1708715 0439083 0439087 0520510 1518422 0243125 0699900 0332290
 1274040 1546471 2825142 0680240 1551058 2347946 1705920 0037813 0205396 0436196 0577559 1306372 1550043 1551388 3152252 0349966 1337208 0034037 0205156 1511726 1515981 1552607 1704324 3245479 0005847
 0449911 0333052 2607870 0557702 1272706 1704674 0557702 1272706 1704674
 0005863 0949466 1705493 0002778 0936012 1524024 0333562
 0567416 0301871 1524063 1522408 0041175 0006353 0012789 0077068 0077281 0332256 0370003 0814229 2347026 2700400 0949466 0005863 0002778 0936012 1524024 1705493 0016576 0885348 0001128 0202406 2827734 2981698 0037813 0436196 0577559 1306372 3152252 2348791 1555977 2610507 0282597 0025664 0184661 1517586 1552738 2700391
 0444499 0032105 0439526 1550098 0301871
 2347469 1264633 0439269 1960952 2346927 0005847
 1264633 0439269 1960952 2346927 0005847
 0577559 1306372 3152252 3152252 0577559 1306372 1704689 1511997 0759863 0012771 0039224 1511276 1552825 1706073 1706074 1547282
 0004457 0999597 1522496 1547282 0444505 0522510 0022023 0439157 0806909 1527178 1552615 1700702 1705938 2826546 0205090 0870432 1883073 2827424
 3538743 0596973
 3538902 3541881 0596448
 0933845 0933845 2828366 0936012 1720830 1823521 2828366 0016576 0885348 0002716 0011560 0220825 0392148 0611285 1705920 0037813 0436196 0577559 1306372 3152252 0005863 0949466 1705493 1524063 1624602 0002716 0011560 0611285 0002716 0011560 0611285 2827734 2981698
 0349966 1337208
 2347469 1705920 0933845 2828366 1264633
 2828366 1518422
 0596973 0596448 0456603 0596448 0596973 0750572 1441672 1547037 0740116 2827735 2981700 0450373 1553636
 0205251 1299352 1550472 1710082 0037813 0436196 0577559 1306372 3152252 0444505 0332147 0750491 1883351 0002716 0011560 0332255 0611285 1708096 1517586 1517001
 0444505 0442726 1511790 0349966 1337208 0002716 0011560 0611285 0039224 1706073 1706074
 2828366 0018563 1281583 1552914 0441468 0441469 0005863 0949466 0238767 1705493 1706086 0441889
 0349966 1337208 1444656
 0450375 1705920 0332257
 1705241 1705242 0329155 1427618 1705203 1707455 0021966 0221138 1710082 0596448 0442821 0597879 0442821 0205397 1705920 1710082 1518422 0442726 1264633 1511790 0439070 1705160 0449432 1705248 0442726 1511790 0175723 0205448 0442824 0587267 3152252 0577559 1306372
 0037813 0002778 0436196 0577559 0936012 1306372 1524024 3152252 0221191 1705920 0002716 0011560 0611285 2827734 2981698 0002716 0011560 0611285 0002716 0011560 0611285 0439509 2827734 2981698 0349966 1337208 2347469 0039224 1706073 1706074 1517741 0449432 1705248
 0184661 1948041 2700391 3274430 3538935 3539779 1524063 0439962 1718396 0002778 0936012 1524024 0332299 0030956 0042789 1947903
 0020792 0205396 0002716 0011560 0611285 2827734 2981698 0439206 0439148 0577559 1306372 1519795 3152252 1705920 0449432 0425245 0449580 0013855 1705920 0005863 0949466 3152252 0577559 1306372 1441672 1521991 1532717 1705493 0450375
 0449911 0333052 2607870 0557702 1272706 1704674 0557702 1272706 1704674
 0005863 0949466 1705493 0002778 0936012 1524024
 0567416 0016576 0885348 0001128 0185115 0202406 3541890 0041175 0006353 0012789 0077068 0077281 0332256 0370003 0814229 2347026 2700400 1947931 0005863 0949466 0936012 1705493
 1718396 0002778 0936012 1524024 0282597 0567416 0085672 0205390 1185738 1553035 1555029 1706132 0439083 0439087 0050456 0560268 2349105 0040982 0001128 0202406 0025664 0184661 1517586 1552738 2700391
 0016576 0885348 0001128 0202406 0016733 0007776 0205123 0333668 1176472 2350570 2700441 2828366 1720830 1823521 0185115
 0949466 1882932 0439269 1960952 2346927 0037813 1883073 2827424 1882932 0439269 1960952 2346927
 2347469 0005847 1511228 0016576 0885348 0001128 0202406 0205409 1548221 2350570 2828366 0005847 0185115
 0949466 1882932 0439269 1960952 2346927 0037813 1883073 2827424 1882932 0439269 1960952 2346927
 0444505 0577559 1306372 3152252 1705920 1444656 2945706
 0577559 1306372 3152252 3152252 0577559 1306372 1704689 1511997 0759863 0012771 0039224 1511276 1552825 1706073 1706074 1547282
 1080898 0425245 0449580 0596448
 2828366 0025664 0184661 0445247 0936012 2700391 1274040 1546471 2825142 1301820 2348205 0087044 0103404 0021966 0221138 1710082 0442821 1705535 0348078 0376315 2347946
 2828366 1518422 0450376
 1705920 1883351 0175723 0439645 1521913 0005863 0949466 1705493 2348205 0349966 1337208 1547282
 0450375
 0037813 0436196 0577559 1306372 3152252 1444656 0002716 0011560 0611285 2827734 2981698 0002716 0011560 0611285 0002716 0011560 0611285 0439509 2827734 2981698 0449432 1705248 0349966 1337208 0039224 1706073 1706074
 0444505 1277697 0370003 1301820 2347026 0002716 0011560 0030956 0392148 0611285 1704689 0038770 0038771 0851343 0439148 1519795 0205393 0750492 0085089 1879740 1184743 1522240 0370003 2347026
 1550147 2709094 3539075 3539076 1280500 2348382 1518422 1547282
 2828366 0392366 0450377 2986754
 1264633 1441672 1720830 1823521 0450375 0597879 0439801 1705920 3542948 0449432 1705248 0442726 1511790 0175723 0205448 0442824 0587267 3152252 0577559 1306372 0349966 1337208 1547282 2347469
 0278060 1515273 1705313 2826302 1705920 0205402 1264633
 0037813 0436196 0577559 1306372 3152252 0205396 1550043 1551388 0002716 0011560 0611285 2827734 2981698 0002716 0011560 0611285 0449432 0002716 0011560 0611285 0439509 2827734 2981698 0729650
 0021069 1265611 0450377 2986754
 0449911 0333052 2607870 0557702 1272706 1704674 0557702 1272706 1704674
 0005863 0949466 1705493 0002778 0936012 1524024
 1705920 0301871 0439962 1522408
 0030956 0936012 0005863 0949466 1705493 1524063 0441833 1999270 3537156 1518101 0282597 0596822 2348791 0037813 0023089 0040223 0436196 0458142 0577559 0596801 1023865 1269765 1306372 1555977 1704640 1706315 1706515 2610507 3152252 3541383 0025664 0184661 1517586 1552738 2700391
 1547282 1264633 0439269 1960952 2346927 0205163 0439185 2347469
 1264633 0439269 1960952 2346927 0205163 0439185
 0577559 1306372 3152252 3152252 0577559 1306372 0039224 1511276 1552825 1706073 1706074 1547282
 3538743 0596973
 3538902 3541881 0596448
 0037813 0444505 0577559 1306372 3152252 1883073 2827424 1639518 1947986 0150312 0205160 0449450 1513916 2825415 2825491 0243148 1550141 1882979 2587213 3274648 2828366 0750591 1883351 0205370 0750540
 0444505 1639518 1947986 0205160 1301820 1513916 2825415 2825491 0243148 1550141 1524063 2828366 0205370 0750540
 0449911 0333052 2607870 0557702 1272706 1704674 0557702 1272706 1704674
 0005863 0949466 1705493 0002778 0936012 1524024
 1705920 0016576 0885348 0001128 0185115 0202406 3541890 0041175 0006353 0012789 0077068 0077281 0332256 0370003 0814229 2347026 2700400 1947931 0005863 0949466 0936012 1705493
 1718396 0002778 0936012 1524024 0282597 0567416 0301871 0439962 1522408 0003241 0016576 0022237 0885348 0001128 0001962 0001975 0043047 0202406 0439962 0599638 1550678 2945717 2827734 2981698 0037813 0436196 0577559 0936012 1306372 3152252 0025664 0184661 1517586 1552738 2700391
 0016576 0885348 0001128 0202406 0016733 0007776 0205123 0333668 1176472 2350570 2700441 2828366 1720830 1823521 0185115
 0949466 1882932 0439269 1960952 2346927 0037813 1883073 2827424 1882932 0439269 1960952 2346927
 2347469 0005847 1511228 0016576 0885348 0001128 0202406 0205409 1548221 2350570 2828366 0005847 0185115
 0949466 1882932 0439269 1960952 2346927 0037813 0577559 1306372 3152252 1883073 2827424 1882932 0439269 1960952 2346927 0205163 0439185
 1705920 1444656 2945706
 1705920 0030011
 0577559 1306372 3152252 3152252 0577559 1306372 0039224 1511276 1552825 1706073 1706074 1547282
 1080898 0425245 0449580 0596448
 0037813 0444505 0577559 1306372 3152252 1883073 2827424 1639518 1947986 0150312 0205160 0449450 1513916 2825415 2825491 0243148 1550141 1882979 2587213 3274648 1524063 2828366 0205370 0750540
 0016576 0885348 0001128 0202406 1705920 1402315 0221198
 0349966 1337208
 1553637 2828366 1624602 1518422
 1705920 0596448 1709707 0205379
 0370003 2347026 0037813 0436196 0577559 0936012 1306372 3152252 1710082 1517586 0332290 2983632 0002716 0011560 0611285
 0002716 0011560 0611285 2827734 2981698 0002716 0011560 0611285 0439509 2827734 2981698 0150312 0370003 0449450 2347026 0002716 0011560 0611285 0439509 2827734 2981698 1511726 3245479 0332290 0949466
 0444505 0150312 0332285 0439148 1519795 1441672
 0577559 1306372 3152252 0150103 1708943 0042295 1517001 0038770 0038771 0851343 0002716 0011560 0611285
 0370003 2347026 0332157 0016576 0885348 0001128 0202406 0037813 0332152 0002778 0436196 0577559 0936012 1306372 1515981 1524024 2826257 3152252 0243072 0205170 3146287 1882932 1514468 0449432 0150312 0221198 0449450
 1705920 1882932 1441414 1553874 1578820
 0449911 0333052 2607870 0557702 1272706 1704674 0557702 1272706 1704674
 0475264 1744691 0002716 0011560 0611285 0205369 0439849 0445223 1552740 1704675 0030956
 0007776 1176472 2700441 1704254 1704922 3542466 0336721 1547282 0333562 0332575 1260956 0002716 0011560 0611285 0332583 0475264 1744691 1518422 0205197
 1316572 1317574 1369612 0017446 0205146 0333562 0336721
 0242842 0026018 0018017 1571702
 0073187 0681814 0002716 0011560 0611285 0005847 1861735 0751071 0011265 0497327
 0392148 0442726 1511790 0021069 0439962 1624602 0205091 1552822
 0002716 0011560 0611285 0003242 0443640 0003241 0007776 0021027 0205369 1176472 1515981 1552740 2700441 0205090 1705920 0991566 1522408 0301871
 3538743 0596973
 3538902 3541881 0596448
 0449911 0333052 2607870 0557702 1272706 1704674 0557702 1272706 1704674
 0002778 0936012 1524024
 0002716 0011560 0611285 2827734 2981698 0002716 0011560 0611285 0030956 0023688 1273517 0597551 0030956 0600209 0041175 0077068 0077281 0814229 1514893 1704732 2699488
 0597551 0030956 1273517
 0567416 0002723 0432616 1624602 0030956 0432616 0439962 1516048 1624602
 3538743 0596973
 3538902 3541881 0596448
 0814229
 2828366 1547282 0449774 1705920 1883351 0150312 0449450
 0349966 1337208 1444656
 2828366 0392366
 0596448
 0002778 0936012 1524024 0443289 0002716 0011560 0611285 2827734 2981698 0002716 0011560 0611285 1705920 0150103 1708943 0042295 0871935 0002716 0011560 0611285 0030011 0243072 0442726 1511790 0349966 1337208 2347469 0039224 1706073 1706074
 1441672 2346714 0043047 0599638 1550678 1707455 1749467 1948047 0522510 0558058 0597879 2828366 0033684 1265611 1515981 1514873 1883351 2827734 2981698 0033684 0933845 2828366 0005847 1264633
 0242842 0026018 0475264 1744691 1518422 0205197 0185027 1948020 0487602 1704680 0005847 0349966 1337208 0007776 1176472 2700441 1705535 0333562
 1705175 1705176 1705177 1705178 1882348 1517331 0022885 0039593 0392366 0475264 1744691 0439849 0445223 0449719 1709471 1704675 0004927 0681814 0002778 0936012 1524024
 0349966 1337208
 0205195 1947911 0439962 0205091 1552822
 0681814 1706386 2828366 1624602 0002716 0011560 0611285 0205332 1624602 0205090
 1274040 1546471 2825142 1301820 1720830 1823521 1511726 3245479 1518422 1547282
 2828366 0016576 0885348 1274040 1546471 2825142 0750492 1704675 0231204 2827758 0728725 0020283 0205251 0450407 0450408 0450409 1299352 1550472 0872079 0033684 0205397 0055966 1413514 2609437 0003591 0450348
 1883351 1711411 0037791 1511884 0002778 0936012 1524024 1524063 1334043 0004927 0021135 1533691 2827718
 0349966 1337208 1444656
 0205369 0243122 1145667 1167622 1552740 0002716 0011560 0611285 2827734 2981698 1705920 1861735 0751071 0011265 0015576 0150312 0221198 0241888 0497327 0596448 0332120 1704675 0596973 1441672 2346714
 0596973 1547282 0243122 1145667 1167622 1704675 0002716 0011560 0611285 2827734 2981698
 1514811 1706462 1441616 0002778 0936012 1524024 0002716 0011560 0611285 0333562 0002716 0011560 0611285 0332197 0333463 1333134 1689985 2987476
 0486616 0005863 0949466 0936012 1705493 0037813 0436196 0577559 1306372 3152252 0751970 0162801 0002778 0936012 1524024 0036679 0237868 1881713 0370003
 0597683 0037633 0392148 1273517 1883351 2828366 0449432 0185115 0684295 0016576 0885348 0333562
 1511726 3245479 0349966 0439086 2827736 2981702 0439084 0728893 1547282 1861735 0751071 0011265 0497327 0221198 0439962 1705920
 0486616 1555710 0441889 0449286 0542560 1561545 2348088 1711351 0439792 0449286 1704240 0243125 0699900 0558058 3640269
 0449911 0333052 2607870 0557702 1272706 1704674 0557702 1272706 1704674
 1705920
 0002716 0011560 0611285 0205164 0449432 0333562
 2985687 0205145 0336721 0549177 1444656 0336721 0205145
 0600319
 0278060 1515273 1705313 2826302 0333562 0700364 0439855 1704241 0558058 1301808
 0441889 0449286 0542560 1561545 2348088 0439801 3542948 0205171 0348078 0376315 1720467 1880371 0002716 0011560 0030956 0611285 0205250 0443288
 1705920 0439801 0443225 1444754 1706316 3542948 2827734 2981698 1979874 0032105 0205397 1550098 0567416 0150312 1883351 0687676 1704687 0392747
 0600319 0002716 0006104 1269537 1441672 0002716 0011560 0030956 0348078 0376315 0611285 1515981 0019932 0205170 3146287 0027895 0332257 0027930 1417869 0040160 1535531 0023610 0815016 0018061 0019932 1283071 3536870 0005532 0205460 0441655 0205088 0600319 0725813 1705314 1705315
 1514468 1704444 0027895 0002716 0002520 2917660 0001128 0202406 1710236 0033666 0392747 0687676 1519614 1554963 1704687
 0027895 0597192 0033666 0392747 0687676 1519614 1554963 1704687 0017797 1709305 1709915 1882936 2745955 0010546 0277793 1261512 1304680 0596260 0441833 0687744 1257890 1552516 1705428 1705429 0030685 0391871 0439180 0680255 1283071 1963578 0245636 1419183 1882074 0020283 0450407 0450408 0450409 2825492
 1979874 1707959 0033666 0205309 0392747 0687676 1519614 1554963 1704687 0600319 1517945 0872015 1330964
 0007452 1140701 0023832 0030956 0033195 1337111 1514570 0033382 0205214 0597304 1441547 1522138 1709634 1709694 1947941 2987124 3245511 3245521 0450355 0002716 0011560 0611285 0002716 0011560 0611285
 1184743 1522240 0003577 0027882 1548966 0439836 0178784 0205100 0205396 1550043 1551388 0011560 1705760 0002716 0333562 0392760 0611285 1314939 1867773 0751071 0011265 0015576 0241888 0497327 0596227
 0245636 1419183 1273518 0868928 1533148 0439673
 0392747 1554963 1518422 0175630 0442726 1511790 1749467 1948047 1705920 0010546 1709305 2745955 0444498
 0002716 0011560 0030956 0611285 0150312 0333562 0443288 1880371
 0002716 0011560 0611285 2827734 2981698 0002716 0011560 0611285 1705920 0456603 1547037 0002716 0011560 0611285 0439509 2827734 2981698 0243072 0444930 0733755 2746065 0449432 1705248 0349966 1337208
 1705920 0444930 0733755 2746065 1517001 2828366 2346714
 0439801 3542948 0947630 0221198 0359583 1705920 0444930 0733755 2746065
 0002716 0011560 0611285 0205225 0205396 0221198 0449432 1542147 1550043 1551388 1705248 1563245 0002395 1521724 0012634 0013080 0039082 0423866 2626739 0012984 1280551 0002716 0011560 0611285 2827734 2981698 0002716 0011560 0611285 0449432
 2828366 1861735 0751071 0002716 0011560 0611285 1518422 0442726 1511790 0012634 0348080 1705253 2945599 0684224 0700287 3496591 1514918 0332255 1708096
 0205474 0947630 1518422 0205396 0221198 1550043 1551388 0439858 0443177 0487602 1441616 1527178 1705938 0597879
 0002716 0011560 0611285 2827734 2981698 0002716 0011560 0611285 0439086 2827736 2981702 0684224 0700287 3496591 1883351 0449432 0013080 0039082 0423866 2626739 0221198 0003241 0733755 0442730 0439178 1446409 1514241 2825490
 0597879 0150312 0205419 0276496 0277558 0002395 1521724
 1705920 0016576 0885348 0001128 0185115 0202406 3541890 2936349 0333562 0019409
 0687676 1704687 0392747 0600319 0007776 1176472 2700441 0733755 1881707 0349966 0002716 0011560 0611285 2827734 2981698 0002716 0011560 0611285 0002716 0011560 0611285 0439509 2827734 2981698 1547282 0243125 0699900 0456603 1547037 0002716 0011560 0611285 2827734 2981698 2827734 2981698 0441889 0449286 0542560 1561545 2348088 0349966
 0243125 0699900 0558058 1261552 0015264 0444930 2746065 2963144 0220781 0439634 1522492 1261322 1552578
 0868928 1706255 1706256 0002716 0011560 0611285 0002716 0011560 0611285 0205309 1883351 0022702 0220865 2825046 2827734 2981698
 0332255 0486805 1518422 0005767 0005768 0229664 0442726 1511790 0030956 0333562 1334043 0332268 0392747 1554963 0392360 3146298 1705920 1518422 1882932 0441712 1706376
 0036658 0684224 0700287 3496591 2607943 2926606 3539655 1705920
 0349966 1337208
 0243125 0699900 0002716 0011560 0611285 0558058 0205177 0439167 0441655 1561536 0014442
 0002716 0011560 0611285 0002716 0011560 0611285 0439509 0024369 1704711 0037791 1511884 1283071 0002520 2917660 0001128 0202406 0450367
 0010813 0596311 1330957 1883351 0022709 0030940 1947941 0002716 0011560 0611285 1867773 0751071 0011265 0015576 0241888 0497327 0596227
 0543488 1883351 1316572 1317574 1369612 1514570 1709694 0010654 0442726 1511790 1709915 1882936 1705535 1280500 2348382 0033684 0684224 0700287 3496591
 0243125 0699900 0025250 1274040 1366499 1546471 2825142 0021669 1415875 0021669 1415875 0014442 0021641 1533581 1579433 0243125 0699900 0002716 0011560 0012634 0439849 0445223 0611285 0684224 0700287 3496591
 0014442 0014445 1548966 0205309 1883351 0002716 0011560 0611285 0205145 0243125 0699900 0332255 0486805 1708096 1518422 1861735 0751071 0011265 0015576 0241888 0442726 0497327 1511790 2828366
 0014442 0750591 0661884 1540042 0077246 0021966 0030940 0221138 1947941 0030946 1947941 0205309 1883351 0678595 0030956 0021135 1533691 2827718 1440087 0449432 1705248
 1316572 1317574 1369612 0205177 0439167 0441655 0597304 1561536 1947941 0042153 0457083 1274040 1546471 1947944 2825142 3100979 1515151 3100980 3348309 0255672 1417202 1424188 1515147 0024188 1515146 0009053 0020289 0021966 0162745 0221138 0521009 0678257 0470187 0014442
 1524063 0014442 0085732 1299581 0030956 0009053 0021966 0221138 3258071 0002716 0011560 0243114 0442711 0611285 1273517 1998793 0442805 0042153 0457083 1947944 1705175 1705176 1705177 1705178 1882348 0309872 0085089 0699801
 0205422 0276496 0277558 0002395 1521724 0002716 0011560 0012634 0205170 0439849 0445223 0611285 3146287 0002716 0011560 0611285 0225992 1283832 0005847 0333562 0348078 0376315 0392148 1265611 0750591 0577301 0037088 0243095 2825141 0282443 1425988 1709940
 1519606 3161035 0011560 1705760 0333562 0449432 1705248 0085430 0450129 0332257 0025914 0025929 0026809
 0449432 0085430 0450129 0002716 0011560 0611285 1705920 0037088 0243095 2825141 0543483 0699748
 0220781 0439634 1522492 0333562 0332185 0684224 0700287 3273238 0025914 0025929 0026809 0025914 0025929 0026809 1518422 1547282 0030664 0205469 0677042 0679006 1947967 1522634 0589507 1158830 1704686 2936349 0333562
 1518422 2963144 0475264 1744691 0002716 0011560 0611285 0558058 1547011 1879746 0233577 0567416 0205263 1883351 0425382
 0036658 0596448 0596973 0567416 1449705 0021069 0681814 0040291 0040300 1547928 2828366 0002716 0011560 0611285 2827734 2981698 0002716 0011560 0611285 0332297 0596448 1145667 1167622 1689898 2349209 0596973 0002778 0936012 1524024 1705535 0037791 1511884
 1316572 1317574 1369612 0002716 0011560 0611285 0442726 1511790 1867773 0751071 0011265 0015576 0241888 0333562 0497327 0596227 0002716 0011560 0023688 0205396 0611285 1550043 1551388 0002778 0936012 1524024 0349966 1337208 1547282
 0567416 0205280
 0332120 2828008 0011265 0205169 0441889 0449286 0497327 0542560 1561545 2348088 1449651 0225328 1705920
 0282411 1867773 0019247 0497327 0751071 0277558 0011265 0012634 0015576 0205448 0241888 0439660 0596227 1521721 0150232 1861735 0751071 0011265 0497327 0008655 0008633 0205309 0497327 0276496 0002395 1521724 0277558 0012634 0015576 0022037 0205419 0241888 1515981 1555231 0332281 0333562 0596988
 1705241 1705242 0332197 1689985 0449793 0237753 0449788 0011164 1880269 0205280 0006104 0150312 1521970 1706388 2346469 2348519
 0205171 1518422 1720467 0002716 0011560 0030956 0611285 0332281 0392747 0443172 2348205 0012634 0679006 1947967 1522634 0441712 1706376 0040539 0600688
 0333463 0332197 2699517 0205419 0276496 0277558 0002395 1521724 0006104 0205146 1269537 1515981 1867773 0751071 0011265 0015576 0241888 0497327 0596227 0012634 1521970 1706388 2346469 2348519 0221198 0005847 1558950 1801960 0333562 0679250 0002395 1521724 0012634 0011265 0497327
 0002716 0011560 0611285 0243107 0678723 1527148 0011265 0497327 1548966 0851827 1701901 3244310
 0012634 3161035 0557651 2603343 1261552 0035820 1705810 0002716 0011560 0611285
 2825232 0043227 0449719 1521721 1709471 0027468 0004083 0439849 0596306 0699792 0679215 0002395 0683935 1521724 3242129 3245490 0012634 0016617 0018684 0018896 0035168 0242481 0596070 1515981 1709697 2728259 3484370 2986512
 0010186 0220812 0449719 1709471 0220808 0680264 0007961
 1706852 0522501 1706089 0949214 0007776 1176472 2700441
 0205155 1293097 1522472 1552923 1705191
 0282413 2827734 2981698 0376649 1442065 0030664 0205469 0677042 0033872 0033873 0036375 0108844
 0039725 0039738 1420718 0027976 0205314 0027976 1879958
 0254343 0796520 3272379

 0085205 1549619 1880669
 0013849 1705961 0024492 1538057 1547565 0059804 0000723 1273517 1861735 0751071 0011265 0497327 1861735 0751071 0011265 0497327
 0002716 0011560 0611285
 0002716 0011560 0611285
 0002395 1521724 0012634 0002395 1521724 0012634
 1867773 0751071 0011265 0015576 0241888 0497327 0596227 1867773 0751071 0011265 0015576 0241888 0497327 0596227
 0002716 0011560 0611285 0002716 0011560 0611285
 2348791 1555977 2610507 0282597 2348791 1555977 2610507 0282597
 1720830 1823521 0991865 0006353 0031603 0031701 0036082 1601799
 0016576 0885348 0001128 0202406 0016576 0885348 0001128 0202406
 0003241 0021027
 0077068 0369718 0441922 0700307 1553036 0556985 2247301 3540495 0017890 0522461

 2347469

 0302523 0700325 3244290
 2986676 0024171 0024176 2697939 1518101 0282597 0596822 2348791 0037813 0023089 0040223 0436196 0458142 0577559 0596801 1023865 1269765 1306372 1555977 1704640 1706315 1706515 2610507 3152252 3541383
 1514811 1706462 0557061 2584313 1514811 1706462 0369637 0441923
 2347469


 0025141
 0596654 0027855 0205210 0449468 0560268 1690016

 2603360
 1704648


 0205090 0684010 2603358 2603360 2603360 0033727 0369286 0441932 0564385 0032098 0439267 2347469
 1418943

 0268596 2700624
 3642273

 2603362

 0439073 0439082 2603360 0033727 0369286 0441932 0564385 0205090 0684010 2603358 0007776 1176472 2700441 0439267
 0369773 2603361 2347469 1704972 1704973 0007776 1176472 2700441 0033727 0369286 0441932 0564385 0032098 0439267 2347469 2603360


 1417055

 0025141 0205090 0684010 2603358 2347469 0678406 2603360 0032098 0439267
 0349590 1262865 0025141 0597277 1708601
 0017337
 0025141 2603360 0032098 0439267 2347469 2603360
 3642273
 0025141 0033727 0369286 0441932 0564385 0205090 0684010 2603358
 0004830
 0439267 0439267 2603362
 2603362


 0740116 2827735 2981700 0025141 0013140 0007776 1176472 2700441 0442532 2603360



 0013140 0007776 1176472 2700441
 0439267
 0006104 1269537 0032098 0439267 2603360 0205090 0684010 2603358 0554249 0369773 2603361
 0006104 1269537 0000857 0600678 1552863 0678406 2603360 0205090 0684010 2603358
 2347469 0439267 0085999
 2347469 0032098 0439267
 0006104 1269537 2603360 0007776 1176472 2700441 0439267 0033727 0369286 0441932 0564385 0033727 0369286 0441932 0564385 0439394 1706495 3642217 2347469 0043217 0369718 0441922 1553036 0205090 0684010 2603358 0032098 0439267 2347469 2603360



 2603360
 2347469 2347469
 0033727 0369286 0441932 0564385 0016327 0439133 1553038 0032098 0439267

 0439073 0439082 0025141 0032098 0439267 2603360 2603360 2347469


 3642273
 0025141 0439394 1706495 3642217 2603360 0205090 0684010 2603358 0033727 0369286 0441932 0564385 0043217 0369718 0441922 1553036 2603360
 0032098 0439267 2603360 2347469


 0201682
 0043217 0442548

 0007776 1176472 2700441 2603360

 0205090 0684010 2603358

 0003461 2939124
 0201682
 0020789 0063555 2275731 0369718 0441922 1553036 2603360 0205090 0684010 2603358 0033727 0369286 0441932 0564385 0205090 0684010 2603358 0444649
 0439394 1706495 3642217 0597277 1708601


 0201682


 2603360

 2347379
 0450355 0000857 0600678 1552863 0033727 0369286 0441932 0564385

 0016327 0439133 1553038

 0201682
 0025141

 2347379 0016693
 0025141 2347469


 0201682
 0033727 0369286 0441932 0564385 0597277 1708601


 0201682
 2603360 2603360 2603362


 2603360 2603360 1979971


 1417055

 0025141 0369773 2603361
 3476816 2603362
 0230007 0935456
 0205090 0684010 2603358



 0025141
 0033727 0369286 0441932 0564385 0439267


 2603362


 0201682

 0033727 0369286 0441932 0564385
 1418943

 0268596 2700624
 3642273

 2603362

 1551833 0033727 0369286 0441932 0564385
 0369773 2603361



 0201682
 3495095
 0033727 0369286 0441932 0564385


 0025141 2603360 2603360
 0033727 0369286 0441932 0564385 2603362
 0027882 0025141 0868963 0205090 0684010 2603358
 2603360
 0369773 2603361
 0369773 2603361
 3495095 0439394 1706495 3642217 2603362




 0025141
 0043217 0442548
 0205090 0684010 2603358
 0023882 0700321 2700395 2603362
 0369773 2603361 1706910 0369637 0441923



 0201682


 0033727 0369286 0441932 0564385
 0205090 0684010 2603358
 0007776 1176472 2700441 2347469 2603360


 0201682
 2603360 1979971 2347469


 0025141 2603360 2603360





 0000857 0600678 1552863
 0016327 0439133 1553038 0007776 1176472 2700441 0205090 0684010 2603358 2347469


 0201682
 0014878 0522667 0730321
 0369637 0441923




 0201682
 0369637 0441923
 0007634 1269647 1704653 1948049
 0027960 0324740 0439189 1456781 1824986
 3642273
 0025141 2603360
 0369773 2603361


 3642273
 0557775 1511780 0033727 0369286 0441932 0564385
 0369718 0441922 1553036 0597277 1708601
 0205090 0684010 2603358 0043197 0369773 2603361

 0439267
 0369637 0441923
 0033727 0369286 0441932 0564385




 0201682

 0597277 1708601


 0027960 0324740 0439189 1456781 1824986

 0025141 0369773 2603361
 0030956 0025141 0439394 1706495 3642217 0205090 0684010 2603358 2603362

 0016327 0439133 1553038 2347469
 0369637 0441923


 0201682
 0369637 0441923
 1431628 0439267 0205090 0684010 2603358
 0597277 1708601


 0025141 0439394 1706495 3642217
 2603360
 0439267 1706469 1706470 1555622 0033727 0369286 0441932 0564385
 0238705 1427484 1842839

 0021966 0221138


 0201682




 0439267
 0439267



 2347379

 0025141 0439267
 0439267



 2347379

 0025141 0016327 0439133 1553038
 0439267
 0439267 2347469


 0025141 0402830
 0021966 0221138
 0489654 2603362
 0861352
 0597277 1708601 0597277 1708601
 0230467 0741204


 0025141 2347469
 0001483
 2347961 0085104
 0025141 0439394 1706495 3642217 0021966 0221138 0597277 1708601 0007776 1176472 2700441 0021966 0221138 0007776 1176472 2700441 0597277 1708601 0021966 0221138 0205090 0684010 2603358 0033727 0369286 0441932 0564385 0016327 0439133 1553038 0205090 0684010 2603358 0016327 0439133 1553038



 2603360
 0331781 2603360 0439394 1706495 3642217 0007776 1176472 2700441


 0201682

 0205090 0684010 2603358
 2347469 2826220 0597277 1708601
 0205090 0684010 2603358 2603362

 0369637 0441923


 0450348 0369637 0441923
 0007776 1176472 2700441
 2603360 0369773 2603361 2603362
 0007776 1176472 2700441 0597277 1708601 2603362
 0439267 0369637 0441923
 0439394 1706495 3642217
 0007776 1176472 2700441 0369773 2603361
 0369637 0441923


 0025141 0016327 0439133 1553038 0439394 1706495 3642217 1006780 0007776 1176472 2700441 0439394 1706495 3642217 0369637 0441923
 0369773 2603361 0221982 1266881 1280542 0051767 0057671 0369773 2603361 0597277 1708601 0861352 0439267 0205090 0684010 2603358
 2347469
 2603360
 0027882
 0439267
 0326915
 0040833 1521798
 0025141 0369773 2603361
 2603360
 1418943

 0268596 2700624
 3642273

 2603362


 0033727 0369286 0441932 0564385
 0063789 3272375

 1417055
 1315013

 0439084 0728893 0007776 1176472 2700441 0033727 0369286 0441932 0564385


 0025141 2603360
 0033727 0369286 0441932 0564385

 0369773 2603361
 0439267 0439267
 2603362
 0369637 0441923


 0025141 1527021 1554111 1705606 3541382 0333052 0441061 0179636 1824528 0239110 1706852 0239110 1705565 1947976 0687676 1704687 0557854 0013849 1705961 1706852 0282420 1706852 1138432 0239110 0162443 0205314 0033213 1706387 1706852
 1706852
 1706852
 1706852
 0039224 1706073 1706074 0162443 1521991 0162443 0026376 0005532 0009993 0013621 0013622 0013658 0037455 0039401 0596070 1521991 1552856 0005477 0026376 0005532 1521991