 0441712 1706376 0085151 3538722 1456454 0033665 0002716 0011560 0033684 0611285 1709634 0205090 0684010 2603358

 1293097 2919030 2919031 0020017 0019994 1510665 0036378 0036375 0006037 0024874 0034036 0034037 1514756 1704324 0348078 0376315 1515981 1522492 1527075
 0520510 0557061 2584313 1514811 1706462 1441414 1553874 1578820 0030685 0391871 0439180 0680255 1283071 1963578 0972395 2611803 3156099 3537205 1518440 0040715 0521447 1274040 1546471 2825142 2987521 0037083 3537152 1412459 1135629 1333931 1336632 1705504 0062773
 1547282 0085151 3538722 1456454 0033665 0002716 0011560 0033684 0611285 1709634 1412459 1515877 1879547 0040649 0007634 3282337 0332268 0079411 3146294
 0085151 3538722 1456454 0033665 0002716 0011560 0033684 0611285 1709634 0040649 0309872 0033268 0007634 3282337
 0175996 0178719 1880389 1883221 3541951 0185117 1518422 1515877 1879547 0040649
 0441712 1706376 0243045 0020792 0031715 0031727 0072108 0079183 0205145 0205224 0205396 0851827 1150565 1158886 1701901 3244310 2945843 1519063 1333931 1336632 1705504
 0026882 1705285 0039798 0087111 1522326 1533734 1705169 3538994 0028778 0332206 2983591 0085732 1710082 1333931 1336632 1705504
 0085151 3538722 1456454 0033665 0002716 0011560 0033684 0611285 1709634 0184512 1333931 1336632 1705504
 1656251 0016640 0524811 3161031 0016318 0079603 1547282 0085151 3538722 1456454 0033665 0002716 0011560 0033684 0611285 1709634 1333931 1336632 1705504
 0085151 3538722 1456454 0033665 0002716 0011560 0033684 0611285 1709634 0007610 1710082 0441712 1706376 0443301 0031715 1158886
 0520510 0557061 2584313 1514811 1706462 0085151 3538722 1456454 0033665 0002716 0011560 0033684 0611285 1709634 0085151 3538722 1456454 0033665 0002716 0011560 0033684 0611285 1709634 0740116 2827735 2981700 0600138 0035820 1705810 0035168 0242481 0026882 0085151 3538722 0033665 1456454 0002716 0011560 0033684 0611285 1709634 1880355 2981279
 0085151 3538722 1456454 0033665 0002716 0011560 0033684 0611285 1709634 0021699 0033684 1167322 2752508 0034800 0699040 0205148 0597357 2827734 2981698
 0947630 0205234 1285542 1514570 0597304 1709694 1947941
 0085151 3538722 1456454 0033665 0002716 0011560 0033684 0611285 1709634 0205448 0443299 1704259 1705987 1515273 1705313 2826302 1518422 1704259 1705987 0282443 1425988 1709940
 1704259 1705987 0085151 3538722 1456454 0033665 0002716 0011560 0033684 0611285 1709634 0205435 1279901 0171484 0205242 0333853
 1704259 1705987 0010813 0596311 1330957 1883708 0171484 0205242 0333853 0002716 0011560 0030956 0611285 0162808 1514562 0175996 0178719 1880389 1883221 3541951 0332255 1708096
 0205549 2348044 0332283 0010813 0596311 1330957 0332282 1517880 0243122 1145667 1167622 0282443 1425988 1709940
 0085151 3538722 1456454 0033665 0002716 0011560 0033684 0611285 1709634 1235660 0872078 0025255 0596901 1706182
 0026882 0872078 1702162 0861064 0023175 0030956 0079411 0205217 0442805 1442948 1522538 2348269 3146294 3275067 0348078 0376315 1522492 0333463 2936349 0205447 0282443 1425988 1709940
 0235032 0021135 1533691 2827718 1515655
 0302523 0700325 3244290 0002716 0011560 0611285 1512571 1708698 0015127 1314792 1524003 0027746 0002395 0011265 0497327
 0015264 0680968 1292732 0871161 1292721 0031845 0005532 0031843 0205460 0542341 0700205 1705273 0392360
 0332120 0085151 3538722 1456454 0033665 0002716 0011560 0033684 0611285 1709634 0032214 0600138 0007577 0001511 0175633 0004462 0005528 1317949 3495449 0004461 3158384 0085103 0332185 0037083 1160185 1710082
 1705535 0085151 3538722 1456454 0033665 0002716 0011560 0033684 0611285 1709634 0441712 1706376 1710082 2348205 0039259 0171484 0391871 0872078 1283071 0007610 1515877 1879547 0040649
 1512612 0302523 0700325 1521721 1964257 0085151 3538722 1456454 0033665 0002716 0011560 0033684 0611285 1709634 1412459 1135629 1515877 1879547 1151928 1151922 0205177 0439167 0441655 1561536
 0872078 0086597 2987018 0597304 0851285 0030685 0391871 0439180 0680255 1283071 1963578 0175996 0178719 1880389 1883221 3541951 0206243 0699809 0542341 0282443 1425988 1709940
 1412459 1135629 0332256 2700400 1956034 0162808 1861696 1880389 1883221 3541951 1145667 1167622 0162326 1518827 1880389 1883221 3541951 1149341 1333931 1336632 1705504 0085151 3538722 1456454 0033665 0002716 0011560 0033684 0611285 1709634
 1412459 0085151 3538722 1456454 0033665 0002716 0011560 0033684 0611285 1709634 0005532 0205460 1704259 1705987 0442504 1704765 1882509 3496241 0162610 0006638 0596988 0031437
 0185117 0023175 1293130 1442948 1522538 2348269 3275067 1518440 0040715 2987521 0205263 0162638 0450348
 1883712 1333931 1336632 1705504 1151928 1151922 0205177 0439167 0441655 1561536 0062773 0017263 0017262 0017337 0185117 0851285 1327622 0012899 0012854 0043240 0374711
 0441712 1706376 0085732 0040649 1518422
 0557651 2603343 1999230 0332120 1235660 0085151 3538722 1456454 0033665 0002716 0011560 0033684 0611285 1709634 0085732 1299581 1515877 1879547 0040649 0010813 0596311 1330957 1333931 1336632 1705504 0025255 0596901 1706182 0332152 1333931 1336632 1522538 1705504 1879547 0031715 1158886 0243045
 0332283 1518440 0040715 0521447 1333931 1336632 1705504 2987521 1412459 0162493 1879547
 0520510 0520510 0557061 2584313 1514811 1706462 0007600 0007634 0205132 1269647 1704653 1948049 0038250 0007634 0242767 1186763 3282337 0010453 0220814 0430400 2242979 0004178 0678214 0007452 0015965 0229671 0521457 1140701 1546774 1550100 0242295 1947943 2348609 0017797 0030842 0220892 0038425 0311461 0002520 1576824 0034354 0244104 0439148 1519795 0025402
 0013935 0022646 0086418 0227665 1278978 1514845 0007634 3282337 0010454 0009458 0325564 0392747 0439536 1551720 1705217 3244283 0010453 0220814 0430400 2242979 0007452 0015965 0229671 0521457 1140701 1546774 1550100 0242295 1947943 2348609 0017797 0030842 0220892 0038425 1576824 0034354 0244104
 0007634 3282337 0332293 0369637 0441923 0536217 1522326 1719918 0022634 1719918 0064771 0022877 1619828
 0171484 0243077 1301820 0007634 3282337 0312860 0332293 1522326 0369637 0441923 0040223 1632851 0042295
 0005507 0243073 1510438 2348935 0027965 0006353 0332287 0370003 0439509 1524062 2347026 3538705 0332283 0700308 0033727 0369286 0441932 0564385
 0443286 1114821 0006353 0370003 1272691 1883712 2347026
 0449911 0333052 2607870 0557702 1272706 1704674 0557702 1272706 1704674
 0037083 3537152 0085151 3538722 1456454 1518422 0010813 0596311 1330957 0037083 3537152
 1883559 0332307 0445392 1547052 0242767 1186763 0007634 3282337 0205174 0024075 0220928 1333931 1336632 1705504 1412459 0085151 3538722 1456454 0033665 0002716 0011560 0033684 0611285 1709634 0032136 0299212 1418985 1444656
 0033727 0369286 0441932 0564385 0007634 3282337 1516695 1516698 0024075 0335038 1522485 1705915 1709908 0005507 0243073 1510438 0884358
 2347469 0242767 1186763 0007634 3282337 0205174 0024075 0220928 0299212 1418985 0872078 0175996 0178719 1880389 1883221 3541951 1444656 0005507 0243073 1510438 0033727 0040669 0369286 0441932 0564385 0687676 0884358 1704687
 0242767 1186763 0007634 3282337 0562577 0972395 2611803 3156099 3537205 0032136
 0007634 3282337 1512335 0033727 0369286 0441932 0564385 1630409 0017243 0041175 0077068 0077281 0086972 0443299 0687118 0814229 1382104 1705493 0003241 0021027 1305854 0085151 3538722 0033621 0033665 1168438 1418943 1707271 3540567 0162808 1456454 1514562 0002716 0011560 0033684 0205088 0611285 1705314 1705315 1709634 1880389 1883221 3541951 0439851 1947931
 0040669 1524063 0332282 0442711 1507394 1522729 2348563
 0009458 0439536 1705217 3244283 0021966 0221138 0559956 1299987 0332283 0021966 0221138 0439962 1883712 0012854
 0007634 3282337 1883708 1439852 0041119 0033727 0369286 0441932 0564385 0442758 0040223 3541383 0449468 1690016 1705102 2700258 3640049 0013227 0087111 1254351 1524062 1548787
 0032136 1273517 0332283 1719822 1333931 1336632 1705504 1333931 1336632 1705504 1412459 1412459 1301820



 1333931 1336632 1705504 1301820
 0018909 1333931 1336632 1705504 3146294 0152060 1306235 3496294 0086022 0442335
 0018909 1333931 1336632 1705504 3146294 0152060 1306235 3496294 0086022 0442335

 0024075
 1093003 0072149
 0024075

 0175996 0178719 1880389 1883221 3541951
 0086022 0442335 1705099 1880497 1883351 1882115 0012854 0439175 0439810
 0205170 3146287 0005971 1139930 3537155 0005971 1139930 3537155 0205200
 0205170 3146287 0039798 0087111 1522326 1533734 1705169 3538994
 0086045 0007634 3282337 0439267 0439267 0439267 0439267 0720544 0439267 0205170 3146287
 1412459 0032136 1273517 1547282 0079613 0443225 1412459 1444754 1706316 0018563 1514873 1265611 0683607 1879547 1333931 1336632 1705504
 2827421 0037293 0181496 1710492 0521091 0750484 0005863 0012634 0348080 1705253
 0033727 0369286 0441932 0564385 0007634 3282337 0006353 0024348 0072149 1536403
 0005507 0243073 1510438 1883708 0884358 0812225 1150635 1705212 1705213 3273202 0072149 0442711 1507394 1522729 2348563 0034866 0947322 1705426
 1151115 0205177 0439167 0441655 1561536 0034754 0677601 1705179 1705206 3161035
 1883351 0013682 0040669 0243148 1550141 1882979 2587213 3274648 1324397 1151115 0205177 0439167 0441655 1561536 0086860 1416832 0013126 1151115 0024075 0205177 0335038 0439167 0441655 1093003 1522485 1561536 1705915 1709908 1882115 0220928
 0205263 0857127 1883708 0205449 1510992 2825518 0205170 3146287 0039798 0087111 1522326 1533734 1705169 3538994 0205171 0335038 0439044 0679994 1510992 1522485 1705915 1709908 1710082 1882115 2825518 0205170 3146287
 0003241 0021027 1301820 1719918
 1883351 0442726 1333931 1336632 1705504 1273517 0441962
 1999230 0003242 0003241 0021027
 1273517 1305854 1979003 0085151 3538722 0033621 0033665 1168438 1418943 3540567 1456454 0002716 0011560 0033684 0611285 1709634 0439851 1947931
 1624602 0432616 0021069 1273517 0020985
 0003242 2599300 0003241 0021027 0022877 1301820 1619828
 0869011 0369998 1718641 0003242 0079427 0001271 0003241 0021027
 0359168 0683758 0025250 1273517 1366499
 0003241 0022877 0869011 1619828
 0991865 0006353 0031603 0031701 0036082 1516695 1516698 1601799 0205200 0007703 0441436 0993610 1998480 0439267 0456692 0702093
 1883708 0006353 0019215 0071767 1548982 0024472 0012789 0013618 0013714 0211296 0439962 0681834 0036397 0185125 0439267 0179834 0456692 0702093
 0007634 3282337 0456692 0013604 0038999 0702093 0332283
 0007610 1883708 0007703 0441436 0993610 1998480 0439267 0456692 0702093
 0441436 0993610 1998480 1550101 0086972 0443299 0687118 0441436 0993610 1998480 0024348 0086123 0332256 2700400 0006353 0597217 0243077 0037508 1366571 1705592 0211296 0439962 0521447 1264633 1554103 2347840
 1550101 1883708 0205195 0449468 1690016 1705102 2700258 0071767 0024472 0013618 0013714 0211296 0439962 0332283 0041609 0439267 0700308 0033727 0369286 0441932 0564385
 0441436 0993610 1998480 0034584 1301746 0031678 1149880 0033607 0025255 0596901 1264633 1554103 1706182 2347840
 1550101 1883708 0010834 0521449 1264633 1554103 2347840
 0449911 0333052 2607870 0557702 1272706 1704674 0557702 1272706 1704674
 0243077 1518422 0001721 0037083 3537152 0085151 3538722 1456454 0972395 2611803 3156099 3537205 1518422 0205177 0439167 0441655 1561536
 0441833 1999270 3537156 2347469 0013935 0022646 0086418 0227665 1278978 1514845 0007634 3282337 0205174 0024075 0220928 1333931 1336632 1705504 1412459 0085151 3538722 1456454 0033665 0002716 0011560 0033684 0611285 1709634 1444656
 0041119 0033727 0369286 0441932 0564385 0171484 1999216 0021966 0221138 0312860 1524062
 0005507 0243073 1510438 1881488 0007634 0884358 1269647 1704653 1948049 0033727 0369286 0441932 0564385 0040669
 0441833 1999270 3537156 1881488 1705493 0085151 3538722 0033665 1456454 0002716 0011560 0033684 0611285 1709634 1305854 0001271 1515981 0243148 1550141 1882979 2587213 3274648
 0427861 1947950 0553257 0007634 3282337 0013935 0022646 0086418 0227665 1278978 1514845 0007634 3282337 1333931 1336632 1705504 1412459 0392148 1439852 0332197 1689985 0243148 1550141 1882979 2587213 3274648 0171484 1999216 0312860
 0003241 0021027 0301871 1705493 0003241 0021027
 0073187 0427861 1947950 0553257 0007634 3282337 1883559 0332307 0445392 1333931 1336632 1547052 1705504 1333931 1336632 1705504 0596988 1412459 0085151 3538722 1456454 0033665 0002716 0011560 0033684 0611285 1709634 1444656
 1333931 1336632 1705504 0003242 0003241 0018909 0021027 0301871 0301871 0085151 3538722 1456454 0033665 0002716 0011560 0033684 0611285 1709634 0005863 1305854
 0007776 1176472 2700441 0019564 0949582 1029104 1284077 0205239 0439231 0439507 0580836 0025936 0003069 0025914 0025929 0026809
 1273517 0003062 0001779
 0370003 2347026 1883708 0016640 0524811 3161031 0681850 1550501 1706203 2349001 2697811
 0370003 2347026 0991865 0006353 0031603 0031701 0036082 1548982 1601799 0006353 0013604 0038999 0456692 0702093 0332283
 0007610 0007703 0441436 0993610 1998480 0439267 0456692 0702093
 1550101 1883708 0006353 0205195 0449468 1690016 1705102 2700258 0439267 0700308 0033727 0369286 0441932 0564385
 0441436 0993610 1998480 0034584 1301746 0025255 0596901 1264633 1273517 1554103 1706182 0949466 0005863 0002778 0936012 1524024 1705493
 0021069 0681814 1881488 0060916 0700308 0033727 0369286 0441932 0564385 0332283 0439583 0003241
 0332170 0036681 1524062 0011744 0033727 0369286 0441932 0564385 0332283 0205449 0441648 1301746 0021069 0003242 0991865 0006353 0031603 0031701 0036082 1515981 1601799 0021069
 0033684 1883708 0991566 0242301 1546559 0006353 0702093
 0681814 0013935 0022646 0086418 0227665 1278978 1514845 0007634 3282337 1333931 1336632 1705504 1412459 0085151 3538722 1456454 0033665 0002716 0011560 0033684 0611285 1709634 0682523 0427861 1947950 0553257 0598091 0007600 0007634 0205132 1269647 1550648 1552960 1704653 1948049 1439852 0033727 0369286 0441932 0564385 0012634 0348080 1705253 0009458 0439536 1705217 3244283
 1999216 0009647 0439659 1524062 0086045 1446561 0312860 0040223 1632851 1522609
 0040669 1999216 0033727 0369286 0441932 0564385 1524062 0040223 1632851 1522609 0031227 0205432 0243127 0443331 1999216
 0162518 0009458 0439536 1705217 3244283 1516695 1516698 1446863 0456692 0702093 0849355 1883720 3244314 0440266
 0003242 0432616 0003241 0021027 0162518 0009458 0009647 0439536 1524062 1705217 3244283 0439583
 0332170 0075172 0036681 0038164 1524062
 0075172 0036681 0038164 1883708 1548982 0040223 1632851 0991566 0006353 0242301 1546559
 0681814 1327386 1293130 0085151 3538722 1456454 1333931 1336632 1705504 0007634 3282337 1516695 1516698 0033727 0369286 0441932 0564385 1524063 0006353
 1881488 0007703 2986669 0439267 0456692 0702093 1881488 0017243 1382104 1708715 0005863
 0007634 3282337 0005971 1139930 3537155 0205170 3146287 0005971 1139930 3537155 1442455 0439228
 0007634 3282337 0018909 1333931 1336632 1705504 0205171 0439044 0679994 1412459 0085151 3538722 1456454 0033665 0002716 0011560 0033684 0611285 1709634 1552738 1282910 1552828 1883708 0033727 0369286 0441932 0564385 1439852
 0007634 3282337 1883708 0070066 0231441 0443218 2827483 0702093 0146951 0133689 0242759 0456692 0702093 0028778 0229671 0324145 0332206 1546774 1550100 2983591 0700308 0033727 0369286 0441932 0564385 0332283 0439583 0003242 0003241 0021027 1305854 0442726 1333931 1336632 1705504 0085151 3538722 1456454 0033665 0002716 0011560 0033684 0611285 1709634
 0332173 0439228 0439505 1273517 0003242 0003241 0021027 1445860 1979003 0003242 0003241 0021027 0034493
 1441607 0038128 0205435 0332257 0441648 1279901 3538986 0181496 2827499 0007610
 1704254 1704922 3542466 1883708 1626420 0181839 1706379 1883727
 0449911 0333052 2607870 0557702 1272706 1704674 0557702 1272706 1704674
 0037083 3537152 0085151 3538722 1456454 0332291 0010656 0010813 0085862 0596311 1299583 1330957 1518422 0441889
 2347469 0427861 1947950 0553257 0007634 3282337 1883559 0332307 0445392 1547052 0242767 1186763 0007634 3282337 0024075 0220928 1333931 1336632 1705504 1412459 0085151 3538722 1456454 0033665 0002716 0011560 0033684 0611285 1709634 1444656
 0007634 3282337 0332293 1522326 0033727 0369286 0441932 0564385 0171484 1999216 0312860 1516312 0010656 0022634 0077973 1515981 1999216
 0005507 0243073 1510438 0884358 0033727 0369286 0441932 0564385
 0596508 0007634 0038250 0449475 1947950 1881488 0444667 1269647 1704653 1948049 0560617 1522225 0007600 0007634 0205132 1269647 1704653 1948049 0025250 1366499 0182400 1704681 2347609 3536729 1883708 0001271
 0073187 0007634 3282337 0299212 1418985 0872078 1881488 1516695 1516698 0033727 0369286 0441932 0564385 1705493 0205173 3539942 0025250 1366499 0872078 1335533 0033621 1168438 1418943 1707271 3540567 0205088 0332255 0486805 1705314 1705315
 0007634 3282337 0205171 0439044 0679994 1333931 1336632 1705504 1412459
 0033727 0369286 0441932 0564385 0007634 3282337 1512335 1705493 0025250 1366499 0001271 0185117
 0185117 0274281 0332157 0521093 0750484 0332582 1511726 3245479 1518422 1547282
 0520510 0557061 2584313 1514811 1706462 0010813 0596311 1330957 0030685 0391871 0439180 0680255 1283071 1963578 0175996 0178719 1880389 1883221 3541951 0007610 1515877 1879547 1332838 0017337
 1883351 0085151 3538722 1456454 0033665 0002716 0011560 0033684 0611285 1709634 0007610 1710082 0441712 1706376 0596508 0038250 1947950 0007634 0013935 0242767 1186763 3282337 0011155 1636779 0528480 1418986 0872078 0007634 3282337
 0007634 3282337 0597304 0010813 0596311 1330957 1518422 1327616
 1883351 0376649 1442065 0815043 1527118 0031843 0542341 0700205 1705273 1273517 2827421 1547282 1883351 1515877 1879547 0335038 1522485 1705915 1709908 0085151 3538722 1456454 0033665 0002716 0011560 0033684 0611285 1709634
 0449913 1553451 1704459 0085732 0085151 3538722 0033665 1456454 0002716 0011560 0033684 0611285 1416832 1707455 1709634 0005507 0243073 1510438 1518422 1511662 1148673 0012854 0243122 0332466 1145667 1167622 1293131 1880389 1883221 2004457 3541951 0085151 3538722 1456454 0033665 0002716 0011560 0033684 0611285 1709634
 0684224 0700287 3496591 0040624 1709305 0205171 1412459 1720467 0085151 3538722 1456454 0033665 0002716 0011560 0033684 0611285 1709634 0450344 1553633
 0037083 3537152 0085151 3538722 1456454 0392756 0007634 3282337 0080103 0205345 1547039 0299212 1418985 0185117 0872078 0450344 1553633
 1999216 0392756 1335962 0037083 3537152 0441889 0456079 1547707 2946261 0007634 3282337 1511726 3245479 1518422 1547282
 0007634 3282337 0332325 2827757 0332290 0007634 3282337
 0085151 3538722 1456454 0033665 0002716 0011560 0033684 0611285 1709634 0333118 0085732 1515877 1879547 1333931 1336632 1705504 1705535 0597304 0010813 0596311 1330957 1518422 1333931 1336632 1514873 1705504 1879547
 1979874 0205197 0299212 1418985 0528480 1418986 0007634 0311403 0560617 0872078 1522225 3282337 0450345
 1274040 1546471 2825142 0205448 0521093 0750484 1441547 3245521 1883559 0332307 0445392 1547052 0007600 0007634 0205132 1269647 1704653 1948049 0037083 3537152 1518422 0871161 1882134 2347695
 1274040 1546471 2825142 1705535 0085151 3538722 1456454 0033665 0002716 0011560 0033684 0611285 1709634 0441712 1706376 1710082 0441712 1514570 1709694
 0449911 0333052 2607870 0557702 1272706 1704674 0557702 1272706 1704674
 0031715 1158886 0085151 3538722 0033665 1456454 0002716 0011560 0033684 0040624 0611285 0851827 1514873 1701901 1709634 3244310 1293130
 2347469 0005507 0243073 1510438 0013935 0022646 0086418 0227665 0884358 1278978 1514845 0596508 0449475 0038250 1947950 0007634 0013935 0242767 1186763 3282337 1333931 1336632 1416832 1705504 1333931 1336632 1705504 1412459 0085151 3538722 1456454 0033665 0002716 0011560 0033684 0611285 1709634
 0007634 3282337 0919418 1152568 1511576 0243045 0292198 0332293 1171350 3537023 3537035 0031727 0072108 0079183 0536217 0851827 1150565 1522326 1701901 1999216 3244310 0033727 0369286 0441932 0564385 1444656
 0024075 0024075
 1547282 0031715 1158886
 0427861 1947950 0553257 0007634 3282337 1883559 0332307 0445392 1333931 1336632 1547052 1705504 1333931 1336632 1705504 0205171 0439044 0679994 1412459 0085151 3538722 1456454 0033665 0002716 0011560 0033684 0611285 1709634
 0007634 3282337 0033727 0040669 0369286 0441932 0564385 0687676 1704687 1512335 1265611 0332197 1439852 1689985 0392148 1705493 0003242 0003241 0021027 0441962 1333931 1336632 1705504
 0073187 1327386 1293130 0031715 1158886 0243045
 0242767 1186763 0427861 1947950 0553257 0007634 3282337 1883559 0332307 0445392 1333931 1336632 1547052 1705504 1333931 1336632 1705504 1412459 0085151 3538722 1456454 0033665 0002716 0011560 0033684 0611285 1709634 0332293 0536217 1522326
 1883708 0521093 0750484 0007634 3282337 0231175 1883351 0441889 0972395 2611803 3156099 3537205
 0182400 1704681 2347609 3536729 1881488 0007634 3282337 0032136 1547699 2700640 0085151 3538722 1456454 0033665 0002716 0011560 0033684 0611285 1709634 0972395 2611803 3156099 3537205
 0020985 0002778 0936012 1524024 0085151 3538722 0033621 0033665 1168438 1418943 3540567 1456454 0002716 0011560 0033684 0442818 0611285 1709634 1547282 0230715 0175723 0439645 1521913 0349966 0972395 1337208 2611803 3156099 3537205
 0007634 3282337 1518422 1547282 0175723 0439645 1521913 0175723 0439645 1521913 0299212 1418985 0528480 1418986 0007634 0560617 0872078 1522225 3282337 0700364 0032136 0972395 2611803 3156099 3537205
 0085151 3538722 1456454 0033665 0002716 0011560 0033684 0611285 1709634 0085732 1299581 1515877 1879547 1333931 1336632 1705504 1518422 0079411 3146294
 1883708 0521093 0750484 0872078 0037083 1235660 1514873 3537152 0037083 3537152 0085151 3538722 1456454 1518422 0872078
 2700640 0333118 1519623 1167322 1880389 1883221 2752508 3541951 0335038 1522485 1705915 1709908
 0085732 1299581 0013126 0040624 0449475 0007634 3282337 0085732 0332197 2699517 0450345 0332290
 0185117 0007634 3282337 0085732 1515877 1879547 0335038 1522485 1705915 1709908 0450345
 1547282 0332268 0007634 3282337 0678226 0010813 0171484 0332268 0596311 0851827 0872078 1330957 1701901 3146286 3244310
 1517331 1552961 2347617 0441889 0456079 1547707 2946261 0175996 0178719 0185117 1235660 1301820 1749467 1880389 1883221 1948047 3541951 1883559 0332307 0445392 1547052 0007634 3282337 0450345 0007600 0007634 0205132 1269647 1704653 1948049 0086035
 1274040 1546471 2825142 1705535 0007634 3282337 0206243 0699809 0439787 0849355 0037083 3537152 0205177 0439167 0441655 1561536 0007634 3282337 0183683 1521721 0599177 1879547
 0085151 3538722 1456454 0033665 0002716 0011560 0033684 0611285 1709634 0441712 1523987 1706376 1710082
 0085862 0332291 0521093 0750484 1456348 1513371 1705738 2347637 2348146 0884358 0005507 0243073 1510438 0007634 3282337
 1517001 1441672 0040624 0085151 3538722 1456454 0033665 0002716 0011560 0033684 0611285 1709634 0349966 1337208 2347469
 0039798 0087111 1522326 1533734 1705169 3538994 0040223 1632851 1522609 1518422 0001721 1335962 0037083 3537152 0007634 3282337 0349966 1337208 2347469
 0086045 1446561 0205216 0392756 0442797 0033268 0441994 1548802 2003888 0441833 1999270 3537156
 0085862 0332291 1517331 0521093 0750484 1524063 1999216 0013935 0022646 0086418 0227665 1278978 1514845 0007634 3282337 1511726 3245479 1518422 1547282
 1274040 1546471 2825142 0521093 0750484 1456348 1335962 0037083 3537152 0010813 0171484 0596311 1330957 1709305 2745955
 0449911 0333052 2607870 0557702 1272706 1704674 0557702 1272706 1704674
 0085151 3538722 1456454 0033665 0002716 0011560 0033684 0611285 1709634 1333931 1336632 1705504 0021135 1533691 2827718 1515655
 0427861 1947950 0553257 0007634 3282337 1883559 0332307 0445392 1333931 1336632 1547052 1705504 0205171 0439044 0679994 1412459 0085151 3538722 1456454 0033665 0002716 0011560 0033684 0611285 1709634
 0033727 0369286 0441932 0564385 0007634 3282337 1656251 0016640 0524811 3161031 0681850 1550501 1706203 2349001 2697811 0010834 0521449 1264633
 1264633 1705493 1333931 1336632 1705504 1547282 2949735 0085151 3538722 1456454 0033665 0002716 0011560 0033684 0611285 1709634
 0005863 0521093 0750484 0332268
 2347469 1274040 1546471 2825142 0205227 1333931 1336632 1441672 1705504 0427861 1947950 0553257 0007634 3282337 0085151 3538722 1456454 0033665 0002716 0011560 0033684 0611285 1709634
 0007776 1176472 2700441 0019564 0949582 1029104 1284077 0085151 3538722 0033665 1456454 0002716 0011560 0033684 0205409 0611285 1548221 1709634 0003069 0243148 1550141 1882979 2587213 3274648 1520150 1883559 0025914 0025929 0026809 0332307 0445392 1547052 0439231 0332239 0439234 0231337 1999167 0580836
 0001613 0007776 0022655 0370003 2347026 1883708 1979893 0005863 0884358 1333931 1336632 1705504
 1517331 1883351 0035820 1705810 0086982 0037080 0037083 1160185 1704259 1705987 1710082 0559956 1299987 0085151 3538722 0033665 1335962 1456454 0002716 0011560 0033684 0611285 1709634 2827421 0427861 1947950 0553257 0007634 3282337
 0085732 0441833 1999270 3537156 0175996 0178719 1880389 1883221 3541951 0450345
 1441672 1280500 2348382 0205216 0392756 0442797 0037083 3537152 0085151 3538722 1456454 0085151 3538722 0033665 1456454 0002716 0011560 0033684 0611285 1709634 0441833 1999270 3537156
 0020985 0002778 0936012 1524024 1547282 0428479 3244092 0205163 0439185 0441889 0441994 1548802 2003888 0441833 1999270 3537156
 1274040 1546471 2825142 0085151 3538722 0033665 1335962 1456454 0002716 0011560 0033684 0037083 0611285 1301820 1709634 3537152 0005507 0243073 1510438 0242767 1186763 0007634 3282337 1511726 3245479 1518422 1547282
 1274040 1546471 2825142 1705535 0972395 2611803 3156099 3537205 1518422 1515877 1879547 0040649 1512032 0038164 0033684 0079613 0205160 1513916 1527180 2825415 2825491 0037083 0086982
 1705535 0085151 3538722 1456454 0033665 0002716 0011560 0033684 0611285 1709634 0085732 1299581 0206243 0699809 0037083 1160185 1710082 0010656 0205145 1515974 2825164 1511625 1880389 1883221 3541951 0450355
 1883351 0376649 1442065 0332149 1705910 2362652 1273517 0022634 0005507 0243073 1510438 0427861 1947950 0553257 0007634 3282337
 3463820 1150130 0205177 0439167 0441655 1561536 0231175 1883351 0001721 0085732 1515877 1879547 1333931 1336632 1705504
 1301751 1280500 2348382 0171484 1516312 0243077 1524062 1883357
 1274040 1546471 2825142 1883559 0013935 0242767 0332307 0445392 1186763 1441672 1547052 0007634 3282337 0450365 1706097
 0085151 3538722 1456454 0033665 0002716 0011560 0033684 0611285 1709634 0333118 0085732 1515877 1879547 0037083 3537152 0171484 0010656
 0557651 2603343 0205396 1550043 1551388 0025250 1366499 0972395 2611803 3156099 3537205
 1516084 1883351 0521093 0750484 1456348 1274040 1546471 2825142 1524063 0242767 1186763 0007600 0007634 0205132 1269647 1704653 1948049
 1441672 2827666 1518422 0017431 0872078 0450366 0205419 1518422 0185117 0439849 0445223 0872078
 1516084 1883351 0205250 0456947 0456948 0441889 1514559 0299212 1418985 0872078
 1518422 0392747 0443172 0185117 0033727 0369286 0441932 0564385 0040669 0349966 1337208 0073187
 0521093 0750484 0299212 1418985 0872078 0005863 0349966 1337208 0073187
 0521093 0750484 0299212 1418985 0872078 0205245 0542341 2700217 0171484 0699919 0085151 3538722 0033665 0597304 1456454 0002716 0010813 0011560 0033684 0332197 0596311 0611285 1330957 1441672 1689985 1709634 0450363 2986797
 1274040 1546471 2825142 0427861 0553257 1947950 0007634 0013935 0022646 0086418 0227665 1278978 1441672 1514845 3282337 1511726 3245479 1518422 1547282
 1274040 1546471 2825142 1705535 0025250 1366499 1518422 1521840 2986546
 0220781 0439634 1522492 1412459 1547282 0085151 3538722 1456454 0033665 0002716 0011560 0033684 0611285 1709634 1707271 0205088 0332255 0486805 1705314 1705315 0972395 2611803 3156099 3537205 0086597 0037083 3537152 1292732 1333931 1336632 1705504 0348078 0376315 1522492 1180347 1523872 0439855 1704241
 1333931 1336632 1705504 0301871 0085151 3538722 1456454 0033665 0002716 0011560 0033684 0611285 1709634 1705052 2986796
 0392148 1705535 1333931 1336632 1705504 0348078 0376315 1522492 1180347 1523872 0439855 1704241 1185625 2986730 0007610 1705535
 0274281 0728853 0205166 1299582 0442726 0919677 0428479 0441889 0814896 0972395 2611803 3156099 3537205 1705535 1333931 1336632 1705504 0348078 0376315 1522492 1180347 1523872 0439855 1704241
 1333931 1336632 1705504 0085151 3538722 1456454 0033665 0002716 0011560 0033684 0611285 1709634 0205217 0442805 0220781 0439634 1522492 0085151 3538722 1456454 0033665 0002716 0011560 0033684 0611285 1709634 1705052 2986796
 1274040 1546471 2825142 1705535 1333931 1336632 1705504 0348078 0376315 1522492 1180347 1523872 0439855 1704241 0025255 0596901 1706182 0183683 1521721 1512571 0085151 3538722 1456454 0033665 0002716 0011560 0033684 0611285 1709634 0441712 1706376 1710082 2949735 1518440 0040715 2987521
 0449911 0333052 2607870 0557702 1272706 1704674 0557702 1272706 1704674
 1333931 1336632 1705504
 0007634 3282337 1333931 1336632 1705504 0205171 0439044 0679994 1412459 0085151 3538722 1456454 0033665 0002716 0011560 0033684 0611285 1709634 0016327 0439133 1553038 1883708 0231441 0443218 2827483 0033727 0040669 0369286 0441932 0564385 0687676 1704687
 1333931 1336632 1705504 0003241 0021027 0234621 0037293 0181496 1710492 0003241 0021027 0332575 1260956 0085151 3538722 1456454 0033665 0002716 0011560 0033684 0611285 1709634 0003241 0021027 0234621 1305854 0003241 0021027 0332583
 0007610 0013343 1708632
 0035820 1705810 0243045 0031727 0072108 0079183 0851827 1150565 1701901 3244310 0031715 1158886 0085151 3538722 1456454 0033665 0002716 0011560 0033684 0611285 1709634 1515877 1879547 1333931 1336632 1705504 1518422 0597304 0010813 0596311 1330957 0750591 0037083 3537152 0085151 3538722 1456454 1879547
 0205145 0332185 0205396 1333931 1336632 1550043 1551388 1705504 0036720 0439083 0439087
 1883351 2347795 0035820 1705810 0037083 3537152 0085151 3538722 0699952 1511662 1148673 0012854 0243122 1145667 1167622 1880389 1883221 3541951 0036720 0439083 0439087 0001898
 1883708 1516048 0205177 0439167 0441655 1561536 0024075 0335038 1522485 1705915 1709908 0005507 0243073 1510438 0427861 1947950 0553257 0007634 3282337
 0596988 1518422 1412459 1879547 0085151 3538722 1456454 0033665 0002716 0011560 0033684 0611285 1709634 0040624 1883559 0332307 0445392 1333931 1336632 1441672 1547052 1705504 0450373 1553636
 1517331 1883351 0521093 0750484 1456348 1514873 0037083 1160185 1710082 0085151 3538722 0392366 0536217 0919418 1152568 1511576 0292198 0243045
 0021467 0021469 1628982 3463820 0205216 0392756 0442797 0085732 1515877 1879547 1333931 1336632 1705504 0450373 1553636
 1274040 1546471 2825142 0596508 0038250 1947950 0007634 0013935 0242767 1186763 1441672 3282337 0450375
 0031715 1158886 0036720 0439083 0439087 0243045 1150557 0037083 0040649 1880177 3537152
 0596988 0085732 1299581 0301871 0085151 3538722 1456454 0033665 0002716 0011560 0033684 0611285 1709634 1883559 0332307 0445392 1333931 1336632 1547052 1705504 1412459 1705052 2986796
 1515877 1879547 0596988 0750558 1710571 0678226 1280500 2348382 2987476 3146286 0220781 0439634 1522492 0085151 3538722 1456454 0033665 0002716 0011560 0033684 0611285 1709634 1333931 1336632 1705504
 1293130 0085151 3538722 1456454 0033665 0002716 0011560 0033684 0611285 1709634 0085151 3538722 1456454 0033665 0002716 0011560 0033684 0611285 1709634 0031715 1158886
 1883559 0332307 0445392 1547052 2827421 1412459 0085151 3538722 0033665 0018956 0920499 1142652 1456454 0002716 0011560 0033684 0611285 1709634 0450376
 0039798 0087111 1522326 1533734 1705169 3538994 0134983 1412363 0002059 1318717 0021853 0031678 0230445 1149880 1305418 1979842 0175723 0233656 0439064 0598405 1333931 1336632 1705504 1708698 0037179 0087136 0205171 0015663 0456962 0232902 0348078 0376315 1522492 1705535 0348078 0376315 0348078 0376315
 0596988 3152252 0232902 0441994 0577559 0750489 1306372 1521991 1548802 2003888 1883559 0332307 0445392 1333931 1336632 1547052 1705504 1707455 0332290 0205145
 0039798 0087111 1522326 1533734 1705169 3538994 0175723 0233656 0596988 0598405 1333931 1336632 1705504 1708698 0037179 0087136 0205171 0015663 0456962 0232902 0348078 0376315 1522492 1883559 0332307 0445392 1333931 1336632 1547052 1705504 1519063 0031715 0205145 1158886 1524062 0205396 1550043 1551388
 1412459 0085151 3538722 1456454 0033665 0002716 0011560 0033684 0611285 1709634 1708698 0441889 1333931 1336632 1705504 1883559 0450376
 0002778 0936012 1524024 1547282 0442805 0080103 0205345 1547039
 1412459 0085151 3538722 1456454 0033665 0002716 0011560 0033684 0611285 1709634 1518422 0001721 0596988 1705535 0079613 1883351 0442805 1519063 0031715 1158886
 1412459 0031715 0237881 0750502 1158886 1333931 1336632 1546944 1705504 1708698 0205145 0596508 0038250 1947950 0007634 0013935 0242767 1186763 3282337 0450377 2986754
 1883351 0521093 0750484 1456348 0441471 0086597 0127400 0243045 1150557 0392366 0536217 0919418 1152568 1511576 0292198 0243045
 0442805 0086597 0127400 1412459 0085151 3538722 1456454 0033665 0002716 0011560 0033684 0611285 1709634 0205197 0919418 1152568 1511576 0243045 0292198 1171350 3537023 3537035 0028778 0031727 0072108 0079183 0332206 0536217 0851827 1150565 1701901 1999216 2983591 3244310 0450377 2986754
 1274040 1546471 2825142 0085151 3538722 1456454 0033665 0002716 0011560 0033684 0611285 1709634 1412459 0031715 1158886 1879547 0037083 3537152
 0449911 0333052 2607870 0557702 1272706 1704674 0557702 1272706 1704674
 0007610 0010834 0037083 3537152 0085151 3538722 1456454
 0020792 0205396 1333931 1336632 1705504 0025914 0025929 0026809 0034693 0034721 1335144
 0009802 0887840 0004793 0162326 0162327 0521447 0699789 1519249 1444656
 2347469 0427861 1947950 0553257 0007634 3282337 0024075 0220928 1333931 1336632 1705504 1412459 0085151 3538722 1456454 0033665 0002716 0011560 0033684 0611285 1709634
 0007634 3282337 0064771 0332293 0887840 0521447 0699789 1522326 1999216 0312860 0005507 0243073 1510438 0884358 0040669
 1333931 1336632 1705504 1621523 0597704 1159772 0475264 1744691 1656251 0016640 0524811 3161031 0427861 1947950 0553257 0007634 3282337 1333931 1336632 1705504
 0449719 0150312 0449450 1412459 0085151 3538722 1456454 0033665 0002716 0011560 0033684 0611285 1709634 1553637 1517001 0205156 0947630 1527178 1552607 1705938
 0185117 1412459 0085151 3538722 1456454 0033665 0002716 0011560 0033684 0611285 1709634 0332620 1264633 1554103 1553637
 0125260 1416878 0507114 1416271 1179956 0150312 0449450 1705535 1333931 1336632 1705504 0678226 0259846 0521447 1518422 1881659 2349974 3146286
 1883708 1333931 1336632 1705504 0025255 0596901 1706182 0085151 3538722 1456454 0033665 0002716 0011560 0033684 0611285 1709634
 1285529 0427861 1947950 0553257 0007634 3282337 0427861 1947950 0553257 0007634 3282337
 1333931 1336632 1441672 1705504 1514559 0205227 0205393 0597879 1333931 1336632 1705504 0043194 0258432 0521447 1264633 1421478 1554103 0243148 1550141 1882979 2587213 3274648 0018956 0007634 3282337
 0018956 0007634 3282337 0597879 1518422 0007634 0243148 1441672 1550141 1882979 2587213 3274648 3282337
 0007634 3282337 1547282 0442805 0007634 0243148 1550141 1707455 1882979 2587213 3274648 3282337 1518422 1514559 0085151 3538722 1456454 0033665 0002716 0011560 0033684 0611285 1709634 0442805
 1333931 1336632 1705504 0025255 0596901 1706182 0085151 3538722 1456454 0033665 0002716 0011560 0033684 0611285 1709634
 0332268 1264633 1705535 0597879 0678226 0259846 0521447 1518422 1881659 2349974 3146286
 1883708 0085151 3538722 1456454 0033665 0002716 0011560 0033684 0611285 1709634 1333931 1336632 1705504 1515655 1521713 0006104
 0441889 0025255 0596901 1264633 1706182 1707455 0007776 1176472 2700441 0019564 0949582 1029104 1284077 0025936 0003069 0025914 0025929 0026809 0439231 0580836 0439234 0580836 1550025 1704782 1708715 0333463 2936349 0205250 1299351 2700149
 1333931 1336632 1705504 0085151 3538722 0033665 0025252 1456454 0002716 0003069 0011560 0025255 0033684 0596901 0611285 1264633 1706182 1709634 0370003 0700364 1883559 1707504 1879930 2347029 0001779 0150103 0243148 0332307 0445392 1547052 1550141 1707455 1708943 1882979 2587213 3274648 0370003 2347026
 1333931 1336632 1705504 1883559 1520150 1264633 0025255 0025914 0025929 0026809 0332307 0442726 0445392 0596901 1511790 1547052 1706182 0019564 0949582 1029104 1284077 1705535 0443301 0205463 1709305 2745955 0012634 0348080 1705253
 1882508 0028589 0125260 0521093 0949374 1416878 1179956 0033684 0064635 0332197 0507114 0521447 0750484 1416271 1689985
 1274040 1546471 2825142 1705535 0085151 3538722 1456454 0033665 0002716 0011560 0033684 0611285 1709634 1333931 1336632 1705504 0332290 0348078 0376315 1522492 0085151 3538722 1456454 0033665 0002716 0011560 0033684 0611285 1709634
 1280500 2348382 0475264 1744691 0079604 0242842 0016318 0026018 0079603 0332128
 0815000 0007634 3282337 0018909 1333931 1336632 1705504 0205171 0439044 0679994 0349966 1337208 1412459 0085151 3538722 1456454 0033665 0002716 0011560 0033684 0611285 1709634 0016327 0439133 1553038
 1333931 1336632 1705504 0003242 0003241 0018909 0021027 1708632 0085151 3538722 1456454 0033665 0002716 0011560 0033684 0611285 1709634 0003241 0021027 1305854 1708632 0085151 3538722 0033621 0033665 1168438 1418943 1707271 3540567 0162808 1456454 1514562 0002716 0011560 0033684 0205088 0442818 0611285 1705314 1705315 1709634 1880389 1883221 3541951
 0007610 0234621 0487602 1704680 0013343
 1333931 1336632 1705504 0205171 0439044 0679994 0007610 0392752 1547282 0013343
 1412459 0085151 3538722 1456454 0033665 0002716 0011560 0033684 0611285 1709634 0392747 0443172 1705241 1708698 0475264 1744691 1333931 1336632 1705504 1333931 1336632 1705504 0007610 0205101 0700364
 0085151 3538722 0033665 0018956 0025252 1456454 0002716 0011560 0033684 0611285 1709634
 0085151 3538722 1456454 0033665 0002716 0011560 0033684 0611285 1709634 0007610 1554077 2828389 1517001
 0427850 0392148 1518422 1708632 1444656 0037791 1511884 1167624 1947902 2827499 0085151 3538722 1456454
 1274040 1546471 2825142 0332290 0025255 0596901 1706182 0521093 0750484 1456348 1274040 1546471 2825142
 0007610 1274040 1546471 2825142 1705535 0085151 3538722 1456454 0033665 0002716 0011560 0033684 0611285 1709634 1333931 1336632 1705504 1515877 1879547 0031715 1158886 0220781 0439634 1522492
 1292732 1333931 1336632 1705504 0332256 2700400 0475264 1744691 0699789 0004793 0162326 0162327 1519249 0086597 0010834
 0162326 0475264 0521447 1744691
 0439659 0439659
 0162326 0238767 0475264 0521447 1706086 1744691 0205197 0025914 0025929 0026809 0034693 0034721 1336632 1142652 0033684
 0205396 1550043 1551388 0887840 0004793 0162326 0162327 0521447 0699789 1519249 0439658 0439858 0016327 0439133 1553038 1514562 0205197 0025914 0025929 0026809 0034693 0034721 1336632 1142652 0033684
 0005529 0005528 0205177 1317949 3495449 0007610 1333931 1336632 1514873 1704675 1705504 0085151 3538722 1456454 0033665 0002716 0011560 0033684 0611285 1709634 1883708 0332283 1518440 0040715 0521447 2987521 0162493 1879547
 1883351 0887840 0699789 1333931 1336632 1514873 1705504 1879547 1273517 0064771 0005507 0243073 1510438
 0039798 0087111 1522326 1533734 1705169 3538994 1260953 0085732 1515877 1879547 1333931 1336632 1705504
 0887840 0699789 1521761 2827422 0085151 3538722 0033665 1456454 0002716 0011560 0033684 0611285 1514873 1709634 0085732 1299581 1515877 1879547 0040649
 1274040 1546471 2825142 0183683 1521721 3161035 0010834 0007610 1171285 0599177 1879547 1412459
 0449911 0333052 2607870 0557702 1272706 1704674 0557702 1272706 1704674
 3161035
 0085151 3538722 1456454 0033665 0002716 0011560 0033684 0611285 1709634 1333931 1336632 1705504 1412459 1135629
 0031715 1158886 1293130 0243045 1150557 0332294 0678226 1333931 1336632 1705504 1879547
 0332283 0086168 0439855 1704241 1518440 0040715 2987521 1412459 0162493 1332838 0017255 0017337 0040649 0332152 1333931 1336632 1521840 1522538 1705504 1879547 2986546
 1419054 1425029 1518827 1518827 1880389 1883221 3541951 1323325
 0520510 0557061 2584313 1514811 1706462 0681814 0085151 3538722 1456454 0033665 0002716 0011560 0033684 0611285 1709634 1515877 1879547 0040649 0086597 0127400 0010813 0596311 1330957
 1979874 0010813 0596311 1330957 1514873 1883351 1515877 1879547 0040649
 1274040 1546471 2825142 0596508 0038250 1947950 0007634 0013935 0242767 1186763 1301820 3282337 0206745 0025914 0025929 0026809 0332268 0205177 0439167 0441655 1561536
 1547282 0007600 0007634 0205132 1269647 1704653 1948049 0085151 3538722 1456454 0033665 0002716 0011560 0033684 0611285 1709634 0333118 0085732 1515877 1879547 1333931 1336632 1705504 0086045 0309872 0033268 0079411 3146294
 2607943 2926606 3539655 1705535 3161035 0085151 3538722 1456454 0033665 0002716 0011560 0033684 0611285 1709634 1333931 1336632 1705504 0205263 0031715 1158886 0220781 0439634 1522492 2265359 0037083 0332152 1160185 1522538 1710082 1879547 0349966 1337208
 0441471 0700364 1883351 0206243 0699809 0243045 0079184 0031727 0072108 0079183 0439787 0849355 0851827 1150565 1701901 3244310 0037083 3537152 0028778 0332206 2983591 1513776 0205145 0919418 1152568 1511576 0243045 0292198 1171350 3537023 3537035 0031727 0072108 0079183 0536217 0851827 1150565 1701901 1999216 3244310
 1547011 1879746 0035820 1705810 0085732 0025252 0033684 0031727 0249586 1332735 0205177
 3161035 0037083 3537152 1155452 0037083 0086982 0085151 3538722 1456454 0033665 0002716 0011560 0033684 0611285 1709634 1333198 0599177 0010834 0033684 0521449 1710082 1879547 0033666 0687676 1519614 1704687 0392747 1554963 1999230 0175996 0178719 1880389 1883221 3541951 1515877 1879547 0040649
 1705241 1705242 1511545 0441833 0687744 1257890 1552516 1705428 1705429 0150312 0332255 1708096 1299582 1515877 1879547 0040649 0205177 0439167 0441655 1561536 0175996 0178719 1880389 1883221 3541951
 1274040 1546471 2825142 0972395 2611803 3156099 3537205 1512032 0038164 0033684 0079613 0205160 1513916 1527180 2825415 2825491 0018790 0237477 0392351 0521111 0037083 3537152 0085151 3538722
 0010813 0596311 1330957 0700364 1883351 0037083 3537152 0030685 0391871 0439180 0439855 0680255 1283071 1333931 1336632 1412459 1704241 1705504 1963578 0025255 0596901 1706182
 0441712 1706376 1333931 1336632 1705504 0025255 0596901 1706182 1158886 0031715 0040005 1547282 1883351 0392756 0547047 1704675 0085151 3538722 1456454 0033665 0002716 0011560 0033684 0611285 1709634
 0249586 1332735 1547282 1883351 0085151 3538722 0033665 1456454 0002716 0011560 0033684 0611285 1709634 0249586 1332735 0032214 0600138 0035820 1705810 1283071 0439855 1704241
 1705241 1705242 0033666 1709694 0085151 3538722 1456454 0085151 3538722 1456454 0033665 0002716 0011560 0033684 0611285 1709634 0010813 0596311 1330957 1235660 0332282 1517880 0023688 0243122 1145667 1167622
 0332218 0162340 0037083 3537152 0085151 3538722 0851285 1709305 2745955
 2607943 2926606 3539655 0441712 1706376 1150557 0205177 0439167 0441655 1561536 0243045
 0205177 0439167 0441655 1561536 0002395 1521724 0012634 0439509
 3539715 0025255 0332281 0596901 1706182 1705535 0249586 1332735 1333931 1336632 1705504 0025255 0596901 1706182 0085151 3538722 1456454 0033665 0002716 0011560 0033684 0611285 1709634
 0237753 0449788 0684224 0700287 3496591 0332185
 0205447 1521840 2986546 0025250 1366499 0684224 0700287 3496591 1883351 0205342 0007634 3282337
 1518422 0851285 1327622 0299212 1418985 0872078
 1441672 0205419 1512140 0007600 0205132 1518422 0017431 0872078
 1516084 1883351 1711411 0205448 1332838 0017337 0286983 0812444 1705784 0024708 0968147 1420307 0038838 0065646 0024706 0030015 2348271 2986642
 0018563 2827421 0332256 2700400 0314621 0086860 0237284 0205342 1412459 0085151 3538722 1456454 0033665 0002716 0011560 0033684 0611285 1709634 0453882
 0557651 2603343 1705535 0162768 0332466 1293131 0972395 2611803 3156099 3537205 0442805 0017262 0185117 0332257 0085151 3538722 1456454 0033665 0002716 0011560 0033684 0611285 1709634 1412727 1333931 1336632 1705504 0244989 0206354 0017932 0017911 0031727 0132555 0286983 0812444 1705784
 1299582 0521093 0750484 1456348 1274040 1546471 2825142 0558058 1537044 0205177 0439167 0441655 1561536
 0282416 1561607 1518422 0085732 1299581 0521093 0750484 1456348 1332838 0017337 0972395 1441414 1521840 1552551 1553874 1578820 2611803 2986546 3156099 3272371 3537205 0004448 0040223 3541383
 0043227 0027552 0686904 1883351 1883351 0037083 0086982 0020792 0205396 0085151 3538722 0033665 1456454 0002716 0011560 0033684 0392760 0611285 1314939 1709634
 1272688 1280477 0205108 0205234 1285542 0972395 2611803 3156099 3537205 0348078 0376315 1522492
 2347946 0002395 1521724 0012634
 1547282 0026882 0392756 0547047 0037083 3537152
 0025914 0025929 0026809 0015272 0031437 1285572
 0557651 2603343 1547282 0026882 0018790 0237477 0392351 0521111 0085151 3538722 0033665 0118563 0019353 0162768 1335962 1456454 0002716 0011560 0033684 0037083 0332466 0611285 0733688 1293131 1416832 1709634 3537152
 1515926 0032214 0600138 0035820 1705810
 0282416 1561607 1511726 3245479 1999230 0332120 0441712 1706376 1518422 0010813 0596311 1330957 2949735 0025255 0596901 1706182 0031715 1158886 0220781 0439634 1522492
 0441712 1706376 0683607 0037083 3537152 1883351 0439064 0851285 0205177 0439167 0441655 1561536 0243045 1150557 0007610 0010834 0171484 0205177 0439167 0441655 1561536 2362652 0443264 1879547 1518422 1514873
 2825232 0043227 0027468 0018173 0018684 0021622 1521721 3245503 2347469 0015770 0033727 0369286 0441932 0564385 0694746
 0010186 0220812 0449719 1709471 0220808 0680264 0007961
 1706852 0522501 1706089 0949214
 0205155 1293097 1522472 1552923 1705191
 0282413 2827734 2981698 0376649 1442065 0027855 0020017 0019994 1510665 0108844 0006037
 0254343 0796520 3272379

 0085205 1549619 1880669
 0013849 1705961 0024492 1538057 1547565 1332417
 0059804 0000723 1273517 0085151 3538722 1456454 0033665 0002716 0011560 0033684 0611285 1709634 0085151 3538722 1456454 0033665 0002716 0011560 0033684 0611285 1709634
 1412727 0085151 0078939 1750295 2362547 3538722 1456454 2825879 0033665 0002716 0011560 0014442 0033684 0205145 0330390 0439096 0611285 1515974 1709634 2004068 2825164
 0085151 3538722 1456454 0033665 0002716 0011560 0033684 0611285 1709634 0332256 2700400 0026882 1705285
 0085151 3538722 1456454 0033665 0002716 0011560 0033684 0611285 1709634
 0972395 2611803 3156099 3537205 0162808 1514562 0175996 0178719 1880389 1883221 3541951 0085151 3538722
 0002716 0011560 0030956 0611285
 0013935 0022646 0086418 0227665 1278978 1514845 0013935 0022646 0086418 0227665 1278978 1514845
 0018909 0018909
 0175996 0178719 1880389 1883221 3541951 0175996 0178719 1880389 1883221 3541951
 0242767 1186763 0242767 1186763
 0560617 1522225 0528480 1418986 0560617 1522225 0528480 1418986
 0299212 1418985 0872078 0299212 1418985 0872078
 0243045 0031727 0072108 0079183 0851827 1150565 1701901 3244310 0243045 0031727 0072108 0079183 0851827 1150565 1701901 3244310
 0077068 0369718 0441922 0700307 1553036 0556985 2247301 3540495 0017890 0522461
 1301746 0332256 2700400 0006353
 2986676 0032136 0242842 0018896 0026018 1552861 0024171 0024176 2697939
 1514811 1706462 0520510 0557061 2584313 1514811 1706462 0033727 0369286 0441932 0564385
 0439267
 0444649
 0597277 1708601
 0033727 0369286 0441932 0564385 0439267 0597277 1708601 0442532 2347469
 0349590 1262865 0025141 2603362
 0016327 0439133 1553038

 1315013

 0205090 0684010 2603358

 2347961

 0025141 0872005 0369773 2603361 2945617 2347469

 1418943

 0268596 2700624
 3642273

 2603362

 2347469 0369773 2603361 0369773 2603361 0597277 1708601

 0033727 0369286 0441932 0564385 0369637 0441923
 0086894 0851346 2314876
 0205090 0684010 2603358
 0349590 1262865 0025141 0369773 2603361 0872005 2347469


 0740116 2827735 2981700 0025141 0439394 1706495 3642217 0439394 1706495 3642217 2347469


 0740116 2827735 2981700 0025141 0205090 0684010 2603358
 0439394 1706495 3642217
 0007634 1269647 1704653 1948049 0025141 2603362
 3272372
 0369773 2603361
 0033727 0369286 0441932 0564385

 2347961

 0439086 2827736 2981702 0025141 2347469

 0027882 0025141 1553033 1431628
 0597277 1708601 1875453 2347469



 0025141 0597277 1708601
 1332417 2347469
 0033727 0369286 0441932 0564385


 2347379
 0439083 0439087 0025141 0999213 2347469



 0025141
 0016327 0439133 1553038 0331964
 0439394 1706495 3642217
 2603362
 0349590 1262865 0025141

 0999213 0033727 0369286 0441932 0564385
 0016327 0439133 1553038 0439394 1706495 3642217 0369773 2603361


 2347379
 0450355 0025141 0439394 1706495 3642217
 0033727 0369286 0441932 0564385

 2603360


 0000857 0600678 1552863
 0402830 1553033
 0033727 0369286 0441932 0564385



 0000857 0600678 1552863 2603360

 0036397
 0439114 2347469

 0027882 0025141 0205090 0684010 2603358


 0025141 0016327 0439133 1553038 0369718 0441922 1553036 0439267 2603360


 0201682
 0369718 0441922 1553036 2603360 0369773 2603361

 3642273

 2603360 2986502
 2347469 2603362




 0201682

 0554249
 0439114 2347469
 2603360


 0025141
 0439114 2347469
 2603360


 0201682
 0439394 1706495 3642217 0369637 0441923
 0335326 1306756

 0369718 0441922 1553036


 0201682
 2603362
 0033727 0369286 0441932 0564385 0597277 1708601
 0035853 0995005

 0033727 0369286 0441932 0564385 0017596 1947936
 0597277 1708601 0369637 0441923
 0439267
 0007634 1269647 1704653 1948049 0450382 0025141 2603360
 0205090 0684010 2603358 0205090 0684010 2603358 0812297 1705148
 0007634 1269647 1704653 1948049 0025141
 0017337
 0025141 2603362
 0439394 1706495 3642217

 0016327 0439133 1553038 0439114 0369773 2603361



 0201682
 0033727 0369286 0441932 0564385


 0369773 2603361 0562547 3160718
 0033727 0369286 0441932 0564385
 0033727 0369286 0441932 0564385 0597277 1708601
 1006780 2603362

 0033727 0369286 0441932 0564385 1416171 1422188
 0033727 0369286 0441932 0564385

 0369718 0441922 1553036 0369773 2603361 0016327 0439133 1553038 0016327 0439133 1553038 2603360


 0201682
 0205090 0684010 2603358 2603360 1553033 0035561 1553033 2347469 0521164 1260969 1705184 0439394 1706495 3642217 3272372
 0369773 2603361 0016327 0439133 1553038
 0027882 0025141 1553033 0439267 1553033 2603362


 0201682
 2603360 0205090 0684010 2603358 0597277 1708601 0597277 1708601 0016327 0439133 1553038
 2603362
 2347379 0028606
 0450355 2603360



 0201682
 0597277 1708601 0597277 1708601
 0021966 0221138 0998924 2603360


 0201682
 0597277 1708601 0597277 1708601 3272348 2603360 0369773 2603361
 1553033 0998924 2603360


 0025141 0439267
 0439394 1706495 3642217 0369773 2603361 0439394 1706495 3642217
 0033727 0369286 0441932 0564385
 0349590 1262865 0025141 0369637 0441923

 2603360 3495095 0205090 0684010 2603358
 0439394 1706495 3642217
 0033727 0369286 0441932 0564385
 0349590 1262865 0025141 1551910 0016327 0439133 1553038 1553033 2603362
 0005477 0025141 0205090 0684010 2603358
 2347469
 0998924 2603360 0205090 0684010 2603358


 3642273
 1553033 2986502 0033727 0369286 0441932 0564385 2347469 1553033 0033727 0369286 0441932 0564385
 1418943

 0268596 2700624
 3642273

 2603362

 0999213 0016327 0439133 1553038
 0033727 0369286 0441932 0564385 0369773 2603361 0181909 0449878 0033727 0369286 0441932 0564385 3272372
 0369773 2603361


 0201682

 0033727 0369286 0441932 0564385 0369637 0441923

 3495095 0033727 0369286 0441932 0564385
 0369637 0441923
 2603360 2347469 2603360 2603360 0443030
 0369637 0441923
 0205090 0684010 2603358
 1418943

 0268596 2700624
 3642273

 2603362


 2603362
 1412430 2347469
 0205090 0684010 2603358
 0439070 1705160
 0205090 0684010 2603358 0597277 1708601
 0027882 0450348 0025141
 0597277 1708601
 0439394 1706495 3642217
 1553033 0369637 0441923


 0025141 0491928 0999347 2347469 0439394 1706495 3642217 1553033 0205090 0684010 2603358
 0369637 0441923
 0439267 0439394 1706495 3642217

 0451119 1444662
 0740116 2827735 2981700 0025141