 0752312 1979930 0033640 0018284 0026249 0031727 0033684 1879547 0037080 0037083 0040649 0040661 0086982 1150611 1704259 1705162 1705987 1710082 3537152 0069535 1149423 1335093 0013879 0086597 0127400 0205342 0369637 0441923 1514873 1705248 1879547 0185117 0034036 0034037 1514756 1704324 0348078 0376315 1515981 1522492 1527075 0001057 3538752 1704729 0005477 0026376 0005532 1521991 0017452 0017454 0041740 0017452 0017454 1704729 0026376 0005532 1521991 0000872 0565990 1552471 0022497 0041740 0205099 0205476 0008848 0022497 3262831 0022497 0027910 1514811 1706462 0000857 0600678 1552863 0004112 0016030 0205171 1518422 1720467 0449416 0623362 0025543 1704640 1706515 0015576 1704727 0015350 0443161 0521119 0699900 1265875 1314939 1704640 1706515
 0936012 0851285 1327622 0145988 1522552 1152589 0243077 0004112 0069535 1149423 1335093 0369637 0441923 1948023 0127400 0558145 1272578 0016030 0086418 0205307 0221928 0439166 1522447 2347086
 0150312 0069535 1149423 1335093 0369637 0441923 0205263 0040649 0127082 1417199 2698023 0162745 0164371 0623362 0919336 0164371 1619831 0004112 0127082 1417199 2698023 0623362 0919336 0165519 1334523 2698028 0623362 0919336 0165519 1334523 2698028 0145947 1522552
 0002778 0936012 1524024 1417199 0127082 2698023 0017255 0919336 0017337 0332152 0623362 1522538 1879547 0443289 0392148 0005456 0085828 0682969 0205145 0243122 1145667 1167622 1515974 2825164 0013879 0040649 0040661 0243122 1145667 1167622 1705162 1705248 1710082 0086597 1879547
 0145947 1522552 0314621 0017337 0086860 0150312 0449450 1705241 1705242 0700364 1883351 1521840 2986546
 1627358 2349975 0079613 0085828 0040661 1705162 1710082 0871261 1704632 1706817 2911692 0069535 1149423 1335093 0369637 0441923 1425569 1706586 0851827 1701901 3244310
 0010357 2986468 0037817 0234856 0600118 2828360 0037080 0040649 0040661 1150611 1704259 1705162 1705987 1710082 1514873 1883351 0205263 0857127 0013126 0040649
 0004112 0016030 3641150 0439962 2827734 2981698 0031227 0243127 0443331 1292711 0449719 1709471 0243107 0678723 1527148 1622501 0600210 1533574 1881827 0302600 1519670 1269955 2699153 0740116 2827735 2981700 0524851 0012634 0439086 2827736 2981702
 1158770 0851285 1327622 0623362 0025543 1704640 1706515 2827734 2981698 1441672 1184743 1522240 0439084 0728893 0521119 1515981 1879547 0243102 0205177 0439167 0441655 1561536 0332298 0205369 1552740 2587213 0439084 0728893
 0185117 0079189 0443264 1524094 0018284 0018270 0220844 1621966 2911660 1521761 2827422 0282443 1425988 1709940 0205263 0871261 0332257 0752312 0024779 0031727 1706473 0040649 0040661 1150611 1705162 1710082 1704259 1705987
 0752312 0024779 0031727 1706473 1522196 0007610 1515877 1879547 0040648 0040649 1521761 2827422 1709915 1882936
 0017296 0314603 0205474 0947630 0443289 0205549 2348044 0332257 1947931 0623362 1158770 0025543 0040649 0851285 1314939 1327622 1704640 1706515 0033684 1704222 0017337 1514468 0162508 0029016 0040648 0040649 1521761 2827422 0086282
 0427184 0700114 0041904 0162493 0547043 0851285 1282911 1327622 0812325 0017337 0205170 0521447 3146287 0029016 0040648 0040649 0205195 0441472 0085828 0441729 0812201 0205199 0205435 0332307 1279901 1547052 1547335 1514562 3242339 0013879 0034678 0205342 0205396 1550043 1551388 0086860 0332257 0127082 1417199 2698023 0623362 0919336 0145947 1522552
 0069535 1149423 1335093 0369637 0441923 0069535 1149423 1335093 0369637 0441923 0079189 0001721 0018270 0220844 1621966 2911660 0007589 1511938 2945687 0026473 1879547 0039194 0024264
 0332185 0069535 1149423 1335093 0369637 0441923 1883351 0206256 0017337 0205253 0205548 1279919 0079189 0205263 0439064 1524094 1704259 1705987
 1521761 2827422 0015264 0205160 1280500 1513916 2348382 2825415 2825491 1817513 0018270 0578019 0016030 0079613 0182953 0205307 0220844 0439166 0439178 1446409 1514241 1621966 1704734 1704735 2347086 2825490 2911660 0276535 3539883 0036220 1261473 0007600 0007634 0205132 1269647 1550648 1552960 1704653 1948049 0450348
 1883712 0069535 1149423 1335093 0369637 0441923 0205263 1622499 0007589 1511938 2945687 0443264 0007613 0031843 0542341 0700205 1705273 0547043 1282911 0185117 0016030 1171362 0185117
 0125606 1366463 1453955 1761537 0023418 1521761 2827422 3463820 0021760 1334122 2983957 0020898 0021764 0022271 0083031 0020898 0021764 0022271 0069535 1149423 1335093 0369637 0441923 0086282 1611821 0680022 2698041 0237876 0040661 1705162 1710082 0243092 1178969 0449432 1705248 0450355
 0205172 0332185 0037080 0037083 0086982 0040649 0040661 1150611 1704259 1705162 1705987 1710082 3537152 1547282 1883351 0032214 0600138 0035820 1705810 0206552 0597357
 0040661 1710082 0015576 1704727 0206552 0079189 0597357 1879547
 1704675 0597721 0031727 1150611 1171285 1883351 0010834 0015576 0040649 0040661 0205275 0521449 0680022 1704727 1705162 1710082 2698041
 0282534 1336776 0033684 0040649 0040661 1705162 1710082 0162808 1519727 1519726 0005456 0255618 2945843 1519063 0031715 0041485 0205145 0597357 1158886
 0332282 1879547 0033684 0040649 0040661 1705162 1710082 0348078 0376315 1522492 1300203 3245470 0007610 0034987 0013879 0205369 0220905 1145667 1167622 1552740 1704735 1332838 0017337 0282443 1425988 1709940
 0004112 0700364 1883351 0884358 2947996 0683212 0027767 0031843 0542341 0700205 1705273 1180473 0700630 2348205 0040300 1547928 1533716 0470187 0007634 3282337
 0002778 0936012 1524024 0069535 1149423 1335093 0369637 0441923 1948023 0127400 0884358 1705175 1705176 1705177 1705178 1882348 0079189 0443264 0017262 0919336 1861886 0017337 0185117
 0441712 1515877 1879547 0040649 0127082 1417199 2698023 0162745 0936012 0013879 0205342 1705248 0005456 0085828 0682969 0205145 0243122 1145667 1167622 1515974 2825164 0013879 1705248 1883357 1880022
 1702221 0069535 1149423 1335093 0369637 0441923 0021760 1334122 2983957 0020898 0021764 0022271 0056167 0331836 1456376 0043038
 1522537 0021747 0733470 1514798 0039654 0048451 2825188 0869011 1555265
 0169658 1334290 0169661 1334291 1624602 0005574 0869011
 0027976 1879958
 1335872 1366394 1432814 1624602 0005574

 1624602 0022877 1160185 1619828
 0164371 0623362 0919336 0182400 0032520 0337112 0443286 1114821 1335439 1524075 1521827
 0127082 1417199 2698023 0623362 0919336 0172537 1334522 2698024 0623362 0919336 0165519 1334523 2698028 0623362 0919336 0007512 0182400 0031831 1707664 1999230 2348314 3540849
 0000872 0565990 1552471 0041740 0043038 0205099 0205476
 0182400 1704681 2347609 3536729
 0036378 0036375
 0599566 0086022 0442335 1425988 0031831 1707664 1999230 2348314 3540849
 0041740
 0441513 1706214 3244320 0086022 0442335 1705099 0086860 0332255 1708096 0032520 0337112 0443286 1114821 1335439 1524075 3146294 0678713 0728990 1514575 1705542 0086022 0441587 0442335 1527178 1705099 1866552 3273616 0205145 1515974 2825164
 0026882 1705285 0557351 1549988 0025663 0449851 0871511 0206415 1524063
 0028953 0332256 2700400 0145947 1522552 0332255 0486805 0026882 1705285 0205145 1515974 2825164 0205145 1515974 2825164 0085828 0042789 1947903 0021966 0221138 0205341 0205451 0441587 1705914 0029266 1704322 1704972 3539923 0205145 1515974 2825164 0086022 0442335 1705099
 0029266 1704322 1704972 3539923 1707513 0237753 0449788 1948062 0162326 0162326 0917792 0012854 1553778 1561491 1711411
 0021966 0221138
 0028953 1273517 0007585 0007634 0010453 0220814 0430400 1269647 1704653 1948049 2242979 0872351 0558145 1272578 0010453 0016030 0086418 0205307 0220814 0221928 0430400 0439166 1522447 2242979 2347086 1826357 0010454 0009458 0016030 0018270 0220844 0439536 1314677 1621966 1705217 2911660 3244283
 0681814 0884358 0439799 0010454 0009458 0018270 0220844 0439536 1621966 1705217 2911660 3244283 0007452 0015965 0229671 0521457 1140701 1546774 1550100 0242295 1947943 2348609 1316572 1317574 1369612
 0004112 0010454 0009458 0205224 0439536 0547040 1524031 1705217 2945599 3244283 0010453 0220814 0430400 2242979 0332256 2700400 0007452 0015965 0229671 0521457 1140701 1546774 1550100 0017725 1576824 0034354 0244104 0439799 0450367 0681814 1273517
 0012854 0348011 0007634 3282337 0007452 0015965 0229671 0521457 1140701 1546774 1550100 0242295 1947943 2348609 0040284 0180454 0010453 0040300 0220814 0430400 1139930 1547928 2242979 1524063 0442711 1507394 1522729 2348563
 0007634 3282337 1512335 1151115 0024075 0205177 0439167 0441655 1561536 0005507 0243073 1510438 0442711 1507394 1522729 2348563
 0013682 0040669 1516048 0683758 0043193
 1151115 0205177 0439167 0441655 1561536 1882115 1150051 0205177 0439167 0441655 1561536
 0040669 0205173 0884358 3539942 0040223 1632851 1524063 0455052 1521827
 0444498 0016955 0005507 0243073 1510438 1514721 2348147 3542016 0004112
 1880945 0872262 0002778 0936012 1524024 0007634 0185115 3282337 3541890 0025663 0449851 0871511 0061947

 0005861 1621557 1709269 1881534 1552738 0936012 0596957
 0333051 2347509 0005507 0243073 1510438 2828366 0596608 0949632 1273517 0884358 1552738 0439509 0028953 0021966 0221138
 1158923 1817262 0597295 0220781 0439634 1522492 2246376 0206243 0699809 0006353 0019215 0243122 0332256 0439787 0849355 1145667 1167622 2700400 1882074 0020283 0450407 0450408 0450409 0013618 0024472 0017861
 0020985 0332283 0020985 1881488 0068941 0068940 0439509 0037500 0037473 0086123 0597484 0037494 1959973 0013714 0016327 0003641 0064858 0070329 0037508 1366571 1705592 0003241 1439852 1444656 1292425 0450376
 0075172 0038164 0522527 0033684 0036681 0332297 1145667 1167622 1689898 2349209 0007703 1516695 1516698 0040223 1632851
 0033684 0600209 1514893 1704732 2699488 0348011 0025255
 0020985 1524063 0042153 0457083 0683758 1332684 1947944 0442711 1507394 1522729 2348563
 0069535 1149423 1335093 0369637 0441923 0443264 0017262 1334706 0017337 0185117 1707455 0017262 1334706 0314604 1861886 0017337 0185117 0237876 1521970
 0002778 0936012 1524024 1547282 0392148 0172537 1334522 2698024 0623362 0919336 0164371 0623362 0919336 0165519 1334523 2698028 0623362 0919336 0172537 1334522 2698024 0623362 0919336 0004112 0205225 0439631 1441672 1265611
 0007600 0007634 0205132 1269647 1704653 1948049 0456948 3244092 0441889 0456079 1547707 2946261 0442739 2346711 0001758 0349966 1337208
 0021755 0600251 0020898 0021764 0022271 0205263 0127082 1417199 2698023 0623362 0919336 0164371 0623362 0919336 1511726 3245479 1518422 1547282 0165519 1334523 2698028 0623362 0919336 1280500 2348382 0456696 1442770 2349975 0349966 1337208
 0127082 1417199 2698023 0623362 0919336 0185117 0165519 1334523 2698028 0021755 0600251 0020898 0021764 0022271 0547043 0851285 1282911 0004112 0164371 0623362 0919336 0349966 1337208 1518422
 0349966 1337208
 2827734 2981698
 0005861 0002778 0936012 1524024 0185117 0007634 3282337 0332293 0127400 1522326 1705242
 0007634 3282337 0004112 0069535 0332293 1149423 1335093 0369637 0441923 1522326 0439526 0439526 0439526 0011777 0470296 0039654 0048451 2825188 0439446 0439526 0185117 0444706 3541902
 0035668 0205409 1548221 0936012 1552738 0025664 0184661 2700391
 0333052 2607870 0016094 0180853 1522646 0007634 3282337 0069535 0332157 1149423 1335093 0369637 0441923 0456947 0456948 0441889 0456079 1547707 2946261 1441672 0349966 1337208
 0039798 0087111 1522326 1533734 1705169 3538994 0069535 1149423 1335093 0369637 0441923 0456696 1442770 0392148 0021755 0600251 0020898 0021764 0022271 0016026 0018284 0016030 0018270 0220844 1521761 1621966 2827422 2911660 0127082 1417199 2698023 0035696 0623362 0919336 1627358 2349975 1274040 1546471 2825142 0127400 0205263 0205171 0220781 1720467 1883254 0349966 1337208
 0069535 1149423 1335093 0369637 0441923 0205171 0439044 0679994 0021755 0600251 0020898 0021764 0022271 1883357 0386595 1333540 0165519 1334523 2698028 0623362 0919336 0007634 3282337 1511726 3245479 1518422 1547282
 0004112 0164371 0623362 0919336 0205263 0205171 1720467 0007634 3282337 0069535 1149423 1335093 0369637 0441923 0798503 0805586 3274764 0021755 0600251 0020898 0021764 0022271 0349966 1337208
 0392337 0069535 1149423 1335093 0205263 0369637 0441923 0392148 0021755 0600251 0020898 0021764 0022271 0039654 0048451 2825188 0332462 1880834 1274040 1546471 2825142 0332462 1880834 1292856 1948023 0004112 0349966 1337208
 0005861 0002778 0936012 1524024 1621557 1518422 0442726 0442805 0871261 1704632 1706817 2911692 0069535 1149423 1335093 0369637 0441923 0205171 0439044 0679994 0185117 0043194 0258432 0441889 0456079 1421478 1511790 1547707 2946261 0349966 1337208
 0086860 0127082 1417199 2698023 0205342 0007634 3282337 0004112 0086418 0205170 3146287 0349966 1337208
 0349966 1337208
 0740116 2827735 2981700
 0026882 1705285 1518422 0849355 1883720 3244314 0205197
 0007634 3282337 0004112 2347469 0015944 0079991 1709700 1552738 0025664 0184661 2700391
 0007634 3282337 0456695 1883708 0332155 0069535 0332293 1149423 1335093 0369637 0441923 1522326 0039654 0048451 2825188 0040223 0238767 0440102 1632851 1706086
 1547282 0040223 1879547 3541383 1947971 1292856 1948023
 1524063 0040669 0243148 1273517 1550141 1882979 2587213 3274648 0205177 0439167 0441655 1561536 1151115 0024075 0080103 0205177 0205345 0439167 0441655 1547039 1561536 1704788 3539106
 0333052 2607870 0016094 0180853 1522646 0035820 1705810 0851285 1327622 1513016 0623362 1152589 0025543 0243077 1704640 1706515 0145947 1522552 0145946 3178655 0349966 1337208 0210492 1527365 1511726 3245479 1518422 1547282 1292732
 0004112 0145947 1522552 0021755 0600251 0020898 0021764 0022271 1879547 0039654 0048451 2825188 0069535 1149423 1335093 0205171 0369637 0441923 1720467 0349966 1337208
 1518422 0442726 0851285 1327622 0243077 1879547 0210492 1527365 0039654 0048451 2825188
 1979874 0145947 1522552 1518422 0021755 0600251 0020898 0021764 0022271 0205263 0007634 3282337 2348205 0016030 1301820 1550315 0014257 0205217 0442805 0007634 3282337 0069535 0332157 1149423 1335093 0369637 0441923 0039654 0048451 2825188
 0069535 1149423 1335093 0369637 0441923 0205263 0127082 1417199 2698023 0623362 0919336 0242210 0145988 0441712 1706376 0069535 1149423 1335093 0369637 0441923 0851285 0376649 1442065 1522634 1417199 0127082 2698023 0393005 0879262 0919336 0017337 0623362 2603362
 0332462 1880834 1879547 0069535 1149423 1335093 0369637 0441923 0007634 3282337 0004112 0349966 1337208
 0332185 0037080 0037083 0086982 0040649 0040661 1150611 1704259 1705162 1705987 1710082 3537152 0069535 1149423 1326120 1335093 0599757 0007634 0086597 0127400 0369637 0441923 1269647 1704653 1879547 1948049 1517892 1704666
 0162801 0002778 0004793 0162326 0162327 0936012 1519249 1524024 0443289 0392148 1334043 0014122 0949645 1883644 0017446 0205147 0230171 0439084 0728893 1417199 0314604 0919336 0017337
 1552961 2347617 0439787 0849355 0014122 1273518 0086860 0127082 1417199 2698023 0026882 1705285 0205197 1518422 0849355 1883720 3244314 0205263 0669372 0069535 1149423 1335093 0349966 1337208
 0014122 0700364 1883351 0127082 1417199 2698023 0013879 0031843 0086860 0542341 0623362 0700205 0919336 1705273 2699427 0014122 1514873 1705175 1705176 1705177 1705178 1882348
 0439178 1446409 1514241 2825490 0205160 1280500 1513916 2825415 2825491 0029005 1514468 0209278 1420631 0018284 0040648 0018270 0220844 1621966 2911660 1521761 2827422 0449719 1709471 0085828 0449638 0086597 0127400 0205107 0205145 1515974 2825164
 0013879 1705248 0332462 1880834 0332462 1880834 0004112 0349966 1337208
 1524063 0182400 1704681 2347609 3536729 0332256 2700400 0014122 2945843 0205145 0028953 0024779 1706473 1523331 1317658 0449774
 0175723 0332256 2700400 0242210 0033684 0243122 1145667 1167622 0449432 0332219 0439787 0849355 0028953 0150312 0449450 1158923 1817262 0597295 0220781 0439634 1522492 2246376 0349966 1337208
 0033618 1879547 0442824 1279919 0439232 0700321 0702093 1282918 2347166
 0018563 1281583 1552914 0015663 0456962 0232902 1704241 0085828 0242210 1883712 0205145 1515974 2825164 0205197 0725685 1274040 1546471 2825142
 0442805 0205145 1515974 2825164 0085828 1316572 1317574 1369612 0439831 1518422 0013879 1705248 0441889 0456079 1547707 2946261 0332232 1442450 2584321
 1149367 0243122 1145667 1167622 0205145 1515974 2825164 0871261 1704632 1706817 2911692 0069535 1149423 1335093 0369637 0441923 0851827 1701901 3244310 0205145 1515974 2825164 0085828 0814670 0596608 0949632 1524063 0182400 1704681 2347609 3536729 1514562 0205145 1705285 1511726 3245479 1518422 1547282
 1274040 1546471 2825142 0681814 0332255 1708096 0162326 0004793 0012854 0162327 0439073 0439082 1519249 0086860 0182400 1273517 1704681 2347609 3536729 0450365 1706097 1705241 1705242 1514562 0442726 1511790
 0349966 1337208
 0439086 2827736 2981702
 0069535 1149423 1335093 0369637 0441923 0205263 2266866 0205177 0439167 0441655 1561536 0127082 1417199 2698023 0623362 0919336 0086860 0145947 1522552
 0332255 1708096 0086860 2347469 0005456 0085828 0682969 0205145 0243122 1145667 1167622 1515974 2825164 0014122 1273517 1553631 1708632 0182400 1273517 0005507 0243073 1510438
 0007634 3282337 0069535 0332293 1149423 1335093 0369637 0441923 1522326 0439531 1948053 0040223 3541383 2828366 0555903 1261360 1521827 0025664 0184661 1517586 1552738 2700391
 0679932 0947630 1979886 0042789 1947903 0021966 0221138 1273517
 0175723 0014122 1704241 0205090 0441987 0522501 1706089
 0333052 2607870 0016094 0180853 1522646 0037083 0086982 0037080 0162493 1336776 0040649 0040661 1150611 1704259 1705162 1705987 1710082 1879547 3537152 0069535 1149423 1335093 0369637 0441923 1705175 1705176 1705177 1705178 1882348 0037083 3537152 0069535 1149423 1335093 0205263 0369637 0441923 1292732 1514758 1879547
 1519726 0031715 1158886 0169661 1334291 1334352 1705897 1511613 0079189 1274040 1441672 1546471 1879547 2825142 0450373 1553636
 0349966 1337208

 0069535 1149423 1335093 0369637 0441923 0205263 0037080 0037083 0086982 0040649 0040661 1150611 1704259 1705162 1705987 1710082 3537152
 0169658 1334290 0169661 1334291
 0949466 0005863 0001282 0002778 0936012 1524024 1705493 0007634 3282337 0069535 1149423 1335093 0369637 0441923 0021760 1334122 2983957 0020898 0021764 0022271 0021747 0733470 1883708 0301871 0169658 1334290 0169661 1334291 1421249 1706299
 0301871 0600209 1704732 0681850 1550501 1706203 2349001 2697811 1624602
 0180860 1321564 1624602
 2347469 0012940 0069535 1149423 1335093 0205263 0369637 0441923
 1423612 1425030 0014122 0014122 0684192 0332255 0486805 0596608 0949632 1273517 0007634 0178539 0439175 0439810 0884358 2828366 0007634 3282337 0332157 0069535 1149423 1335093 0369637 0441923 0025664 0184661 1517586 1552738 2700391
 0333052 2607870 0016094 0180853 1522646 0949632 0017243 0333051 1382104 2347509 0005507 0243073 1510438 0349966 1337208 2245434 2259194 0599177 1879547 0069535 1149423 1335093 0369637 0441923 0439831 1521970
 2266866 0205177 0439167 0441655 1561536 1441672 0205117 0332282 0439227 0443318 0564385 1883708
 1442450 0069535 1149423 1335093 0369637 0441923 1518422 0442726 0033684 0040649 0040661 1705162 1710082 1879547
 1441672 1335872 1366394 1432814 0253050 1367307 0007610 0871261 1704632 1706817 2911692 0069535 1149423 1335093 0369637 0441923 0016030 1511726 3245479 1518422 1547282 1707520 0205170 0442824 0596608 0949632 3146287 1274040 1546471 2825142


 0449774 0486616 1555710 0013879 0086860 0205263 0243122 0669372 1145667 1167622 1704647 1705248 1705597 0949632 0017243 0333051 1382104 2347509 0005507 0243073 1510438 1524063 0007634 1269647 1704653 1948049 0021747 0733470 2828366 0007634 3282337
 0002778 0936012 1524024 0443289 0253050 0332529 1367307 0332256 2700400
 0349966 1337208
 1547282 0069535 1149423 1335093 0369637 0441923 0085732 1299581 0205263 0949632 0596608 0333051 0425245 0449580 2347509 0005507 0243073 1510438 0013879 1705248 0439084 0728893 0182400 1273517 1704681 2347609 3536729
 0700271 0012940 0058610 0039593 0392366 0182400 1704681 2347609 3536729 0013879 1705248 0164371 0127082 1417199 2698023 0086860 0623362 0919336
 0700364 1510827 1441672 0220781 0439634 1522492 0012854 0439855 1704241
 1883712 1148673 0012854 0243122 0439855 1145667 1167622 1704241 0205197 1624602 0231175 1883351
 0439855 1704241 0332256 2700400 0680022 2698041 0015576 0040649 0040661 0332285 1704727 1705162 1710082 1882932 1707959 0033684 0040649 0040661 0205103 1705162 1710082 0040648 0040649 1521761 2827422
 1979874 0013879 1705248 0210492 1527365 0145947 1522552 0086860 0332297 1145667 1167622 1689898 2349209 0439792 0332297 1145667 1167622 1689898 2349209 0023882 0700321 2700395 1335872 1366394 1432814 1552551 3272371
 1290905 0439792 0086035 0205145 0392747 0443172 0678226 0162326 0441712 1706376 1280500 2348382
 1336776 0040649 0040661 0441472 0679729 1521840 1705162 1710082 2986546 3266814 0085828 0871261 1704632 1706817 2911692 0069535 1149423 1335093 0369637 0441923 0085828 0205145 0086860 0145947 1522552 1514756 1710082 0349966 0439086 2827736 2981702
 1705175 1705176 1705177 1705178 1882348 1363844 0871261 1704632 1706817 2911692 0069535 1149423 1335093 0369637 0441923 2827421 0206414 0079429 1334435 0017337 0127082 1417199 2698023 0623362 0919336 0086860 0145947 1522552 0029266 1704322 1704972 3539923 0441587 0086860
 0004112 2827421 0069535 1149423 1335093 0369637 0441923 0798503 0805586 3274764 0039654 0048451 2825188
 0039654 0048451 2825188 1707391 0033634 0033621 1168438 1418943 3540567 0033640 0031727 0033684 1547282 1883351 0086860 0127082 1417199 2698023
 0150312 0039798 0087111 0205263 0456696 1442770 1522326 1533734 1705169 3538994 0069535 1149423 1335093 0369637 0441923 0332294 0332462 0678226 1880834 1292856 1948023 0349966 1337208
 0039654 0048451 2825188 2247123 0033634 0033621 1168438 1418943 3540567 0231175 1883351 0069535 1149423 1335093 0369637 0441923 0162493 1879547 0013126 0599566 0086022 0442335 1705099
 1518422 0162340 1527178 1874451 0332149 1705910 2362652 0037083 0086982 0439787 0849355 1336776 0085828 0868928 1706255 1706256 0206588 0521447 0597357
 0205117 0332282 1883708 0376649 1442065 1522634 1516561 0162326 0220905 1704735 0314642 0086860 0145947 1522552 0205263 0857127
 2827421 1521827 0205341 1705914 0029266 1704322 1704972 3539923 0032136 0086860 0441587 1866552 3273616 0085828 0205145 0332452 1515974 2825164 0013879 0014122 1705248 0037640 0231175 1883351 1145667 1167622 0040648 0040649 1521761 2827422 0021966 0221138 0349966 2347469 0439084 0728893
 1547282 1514562 0871208 1521828 0013126 0017337 0349966 1337208
 0013879 1705248 1705285 0392756 0205197 1518422
 3244092 0441889 0456079 1547707 2946261 0205263 0669372 0442739 2346711 0205145 1515974 2825164 1518422 0039654 0048451 0086597 0127400 1314939 1879547 2825188
 0018563 1281583 1552914 0005456 0085828 0682969 0205145 0243122 1145667 1167622 1515974 2825164 0205224 1879547 1883351 3161035
 1511726 3245479 0870444 0085828 0205145 0013126 0017337 0392337
 0349966 1337208
 0439084 0728893
 0085828 1336776 0040649 0040661 1705162 1710082 0205177 0439167 0441655 1561536 0013126 0086022 0442335 1705099
 0004112 0014122 0085828 3536909 0085828 3536909 0085828 3536909 0025664 0184661 1517586 1552738 2700391
 0007634 3282337 0456695 1883708 0069535 1149423 1335093 0369637 0441923 0798503 0805586 3274764 0039654 0048451 2825188 0205117 0238767 0332282 0456696 1442770 1706086 1883708
 2828366 1521827 1151115 0205177 0439167 0441655 1561536 0444706 3541902 0025664 0184661 1517586 1552738 2700391
 0333052 2607870 0016094 0180853 1522646 1879547 1425569 1706586 0851827 1701901 3244310 0205177 0439167 0441655 1561536 0040661 1705162 1710082 0752312 0024779 0031727 0443264 1704259 1705987 1706473 1292732 1514873 0812215 1706586 2746015 1425569 1879547 0069535 1149423 1335093 0369637 0441923
 0812215 1706586 2746015 1425569 1883351 0037080 0040661 1705162 1710082 0205263 0521119 1280500 2348382 1518422 0557651 2603343
 1705175 1705176 1705177 1705178 1882348 1283174 0332149 1705910 2362652 0004112 1419147 1512032 0596988 0812215 1706586 2746015 1425569 1519269 0007634 3282337 0069535 1149423 1335093 0369637 0441923 0798503 0805586 3274764
 0599566 0086022 0442335 1705099 1260953 0205263 0857127 0013126 0599566 0086022 0442335 1705099 1280519 1704419 0349966 1337208 0037083 1160185 1710082
 0349966 1337208

 0441712 1706376
 0243122 1145667 1167622 0034800 0699040 0007634 0205148 0597357 1269647 1704653 1948049 0040649 0040661 1150611 1705162 1710082 0752320 0037080 0037083 0086982 1704259 1705987 0332294 0521447 0678226 1879547 0085828 1145667 1167622 0205145
 0392337 0037080 0040649 0040661 1150611 1704259 1705162 1705987 1710082 1514873 1883351 0205263 0857127 0013126 0040649
 0042789 1947903 1522508
 0333052 2607870 0016094 0180853 1522646 0037080 0037083 0086982 0040649 0040661 0332285 1704259 1705162 1705987 1710082 3537152 0029016 0033684 0040649 0040661 1705162 1710082 0007621 0596263 1880177
 0029009 0080298 0029016 0150312 1883351 1515877 1879547 0086860 0127082 1417199 2698023
 0206364 0033681 0031727 0041485 1883351 1515877 1879547 0812215 1706586 2746015 1425569 0086597 1158770 0851285 1327622
 1514559 0004112 0205263 0205177 0439167 0441655 1561536 0013126 0599566 0086022 0442335 1705099 0205197 0205216 0205263 0669372
 0599566 0086022 0442335 1705099 1512032 0596988 0013126 0599566 0086022 0442335 1705099 0443289 1425569 1706586 0205171 0449719 1709471 1720467 0029009 0080298 0042306 0013879 1314939 1705248 1879547 0349966 1337208
 1552961 2347617 2347946
 0349966 1337208

 0392337 0013126 2827421 1425569 1706586 0851827 1701901 3244310
 0004112 0014122 0085828 3536909 0599566 0086022 0185117 0442335 1705099 1880497 0025664 0184661 1517586 1552738 2700391
 0007634 3282337 1292429 0332283 0229671 0456696 0871712 1442770 1546774 1550100 1883708 0069535 0332157 1149423 1335093 0369637 0441923 0456696 1442770
 0007634 3282337 0029009 0080298 0599566 0086022 0185117 0442335 1705099 0332128
 2828366 1521827 1151115 0205177 0439167 0441655 1561536 0444706 3541902 0025664 0184661 1517586 1552738 2700391
 0333052 2607870 0016094 0180853 1522646 0004112 0007584 0007634 0237753 0332232 0439175 0439810 0449788 1269647 1704653 1948049 0927232 1269563 0027763 0422837 1269560
 0031843 0542341 0700205 1705273 0449432 0006104 1269537 0007634 3282337 0032214 0600138 0035820 0018284 0599947 0018270 0220844 1621966 2911660 1521761 2827422 0079189 1524094 0019868 1314939 0024501 0015349 0005889 0302908 0444611 0521119 1704353 2827734 2981698
 0681814 0150312 0004112 0623362 0025543 1704640 1706515 0127082 1417199 2698023 0623362 0919336 0164371 0623362 0919336 0172537 1334522 2698024 0623362 0919336 0165519 1334523 2698028 0623362 0919336 0145947 1522552 1418824 0145946 3178655 0210492 1527365 0007634 0449475 0205369 0332307 0443199 0750541 0851285 1269647 1327622 1547052 1552740 1704653 1705242 1948049 0349966 1337208
 0007634 3282337 0035696 0172537 1334522 2698024 0043194 0258432 0623362 0919336 1421478 0349966 1337208
 0206528 0165519 1334523 2698028 0623362 0919336 0205263 1292856 1948023 0021755 0600251 0020898 0021764 0022271 0039654 0048451 2825188 0332185 0004112 0034693 0034721
 0021755 0600251 0020898 0021764 0022271 0069535 1149423 1335093 0369637 0441923 1883351 0127082 1417199 2698023 0623362 0919336 0004112 0086418 0205225 0439631 1547282 0205263 0857127 0079189 0150312 0205171 0439044 0679994 0349966 1337208
 0069535 1149423 1335093 0369637 0441923 1518422 0004112 1280500 2348382 0016030
 0021755 0600251 0020898 0021764 0022271 0069535 1149423 1335093 0369637 0441923 0205263 0185117 1518422 1441672 1280500 2348382
 0145947 1522552 0740116 2827735 2981700 1518422 0069535 1149423 1335093 0369637 0441923 0547043 0851285 1282911 0004112 0205177 0439167 0441655 0597304 1561536 1947941 0007634 0274281 0332157 1706214 3282337 0021755 0600251 0020898 0021764 0022271 0069535 1149423 1335093 0369637 0441923
 0007634 3282337 0021755 0600251 0020898 0021764 0022271 0069535 1149423 1335093 0369637 0441923 1883357 0205171 1518422 1720467 0205263 0127082 1417199 2698023 0623362 0919336 0145947 1522552
 0851285 1327622 0205172 0016030 2587213 0004112 0069535 1149423 1335093 0369637 0441923 0043227
 0332120 1517892 1704666 0524851 0012634 0033607 1961133 2673177 0030946 0243077 1622131 1947941 0439086 2827736 2981702 0450382 1150172 0205177 0439167 0441655 1561536 0019564 0040300 0392760 0442726 1314939 1511790 1547928 0001779 0150103 1708943 0243148 1550141 1882979 2587213 3274648
 0623362 0025543 1704640 1706515 0037791 1511884 0392360 1518422 1157723 0851285 1327622 0080103 0205345 1547039 0441889 0456079 1547707 2946261 0079189 1524094 0332257 0069535 1149423 1335093 0369637 0441923 0683607 1883708 0032214 0600138 0035820 1705810
 0332290 0332529 1514559 0927232 1269563 0027763 0422837 1269560 0025936 0003069 0025914 0025929 0026809 3151529
 1511726 3245479 0449450 1516561 0162326 0238767 1504308 1706086 0085828 0014122 0150312 0449450 0205171 1518422 1720467 1521840 2986546 0162493 0040649 1879547 1883357
 0150312 1514562 0314604 0017337 1547699 2700640 0127082 1417199 2698023 0623362 0919336 1418824 0145947 1522552
 1514873 0205145 0684224 0700287 3496591 0392337 0014122 0079189 1879547 1316572 1317574 1369612
 0002778 0936012 1524024 0443289 1314939 0253050 1367307 0017337 0145947 1522552 0349966 1337208
 0162326 0014122 1510827 0145947 1522552 0086860 0332297 1145667 1167622 1689898 2349209 0013879 0439792 0547044 1145667 1167622 1300203 3245470 0069535 1149423 1335093 0369637 0441923 1879547 0349966 1337208
 0086982 0037080 0037083 0040649 0040661 1150611 1160185 1704259 1705162 1705987 1710082 0037791 1511884 1883351 0443211 1272684
 0069535 1149423 1335093 0369637 0441923 0205263 0040648 0040649 1521761 2827422 0085828 0205145 1145667 1167622 1515974 2825164 0349966 1337208
 0205177 0439167 0441655 1561536 0031843 0542341 0700205 1705273 0598132 0332257 0015576 1704727 0031843 0542341 0700205 1705273 3536909 0596448 0205431 1522492 1511662 1148673 0012854 0243122 1145667 1167622 1880389 1883221 3541951
 0376525 0392747 1148673 0012854 0037791 0243122 1145667 1167622 1511884
 0543488 1517331 1883351 1292732 0486616 1555710 0392337 0013126 0337076
 0069535 1149423 1335093 0369637 0441923 1515877 1879547 0040649 0013126 0017337 0439659 1883351 0349966 1337208
 0069535 1149423 1335093 0369637 0441923 0449265 0871261 2611812 0037083 0037179 0087136 0205171 0439801 1707310 3537152 3542948 0040649 0040661 1150611 1705162 1710082
 0007634 3282337 0015264 0752312 0024779 0031727 1706473 0037080 0040649 0040661 1150611 1704259 1705162 1705987 1710082 1705175 1705176 1705177 1705178 1882348 0024501
 1879547 0392337 0871261 1704632 1706817 2911692 0069535 1149423 1335093 0369637 0441923 1514873 1883351 0205177 0439167 0441655 1561536 0013126 0086022 0442335 1705099
 0812215 1706586 2746015 1425569 0332257 3536909 1148798 0040648 0040649 1879547
 0031715 1158886 0253050 1367307 0040649 0205177 0205289 0439167 0441655 0806909 1514873 1561536 0450385
 0170168 1150579 0072402 1414387 0100762 0031727 1449849 1704259 1705987 0752312 0684224 0700287 3496591 1883351 1947931 1335872 1366394 1432814 0036720
 0332185 1547282 0169661 1334291 2249824 0037663 0169964 1155551 0018270 0019932 0170168 0220844 1150579 1514873 1621966 1879547 1948023 2911660
 0069535 1149423 1335093 0369637 0441923 0205263 0037083 3537152 0170168 0205383 1150579 0037080 0040661 1705162 1710082 1335872 1366394 1432814 2700387 0031715 1158886 1515981 1879547
 0332290 0221103 0301625 0439181 0728721 0013126 0086022 0442335 1705099 0349966 1337208
 1627358 2349975 0085828 0040661 1705162 1710082 1336776 0205543 1691010 1883351 0028589 0949374 0256079 1337090 1530423 0056695 0242210 1149372 0033684 0243122 1145667 1167622 0450387 0033684 0040624 1517892 1704666 0206588 0521447 0597357 0450388
 0256079 1337090 1530423 0033684 0085828 0851827 1701901 3244310 0450388
 1879547 0029009 0080298 0221103 0301625 0439181 0728721 1512032 0596988 0349966 1337208 0183683 1521721 1512571 0139030 1449849 0031727 0812215 1706586 2746015 0032930 1444748 2261503 1150423 0205177 0439167 0441655 1561536 0072402
 0069535 1149423 1335093 0369637 0441923 1547282 1883351 0439831 0439775 0702240 0332257 0162508 0450389 1553033 3536909 0033684 1704222 1514468 2349975 0040648 1336776 0040649 0040661 1705162 1710082 1879547 0678662 0419518 0445022
 0441712 1706376 1515877 1879547 0013458 0040649 1518422 2003902 2963144 0750501 0205393 0332148 0750492 0205263 0857127 0037080 1336776 0040649 0040661 0086597 0127400 1150611 1704259 1705162 1705987 1710082 0040648 0040649 1521761 2827422 1517331 2349975 0023099 0040649 0623362 0025543 1704640 1706515
 0069535 1149423 1335093 0369637 0441923 0026473 1879547 0039194 0024264 0007613 0162597 0007634 0031843 0443264 0542341 0700205 1269647 1314939 1704653 1705273 1948049 0205145 0016030 0004112 0014257 0079189 0442824
 0085732 1145667 1167622 0205448 1711351 0125607 1334339 0125606 1366463 1453955 1761537 0023418 0597357 1521761 2827422 3463820 0083861 1173441 1335092 0069535 1149423 1335093 0369637 0441923 0597357 0359589 1999230 0069535 1149423 1335093 0369637 0441923 0086282 1611821 0680022 2698041
 0037088 0243095 2825141 1700522 0069535 1149423 1335093 2346751 0369637 0441923 0439808 1280500 3151529 0069535 1149423 1335093 0369637 0441923 0032214 0600138 0035820 1705810 0019868
 0031843 0542341 0700205 1705273 0439673 0332453 1332838 0681814 1706386 1705175 1705176 1705177 1705178 1882348 0443211 0031843 0542341 0700205 1705273
 2825232 0043227 0018173 1521721 2603360
 0027468 0018684 0021622 3245503
 0010186 0220812 0449719 1709471 0220808 0680264 0007961
 1706852 0522501 1706089 0949214

 0376649 1442065 0006754 0041740 1826357 3146274 0013227 0025118 1555265
 0282413 0376649 1442065
 0254343 0796520 3272379

 0085205 1549619 1880669
 2827734 2981698 0000723 1273517 0623362 0919336 0623362 0025543 1704640 1706515
 0127082 1417199 2698023 0623362 0919336 0127082 1417199 2698023 0162745
 0172537 1334522 2698024 0623362 0919336
 0164371 0623362 0919336 0164371 1619831
 0165519 1334523 2698028 0623362 0919336 0165519 1334523 2698028
 0085828 0085828 3536909 0209278 1420631
 0056695 3158668 1511573 1148918 0242210 0600508 0013879 0033684 0050063 0243122 0871261 1145667 1167622 1704632 1705248 1706817 2911692

 1333498 0752312 0033640 1979930 0018284 0026249 0033684 1879547
 0024779 1706473 1979930 0033684
 0069535 1149423 1335093 0369637 0441923 0069535 1149423 1335093 0369637 0441923
 0013879 0205342 1705248
 0039654 0048451 2825188 0039654 0000975 0767601
 0014122 0552269 0552634 0040661 1705162 1710082
 0600508 0013879 0871261 1704632 1705248 1706817 2911692
 1521761 2827422
 0040661 1705162 1710082 0040661 1705162 1710082
 0145988 1152589 0040300 1547928 1999216
 0020898 0021764 0022271 0021764 1527200
 0558145 1272578 0016030 0086418 0205307 0221928 0439166 1522447 2347086
 0007452 0015965 0229671 0521457 1140701 1546774 1550100 0007452 0015965 0229671 0521457 1140701 1546774 1550100
 0041368 1323304 1456820 0333516 0027540 0027651 1334928 1521761 1578706 2827422 3273930
 0596608 0949632 0949632 0005507 0243073 0333051 0425245 0449580 1510438 2347509 0013855
 2986676 0027361 0024752 1306056 1527116 0947630 1999230 0031831 1707664 2348314 3540849

 0031831 1707664 2348314 3540849
 0239971 0021622 1272753 0599566 0086022 0442335 1705099
 0031831 1707664 2348314 3540849
 0172537 1334522 2698024 0623362 0919336 0165519 1334523 2698028 0623362 0919336 0007512 0182400
 0031831 1707664 2348314 3540849

 1514811 1706462 2603360
 0597277 1708601 2603362
 0597277 1708601
 0036397 0599851 0725066 0449468 0560268 1690016
 2827734 2981698
 0027976
 2347469 0205090 0684010 2603358 0369773 2603361

 2347961
 0205535
 0451119 1444662
 0025141 0442982
 0205090 0684010 2603358
 0336168 0033727 0369286 0441932 0564385
 0007634 1269647 1704653 1948049 0025141 0205090 0684010 2603358
 2347469 0205090 0684010 2603358 0369637 0441923
 0336168 0033727 0369286 0441932 0564385


 0025141 1551702
 0205090 0684010 2603358
 0205090 0684010 2603358
 0623362 0025543 1704640 1706515 0243077 0033727 0369286 0441932 0564385 0560020 0439267 0043037 1547970
 0325045 0033727 0369286 0441932 0564385 0443030
 0086706 0021966 0221138 0439267 0369637 0441923
 0597277 1708601 0439394 1706495 3642217
 2347469


 2347961


 0000857 0600678 1552863 0033727 0369286 0441932 0564385


 2347379
 0025141

 0007634 1269647 1704653 1948049

 0025141


 0007634 1269647 1704653 1948049

 0369637 0441923


 0007634 1269647 1704653 1948049

 0025141
 0369718 0441922 1553036
 0007634 1269647 1704653 1948049 0025141 0369773 2603361 0021966 0221138 2347469 0033727 0369286 0441932 0564385 0033727 0369286 0441932 0564385
 0369773 2603361
 0027960 0324740 0439189 1456781 1824986
 0007634 1269647 1704653 1948049

 0025141 0369773 2603361 0205090 0684010 2603358 2347469 0369637 0441923
 0033727 0369286 0441932 0564385
 1553033 0369773 2603361 0369637 0441923
 0007634 1269647 1704653 1948049 0025141 0239971 2603360 0369637 0441923
 0007634 1269647 1704653 1948049 0025141 0442532
 0205090 0684010 2603358
 0007634 1269647 1704653 1948049 0025141 2347469

 0000857 0600678 1552863
 0205090 0684010 2603358 0033727 0369286 0441932 0564385 0205090 0684010 2603358
 0205090 0684010 2603358


 0597277 1708601


 0450382 0025141 0678579 2603360
 0369637 0441923
 0369718 0441922 1553036 0033727 0369286 0441932 0564385

 1517844
 0369718 0441922 1553036
 0369718 0441922 1553036
 0605411 2603362
 0369637 0441923
 0439267 0033727 0369286 0441932 0564385

 0369773 2603361
 0035853 0995005 2603360
 0369637 0441923
 0027960 0324740 0439189 1456781 1824986
 0007634 1269647 1704653 1948049

 0025141 1332417
 0439267 0369773 2603361
 0035853 0995005 2603360
 0369637 0441923

 2347379 0018284
 0025141 0021966 0221138 0369718 0441922 1553036
 0439267 1551090
 0369718 0441922 1553036
 2758676 2603360

 0000857 0600678 1552863 0019939
 0369773 2603361
 2603360 0369718 0441922 1553036 0439267
 0369773 2603361
 2603362
 0018284 0018270 0220844 1621966 2911660 1521761 2827422 0025141 2347469

 2603360
 0999213 0439114 2603360 0205090 0684010 2603358
 1553033 0369637 0441923
 0439267
 0036397 0025141 0331865 2603362
 0439114 0439394 1706495 3642217 2603360 2603362
 0016327 0439133 1553038 0369773 2603361
 2603362
 0036397 0025141 1332417
 0439267 0021966 0221138
 0033727 0369286 0441932 0564385 0035853 0995005 2603360
 0369637 0441923

 1517844
 0678579 2603360


 0369637 0441923

 1517844

 0678579 2603360


 1517844

 0678579 2603360
 0033727 0369286 0441932 0564385

 1517844
 0035853 0995005 2603360
 1332417
 0439267
 1418943

 0268596 2700624
 3642273
 0041703
 0000857 0600678 1552863
 0016327 0439133 1553038
 0027882 0025141 1706469 1706470
 0369773 2603361 2603362
 0016327 0439133 1553038 0369637 0441923
 0205090 0684010 2603358 0079382 2347469 0562547 3160718 0439394 1706495 3642217 2347469
 1418943

 0268596 2700624
 3642273
 0041703
 0000857 0600678 1552863 0369718 0441922 1553036 2603360
 0439267 2603360 0369718 0441922 1553036
 2347469
 0016327 0439133 1553038
 0439114 0439267
 0369718 0441922 1553036 0439267

 0036397 0025141 1553033
 1708595 3280986

 2347961

 0025141
 2603360 0439267
 0205090 0684010 2603358

 0000857 0600678 1552863 1549988
 0369773 2603361

 0003461 2939124

 0025141 0033727 0369286 0441932 0564385 0369637 0441923


 0201682
 0449205 1538613 0597277 1708601
 2347469
 0025141 0369773 2603361 0033727 0369286 0441932 0564385
 0003461 2939124

 0025141
 0016327 0439133 1553038 2603360
 0009017 0009015 3538926 0475311 1825319
 0369637 0441923
 2347379 0028606
 0000857 0600678 1552863
 0597277 1708601
 0349590 1262865 0025141 0205090 0684010 2603358 0369773 2603361 0439394 1706495 3642217

 0369637 0441923


 0025141 2347469
 2603360
 0021966 0221138
 2347469
 0033727 0369286 0441932 0564385

 0000857 0600678 1552863
 1708595 3280986 0021966 0221138
 0439267
 0205090 0684010 2603358
 0036397 0025141
 1553033 2603360 1553033 0369773 2603361
 1553033 0019939 0016327 0439133 1553038
 0027960 0324740 0439189 1456781 1824986
 0007634 1269647 1704653 1948049

 0000857 0600678 1552863 0369773 2603361 0205090 0684010 2603358
 0007634 1269647 1704653 1948049 0025141 0014511 0086809 1547963

 0036397 0025141 0439394 1706495 3642217 2603360 0205090 0684010 2603358 2347469 0861352 2603362 0205090 0684010 2603358
 0035853 0995005
 0017596 1947936
 0597277 1708601 0369637 0441923
 0439267
 0007634 1269647 1704653 1948049 0025141 0439267 0021966 0221138 1510451 1825319
 0205090 0684010 2603358
 0040833 1521798
 3642273
 0025141 1006780

 0331936 0439267

 1705534 1553033 0205090 0684010 2603358
 0036397 0025141 1880278 0369773 2603361 2603360
 0597277 1708601 0582525 0369637 0441923
 2603360

 0036397 0025141 0044577
 0871161 1292721 0027836 0007634 1087003 3282337 0439267 0439482 0439394 1706495 3642217 1710443
 0439394 1706495 3642217
 0027910 1552241 1555991 0025141 0369773 2603361
 1422556


 0025141 0080045
 2603362
 2603362




 0025141
 0205090 0684010 2603358 0402830



 0025141 0331964 2603362
 2347469
 0597277 1708601
 0369718 0441922 1553036
 0597277 1708601 0597277 1708601
 0369637 0441923


 0201682
 0315755 0597277 1708601 0597277 1708601 0369637 0441923


 0369718 0441922 1553036 0033727 0369286 0441932 0564385
 2347469
 0033727 0369286 0441932 0564385
 0027960 0324740 0439189 1456781 1824986
 0007634 1269647 1704653 1948049

 0000857 0600678 1552863 0439394 1706495 3642217 0369773 2603361 0369773 2603361
 2603360
 2347379 0028606
 0450348 0000857 0600678 1552863
 0443013 0369718 0441922 1553036

 0029016 0025141 0439394 1706495 3642217
 2347469 0033727 0369286 0441932 0564385
 3591129

 0021966 0221138
 0439394 1706495 3642217
 0033727 0369286 0441932 0564385
 0027960 0324740 0439189 1456781 1824986
 0007634 1269647 1704653 1948049

 0025141 2603360 2603360
 1418943

 0268596 2700624
 3642273
 0041703
 0000857 0600678 1552863
 0369637 0441923
 0040833 1521798
 3642273
 0025141 0014511 0086809 1547963
 1708595 3280986
 0007634 1269647 1704653 1948049 0025141 0439070 1705160 0442989 1553033 0872909 0885001 0205090 0684010 2603358 0582525 0369637 0441923


 0036397 0025141 0439394 1706495 3642217
 0239971 2603360


 0201682

 0205090 0684010 2603358
 0369773 2603361 0452875 1123019 1145701 3496086 0369718 0441922 1553036 0369637 0441923
 0205090 0684010 2603358 0205090 0684010 2603358
 0033727 0369286 0441932 0564385
 0349590 1262865 0025141 0205090 0684010 2603358
 0369773 2603361
 0205090 0684010 2603358

 0369773 2603361 0033727 0369286 0441932 0564385
 0369773 2603361 0205090 0684010 2603358
 0439267 0331964 2603362
 0439267 0332583 0369637 0441923
 0205090 0684010 2603358 0205090 0684010 2603358
 0033727 0369286 0441932 0564385
 0349590 1262865 0025141 1006301
 0369773 2603361 0016327 0439133 1553038
 2603360 0369637 0441923
 0349590 1262865 0025141
 0033727 0369286 0441932 0564385 0369637 0441923
 0007595
 0439086 2827736 2981702 0000857 0600678 1552863 1706469 1706470
 0369773 2603361 1332417
 0439267


 2347469 0005595 2603360
 0079382
 1706469 1706470
 0369773 2603361 2603362
 0597277 1708601


 0201682
 0439267
 2603360 0597277 1708601 0369637 0441923

 0369637 0441923

 0033727 0369286 0441932 0564385 0369637 0441923

 2347379
 0000857 0600678 1552863 0016327 0439133 1553038
 0205090 0684010 2603358 0205090 0684010 2603358
 0443030

 0554249
 0597277 1708601
 0442711 0037683 0027976 0037455 0205314 0596070 0005477 0026376 0005532 1521991