 0033727 0369286 0441932 0564385
 0022877 3244292 0035168 0242481 1955973 0017429 0035172 0017428 0021622 0035168 0086418 0242481 1272753 2338314 3245503 0041703 1514756 0439234 0439509 1444637 0035168 0242481 1514578 0543488 0449379 1516998 0027934
 0021399 0041432 0681000 0041427 0205173 0205250 0871208 1299351 1521828 2700149 1555671 0683954 0150312 0947630 1547282 1883351 0205412 0205258 1629507
 0332185 0678953 1521761 2827422 0205172 0750489 0241889 1705495 0015576 0019664 0019665 0262512 0262926 1704727 1705255 2004062 0850664 0035648 0050325 0679238 0960756 1281905 0035647 1521761 2827422
 0750489 0557651 0947630 2603343 0348078 0376315 1522492 0030664 1521733 0035168 2987583 0205708 0333468 1704711 0020663 1280712 0019564 0949582 1029104 1284077 0017068 0004388 0017067 0162435 0037361 0439826 1185740
 1332838 0017337 0023745 0449445 1292724 0015576 1704727 1518422 0035397 0424972 0015576 1704727 0085200 0242821 1995017 1332838 0017337 0285890 1420276 0165073 0439095 2003941 2350010 2982691
 0017337 2700640 0038164 0033684 0030935 0030956 0332255 1708096 0205309 1883351 0729650
 0020792 0205396 1420276 2983377 1537647 2985256 0017337 0285890 0015576 1704727 1705535 1264633 1554103 0085200 0242821 1995017 0459424 1274040 1546471 2825142 0521102 0597297 0597304 0860902 1623036 0033684 0205307 0243125 0439166 0699900 2347086 0243107 0332152 0678723 1522538 1527148 2754100 0007587 0007634 0011065 1269647 1306577 1704653 1948049
 0441712 1314939 0026882 0330390 0439096 2004068 0002716 0011560 0611285 0596611 1416989 0017337 0026882
 0030567 1521736 2681933 0012634 0205435 1279901 1552738 2827734 2981698 0439234 1515981 0011900 1704338 1704656 0205447
 0012634 0205214 1522138 3245511 0041703 1301808 0166872 0740116 2827735 2981700
 0035647 0040223 0376558 3541383 0439509 2827734 2981698 1881534 0524851 0012634 0277555 0002395
 0439234 0237426 0004448 0019266 0220848 0243107 0678723 1527148 0237753 0449788 0332185 0243064 0017296 0035168 0242481 0314603
 1521761 2827422 0332268 1832428 0348078 0376315 1518422
 0004271 0036378 0036375 0205447 0205476 0599518 0019994 1510665 0332490 0332268 0243161
 1274040 1546471 2825142 0035168 0242481 1832428 0348078 0376315 0205397 1883351 0522501 2987476 1518422 0237400 3272377 0439851 1947931
 1512612 0023882 0700321 2700395 1880177 0282476 1096782 0041427 0205173 0205549 0947630 2348044 0442759 0439086 2827736 2981702 0681757 0231175 1883351 0680240 0871208 1521828 0041429 0220761 0041427
 0205436 0457385 0565930 1561503 1705190 0392360 0015264 1518422 0035820 1705810 0683954 1274040 1546471 2825142 1517892 1704666 0042776 0521026 0027934
 0009462 0035168 0242481 0542479 0015264 0205234 1285542 0349590 1262865 0871974 1280500 0039869 1883351 1273518 0012634
 1615608 0014040 0332281 0014038 0543419 0042769 0009450 0521026 1552961 2347617 0015127 0205164 1524003
 0237881 0750502 0442821 1552961 2347617 0035173 1705535 1551338 0206194 1615608 0580836 0011065 1546956
 0183683 1521721 0243132 1554210 2745955 0220912 0220913 0311392 0021485 0013164 0086190 0392877 0205279 2349974 2945751 0740116 2827735 2981700 0439086 2827736 2981702
 2945751 0740116 2827735 2981700 0439086 2827736 2981702 0870883 2698672 1167290 2363240 2244392 0013846 2245017 0005528 0013852 0021966 0221138 0337112 0439855 0521102 1317949 1524075 1704241 3463986 3495449 0007634 3282337 0332157 1512035 0027882 0010957 1883709 0333668 0242606 0038435 0311404 0740116 2827735 2981700
 0243010 0014038 0040549 0740116 2827735 2981700 0439086 2827736 2981702 0038590 1269578 0681758 0205397 2986904 0015127 1314792 0237426 0015264 0205090 0684010 2603358


 1274040 1546471 2825142 0521116 0035168 0242481 1292732 0035820 1705810 0596609 0596610 0014406 0017337 1704675
 1707391 0015127 1314792 1524003 0402118 1516084 0220781 1883254 3641102 1511726 3245479 0205146 0035168 0332285 2987583 0439660 0000768 0000769 0678227 0243067
 0023745 1332838 0004083 0439849 0596306 0699792 1273305 0017337 0557651 0947630 2603343 1547699 2700640 0013227 0014442 0014445 1254351
 0439070 1705160 1517519 0017428 0034606 0441633 2338314 2826292 0017337 0015576 1314939 1704727
 0332185 0017399 0030567 1521736 2681933 0019247 0012634 0017296 0282443 0314603 1552617 0034037 1704324
 0031437 1285572 0017398 0017399 0205146 1550452 1704788 3539107 0205447 0015450 1281591 0402118
 0332140 0011900 0205210 1704338 1704656 1883351 0871968 0030705 0199236 0870545 0015576 1704727 1858576 0679225 1314792 0012634
 1272684 1548435 0426980 0683368 1457887 0242422 1274040 1546471 2825142 0031847 0277785 0027882 0013030 0175412 0032405 1414437 3283876 0038590 1269578 0015127 1314792 1524003
 0348078 0376315 1522492 0332218 2827447 0017296 0314603 0449445 0557651 2603343 0027365 1547383 0444504 2347634 2348143 1551338
 0871685 1550470 0011900 1704338 1704656 0037088 0243095 1527178 1705938 2825141 0205448 0220912 0220913 0311392 0012634 0040822 1963252 0233565 0026837 0700109 1843921 1444783
 0332183 0205397 1518422 0750591 0679228 0243161 0011265 0497327 0243067 0013363 1145628
 0012634 0205329 1298634 0332162 0700597
 0557651 2603343 0030705 0205449 2825406 2986716 0206243 0011900 1704338 1704656 0237426 0012634 0521093 0004398 0750484
 0557651 2603343 0679228 0243161 1881534 0205172 0035853 0995005 0233535 0680864 1321095 1705648 2347093 2348338 0036667 0312418 0427965 1511883 1522640 2346484 2349185 0450387
 0334903 1883351
 0752347 0085200 0012634 0205219 0242821 0460148 1268086 0085200 0242821 0460148 1268086 0205708 0010834 0521449 1512693 0681748 0027365 0439659 0719214 1273723 0006104 0150312 1269537 0017446 0205147 0038590 1269578 0027882 0007610 0006121 1306665 0006104 0242767 1186763 1269537 0020663 1280712 0019564 0949582 1029104 1284077 0206250 0682693 0027882 0014876 0545823 1278919 1516966 0017189 1281182 0521362 1185740 0007776 1176472 1998882 2700441
 0085200 0242821 1995017 0332183 0442824 0006104 0030705 0150312 0184532 0205419 0439793 2983285 1280464 0205319
 0030705 0206243 0011900 1704338 1704656 0004398 0030705 1518422 0085200 0242821 1995017 0150312 1518422 0015127 1314792
 0392148
 0348078 0376315 1522492 0085200 0205309 0205419 0242821 0460148 1268086 1552738 0085200 0242821 1995017 0006104 0007776 0150312 1176472 1269537 2700441 0333463 2936349 0085400
 0332149 1705910 2362652 0234131 0031847 0277785 1521970 0015576 0241888 1527178 1874451 0030660 1184743 1522240 0005516 0085200 0242821 0460148 1268086 0282443 1709940
 1707959 0752347 0085200 0012634 0205219 0242821 0460148 1268086 0332257 1552866 2700399 0008630 1283195 0752098 0242422 0332281 0011265 0497327 0013421 0393593 0234410 0424296 0008633 1520768 1839130 0241764 0013421 0242422 0393593 1517892 1704666
 0442825 0205170 1704788 3146287 3539106 0678236 0277558 0012634 0220912 0220913 0311392 0012634
 0868928 1706255 1706256 0242422 2945751 0740116 2827735 2981700 0439086 2827736 2981702 0040539 0600688 0030664 0205469 0677042 1518422 0205178 0205397 2945751 0740116 2827735 2981700 0439086 2827736 2981702 0274281 0332157 0026447 0028423 0028609 1513854 0205191 2945751 0740116 2827735 2981700 0439086 2827736 2981702 0001554 1533734 1512693 0003062 0006104 0684224 0700287 3496591 0450348
 0439234 0237426 1883351 1272684 1548601 0012634 0012634 0444598 0549183 1552826 1709305 2745955 0700597 0030664 0205469 0677042 0752347 0085200 0012634 0205219 0242821 0460148 1268086 1513492 1705994 0027854 1280464 0205319
 1285529 0282443 1552617 0019247 0012634 0017398 0017399 0205214 0348078 0376315 1522138 1522492 1880310 2003864 3245511
 0872180 0870545 0014507 0014508 0017296 0314603 0699910 1441672 0719214 0030705 0684224 0700287 3496591 1883351 0241889 1705495 0015576 0019664 0019665 0262512 0262926 1704727 1705255 2004062
 0449237 0242485 0080103 0522476 0030705 1881534 0332218 0011900 1704338 1704656 0019664 0019665 0262512 0262926 1705255 2004062 0237677 0332268 1846355 2827666 1514873 1881534 0011900 1704338 1704656 0080103 0684224 0700287 3496591 1883351
 0681757 1880177 0039869 0750558 1710571 0205549 2348044 0231175 1883351 0680240 0041429 0220761 0041427 0442759 0439086 2827736 2981702
 1552961 2347617 0439787 0849355 0947630 0237753 0449788 0557651 2603343 0488649 0807155 0449238 2926735 0183683 1521721 1548437 2700401 1880177 0205412
 0038590 1269578 1512035 0027882 0031843 0282151 0542341 0700205 1705273 0683368 0745777 1457887 1709305 2745955 0290627 0205171 0439044 0679994 0332268 1881534 1148554 0237677
 0332120 1261322 1516634 0220825 0680240 0237677 0032743 1524063 0032744 0040395 0040405 0042153 0233929 0457083 1947944 2349995 0079809 0242485 0243144 0347980
 0680240 0871208 1521828 0205217 0442805 0243144 0347980 0038590 1269578 1524063 0011900 0031847 0277785 1273517 1704338 1704656 1709630
 1274040 1546471 2825142 0332268 0282476 1096782 0947630 0205258 1274040 1546471 1629507 2825142 1555671 0969625 3266812
 0205172 0332185 0237753 0449788 0449445 1292724 2348561 0032659 0557651 1257890 2603343 0034037 1704324 0150312 1883351 0183683 1521721 1880177
 0007328 0085973 0872128 0243148 0868928 0947630 1550141 1706255 1706256 1882979 2587213 3274648 0241889 1705495 0015576 0019664 0019665 0262512 0262926 1704727 1705255 2004062 0150312 1883351 0035648 0035647 1521761 2827422
 0199236 0947630 0439178 1446409 1514241 2825490 0030705 0150312 0242492 0035647 0080103 0205345 1547039 1518469 0030705 1514721 2348147 3542016
 0443228 0947630 0376249 0439603 0871396 1561548 1705502 1518469 0444502 0205212 0376249 0439603 0871396 1561548 1705502 1518469 0444502
 1516084 0376554 0035820 1705810 0014272 0025519 0025520 0424589 0542479 1442080 0678227 0012634 0040539 0600688 0740116 2827735 2981700 0439086 2827736 2981702 0035168 0242481 0040594 0205448 2348042 2826345 1819716 0000768 0000769 0017428 0026237 0521451 2338314 0233426 0023745 0025663 0025664 0449851 1524063 0032529
 0342776 0011155 0162429 1623416 0282443 1709940 0038590 1269578 0684224 0700287 3496591 0026845 0005773 0229664 0439509 0030705 0000768 0000769 0205225 0439631 0175668 0277555 0027627 0205436 0439673
 1819716 0017428 2338314 1555578 1706081 0002778 0936012 1524024 0005767 0005768 0229664 0006104 1269537 0231175 1883351 0443289 0439660 1442161 1511760 1880274 0001779 0005767 0005768 0150103 0229664 0243148 1550141 1707455 1708943 1882979 2587213 3274648 0370003 2347026 0282443 1709940
 0947630 1705535 0004083 0439849 0596306 0699792 0242618 0456389 0700321 0598312 1883725 0549178
 0700364 1883351 0000768 0000769 2245017 0021966 0221138 0439855 1704241 0035820 1705810 0026882 2315666 1705285
 1314939 0027934 0035168 0242481 0205419 0439851 1947931 0013227 0014442 0014445 1254351 0027361 0237401 0336535 0450442 1254351 1521826
 0004083 0439849 0596306 0699792 0557651 0947630 2603343 0032529 0205234 1285542 0013227 0014442 0014445 1254351 0017337 0059735 0679058 2700640 0010762 1149063 0010798 0534137 1325304 0057223 1332830 1332830 0017337 0057223 0679058 2700640 0026455 1417001 0026454 2825075 0242417 0599682 0014442 0014445 0025627 0026455 0679058 1417001 2700640 0026456 1417002
 0947630 0242568 0332284 1504315 1514983
 0449786 0349590 1262865 0017431 1514873 1883351 0023636 0329040 1524063 0042153 0457083 1947944 0004083 0439849 0596306 0699792 1548671 0470187
 0237753 0449788 0004083 0439849 0596306 0699792 1708726 1547699 2700640 0010762 0014442 0014445 1149063 0026454 2825075 0242417 0599682
 0022341 0035268 0032529 0332255 0443288 1444754 1706316 1708096 1882417 0150312 1883351 0332281 0332462 1880834 0332167 3272283 0035647 0205250 1299351 2700149 0019425 0332462 1880834 0442749 0205250 1299351 2700149
 0004083 0439849 0596306 0699792 1332830 1273305 0017337 0057223 0557651 0947630 2603343 0443289 0035647 0205217 0442805 0277793 0332162 0001779 0032659 1257890 0004083 0439849 0596306 0699792 0041703 0205397 1301808 0370003 2347026
 0018591 0150312 1883351 0332462 1880834 0205214 1522138 3245511 1707455 0243148 1550141 1882979 2587213 3274648 0018591 0332462 1880834 0205214 1522138 3245511
 0004083 0026456 0150312 1417002 1708726
 1511726 3245479 0183683 1521721 0004083 0439849 0596306 0699792 1708726 0019664 0019665 0262512 0262926 1705255 2004062 3645562 0598312 1883725 0332218 0681867 0947630 0439544 1272684 1548435 1704787
 0004083 0439849 0596306 0699792 0052201 0003595 0002085 0003591 0205087 0332162 0543488 1292732 0004083 0439849 0596306 0699792 2987476 0011265 0497327 3642141 0002085 0052201
 0205448 0947630 0231175 1883351 1547282 0004083 0439849 0596306 0699792
 1316572 1317574 1369612 0557651 2603343 0243095 0004083 0439849 0596306 0699792 0205419 1517331 0183683 1521721 1512612 0205419 0012634
 1880177 0150232 0183683 1521721 0752347 0085200 0012634 0205219 0242821 0460148 1268086 0178491 0443147 0439660 0596142 0599883 1527180
 0524899 0700364 1883351 0001779 0851827 1701901 3244310 1279919 0700597 0001779
 0205447 0015576 1704727 0557750 0022277 0796345 0002778 0023745 0936012 1524024 0683607 0017337 0752347 0085200 0012634 0205219 0242821 0460148 1268086 1276871 1521380 0449721 0008667 0575519 0814036 3540819 0008633 0205166 0446516 1269078 1269612 1706317 0024779 1706473
 0947630 1283195 0011008 0034037 1704324 2348077 0947630 1332838 0017337 0684224 0700287 1883525 2346866 3496591 0030761 0443147 0678944 0678942 0242538 0728826 1527180 0085200 0242821 0439178 0460148 1268086 1446409 1514241 2825490
 1316572 1317574 1369612 0679106 0015576 0205397 1704727 0079411 0392760 1314939 0242568 1504315 0015576 1704727 0450382
 0449335 0025663 0449851 0871511 0231175 1883351 1547282 0332120 0598429

 1420276 2983377 0285890 1334087 1537647 2985256 0004793 0015295 0017337 0162326 0162327 0165073 0439095 1519249 2003941 2350010 0027361 0237401
 2347469 0002085 0004793 0015295 0162326 0162327 0596988 1519249 0027361 0237401 0030567 1521736 2681933 0012634 0392760 1314939 0598429
 0336721 0439267 0332294 0599155 0026882 0040005 0678226 1705285 0733755 0033684
 0030351 1547566 0034037 1704324 1705535 0443147 0599155 0026882 1705285 0015127 1524003 0033684 0392747 0443172 1705241 0597237 1998468 0243178 0871161 1292721 0311448 0033684 0205161 0332152 1522538 2347472 2699333 2754100 0011065 1306577
 1512571 1948052 1514756 0183683 1521721
 0008630 1283195 0030761 1705535 0237753 0449788 0017446 0205147 0024779 1706473
 0205447 0285890 1420276 0165073 0439095 2003941 2350010
 0033684 0025252 1325748 0025255 0033684 0596901 1706182 0205396 1550043 1551388 2700640 0030956 0027365 0285890 1420276 2983377 1518422 0330390 0439096 2004068 0449432 1705248 0205409 0333463 1548221 0450385
 1294197 1553778 1561491 0027361 0237401 0598429 0349966 1337208 0443289 0680022 0019425 0001898 0040005 0015576 1704727
 0599155 0026882 1705285 0870545 0015576 0079946 0150312 0205449 0337806 0439659 0445356 1524062 1550512 1704623 1704727 0332197 2699517 0032662 0032659 1257890 0332257 0008633 0034656 0439605 1301820 0243148 1550141 0017446 0205146
 0332120 0026882 1705285 0015127 1314792 1524003 1527178 1705938 0037088 0243095 2825141 0026882 1705285 0037088 0243095 2825141 0332197 2699517
 0556981 0026882 1705285 0015127 1314792 1524003 0012634
 1316572 1317574 1369612 0033684 0205396 1550043 1551388 0085200 0242821 1995017 0085200 0205419 0242821 0460148 1268086 0332257 0041538 0085151 0078939 3538722 1750295 2362547 1456454 0033665 2825879 0002716 0011560 0033684 0330390 0439096 0611285 1709634 2004068
 0011008 2348077 1511726 3245479 0085200 0242821 1995017 0332256 2700400 0030956 1441547 3245521 0285890 1420276 0165073 0439095 2003941 2350010
 0543488 1883351 1316572 1317574 1369612 0285890 1420276 2983377 0285890 1420276 0165073 0439095 2003941 2350010 0033684 0425382 0026377 0205309 0034656 0439605 0444764 1413568 1705946 0021135 1533691 2827718
 1880389 1883221 3541951 0033414 0872079 0033684 1704675 1881534 0021135 1533691 2827718 0450387
 1880355 0285890 1420276 0165073 0439095 2003941 2350010 1705285 0033204 0205250 1299351 2700149 0243107 0678723 1527148 0015576 1704727 0012634 1705535 1704258 0311448 0026377 0392747 0443172 0301641 1514570 1709694 0441471 0332152 1522538
 0441712 1706376 1564139 0007634 0033684 0178539 0596988 0872078 2825879 0002716 0011560 0611285 0450388 0678227
 0016884 0333051 2347509 0205234 1285542 0543488 0695669 1274040 1546471 2825142 1292732 1880177
 0392747 0443172 1705241 0205234 1285542 0439659 1883351 0004897 0016767 1509510 3255628 0439849 1705630 1706279 3540605 0752347 0085200 0012634 0205219 0242821 0460148 1268086 0019247 0012634 0014507 0017296 0184511 0314603 0332152 0332272 1261322 1522538 1561611 0020792 0205396 1136375 0449774 0443147 0020792 0205396 0017337 0599155 0026882 1705285 0033204 0205250 1299351 2700149 0243107 0678723 1527148 0012634
 0035168 0242481 1948052 1551084 2937256 1883351 0439659 1883351 1522634 0030705 0030567 1521736 2681933 0012634
 1514811 1706462 1021144

 0443013
 0023973
 0033727 0369286 0441932 0564385
 0521447 0019247 0017398 0017399


 0325074
 0722969 0205090 0684010 2603358
 0282476 1096782 0557651 2603343
 0027855 0450355
 1305702 1547134 2355574 0012358 1553033 0722969 0205090 0684010 2603358 2347469
 0030567 1521736 2681933 0012675 0012634 0034373 0036849 1442518 1515981 1705195
 0027855
 0205090 0684010 2603358
 0026538 0680240 0871208 1521828 0041427
 0027855
 1305702 1547134 2355574 0012358 1553033 0722969 0205090 0684010 2603358 2347469
 0012675 0030567 1521736 2681933 0012634
 0001483
 0439509
 0012358 0012764 1444662 1512015 0073187 0205090 0684010 2603358
 0699910 0030567 1521736 2681933 0012634 0014507 0014508 0557651 0947630 2603343 0002783
 2826298



 0439267 0033727 0369286 0441932 0564385 0016327 0439133 1553038 0369637 0441923
 0242422 0175668 0027627 0205436
 1306597
 2347379 2827734 2981698
 0369773 2603361 0021966 0221138
 0242422 1514468 1704444 0220781 1883254
 0036397
 0016327 0439133 1553038 0335076
 0162340 0235032 0441712 0725066 2945751 0740116 2827735 2981700 0439086 2827736 2981702 0600686 0205198 1706082


 0369773 2603361
 0019247 0679238 0017296 0314603

 0599851

 0562547 3160718
 0451119 1444662
 0860630
 0061878 1415380 3538708 2827734 2981698
 0722969
 0725066
 0001483
 0450388 0439509
 1551730 1510707 1510707
 1521970 1706388 2346469 2348519 0598285 0443131 0030567 1521736 2681933 0012634 0557651 2603343 0042789 1947903 0282411 0947611 1705247
 0027855
 0282417 0027855 0700364 0597277 1708601
 0752347



 1551730 1510707 0439394 1706495 3642217 1510707
 0598285 0443131 0085973 0030664 0557651 1521733 2603343 0551718 0042789 1947903 0282411 0947611 1705247



 0033872 0033873 0450382
 0205090 0684010 2603358 2603360 0039736 0439394 1706495 3642217 0439394 1706495 3642217
 0332120 0205419 0085200 0205419

 0033727 0369286 0441932 0564385 0033727 0369286 0441932 0564385 2603360 0033727 0369286 0441932 0564385 0597277 1708601 0205090 0684010 2603358 0033727 0369286 0441932 0564385 2603360 2603362
 0008630 0475264 1744691 0348078 0376315 1522492 0441748 0752105 0242422 0008662 0008633



 0325074
 0597277 1708601 0369637 0441923 0030360 0439267 0016327 0439133 1553038 2603360 0205090 0684010 2603358 0016327 0439133 1553038
 0008630 0475264 1744691 0752098 0242422 0011265 0497327 1520768

 0027960 0324740 0439189 1456781 1824986
 0325074 0439084 0728893
 0439267 0021966 0221138 0026405
 1516050 1839130 0017446 0205147 1511491 1520183 1520182



 0325074
 2603360 0369637 0441923 0439267 2603360
 0475264 1744691 1520768



 0325074 0450382
 0205090 0684010 2603358 1510707
 0002808 0700276 1384516 0031911 1704448 1257890 0007587 0007634 0011065 1269647 1306577 1704653 1948049



 0033872 0033873
 0439394 1706495 3642217 0021966 0221138
 0026019 2984656 0013852 0026018 3463986 0017446 0205147
 1707455 2945751 0740116 2827735 2981700 0439086 2827736 2981702 0036055 0026447 0087017
 0001483
 0450388
 0439394 1706495 3642217 0021966 0221138
 2348205 1705241 1705242 0740116 2827735 2981700 0439086 2827736 2981702 0242422 0030567 1521736 2681933 0012634
 0518609
 0001483

 0522501 0033727 0369286 0441932 0564385 0073187 1122976 3265310 0021966 0221138 0722969
 1883073 2827424
 0001483
 0450388
 0722969 0439267
 3489791 0242422 0332120
 0006119 1521733 0740116 2827735 2981700
 0439267 0205090 0684010 2603358
 0282476 1096782 0947630 0019247 0017398 0017399
 0439084 0728893
 0033727 0369286 0441932 0564385 0439114 0597277 1708601 0016327 0439133 1553038
 0013030 1857276 0030567 0039082 1558916
 0543482 1707520


 3642273
 0006434 1550619 0073187 0073187
 0030567 1521736 2681933 0012634
 0012630 0010992 0002778 0031843 0542341 0700205 0936012 1524024 1705273 0558024
 0230467 0741204

 0006434 1550619 0073187 0522501 0033727 0369286 0441932 0564385 1708595 3280986 0722969 0012358 1553033 0073187
 0012675 0030567 1521736 2681933 0012634 0013023 0557651 2603343 0032743 0032744 0040395 0040405 0233929 2349995
 0027855
 0597277 1708601 0033727 0369286 0441932 0564385 1004157 2347469 0439394 1706495 3642217 0205090 0684010 2603358
 0030567 1521736 2681933 1281905 0012634 0035647 1518469 0557651 2603343
 0027855
 0369718 0441922 1553036 0369637 0441923 0439267
 0277558 0030567 1521736 2681933 0679560 0796344 0002778 0936012 1524024 1274031



 3642273
 0016327 0439133 1553038 0369637 0441923 0439267
 0205210 2827447 0199236 0085973 0557651 2603343


 3642273
 0033727 0369286 0441932 0564385 0597277 1708601 2603362
 1281905 0035647 0205217 0442805 0277564 0030551 0037047 0042789 1947903 0282411 0947611 1705247


 2346751 0369637 0441923 0033727 0205090 0369286 0441932 0564385 0684010 2603358 1708595 3280986 0522501 0033727 0369286 0441932 0564385 0021966 0221138 1122976 3265310 0021966 0221138 0439267 0722969
 2827447 0008972 0557651 2603343 0332120
 0027855
 0439267 0205090 0684010 2603358 0439267 0205090 0684010 2603358 0439267 1028978 1079552 0439267
 2827447 0557651 2603343

 0450347
 0439267 0439267 1417032 0439267 0205090 0684010 2603358 1028978 1079552 0439267
 0014406 0814299 0850664 0035648 1553898 0679238 1521761 2827422 0007328 0872128 0085973 0243148 0557651 0868928 1550141 1706255 1706256 1882979 2587213 2603343 3274648
 0450348
 0439261 0205090 0684010 2603358 0326954 0331925 0012358 0012764 1444662 1512015 0073187
 3553599 2678110 0243067 0042789 1947903 0282411 0947611 1705247


 0016327 0439133 1553038 1553033
 0205177 0439167 0441655 1561536 0231484 0030705 0030567 1521736 2681933 0012634 0042789 1947903 0282411 0947611 1705247
 0027855
 2349138 0369637 0441923 0335912 0033727 0369286 0441932 0564385 0012358 1553033
 0006104 1269537 0242692 1280260 0026845 0037253 0521324 0920267 1254881 0031843 0542341 0700205 1705273
 0006104 1269537
 0369718 0441922 1553036 0205090 0684010 2603358 1915092
 0597391 0243102 0014442 0441655 0030705 0030567 1521736 2681933 0012634
 1315013
 0201682
 0205090 0684010 2603358 0369773 2603361 0369718 0441922 1553036 0439267 0444649
 0032529 1882417


 3642273
 0678579 1512018 0369637 0441923 0369637 0441923 0016327 0439133 1553038 2603362 0016327 0439133 1553038 2945617 1553033 1706469 1706470 0369637 0441923 0205090 0684010 2603358
 0205419 0012929 1819717 0002395 1521724 0012634 1441672 0030705 0030567 1521736 2681933
 0887950
 0678579 1512018 0369637 0441923 3536909 0033727 0369286 0441932 0564385 0016327 0439133 1553038 0073187 0331925 0012358 0012764 1444662 1512015 0073187
 0162802 0162326 0162801 0200898 0002778 0004793 0162327 0936012 1519249 1524024 0030705 0030567 1521736 2681933



 0325074
 0205090 0684010 2603358
 0022885 0392366 0004083 0439849 0596306 0699792 0282412



 0325074
 0016327 0439133 1553038 0450955 0443037 0369718 0441922 1553036 0021966 0221138
 1328885 0004083 0439849 0596306 0699792 0012655 0220898 1264642 1547045

 0599851

 1704351 2239486
 0061878 1415380 3538708
 0439493 1513009 0369637 0441923 0335730 0597277 1708601 0718133 0073187 0205090 0684010 2603358
 0017270 0439603
 0027855
 0369637 0441923 0012358 1553033
 0678951 0032529 1882417



 0033872 0033873
 0086903 2827790 0439267 1553033 0057717 1706341
 0205419 0035648 0035647 1521761 2827422 0030567 1521736 2681933 0012634

 1832110 0439394 2603362 2347469
 0557651 2603343 0030567 1521736 2681933 0012634


 0033727 0369286 0441932 0564385 2346751 0369637 0441923 0369773 2603361 0700321 0035853 0718133 0369637 0441923
 0178602 0869039 1114758 1281905 0035647 0015576 1704727
 0036397
 0302302 0016327 0439133 1553038 0402644 0554249 0439417
 0017270 0376249 0439603 0871396 1561548 1705502 0007328 0085973 0872128 0243148 0557651 0868928 1550141 1706255 1706256 1882979 2587213 2603343 3274648 0679245 0030567 1521736 2681933 0012634



 0033872 0033873
 0012358 0012764 1444662 1512015 0073187 1553033 0205090 0684010 2603358 0439267 0043217 0033727 0369286 0441932 0564385 0033727 0369286 0441932 0564385 0439114
 0017431 0030567 1521736 2681933 0012634 0027809 0494463 0002395 1521724 0012634
 0027960 0324740 0439189 1456781 1824986
 0182400
 0597277 1708601 2347469 0205090 0684010 2603358 0369637 0441923 2347469 0205090 0684010 2603358 2347469 0016327 0439133 1553038
 0015576 1704727 0015576 1704727 0752098 0443147 0073187 0242422 0596142 1527180
 0027855
 0043047 0033727 0369286 0441932 0564385 1553033 0402830
 3489791 0752098 0242422


 0073187
 0679106
 0027855
 0021966 0221138 0439267 0439267 2346751 0369637 0441923 0722969
 0679560 0796344 0002778 0936012 1524024 0598429

 0439509

 3489791 0030567 1521736 2681933 0277558 0012634 1547282 0679106 1837352 0332162


 0325074
 0033727 0369286 0441932 0564385 0597277 1708601
 0600498 0019247 0017296 0314603 0679106
 0027855
 0033727 0369286 0441932 0564385 0021966 0221138 0439267 0328104 1415875 2826366 0439267 0439267 2346751 0369637 0441923 0205090 0684010 2603358 0722969
 0008630 1283195 0030567 1521736 2681933 0012634
 0036397
 2603360 0597277 1708601 0439394 1706495 3642217 0205090 0684010 2603358 1553033 0016327 0439133 1553038 2347469
 0023745 0017296 0314603 0752098 0443147 0242422 0557651 0596142 0947630 1527180 2603343 0220825 1261322


 1210080 0205090 0684010 2603358 0597277 1708601 0033727 0369286 0441932 0564385 2346650 0369637 0441923
 1518340 0332120
 0027855
 2603362
 0243071 0041427 0205173 0030567 1521736 2681933 0012634 0557651 0947630 2603343
 0027855
 3538705 0369718 0441922 1553036 0439394 1706495 3642217 0144237 0033727 0369286 0441932 0564385 2603360
 0611285 0085151 3538722 1955168 0002722 0078939 1179435 0033665 0038164 1456454 1750295 2362547 0033684 0038164 0033684 0027759
 0027882
 0597277 1708601 0033727 0369286 0441932 0564385 0718133 0073187 2603360
 0009017 0009015 1547699 2700640 0449432 1705248 0002395 1521724 0012634
 1418943

 0268596 2700624
 3642273
 0041703 0439083 0439087
 2603360
 1440087 0449432 1705248 3538756
 0005477
 0033727 0369286 0441932 0564385 1553033 0328104 1415875 2826366 0014878 0522667 0730321 2347469 0040452 0242726 1318154 1705917 0033727 0369286 0441932 0564385 0205090 0684010 2603358 2603360 0439267 2346751 0369637 0441923 0439267 0021966 0221138 0205090 0684010 2603358
 0596611 0026882 1705285 0015576 0205396 1550043 1551388 1704727 0030567 1521736 2681933 0012634
 0036397
 0439493 1513009 0369637 0441923 0073187
 0030664 0205469 0677042 0005532


 1417055

 0033727 0369286 0441932 0564385 0597277 1708601 0369773 2603361
 0285890 1420276 2983377 0033684 0002395 1521724 0012634 0013621 0023185
 0005477

 0017337 0750901 0679245 0002395 1521724 1833334 0012634 0332162 1279919



 0000857 0600678 1552863 0282413 0376649 1442065
 0254343 0796520 3272379 2827734 2981698
 0085205 1549619 1880669 2827734 2981698
 0013849 1705961 1419208 1704732 1314677
 1418664 1419968 1517741 1826261 1519814 0450348
 1292711 0449719 1709471
 0041740