 0040649 1332589 0598312 1328870 1817262 0597295 0220781 1883254 0443058
 0030664 0205469 0677042 0475309 0018684 0036397 0039711 0041740 0205099 0565990 1549054 1552471 0042610 0205099 0205476 1826357 0017398 0017399 0021622 1272753 0557061 2584313 1514811 1706462 0053932 2610491 0033684 0262950 0391978 1266908 1266909 0026559 0032214 0600138 0035820 1705810
 1280500 2348382 1537045 0031327 1524059 0441712 1706376 0022646 0227665 1278978 1514845 1518422 0557651 2603343
 1292732 1280500 2348382 0680022 2698041 0086982 0037080 0037083 1160185 1704259 1705987 1710082 0032200 0018284 1979795 0005821 0018270 0205263 0220844 1441547 1521761 1621966 2827422 2911660 3245521 1512199
 0032200 1979795 0018284 0005821 0018270 0220844 1441547 1521761 1621966 2827422 2911660 3245521 0018270 0220844 1621966 2911660 0007620 0038952 0220921 1521761 2827422 0021135 1533691 2827718 1515655
 0086045 0527443 1332424 0311403 0598312 1328870 1817262 0220781 1883254 0032200 1512045 0021467 0021469 1628982 3463820 0439526
 0390431 0206364 1334306 0072482 0919487 1261356 0033681 0255618 0005507 0031727 0041485 0243073 1510438 0227651 0007634 0301871 3282337 1881488 0032200 0018284 0332293 1979795 0005821 0018270 0220844 1441547 1521761 1522326 1621966 2827422 2911660 3245521 1547282 1301751 1280500 2348382 1519726 0031715 1158886 0071253 0032200
 1511701 0021467 0021469 1628982 3463820 0678226 0332148 0441471 0750492 3146286 3541888
 0527443 1332424 0311403 1149472 1150579 1150527 1537044 1150423 0209089 0040648 0040649 1521761 2827422 0449432 1705248
 1524063 0005507 0243073 0335038 1510438 1522485 1705915 1709908 1547282 0527443 1332424 0028778 0332206 1533157 1706084 2828370 0040649 0071241
 0527443 1332424 0018790 0237477 0392351 0521111 0812327 0040648 0040649 1521840 2986546 0348078 0376315 1522492 0439855 1704241 1515877 1879547 0969709 0600508 0013879 0229671 0871261 1546774 1550100 1704632 1705248 1706817 2911692
 1511726 3245479 1999230 0332120 0227651 0007634 3282337 2986468 0600118 2828360 0441471 3541888 0018790 0237477 0392351 0521111 0598312 1328870 1817262 0220781 1883254 0032200
 1521840 2986546 0599295 1705964
 0557061 2584313 1514811 1706462 0053932 2610491 0033684 0262950 0391978 1266908 1266909 0026559 0441835 0441833 0687744 1257890 1552516 1705428 1705429 0085732 0205396 1550043 1551388 0348078 0376315 1522492 0262950 0391978 1266908 1266909 2827734 2981698 0740116 2827735 2981700
 0086282 0009013
 0033684 0332256 2700400 0010654 1521970 0085639 0238715 0332464 1883220
 0053932 2610491 0033684 0262950 0391978 1266908 1266909 0026559 0032214 0600138 0035820 1705810 0332257 0024109 0819757 1278908 0018787 1281570 0040426 1519551 0017189 0699819 0444099 1123023 1278993 0022646 0227665 1278978 1514845
 0083867 1332428 0424972 0086282 1611821 0680022 2698041 1547282 1883351 1284058 0014609 0041951 2700462 2945744 0233656 0598405 0162415 1171312
 0083867 1332428
 0206745 0025914 0025929 0026809 0011065 0231800 1704631 0449407 0005615 0231290 0687676 1550722 3245487 1820234
 0022646 0227665 0022663 0439148 1519795 2755178 1820192 0678226 0007589 1334700 1257975 0007634 0332148 0332268 0750492 1511938 1513143 2945687 3146286 3282337
 0205250 0243122 1145667 1167622 1299351 1510827 2700149 0086282 1611821 0680022 2698041 0040300 0205396 0549177 1550043 1551388 1883525 2346866 0007634 3282337 0332257 0022646 0227665 1278978 1514845
 2348205 0053932 2610491 0033684 0262950 0391978 1266908 1266909 0026559 0015264 1280500 2348382 0074377 0597357
 3271616 0242210 0597357 0205263 0031715 1158886 1880389 1883221 3541951
 1414988 1416962 1416963 0205396 1550043 1551388 0289417 0053932 0279266 0332185 0522506 0597357 1521840 2986546
 1514758 1879547 0289417 1333198 0033684 0031715 1158886 0023175 0040715 0181586 1442948 1522538 2348269 2987521 3275067 0007610
 1707271 0017446 0205088 0205147 1705314 1705315 0332256 2700400 1519594 0162493 0040649 1879547 1880389 1883221 3541951
 0053932 2610491 0033684 0262950 0391978 1266908 1266909 0026559 1548602 1704686 0037083 3537152 2986495
 0684224 0700287 3496591 0332185 2249824 1514758 1879547 0033681 0031727 0041485 0023175 0031715 0181586 1158886 1414988 1416962 1442948 1522538 2348269 3275067 1709915 1882936 0752312
 0031715 1158886 0018790 0237477 0392351 0521111 0475264 1744691 0007610 3463820 0031843 0542341 0700205 1705273
 0205309 2247123 0060369 0016026 0206454 0018284 0016030 0018270 0220844 0597357 1521761 1621966 2827422 2911660 1280500 2348382 0282505
 0034802 1414313 0206454 0242275 1323367 0018284 0014520 0018270 0220844 0221920 0597357 1521761 1621966 2827422 2911660 0028778 0332206 1533157 1706084 2828370 0185117 0205263 0527443 1332424
 0812325 0017337 0016026 0205224 0028778 0332206 0527443 1332424 2983591
 1511726 3245479 0600513 0010357 2986468 0037817 0234856 0600118 2828360 0449432 1707310 0206364
 0032200 1979795 0018284 0005821 0018270 0220844 1441547 1521761 1621966 2827422 2911660 3245521 0032200 1979795 0018284 0005821 0018270 0220844 1441547 1521761 1621966 2827422 2911660 3245521 0018284 0026249 0332257 0227651 0007634 3282337 0598800 1513268 0004916 0022663 0268731 0443258 0596170
 1879547 0071253 0032200 0206454 1979795 0018284 0005821 0018270 0220844 0597357 1441547 1521761 1621966 2827422 2911660 3245521 0018270 0220844 1621966 2911660 0007620 0038952 0220921
 0022646 0227665 1278978 1514845 1514559 1879547 0332281 0334094 0871261
 0205447 0032200 0018284 1979795 0005821 0018270 0220844 1441547 1521761 1621966 2827422 2911660 3245521 1548602 1704686 0221284 3272919 0007634 1521840 2986546 3282337 1819041 0599177 1879547 0450348
 1519726 0031715 1158886 1706214 3244320 0445108 0005456 0242210 0428202 0002518 0752190 0002520 2917660 0001128 0004793 0162326 0162327 0202406 0392148 1519249 1709915 1880022 1882936 1514562 0205309 1334043 2697616
 0243122 1145667 1167622 0033684 0656342 1335280 1706044 1334896 1335142 1705299 0255618 0597357 0037683 1515877 1879547 0034678 0182953 1704734 1704735
 1547282 0332185 0032200 1979795 0018284 0005821 0018270 0220844 1441547 1521761 1621966 2827422 2911660 3245521 0044602 0919338 2936824 1579194 0031727 0429863 3537219 3539772 0541749 1709743 1150579 1150527
 0010357 2986468 0037817 0234856 0600118 2828360 0752312 1819041 1979930 0033640 0599177 0018284 0023175 0026249 0031727 0033684 1442948 1522538 1879547 2348269 3275067 0007595 0018270 0220844 1621966 2911660
 0021467 0021469 1628982 3463820 0028778 0332206 1533157 1706084 2828370 3278595 0545017 0596290 0334094 1514485 0005532 0205460 0871261 1704632 1706817 2911692 0030664 0205469 0677042
 1547282 0527443 1332424 0018790 0237477 0392351 0521111 0016026 0598312 1328870 1817262 0220781 1883254 1512045
 0441712 1706376 0021467 0021469 1628982 3463820 1149472 1150579 1150527 1537044 1150423 0332294 1705455 0021467 0021469 0040649 0325228 0678226 0851827 1628982 1701901 3244310 3463820 0206414 0017337
 0183683 1521721 0441712 1706376 1547282 0527443 1332424 0018790 0237477 0392351 0521111 0040649 1418436 0916084 1571527 0227651 0007634 3282337
 0557061 2584313 1514811 1706462 0520510 0457457 0520510 0040284 0253711 0039421 0376558 1301820
 0068941 0068940 0439509 0031493 0016327 0869011 1719918
 0032136 2827421 1301820
 0812225 1150635 1705212 1705213 3273202 0072149 0869011
 0140908 0246681 1515387 0032200 1515377 1979795 0018284 0004739 0005821 0018270 0220844 0332297 1441547 1514798 1521761 1621966 2827422 2911660 3245521 0331771 1301820
 0040691 1527194 0205090 0684010 0869011 2603358 0449913 1553451 1704459
 0527443 1332424 0017398 0017399 0043194 0258432 1421478 0021622 1272753
 0003241 0021027 0005574 0869011
 1445860 0003241 0021027 0752312 1979930 0043194 0258432 1421478
 0040077 1442460 1553631 0331955
 0007585 0007634 0010453 0220814 0430400 1269647 1704653 1948049 2242979 1512199 0031831 1707664 1999230 2348314 3540849 0427861 0227651 0007634 0086418 3282337 0205409 1548221 1552738 1880022
 0086418 0007634 3282337 1273517 0439799 0439799
 0007634 3282337 0010454 0009458 0010453 0220814 0430400 0439536 1314677 1705217 2242979 3244283 0003235 0003232 0003308 0037633 0525069 0718566 0242295 1947943 2348609 0007452 0015965 0229671 0521457 1140701 1546774 1550100
 0007634 3282337 0229671 1546774 1550100 1442464 0332293 0527443 1332424 1522326 1883712 0032200 1979795 0018284 0005821 0018270 0220844 1441547 1521761 1621966 2827422 2911660 3245521
 1331418 0040669 0227651 0007634 0034693 0034721 3282337 0205474 0947630 0040669 0206243 0699809 0007634 0439787 0849355 3282337
 0242485 0598312 1328870 1817262 0220781 1883254 0040077 0243126 0444706 1442460 3541902 0520510 1552738
 0021069 0033681 0005507 0031727 0041485 0243073 1510438 0007634 3282337 0006353 0024348 0032931 0032932 1642401 2584299 1882074 0020283 0450407 0450408 0450409 0037494 1959973 0013618 0031493 0016327 0003641 0068941 0068940 0439509 0450376
 1881488 1516695 1516698 0179834 0450376
 0033684 0521097 1550101 1524063 0034760
 0021069 1265611 0003241 0021027 1439852 0020746
 0991566 1524062 0450376 1439852 1442460 0025080 0699733
 0991566 1548982 0040223 1632851 0041175 0006353 0077281 0450400 0814229 1720725 1948050 2678549 1882074 0020283 0450407 0450408 0450409
 0033681 1150423 1150632 0031727 0041485 0205177 0439167 0441655 1561536 0444706 3541902 1947931 1441615 1552738
 1441615 0005507 0006353 0031727 0243073 1510438 0019215 2678549 1882074 0020283 0450407 0450408 0450409 0065642
 1553631 1524062 0443286 1114821 1439852
 0444930 2746065 0443286 1114821 0006353 1524062 0033684 0017243 0086972 0443299 0687118 1382104 0004400 0234621
 0005507 0243073 1510438 0752312 1979930 0005507 0243073 1510438 0752312 1979930 0884358 1552738 1279919
 1881488 0229473 0752312 1979930 0033640 0443640 1445860 0003241 0018284 0021027 0026249 0031727 0033684 0205369 1552740 1879547 0301871
 1441615 0752312 1979930 0033640 0005507 0006353 0018284 0026249 0031727 0033684 0243073 1510438 1879547 0019215 2678549 1882074 0020283 0450407 0450408 0450409 0024472 0012789 0392148 0014063 1417057 0026972 0026969 0026973 0033684 1527178 1449702 1171350 3537023 3537035 1999216 0010531 1553631
 0443286 1114821 1439852
 0439962 1883708 0020746 1439852 0332283 0002778 0017243 0936012 1382104 1524024
 0014063 1417057 0026972 0026969 0026973 0033684 1527178 0004400 0234621
 0175723 0011321
 0020985 0020985 0752312 0884358 1552738 0450355
 0040669 0005507 0243073 1510438 0040669 0253711 0884358 0392747 1554963 0442711 1507394 1522729 2348563
 1273517
 0681814 0012940 0812382 0242210 0209089 0162768 0033684 0332466 1293131 1273517
 1883351 0013682 0040669 0332257 3538986
 0032136 0009458 0205430 0439536 1705217 3160715 3244283
 0439962 2348236 0005903 0039476 1439852 1547703
 0439962 1524062
 1510803 0872351 1548982 0229671 0332296 1546774 1550100 1720725 1880497 1948050 1996904 1548982 1720092 1948045
 0872351 0205430 1421951 1720722 1524062
 0007634 3282337 1439852 2347816 1442467 1720725 1948050 0683149 0086045 1446561 1524062
 0007634 3282337 0456696 1442770
 0007634 3282337 1883708 1881534 1442464
 0527443 1332424 1524062 1883712 0032200 1979795 0018284 0005821 0018270 0220844 1441547 1521761 1621966 2827422 2911660 3245521 0456695
 0007634 3282337 0006353 0024348 0185115 0684295 1151115 0205177 0439167 0441655 1561536 1524063 0812225 1150635 1705212 1705213 3273202 0947322 1705426 1999230
 0002778 0936012 1524024 0035668 0227651 0007634 0205409 1548221 3282337 0024348 1536403 0007703
 0035668 1706746 0016564 0017243 0036681 0086972 0443299 0687118 0006556 0016055 0182400 1704681 2347609 3536729 1552738
 0006556

 0010992 0002778 0936012 1511726 1524024 3245479 0237881 0750502 1710574 0022885 0038492 0039593 0392366 1551041 1552573 2700112
 0557061 2584313 1514811 1706462 0527443 1332424 0443264 0598312 1328870 1817262 0220781 1883254 0032200 1955473 1547282 0032200 1979795 0018284 0005821 0018270 0220844 1441547 1521761 1621966 2827422 2911660 3245521 0018284 0026249 0010453 0220814 0430400 2242979 0040691 1527194 0018790 0237477 0392351 0521111 0598312 1328870 1817262 0220781 1883254 0032200
 0527443 1332424 0033684 0040691 0085639 0238715 1527194 1883220 0439086 2827736 2981702
 1883351 0022885 0039593 0392366 1280500 2348382 0227651 0007634 3282337 0205435 1279901 0205396 1550043 1551388 1514760 0597357 0035668 0728990 1514575 1705542 0599161 0032520 0035379 0040646 0337112 0443286 1114821 1335439 1524075 1555029 2257077 1524063 0206415 1518422 1547282
 1883708 0557651 2603343 1280500 2348382 0598312 1328870 1817262 0220781 1883254 0032200
 0349966 1337208 1547282
 2827734 2981698 0032200 1979795 0018284 0005821 0018270 0220844 1441547 1521761 1621966 2827422 2911660 3245521 0598312 1328870 1817262
 1511701 0021467 0021469 1628982 3463820 0527443 1332424 0178602 1441672 0205250 1299351 2700149
 0599946 0439526 0527443 1301820 1332424
 0021467 0021469 1628982 3463820 1301820 0178602 0869039 1114758 0205250 1299351 2700149 0439526 0527443 1332424
 0449911 0333052 2607870 0557702 1272706 1704674 0557702 1272706 1704674 0349966 1337208
 2827734 2981698
 1280500 2348382 0598312 1328870 1817262 0220781 1883254 0032200 0427861 0227651 0007634 0086418 3282337
 0227651 0007634 3282337 0086045 0527443 1332424 1439852 1446561 1705242 1883712 0246681 0032200 1979795 0018284 0004739 0005821 0018270 0220844 0332297 1441547 1521761 1621966 2827422 2911660 3245521
 0243126 0598312 1328870 1817262 0032246 2919020 0012854 0220781 0444706 0918012 1552854 1637833 1883254 3541902
 1274040 1546471 2825142 0681814 0205174 1272695 2746065
 1179870 0007595 0007634 3282337
 0332293 1522326 0007634 3282337
 1280500 2348382 1819041 0599177 1879547 0752312 1979930 0032200 1979795 0018284 0005821 0018270 0220844 1441547 1521761 1621966 2827422 2911660 3245521 0015264 0005532 0205460 1280500 0072482 0206364 0919487 0033681 1150423 0255618 1152633 0031727 0041485 0205177 0439167 0441655 1561536
 1547282 0332185 2247121 0021467 0021469 1628982 3463820 0028778 0332206 1533157 1706084 2828370 0016026 0598312 1328870 1817262 0220781 1883254 0450355
 1280500 2348382 0598312 1328870 1817262 0220781 1883254 0032200 0349966 1337208 2247121 0033681 1150423 1150632 0021467 0021469 0031727 0041485 0205177 0439167 0441655 1274040 1546471 1561536 1628982 2825142 3463820
 1883351 0022885 0039593 0392366 1280500 2348382 1150632 0033681 1150423 0031727 0041485 0205177 0439167 0441655 1561536 0332293 1522326 0227651 0007634 3282337 0332283 1292856 1948023 0032200 1979795 0018284 0005821 0018270 0220844 1441547 1521761 1621966 2827422 2911660 3245521
 1881488 0003241 0021027 0301871 1152633 0206364 0033681 1150423 0031727 0041485 0205177 0439167 0441655 1561536 1261356 0003313 0005507 0031727 0243073 0439662 0439855 0444706 1510438 1704241 3541902
 1274040 1546471 2825142 1547282 0032200 1979795 0018284 0005821 0018270 0220844 1441547 1521761 1621966 2827422 2911660 3245521 1150632 0033681 1150423 0031727 0041485 0205177 0439167 0441655 1561536 0349966 1337208 1707455 1708639 0527443 1332424 0032200 1979795 0018284 0005821 0018270 0220844 1441547 1521761 1621966 2827422 2911660 3245521 1518422 0018790 0237477 0392351 0521111 1149472 0033681 1150423 0031727 0041485 0205177 0439167 0441655 1561536 0290067 0349966 1337208 1707455 1708639
 1511726 3245479 0527443 1332424 1518422 0443264 0935587 0920267 0920644 1254881 0031843 0542341 0700205 1705273 0392747 1519315 0567416 0031727 1707310 2603362
 0449911 0333052 2607870 0557702 1272706 1704674 0557702 1272706 1704674 0349966 1337208
 0740116 2827735 2981700
 1280500 2348382 1879547
 0227651 0007634 3282337 0332293 0439526 0527443 1332424 1522326 1883712 0032200 1979795 0018284 0005821 0018270 0220844 1441547 1521761 1621966 2827422 2911660 3245521
 1265611 0443640 0003241 0021027 0205369 1552740 0301871 0301871 1261356 0003313 0005507 0031727 0243073 0439662 0439855 1273517 1510438 1704241 0025664 0184661 1517586 1552738 2700391
 0237753 0449788 0005516
 1547282 0332185 0032200 1979795 0018284 0005821 0018270 0220844 1441547 1521761 1621966 2827422 2911660 3245521 0442805 1150579 1150527
 1879547 0205224 0332257 0032200 1979795 0018284 0005821 0018270 0220844 1441547 1521761 1621966 2827422 2911660 3245521 0450348
 1883351 0022885 0039593 0392366 1280500 2348382 0598312 1328870 1817262 0220781 1883254 0032200 1150579 0752312 1150527 1979930 0444706 3541902 1150579 1150527 0752312 1979930 0033640 0018284 0026249 0031727 0033684 1879547 0301871 0527443 1332424 0679853 0039798 0087111 1522326 1533734 1705169 3538994
 0527443 1332424 0311403 1150579 1150527 0032200 0018284 1979795 0005821 0018270 0220844 1441547 1521761 1621966 1948023 2827422 2911660 3245521
 1709793 0443289 0527443 1332424 0015127 1524003 0021467 0021469 1628982 3463820 1149472 1150579 1150527 1537044 1150423 0450365 1706097
 1511726 3245479 1705535 0021467 0021469 1628982 3463820 0598312 1328870 1817262 0220781 1883254 0032200 1150579 0752312 1150527 1979930
 0449911 0333052 2607870 0557702 1272706 1704674 0557702 1272706 1704674 0349966 1337208
 0439086 2827736 2981702
 1280500 2348382 1149472 1150579 1150527 1537044 1150423
 0227651 0007634 3282337 0527443 1332424 1439852
 0007634 3282337 0032200 0018284 0332293 1979795 0005821 0018270 0220844 1441547 1521761 1522326 1621966 2827422 2911660 3245521
 0752312 1979930 0033640 0443640 1445860 0003241 0018284 0021027 0026249 0031727 0033684 0205369 1552740 1879547 0301871 0301871 0752312 1979930 1515653 0033640 0021135 1533691 2827718 0005507 0018284 0026249 0031727 0033684 0243073 1273517 1510438 1879547 0392148 0014063 1417057 0026972 0026969 0026973 0033684 1527178 1710236 1553631
 0014063 1417057 0026972 0026969 0026973 0033684 1527178 0017243 0086972 0443299 0687118 1382104
 0005516 3152252 1532717 1547282 0205284 0229985 1269830
 0441833 1999270 3537156 1547282 0020985 0002778 0936012 1524024 1445860 0003241 0021027 0752312 1979930
 2347469 0034606 0441633 0011321
 0175723 0205448 0439534 0441633 0178587 3176809 0150312 0205202 0449450 1706907 1708639
 1511726 3245479 1882932 0178587 0439183 0439148 1264693 1519795
 0040691 1527194 0086282 1611821 0680022 2698041 0205309 1883351 0018790 0237477 0392351 0521111 0598312 1328870 1817262 0220781 1883254 0332257 0227651 0007634 3282337
 0349966 1337208
 0439086 2827736 2981702 0205447 0021467 0021469 1628982 3463820 0752312 0557651 2603343 1280500 2348382 1149472 1150579 1150527 1537044 1150423
 0227651 0007634 3282337 0332293 0040691 1522326 1527194 0032200 1979795 0018284 0005821 0018270 0220844 1441547 1521761 1621966 2827422 2911660 3245521
 0752312 1979930 0033640 0018284 0026249 0031727 0033684 1879547 1881488 0007634 1269647 1704653 1948049 0301871 0205177 0439167 0441655 1561536 0005507 0243073 1510438
 0349966 1337208 1547282
 2348205 0040691 1527194 0311403 1149472 1150579 1150527 1537044 1150423 0227651 0007634 3282337
 0040691 1527194 0598981 3146232 0086982 0037080 0037083 1160185 1704259 1705987 1710082 0449265 1280500 2348382
 0449911 0333052 2607870 0557702 1272706 1704674 0557702 1272706 1704674 0349966 1337208

 1280500 2348382 1149472 1150579 1150527 1537044 1150423
 0227651 0007634 3282337 0040691 0439526 1439852 1527194 0332283 1292856 1948023 0032200 1979795 0018284 0005821 0018270 0220844 1441547 1521761 1621966 2827422 2911660 3245521
 0752312 1979930 0033640 0018284 0026249 0031727 0033684 1879547 0301871 1261356 0003313 0031727 0439662 0439855 1704241 0005507 0243073 1510438 1524063 0014063 1417057 0026972 0026969 0026973 0033684 1527178 1552738 2729544 0349966 1337208
 0439086 2827736 2981702
 0005516 3152252 1532717 1547282 0205284 0229985 1269830
 0441833 1999270 3537156 1547282 0020985 0002778 0936012 1524024 1445860 0003241 0021027 0752312 1979930
 0527443 1332424 0018790 0237477 0392351 0521111 0040649 0752312 1819041 0599177 1879547 0752312 0040649 0450348
 1292711 0449719 1709471 0040648 0031715 0040649 0086597 0127400 0439851 1158886 1521761 1710236 1947931 2827422 0752312 1979930 0033640 0072393 1418948 0018284 0026249 0031727 0033684 1879547 2603362
 0752312 1705455 0325228 0439855 1521761 1704241 2827422
 1705455 0325228 0919488 0072461 0040648 1512142 0015576 0040649 1079230 1515021 1704727 1880389 1883221 3541951 0960756 1521761 2827422
 1883712 0007634 3282337 0031715 1158886 0752312 1979930 0033640 0018284 0026249 0031727 0033684 1879547
 0031715 1158886 1332838 0017337
 1883351 0022885 0039593 0392366 0851285 1327622 0527443 1332424 0227651 0007634 3282337 0162493 1705455 0040649 0086597 0127400 0325228 1274040 1546471 1879547 2825142 0884358 0005507 0243073 1510438 1547699 2700640 0040624 1880389 1883221 3541951 1511662 1148673 0012854 0243122 0699952 1145667 1167622 1416832 1880389 1883221 3541951 0032136
 0005507 0243073 0332324 1510438 1550474 1879547
 1517001 0032200 1979795 0018284 0005821 0018270 0220844 1441547 1521761 1621966 2827422 2911660 3245521 0442805 0017262 0206414 1861886 0017337 0185117 1705455 0032136 0325228 0332466 1293131 1416832 1705535 0162493 1879547 0209089 1553637
 0274281 0332157 0527443 1332424 0311403 0812325 0017262 0206414 0017337 0185117 0086860
 0026249 0332257 0032200 1979795 0018284 0005821 0018270 0220844 1441547 1521761 1621966 2827422 2911660 3245521
 1705455 0325228 0348078 0376315 1522492 0439855 1704241 0969709 0600508 0013879 0229671 0871261 1546774 1550100 1704632 1705248 1706817 2911692 0150312 0449450
 0150312 0449450 1521840 2986546 0007634 3282337
 0851285 1327622 0443264 0040649
 0884358 0040669 0040704 0205374 0005507 0243073 1510438 0206414 0017337 0243148 1550141 1882979 2587213 3274648 0086860 0085301 0085940 0087140 0332257 1552866 2700399 0969709 0600508 0013879 0229671 0871261 1546774 1550100 1704632 1705248 1706817 2911692
 0032200 1979795 0018284 0005821 0018270 0220844 1441547 1521761 1621966 2827422 2911660 3245521 0040649 0085940 1706383
 0274281 0332157 0527443 1332424 0018790 0237477 0392351 0521111 0205112 0040649 0916084 1418436 1571527
 1511726 3245479 0527443 1332424 0028778 0332206 1533157 1706084 2828370 0441471 3541888 0752312 1979930 1819041 0033640 0599177 0018284 0026249 0031727 0033684 1274040 1546471 1879547 2825142 0032200 1979795 0018284 0005821 0018270 0220844 1441547 1521761 1621966 2827422 2911660 3245521
 0449911 0333052 2607870 0557702 1272706 1704674 0557702 1272706 1704674 0349966 1337208
 0439084 0728893
 0527443 1332424 0018790 0237477 0392351 0521111 0040649 0032200
 1280500 2348382 0040649 0071241 0206414 0017337
 0227651 0007634 3282337 0024075 0032136 0335038 1416832 1522485 1705915 1709908 0025664 0184661 1517586 1552738 2700391
 0007634 3282337 0332293 0527443 1332424 1522326 0032200 0018284 0332283 1979795 0005821 0018270 0220844 1441547 1521761 1621966 2827422 2911660 3245521 1151115 0205177 0439167 0441655 1561536 1881488 0007634 0444706 1269647 1704653 1948049 3541902 0025664 0184661 1517586 1552738 2700391
 2347469 1280500 2348382 0040649 0916084 1418436 1571527
 2827421 0006556 0086860 0332255 1708096 0013126 0010825 0032136 1093003 0227651 0007634 3282337
 0007634 3282337 0332293 0527443 1332424 1522326 0032200 1979795 0018284 0005821 0018270 0220844 1441547 1521761 1621966 2827422 2911660 3245521 1151115 0205177 0439167 0441655 1561536 1881488 0007634 1269647 1704653 1948049 1552738
 1280500 0040691 1527194 1515670 0185117 0227651 0007634 3282337 0033268 0205447 0332257 1552866 2700399 0016059 0439509
 0005532 0205177 0205460 0439167 0441655 1561536 0021467 0021469 1628982 3463820 0598312 1328870 1817262 0220781 1883254 1292856 1948023 0007634 3282337 0332257 0227651 0007634 3282337
 0007634 3282337 0040691 1527194 0442805 2246343 0220781 0439634 1522492 0016055
 0442805 0871261 1704632 1706817 2911692 0040691 1527194 0086597 0127400 0441889 0456079 1547707 2946261
 1280500 2348382 0086282 1611821 0680022 2698041 0017262 0017337 0185117 1518422 0227651 0007634 3282337 0557651
 0227651 0007634 3282337 0332293 0040691 1522326 1527194 0527443 1332424
 0035668 0005861 1524063 0182400 1704681 2347609 3536729
 1511726 3245479 1547282 0040691 1527194 0442805 1515670 0185117 0349966 1337208 1708639
 0040691 1527194 0527443 1332424 1518422 0442805 1515670 0185117
 0037088 0243095 2825141 0003379 0450442 1254351 1521826 0334094 0012634
 0449911 0333052 2607870 0557702 1272706 1704674 0557702 1272706 1704674 0349966 1337208

 1280500 2348382 1332424 0527443
 0227651 0007634 3282337 0040691 1439852 1527194 0527443 1332424
 0086972 0443299 0687118 1706746 0016564 0017243 0036681 1382104 1517499 0017337 0025255 0220908 0348011 0596901 1305399 1705053 1706182
 0441833 1999270 3537156 0035711 0035668 0006556 0016055
 0441833 1999270 3537156 1547282 0487602 1704680
 1514811 1706462 0947630 0527443 1332424 0018790 0237477 0392351 0521111 0016026 0598312 1328870 1817262 0220781 1883254 1149472 1150579 1150527 1537044 1150423 1705455 0021467 0021469 0023175 0040649 0181586 0325228 0441471 0851827 1442948 1522538 1628982 1701901 2348269 3244310 3275067 3463820 3541888 0085940 1706383 0017262 0085303 0087140 0017337 0185117
 0527443 1332424 1301751 1280500 2348382
 1511726 3245479 1999230 0332120 0527443 1332424 0028778 0332206 1533157 1706084 2828370 0598312 1328870 1817262 0037083 1160185 1710082
 1547282 0037083 1160185 1710082 0007603 0025255 0032105 0596901 1550098 1706182 1548602 1704686 1519726 0031715 1158886 0071253 0032200 0206454 1979795 0018284 0005821 0018270 0220844 0597357 1441547 1521761 1621966 2827422 2911660 3245521 0450355
 0086982 0037080 0037083 1160185 1704259 1705987 1710082 1879547
 0031669 0031671 0044602 0752312 1979930 0033640 0018284 0026249 0031727 0033684 1879547
 0332120 1519315 0037083 0567416 1457900 3537152 0032200 0018284 0021756 1522405 1979795 0005821 0018270 0220844 1280500 1441547 1521761 1621966 1880177 2348382 2827422 2911660 3245521
 0332120 0037080 0037083 0086982 1704259 1705987
 1707959 0332185 1547282 0021467 0021469 1628982 3463820 0028778 0332206 1533157 1706084 2828370 0598312 1328870 1817262 0220781 1883254 0032200 0044602 0919338 2936824 1579194 0031727 0429863 3537219 3539772 0182953 1704734 1704735 0227651 0007634 3282337
 0527443 1332424 0680022 2698041 0015576 0040691 1527194 1704727 1521970 1706388 2346469 2348519
 0332256 2700400 0010654 0040691 1527194
 0040691 1527194 0086282 1611821 0015576 0680022 1704727 2698041 0439086 2827736 2981702
 0040691 1527194 0053932 2610491 0033684 0262950 0391978 1266908 1266909 0026559 0441729 0021966 0031843 0221138 0332307 0542341 0700205 1547052 1705273 0441730 0332307 0597357 1547052 0439084 0728893
 0040691 1527194 0441730 0332307 0597357 1145667 1167622 1547052 1883708 0087044 0033684 0439084 0728893
 0332197 1689985 0040691 1527194 0441729 0021966 0221138 0332307 0597357 1547052 0205171 0439044 0679994
 0053932 2610491 0033684 0262950 0391978 1266908 1266909 0026559 0597357 0205251 1299352 1510827 1550472
 0392148 0597357 0053932 2610491 0033684 0262950 0391978 1266908 1266909 0026559 0442804 0205250 0442824 1145667 1167622 1299351 1510827 2700149 1710082 1883351 0205263 0017337
 1547282 0040691 1527194 0018790 0237477 0392351 0521111 3278595 0545017 0596290 0334094 1514485
 0205309 0040691 1527194 0015264 1280500 2348382 0595938 0185117 0243045 0021467 0021469 0031727 0072108 0079183 0332152 0851827 1150565 1522538 1628982 1701901 3244310 3463820 2924612 1552961 2347617
 0021467 0021469 1628982 3463820 0015127 1314792 1524003 0007634 3282337 1517342 0237477 0392351 0309872 1292733 1705654
 0527443 1332424 0919418 1518422 0205309
 0086045 1446561 0869040 0947630 1273517 0449265 1292856 1948023 0227651 0007634 3282337 2348205 0229671 1441672 1546774 1550100 1511726 3245479 1518422 1547282
 0684224 0700287 3273238 1547282 0527443 1332424 0086045 1446561 0018790 0237477 0392351 0521111 0016026 0598312 1328870 1817262 0220781 1883254 0349966 1337208
 2827666 0178602 0449864 0527443 1332424 1274040 1546471 2825142
 0684224 0700287 3273238
 0527443 1332424 0311403 0007595 1516170 0018270 0220844 1621966 2911660 0229671 1546774 1550100 1948023 0002844 3536949
 1883351 1514873 0558058 0237753 0449788 1510827 0221284 3272919 0007634 1521840 2986546 3282337
 2347946 0086045 0007634 1269647 1704653 1948049 1883351
 0206364 0033681 0031727 0041485 0597357 0205309 1883351 0036720 1709915 1882936 0031715 1158886 0920644 0031843 0542341 0700205 1705273
 0031715 0036720 0443264 1158886 1947931 1155364 1514762 0037083 3537152 0289417 0274281 0332157 0227651 0007634 3282337 0527443 1332424
 1274040 1546471 2825142 0527443 1332424 1518422 0018790 0237477 0392351 0521111 1150632 0033681 1150423 0031727 0041485 0205177 0439167 0441655 1561536 0349966 1337208
 1279919 0599946 0752312 1979930 0033640 0018284 0026249 0031727 0033684 1879547 0032200 0016026 1511701 1512280 2249823 0018284 0598312 1328870 1817262 1979795 0005821 0012854 0018270 0021467 0021469 0205263 0220781 0220844 1274040 1441547 1521761 1546471 1621966 1628982 1883254 2825142 2827422 2911660 3245521 3463820
 1280500 2348382 0598312 1328870 1817262 0220781 1883254 0032200 0205171 1720467 0349966 1337208 1705535 0527443 1332424 0205197 1518422 0028778 0332206 1533157 1706084 2828370 0086982 0037080 0037083 1160185 1704259 1705987 1710082
 1280500 2348382 0032200 0044602 0919338 2936824 1149472 2260371 0032182 0018284 1150423 1579194 0015498 1979795 0005821 0018270 0031727 0205177 0205263 0220844 0429863 0439167 0441655 1441547 1441672 1521761 1561536 1621966 2827422 2911660 3245521 3537219 3539772 1511726 3245479 1518422 1547282
 0527443 1332424 0018790 0237477 0392351 0521111 1149472 1150579 1150527 1537044 1150423 0349966 1337208 0205197 0205410 1518422 0028778 0332206 1533157 1706084 2828370 0598312 1328870 1817262 0220781 1883254 0032200
 0527443 1332424 0205171 0439044 0679994 1150579 0752312 1150527 1979930 1537044 1707455 0450365 1706097
 1511726 3245479 0752312 1979930 0033640 0018284 0026249 0031727 0033684 1879547 0439178 0851285 1446409 1514241 2825490 0527443 1332424 0205171 0439044 0679994 0032200 2249825 0018284 1979795 0005821 0018270 0220844 0392148 0750519 1292856 1441547 1521761 1621966 1948023 2827422 2911660 3245521 0015264 1710082
 1710082 0527443 1332424 1548602 1704686 0392148 0032200 1979795 0018284 0005821 0018270 0220844 1441547 1521761 1621966 2827422 2911660 3245521 0205197 0205410 1518422 0018790 0237477 0392351 0521111 1150579 1150527 0032200 0018284 1979795 0005821 0018270 0205263 0220844 1441547 1521761 1621966 2827422 2911660 3245521 0349966 1337208
 0040691 1527194 0018790 0237477 0392351 0521111 1149472 1150579 1150527 1537044 1150423 0227651 0007634 3282337 0349966 1337208
 0441472 3266814 0543419 1368999 0205087 1280500 0243021 0033684 0007586 1155839 0028778 0332206 1533157 1706084 2828370 0086982 0037080 0037083 1160185 1704259 1705987 1710082
 0752312 1979930 0033640 0018284 0026249 0031727 0033684 1879547 0034678 0851285 1879547 0139905 0812215 0450348 0752313
 0033634 0033621 1168438 1418943 3540567 0033640 0031727 0033684 1150579 1150527 0031715 1158886 0139905 0812215
 0032200 1979795 0018284 0005821 0018270 0220844 1441547 1521761 1621966 2827422 2911660 3245521 0205309 1883351 1515877 1879547 0014442 0014445
 0033684 0527443 1332424 1521840 0040691 1527194 0015264 1280500 2348382 1518422 0205309
 1710082 0032200 0007610 1548602 1704686 0040649 0597295
 0332120 0752312 1979930 0033640 0018284 0026249 0031727 0033684 1879547 1148759 3537021 0441655
 1150579 1150527 1514248 0017262 1158770 0017337 0040649 0185117 0243148 0687676 1314939 1550141 1704687 1882979 2587213 3274648 0450348
 0013138 1028876 1504613 0919488 0040648 0040649 1521761 2827422 1709915 1882936 0205224
 1512977 0007634 3282337 0752312 1979930 0033640 0018284 0026249 0031727 0033684 1879547 0919488 0209089 0377914 0072461 0209278 1420631 0040648 1512142 1705455 0812201 0040649 0325228 1880389 1883221 3541951 1521761 2827422 1709915 1882936 0179400 1533124 0450348
 0026882 1705285 0162493 1879547 0005507 0243073 0335038 1510438 1522485 1705915 1709908
 1948052 1999230 0332120 0021467 0021469 1628982 3463820 1149472 1150579 1150527 1537044 1150423 0527443 1332424 0028778 0332206 1533157 1706084 2828370 0040649 1553637
 1511726 3245479 0040649 0449432 1705248
 0185117 0085301 0085940 0087140 0969709 0600508 0013879 0150312 0229671 0449450 0851285 0871261 1546774 1550100 1704632 1705248 1706817 2911692 0086860
 0969709 0600508 0013879 0229671 0871261 1546774 1550100 1704632 1705248 1706817 2911692 1547282 1883351 0205410 0871261 1704632 1706817 2911692 0018284 0018270 0220844 1621966 2911660 1521761 2827422
 0074398 1420400 0229671 0871261 1521761 1546774 1550100 1704632 1706817 2827422 2911692 1413746 0012940 0812382 0033618 0038164 0058610 0242210 0033684 0871161 1292721
 0243122 1145667 1167622 0004793 0162326 0162327 0444669 1167518 1519249 1706352 1882467 3274653 0969709 0600508 0013879 0229671 0871261 1546774 1550100 1704632 1705248 1706817 2911692 1705455 0004793 0162326 0162327 0325228 0444669 0444930 1167518 1519249 1706352 1882467 2746065 3274653
 2949735 0439855 1704241 1314939 0037668 0074398 1420400 0012854 1707271 0031715 0205088 0725813 1158886 1705314 1705315 1880389 1883221 3541951 0752312 1979930 0033640 0018284 0026249 0031727 0033684 1879547 0450348
 0026882 1705285 0018790 0237477 0392351 0521111 0085940 1706383 0017262 0085303 0087140 0017337 0185117
 1511726 3245479 1547282 0027120 1833135 0080103 0869014 0040648 0040649
 1512280 2249823 0021467 0021469 1628982 3463820 0527443 1332424 0018790 0237477 0392351 0521111 0085940 1706383 0017262 0085303 0087140 0017337 0185117
 0039798 0087111 1522326 1533734 1705169 3538994 0527443 1332424 0018790 0237477 0392351 0521111 0040649
 1511726 3245479 0527443 1280500 1332424 2348382 0752312 1979930 0033640 0018284 0026249 0031727 0033684 1879547 0021467 0021469 0023175 0181586 1442948 1522538 1628982 2348269 3275067 3463820 0185117 0916084 1418436 1571527 0527443 1332424 0443264 1704259 1705987 0040649
 0035820 1705810 0005532 0017655 0553257 0007634 3282337 1883351
 0040691 1527194 0032214 0600138 0035820 1705810 0332257 0178664 1417247
 0441472 3266814 0678226 1280500 2348382 3146286 0007634 0022663 0268731 3282337 0332257 0227651 0007634 3282337
 0040691 1527194 0527443 1332424 0018790 0237477 0392351 0521111 0598312 1328870 1817262 0220781 1883254 1518422 0017262 1861886 0017337 0185117 0349966 1337208

 0332185 0026844 1135918 0596981 1267092 0005847 0007634 0026845 0205357 1558950 1801960 3282337 0005773 0040691 1527194 0527443 1332424 2246343 0220781 1883254
 2607943 2926606 3539655 0012634
 3278595 0545017 0596290 0334094 1514485 0227651 0220781 1883254 1521970 1706388 2346469 2348519
 0527443 1332424 1883351 0450442 1254351 1521826
 2986676 0442999 1621797 0007585 0007634 0010453 0018896 0220814 0430400 1269647 1552861 1704653 1948049 2242979
 2825232 0043227 0449719 1521721 1709471 0260206 0018173 1548284 0027468 0011318 0018173 0018684 0021622 3245503 1319635 0238767 0439267 1706086 2986463 0033727 0369286 0441932 0564385
 0010186 0220812 0449719 1709471 0220808 0680264 0007961
 1706852 0522501 1706089 0949214

 0282413 0376649 1442065 0013227 0025118 0475309 0018684 0036397 0039711 0041740 0205099 1826357 0024492 1538057 1547565 0059804 0035176 0015770 0035168 0242481 1521721 2986512 0016617 0004446 0015770 1515981 0016617
 0002455 0006826 0018173 0037455 0596070 0998265 1306459 1521721 1548284
 0000723 0000723 1273517 0040691 1527194 0040691 1527194 0018284 0018270 0220844 1510411 1521761 1621966 2827422 2911660
 0053932 0279266 0053932 2610491 0033684 0262950 0391978 1266908 1266909 0026559
 0752312 1979930 0033640 0018284 0026249 0031727 0033684 1879547 0752312 1979930 0033640 0018284 0026249 0031727 0033684 1879547
 0032200 1979795 0018284 0005821 0018270 0220844 1441547 1521761 1621966 2827422 2911660 3245521 0032200 1979795 0018284 0005821 0018270 0220844 1441547 1521761 1621966 2827422 2911660 3245521
 0071253 0032200 0206454 1979795 0018284 0005821 0018270 0220844 0597357 1441547 1521761 1621966 2827422 2911660 3245521
 0429863 3537219 3539772 0031621 2348046
 0014063 1417057 0026972 0026969 0026973 0033684 1527178 0014063 1417057 0026972 0026969 0026973 0033684 1527178
 0969709 0600508 0013879 0229671 0871261 1546774 1550100 1704632 1705248 1706817 2911692 0969709 0600508 0013879 0229671 0871261 1546774 1550100 1704632 1705248 1706817 2911692
 1514811 1706462 0557061 2584313 1514811 1706462 0369637 0441923
 0205090 0684010 2603358
 0036397 0025141
 0033727 0369286 0441932 0564385


 0325074

 0025141
 0369637 0441923
 0027960 0324740 0439189 1456781 1824986


 0025141 2347469
 0369637 0439394 0441923 1706495 3642217

 0025141 0033727 0369286 0441932 0564385 1553033 0597277 1708601 0014518 0205456 0369773 2603361
 0349590 1262865 0025141
 0007634 1269647 1704653 1948049 0025141
 2347469 0016327 0439133 1553038
 0369773 2603361 2603360
 0597277 1708601
 1418943

 0268596 2700624
 3642273
 0041703
 0337841 0439267 1553033
 0439267

 0000857 0600678 1552863 2603360
 0597277 1708601



 0000857 0600678 1552863 0369718 0441922 1553036 0369637 0441923


 0201682

 0349590 1262865 0025141 0016327 0439133 1553038

 0000857 0600678 1552863 0016327 0439133 1553038 0238749
 0205090 0684010 2603358

 0349590 1262865 0025141
 0349590 1262865 0025141 0439394 1706495 3642217 0439267
 0205090 0684010 2603358
 0349590 1262865 0450387 0450389 0025141 2603362


 0007634 1269647 1704653 1948049

 0025141 0033727 0369286 0441932 0564385 1706910 0205090 0684010 2603358 0439267
 0205090 0684010 2603358
 0007634 0439083 0439087 1269647 1704653 1948049 0025141 0033727 0369286 0441932 0564385


 2347961

 0025141 0033727 0369286 0441932 0564385
 2347469 0439267
 0027712
 0232804 2984555 0022646 0031843 0227665 0542341 0700205 1278978 1514845 1705273 0012634
 0027976 0369773 2603361 2347469

 0000857 0600678 1552863 0369773 2603361

 0000857 0600678 1552863 0205090 0684010 2603358


 0022877
 1315013

 0025141 1705534 2347469 0369637 0441923


 1517844
 0025141 2347469





 0439084 0728893 0000857 0600678 1552863


 0325074

 0439084 0728893 0025141 3495095 0205090 0684010 2603358
 0439267
 0033727 0369286 0441932 0564385 0335912

 0027960 0324740 0439189 1456781 1824986
 0007634 1269647 1704653 1948049

 0000857 0600678 1552863 0439267 1553033 0033727 0369286 0441932 0564385





 0017596 1947936
 0016327 0439133 1553038





 0034703 0439267 0369773 2603361 0439267 2347469 2603362
 0033727 0369286 0441932 0564385

 0063789 3272375
 0025141 0439267 0369637 0439394 0441923 1706495 3642217 2603362




 0201682
 0439267 0439267 0369773 2603361 0033727 0369286 0441932 0564385




 0439267 0369773 2603361 0439267 0033727 0369286 0441932 0564385




 2603360
 0016327 0439133 1553038
 0033727 0369286 0441932 0564385



 0201682
 0016327 0439133 1553038 1553033 0369773 2603361 0033727 0369286 0441932 0564385



 0000857 0600678 1552863 0205090 0684010 2603358


 2827734 2981698 0025141 0442532
 0205090 0684010 2603358 0678223 0205090 0684010 2603358
 0007634 1269647 1704653 1948049 0025141
 0369773 2603361
 0205090 0684010 2603358

 0036397 0025141 0369637 0441923

 2347469
 0349590 1262865 0025141 0205090 0684010 2603358


 2827734 2981698 0025141
 2347469


 0022877
 1315013

 0025141 0205284 1522411 2828371
 0369718 0441922 1553036

 0063789 3272375
 0025141 0597277 1708601 0439394 1706495 3642217

 2348291 2603360 0439394 1706495 3642217
 0439267


 1315013

 0025141 0369718 0441922 1553036
 0439267 0369718 0441922 1553036
 0032863


 0063789 3272375
 0033727 0369286 0441932 0564385 0239971 2603360
 0007634 1269647 1704653 1948049 0025141 0328104 1415875 2826366 0033727 0369286 0441932 0564385 2603360 0369718 0441922 1553036 0597277 1708601 2603360 0369637 0441923
 2347379
 0000857 0600678 1552863 0007457 0043157 0220938 0369637 0441923
 0016327 0439133 1553038
 0205090 0684010 2603358


 0201682
 2827734 2981698
 0439267 0369637 0441923


 2347379 0018284
 2827734 2981698 0450348 0025141 0439267 0439267 0205090 0684010 2603358 0033727 0369286 0441932 0564385 0033727 0369286 0441932 0564385 0439267
 0205090 0684010 2603358
 0349590 1262865 0025141 0597277 1708601 0369718 0441922 1553036 0033727 0369286 0441932 0564385
 0349590 1262865 0025141 0439114
 0021966 0221138 0205090 0684010 2603358 0252873 0439267
 0205090 0684010 2603358
 0007634 1269647 1704653 1948049 0025141 0205090 0684010 2603358 0205090 0684010 2603358
 0007634 1269647 1704653 1948049 0025141 2603360 0597277 1708601 2603360 0016327 0439133 1553038 0597277 1708601 0597277 1708601 2603360

 1315013

 0009993 0037455 0596070 1552856 0005477 0026376 0005532 1521991