 0678594 0871161 1292721 0018437 0001473 0031842 0031843 0036375 0006037 0001473 0678594 0678594
 0678594
 0441712 1706376
 0851285 1327622
 1707478 1514811 1706462 0042219 0018437 0001473 0001473 0015576 1704727 1273518 0015161 0007634 3282337 2827734 2981698
 1156132 1522821 2987513 0032214 0600138 0035820 1705810 1184743 1522240
 0597361 0014139 0086597 0127400 0597357 2984285 1522821 2987513 1710082 1515877 1879547 0030685 0391871 0439180 0680255 1283071 1963578 0023823 0023820 0178587 0205251 1299352 1550472 0021641 1533581 1579433 0597357
 0683607 0597357 0699040 0007634 0205148 1269647 1704653 1948049 0023688 0024369 1521840 0243125 0699900 2827734 2981698
 1522821 2987513 0230825 1749557 0007294 0220781 0333262 0439634 0560175 1514873 1522492 1706209 3273162 0023688 0560560 1314939 1704259 1705987 0332466 1293131 1515981 1879547 1179907 0025255 0596901 1706182 0042776 0521026 0029341 0021400 0021403 0042776 0319157 0439084 0728893
 1521840 0750546 1883254 0391845 0014442 0014445 1156132 1522821 2987513 0032214 0600138 0035820 1705810 0014139 1441672 2984285
 0391845 0014442 0014445 1334189 0065688 0065684 0024742 0031603 0031701 0332297 0597357 1145667 1167622 1601799 1689898 2349209 0205087 0282114 1185625 1705822 2986730 0728725 0020283 0205251 0450407 0450408 0450409 1299352 1550472 0015127 1314792 1524003 0086168 0683607 0597357 0018042 2826298 0014442 0014445 0024369 1521840
 0332453 0036025 0043392 0043393 0717551 0015127 1314792 1524003 0332453 1853126 1527178 1874451 1518422 2963144
 0024369 0029219 1325692 0042219 0036025 0043392 0043393 0717551 0728725 0020283 0205251 0450407 0450408 0450409 1299352 1550472 1514873 1883351 0183683 1521721 1149632 0205177 0439167 0441655 1561536 1157962 0178735 0243125 0699900 1314939
 1325692 0042219 0886515 0333262 1327616 0039065 0333262 0008537 0010837 0993609 0439182 0812409 0025251 0025255 0596901 1706182 3245505 0001473 1706373 3146294 1883351 0013126 1326938 0005528 1317949 3495449 1519628 1659610 0524461 1282864 1301906 1551056
 0035820 1705810 1185625 1382196 0001473 1547282 1883351 0032214 0600138 0035820 1705810
 0001473 0232804 0022646 0031843 0542341 0700205 1522821 1705273 2987513 0001473 0027950 0001117 0018896 0019868 0020283 0450407 0450408 0450409 0557034
 0029431 0431085 0085732 1299581 1521840 2986546 0001473 1706214 3244320 0014406 0027627 2939419 2939420
 0001473 1547282 1883351 0443211 0025251 0596119 0025255 0596901 1706182 3245505 0013126 0005528 1317949 3495449
 1524063 0001473 0162638
 2963144 0001473 1883525 2346866 0015161 0007634 3282337
 0678594 0001473 0678594 0678594
 0678594
 0441712 1706376
 0851285 1327622
 1707478 1514811 1706462 3161035 0026349 0349966 1337208 1547282
 2827734 2981698
 0486616 1555710 0017337 1547699 2700640 1711351 0021966 0039224 0221138 1706073 1706074 1547282
 0001473 0205245 0205448 0542341 2700217 1880389 1883221 3541951 2827734 2981698
 1880389 1883221 3541951 1273518
 0457422 0507238 0205454 1705242 1711351 0033727 0369286 0441932 0564385 0205449 1948062 1457900 1711351 1948062
 1711351 1148916 0028630 0243122 1145667 1167622 0205681 0600499 0007382 0205145 1515974 2825164 1711351 2827734 2981698
 1880389 1883221 3541951 0439855 1704241 1273518 0025255 0596901 1706182
 0441906 3540692 0332256 2700400 0073187 1553033 1553033 0205452 1948062 1711351 1948062 1711351
 0449911 0333052 2607870 0557702 1272706 1704674 0557702 1272706 1704674 0349966 1337208
 2827734 2981698
 0026349 3161035
 0001473 1706373 0205100 0457422 0507238 1880389 1883221 3541951 1273518 1880389 1883221 3541951 1273518
 0332120 0935572 2986575 1880389 1883221 3541951 0525416 0001473 0013852 0037473 0597484 1706373 3463986 0033727 0001473 1706373 0302523 0700325 3244290
 0449911 0039224 1706073 1706074 0557702 1272706 1704674 0557702 1272706 1704674 0486616 1555710 0001473 0001473 0016327 0439133 0439849 0445223 1553038 0132555 0026237 0008266 0004611 1510439 2347473 0031843 0542341 0700205 1705273 1883351 0010222 1948027 1157223 1510700 0220781 1883254 0026649 0033727 0439182 0812409
 0439849 1705630 1706279 3540605 0332120 0238767 0282416 0678594 1561607 1706086 0439086 2827736 2981702 1148916 0004793 0028630 0162326 0162327 0243122 1145667 1167622 1515981 1519249 1711351 1711351
 2348205 0001473 0679133 0031843 0542341 0700205 1705273 0851285 1327622
 0018017 1571704 1883351 1527178 1874451 1707455 0027922 0001473 1706373 0443289 0332256 2700400 0018670 1281590 1706305 0025255 0231441 0596901 1706182 0935572 1947953 2700372 0001473 1706373 0016538 0033363 0348018 0002055 0178499 0935572 1880279 1947953 2700372
 1704254 1704922 3542466 0315160 0009054 0443289 0392148 0935572 1947953 2700372 2348205 0014834 0001473 0014833 0016327 0439133 0684224 0700287 1553038 1706373 3496591 0450348
 1704254 1704922 3542466 0443289 0027627 0175668 0205231 0205436 0935572 1947953 2700372 0935572 1947953 2700372 0013126 1159576 0005528 1317949 3495449 0016327 0439133 1553038 0001473 1522508 1561567
 0678594 0001473 0678594 0678594
 0678594
 0441712 1706376
 0851285 1327622
 1707478 1514811 1706462 0005456 1148916 1523141 2945843 0028630 0205145 0243122 1145667 1167622 0205448 1711351 1711351
 0205132 1705535 0205681 1711351
 0205435 1279901 0392747 1554963 1711351 0015101 0376938 0596019 0045920 0205170 0205177 0439167 0441655 1517945 1561536 3146287 0439086 2827736 2981702
 0205436 0457385 0565930 1561503 1705190 1711351 0332256 2700400 1148916 0004793 0079160 0028630 0162326 0243122 0376298 0444868 1145667 1167622 3539085 1148916 0600499 0007382 0028630 0150312 0243122 1145667 1167622 1711351 0001473 1706373 0740116 2827735 2981700
 1711351 0450429 1515974 0034571 0043299 0043309 0444626 1306645 1962945 0086894 0205396 0427896 0678594 0851346 1533132 1550043 1551388 1704641 2314876
 1511726 3245479 0470187 0026882 1705285 0162326 1711351 0023175 0181586 0205177 0237881 0439167 0441655 0750502 1442948 1522538 1546944 1561536 2348269 3275067 1517945 1441672 1711351
 0871161 1882134 2347695 0001473 0036667 0312418 0427965 1511883 1522640 2346484 2349185 0038738 0034760 0015101 2827734 2981698
 0001473 0007452 0010654 1140701 1706373 1711351 0205396 1550043 1551388 1709915 1882936 1273518 0038738 0034760 0450355
 0010654 0079160 0004793 0017890 0162326 0162327 0376298 0419518 0445022 0522461 0699759 1519249 0444626 0427896 0678594 1533132 1704641 0031603 0205088 1705314 1705315 0205681 0600499 0007382 0205145 0332297 1145667 1167622 1515974 1689898 2349209 2825164
 0010654 1547282 1883351 0348078 0376315 1522492 1511997 0012771 0010654 0445247 1711351 2246095 1148926 0001473 0021467 0021469 0205177 0205343 0332152 0439167 0441655 1522538 1561536 1628982 1706373 3463820
 0010654 1707271 0205088 1705314 1705315 1880389 1883221 3541951 1711351 1150347 0220781 0439634 1522492 1511997 0039869 1883351 0018790 0237477 0392351 0521111 0205177 0439167 0441655 1561536 0036679 0237868 1881713 0332281 0028630 0030685 0391871 0439180 0680255 1283071 1963578 0444626 0234621 0427896 0678594 1533132 1704641
 0035820 1705810 0851285 1327622 1148926 0205177 0439167 0441655 1561536
 1979874 0005456 1148916 1711351 0005456 1148916 0028630 0205145 0243122 1145667 1167622 0700364 1883351
 0332120 0332283 1719822
 0205435 1279901 1711351 1518422 0850310 3154893 0079160 0004793 0162326 0162327 0376298 1519249 1547282 1883351 0205224 0016327 0439133 1553038 0001473 0740116 2827735 2981700
 0026882 1705285 1883351 0005456 1148916 1711351 0023175 1442948 1522538 2348269 3275067 0392747 0443172 0026882 0205681 0600499 0007382 0205145 1515974 2825164
 0392747 1554963 1711351 0046841 0023175 0205177 0439167 0441655 1442948 1517945 1522538 1561536 2348269 3275067
 0031843 0542341 0700205 1705273 0001473 0087130 0302523 0700325 1964257 0332299
 1711351 0039869 1883351 1880177 1711351 0017797 1705285 0061472 0523665 0001128 0202406 1879547 0332282 1883712 1441672 1705535 0205145 0027552 0686904 1883351 1548223 1883351 0205177 0439167 0441655 1561536
 0449445 1292724 0162340 1883727 0035820 1705810 0033727 0369286 0441932 0564385 2610719 2610718 1706853 1879748
 0205435 1279901 0017260 1442161 1511760 1880274 1547699 2700640 1711351 1547282 1883351 1148926 0231966 0001473 0023175 0205177 0439167 0441655 1442948 1517945 1522538 1561536 1706373 2348269 3275067 2827734 2981698 1880389 1883221 3541951 0085732 1299581 0441906 0443238 1706853 1880389 1883221 3540692 3541951
 1554961 1705847 0033727 0369286 0441932 0564385 0205177 0439167 0441655 1514873 1561536 1706853 1879748 0439855 1704241
 1883712 0021135 1533691 2827718 0557651 0947630 2603343 1705535 0035820 1705810 1148926 0205177 0439167 0441655 1561536 1148651 1148926 0205177 0439167 0441655 1561536 1880389 1883221 3541951
 1880389 1883221 3541951 1518422 0024471 0439267 0700364 1883351 0871161 1882134 2347695
 1883351 0332158 0337611 1705415 0439855 1704241 0449445 1292724 1883727
 0205435 1279901 1704675 1449705
 0036025 0043392 0043393 0717551 0332197 1689985 0441907 0023175 0181586 0220781 0439634 0457422 0507238 1442948 1522492 1522538 1883525 2346866 2348269 3275067 0332257 1711351 0016327 0439133 1553038 1711351 1705535 1711351 0332256 2700400 0017446 0205147
 0332220 0947630 0073187 0033684 1285553 1883351 0439509
 0016327 0439133 1553038 0439267 2348205 0178576 0332220 2828360 1517892 1704666 1514468 0558058 0016327 0439133 1553038 0332158 0337611 1705415
 1522634 0486616 1555710 0935572 0001473 0013852 0205288 1441672 1706373 3463986 0026019 2984656 1704254 1704922 3542466 0042789 1947903 1282910 1552828
 0001473 1706373 0935572 1947953 2700372 0205250 1711351 0935572 1947953 2700372 1881534 1880389 1883221 3541951
 0423896 0456205 1705535 0205447 0001473 0031843 0542341 0700205 1334043 1705273 1706373 1711351 0205431 1522492 1292711 0449719 1709471
 0486616 1555710 0001473 1706373 0439673 0439267 0033727 0369286 0441932 0564385 1880389 1883221 3541951 0441906 3540692
 0678594 0001473 0678594 0678594
 0678594
 0441712 1706376
 0851285 1327622
 1707478 1514811 1706462 1880389 1883221 3541951 0332256 2700400 0332307 0205449 1553033 1553033 1553033 0033684 1515273 1705313 2826302 0033693
 1711351 1334043 0238767 1706086 0001473 0016327 0439133 1515981 1553038 1711351
 1711351 0018882 0205448 0229304 1017315 1167322 1704821 1705682 2752508 0332256 2700400 0596260 0441835 2826346 0441833 0687744 1257890 1552516 1705428 1705429 0205224
 1553033 0018882 0205450 0229304 1017315 1167322 1704821 1705682 2752508 0332256 2700400 0596260 0441835 2826346 0441833 0687744 1257890 1552516 1705428 1705429
 1553033 1553033 0017261 1705960 0017337 0332597 1441547 3245521 0332466 1293131
 1553033 0441906 3540692 1711351 1880177 0237753 0449788 0205450 0724000 1880389 1883221 3541951
 2985777 0237753 0449788 1711351 1880177 0441906 3540692 0205171 1720467 2825407 1705535 1883351 1551359 1705241 1705242 2741673 2981730 0597526 1441672 0001473
 0441906 3540692 0443286 1114821 0205197 0205410 0028778 0332206 1533157 1706084 2828370 1159576 0005528 1317949 3495449 0439086 2827736 2981702 0596260 0441833 0687744 1257890 1552516 1552839 1705428 1705429 0205245 0542341 2700217 0005528 1317949 3495449 1883351 1709305 2745955
 1979874 1711351 1553033 0033684 0332256 2700400 0018882 0229304 1017315 1167322 1704821 1705682 2752508 0596260 0441833 0687744 1257890 1552516 1705428 1705429 0205437 0441635 1167322 2752508
 0001473 1711351 0205447 0001473 0947630 0205447 2987476 0033693 1711351 1948062 0439855 1704241
 0013852 3463986 1711351 0348078 0376315 1522492 0521164 1260969 1705184 1711351 1880389 1883221 3541951 0025255 0596901 1706182
 0947630 1518422 0206243 0699809 0439787 0441906 0849355 3540692 1441672 1883351 0348078 0376315 1522492 1260969 0205280
 1883712 1711351 1547282 1883351 0006072 0007452 0029005 0030358 0750490 0949793 1140701 1423600 1510411 1706221
 2607943 2926606 3539655 1705535 1412676 0035820
 1711351 1711351 0231966 1415205 0017968 0850310 3154893 1880389 1883221 3541951 1880389 1883221 3541951 0332256 2700400 0018882 0229304 1017315 1167322 1704821 1705682 2752508
 0036025 0043392 0043393 0717551 1711351 0017337 0205448 0679058 2700640 1412685 1412686 1425544 1412685 1412686 1425544
 1325692 0042219 0205099 0392752 1879652 0392752 0021868 0025255 0175996 0178719 0596901 1706182 0018042 0034850 1705535 1711351 1521840 2986546 0001473 1706373 0007634 1269647 1704653 1948049
 0162775 2987476 0947630 1705535 1711351 0001473 1706373 1711351 0332256 2700400 1709915 1882936 1159576 0033727 0040715 2987521 0450382
 1518422 1159576 0005528 0033727 1317949 1514873 3495449 0001473 1709915 1882936 0700364 1883351 0733755 2987476 0026649 0011546 0020283 0205177 0439167 0439857 0441655 0450407 0450408 0450409 0558058 1561536 2698668
 1711351 0348078 0376315 1522492 0599635 0439799 1706095 0683607 0033727 1517378 0444454 1554204 1883351 0337094 1550550 0205145 1515974 2825164 0001473 0016327 0439133 1553038 1706373 1705535 1711351
 0332120 1301820 1705535 1711351 0850310 3154893 0005456 0682969 0449604 1523141 0205145 0243122 1145667 1167622 1515974 2825164
 1711351 1711351 1880389 1883221 3541951 0332256 2700400 0037179 0087136 0205171 1948062 0021699 0038164 1704821 0033684 0332297 0441906 1145667 1167622 1689898 2349209 3540692 0086168 0439509 0457422 0507238
 0031843 0542341 0700205 1705273 1516050 1552601 1711351
 0441712 1706376 0001473 0678594 0678594
 0678594
 0441712 1706376
 0851285 1327622
 1707478 1514811 1706462 0441712 1706376 0001473 0206243 0699809 1159576 0040715 2987521 1518422 0443211 1272684 0039869 1883351 2348205 0001473 0016327 0439133 1441414 1553038 1553874 1578820
 0441712 1706376 1510699 0020291 0441722 0563538 0035868 0677597
 0035868 0677597 0025663 0025664 0449851 0026022 0016315 0026018 0205393 0332185
 1711351 1883351 0231441 0521164 1260969 1705184 0037640 0080103 0205345 1547039
 1711351 1948036 2987518 0080103 0205345 1547039 0935572 1947953 2700372 0348078 0376315 1522492 0080103 0205345 1547039 0683607 0033727 2584321 0596260 0441837 0441833 0687744 1257890 1552516 1552839 1705428 1705429 1711351
 0521164 1260969 1705184 1711351 0231458 0033727 1707391 0596260 0231458 1883708 0025255 0391871 0441987 0596901 1283071 1521805 1706182
 0441712 1706376 0026597 0439182 0812409 0033727 0025255 0596901 1706182
 1706853 1879748 1521840 0001473 0678594 0678594
 0678594
 0441712 1706376
 0851285 1327622
 1707478 1514811 1706462 0947630 1880389 1883221 3541951 0085732 1299581 1706853 1521840 2986546 0332197 1689985 1711351 0332197 1689985 0309872 1292733 0185023 1947904 1999228 1706853 1879748 1521840
 1705535 1533716 0036025 0043392 0043393 0717551 0441906 1880389 1883221 2982691 3540692 3541951 1706853 1883351 2584321 1167041 0025255 0042219 0596901 1706182
 1880389 1883221 3541951 1442161 1511760 1880274 0309872 1292733 1706853 1879748 0185023 1947904 1999228 0441906 3540692 1441672 0012634 0348080 1705253
 1554961 1705847 0033727 0369286 0441932 0564385 0205177 0439167 0441655 1514873 1561536 2610719 2610718 1706853 1879748
 2610718 1706853 1879748 1512977 0007634 0024660 3282337 0557651 0700364 0185023 1947904 1999228 0441906 3540692 0014239 0035295 1709305 2745955 0439086 2827736 2981702
 0036025 0043392 0043393 0717551 0237753 0449788 0332257 0700364 1883351 2610718 0001473 0031843 0542341 0700205 1705273 1706373 1706853 1879748 1518422 0348078 0376315 1522492 1292711 0449719 1709471 2827734 2981698
 0033684 0205449 0444868 3539085 0014239 0035295 2982691 0700364 1883351 2363430
 0033684 0543488 0700364 1883351 0031843 0542341 0700205 1705273 2610719 2610718 0069436 0001473 0205171 0439855 1704241 1706373 1706853 1720467 1879748 0025252 0598838 0025255 0033684 0596901 1518422 1706182 1706853 1879748
 1711351 1705535 1883351 0332256 2700400 1533716
 0597298 0175996 0178719 1185625 1382196 1521840 1705242 0036025 0043392 0043393 0717551
 0040300 0597298 0205396 1550043 1551388
 0597298 0449475 0597298 0205250 0441889 1299351 2700149 1519718 0553257 0007634 3282337 0007603 0025255 0032105 0596901 1550098 1706182
 1711351 0332256 2700400 1533716 0439851 1947931 0001473 1706373 0597298 1521840 1711351 1883351
 0851285 1327622 0001473 0678594 0678594
 0678594
 0441712 1706376
 0851285 1327622
 1707478 1514811 1706462 2963144 0557351 1883525 2346866 0182400 1704681 2347609 3536729 0007634 3282337 0085732 1299581 0024501 1185625 1382196 0871161 1882134 2347695 0205224 1550369 0001473 0884358 2827734 2981698
 1707959 0034850 0001128 0332282 0597361 0014139 0086597 0127400 0597357 2984285 1515877 1879547 0086168 0599282 0282114
 1522634 0007634 3282337 1156132 1522821 2987513 0332120 0183683 0332149 0441712 1301820 1521721 1705910 2362652
 0441712 1706376 0086168
 0036025 0043392 0043393 0717551 0871712 1547282 1883351 0015127 1524003 0004331 0086168 0457422 0507238 1880389 1883221 3541951
 0086168 0205343 0332291 0597295 0033684 0085862 0205314 0220781 1299583 1515981 1883254 1880389 1883221 3541951
 0086168 1880389 1883221 3541951 0021585 1441672 0282576 0457422 0507238 1880389 1883221 3541951 0805527 1512977 0007634 0024660 0205396 1550043 1551388 3282337 0439086 2827736 2981702 1705535 0441712 1706376 0868928 1533148
 1521761 2827422 0332298 2587213 1301808 1442792 3148680 1883351
 0441712 1706376 1441414 1553874 1578820 1883351 1148926 0205177 0439167 0441655 1561536 1515655 1150347 1156639 0220781 0439634 1522492 0205681 0600499 0007382 0205145 1515974 2825164 0001473 1706373
 1511997 0012771 0010654 0205431 0007452 0010654 1140701 1711351 1264633 1554103 0887885 0242915 0333262 1301808 1442792 2987476 3148680
 0332290 0026882 1705285 0010654 0010654 0036025 0043392 0043393 0717551 0014442 0023175 0181586 1442948 1522538 2348269 3275067 0332325 2827757
 0544461 0027922 1441672 1705535 1883351 1273518 0028125 0699857
 0441712 1706376 1515655 0087130 0001473 1706373 1547282 1883351 0332324 1550474 0450385
 0026882 1705285 0036025 0043392 0043393 0717551 1156132 0023175 0042219 0181586 0332452 1442948 1522538 1522821 2348269 2987513 3275067 1457869 1861101 0026882 0205202 1705285 1705535 1150347 0220781 0439634 1522492 1511997 0015127 1524003 2246095 0021467 0021469 1628982 3463820 1515655
 0441712 1706376 1441414 1553874 1578820 1883351 1156132 1522821 2987513 0392747 0443172 1705241
 1883525 2346866 0015127 1314792 1524003 0392747 0443172 1705241 1510699 0020291 0332257 0086045 0597304 0439086 2827736 2981702 1705535 0001473 1706373 1551084 2937256 1883351 1301808 1442792 1948027 2987476 3148680
 1883712 1705535 0442805 1880177 0020283 0450407 0450408 0450409
 0086168 0441712 1706376 1282910 1552828 1710082 0332298 2587213 0013682 0439673
 0237753 0449788 0033684 1999216 1947931 0443264 1148926 0205177 0439167 0441655 1561536 0205396 1550043 1551388 1705535 0018896 1552861 1883351 0243148 1550141 1882979 2587213 3274648 1156132 1522821 2987513
 1883712 0541594 0178587 0182537 0392747 0443172 1705241 1706421 1547282 1883351 0243148 1550141 1882979 2587213 3274648 1159576 1519624 0005528 1317949 3495449 0237102 0035820 1705810 0178587 0020283 0450407 0450408 0450409 1518422 0443211 1272684
 0001473 1159576 1550030 0005528 1317949 3495449 1709305 2745955
 0012634 0348080 1705253 0025251 0025255 0596901 1314939 1706182 3245505 1159576 0005528 0033727 1317949 3146294 3495449 0700364 1883351
 2348693 0055363 0008203 0015576 0086597 0127400 0175996 0178719 0596019 1704727 0439799 1706095 0205177 0439167 0441655 1561536 0010531 0033640 0332298 0038164 1158886 0031715 0031727 0033684 0851827 1701901 2587213 3244310 0439086 2827736 2981702
 0851285 1327622 1882932 0441712 1706376 0007634 3282337
 0031843 0542341 0700205 1705273 0001473 0678594 0678594
 0678594
 0441712 1706376
 0851285 1327622
 1707478 1514811 1706462 0001473 0015576 1704727 1883525 2346866 0007634 1269647 1704653 1948049 1513112 0025255 0440102 0596901 1704259 1705987 1706182
 1749467 1880389 1883221 1948047 3541951 1273518 1880389 1883221 3541951 0206243 0699809 1159576 0005528 1317949 3495449 0439849 0445223 0132555
 1880371 0542341 0700364 0332148 0750492 0237753 0449788 0332298 0557351 2587213 0205177 0439167 0441655 1561536 1515655
 2825232 3273171 0470187
 0043227 0027468 0018173 0018684 0021622 0546866 1521721 1548284 3245503
 0282413 0376649 1442065 0007634 0178539 0031842 0031843 0036375 0108844 0006037

 0302523 0700325 3244290
 0000723 0000723 1273517 0012124 0012124
 1514811 1706462 0031843 0542341 0700205 1705273 0001473 0678594 0678594
 0678594
 0441712 1706376
 0851285 1327622
 1707478 1514811 1706462 1551756 2603360
 0033727 0369286 0441932 0564385 0369637 0441923

 2347961


 0025141 2347469


 0439070 1705160 0005477 0026376 0005532 1521991
 0369637 0441923

 0025141 0369637 0441923
 0016327 0439133 1553038


 0201682
 0007457 0043157 0220938
 0369637 0441923
 0036397 0025141 0439267
 0439267 0369773 2603361
 0369637 0441923
 0023884 0736268 1278929 2346688 0005532 1006301 0021966 0221138 0369718 0441922 1553036 3538926
 0027976
 0033727 0369286 0441932 0564385 0369718 0441922 1553036


 0201682
 0369637 0441923

 1417055

 0369718 0441922 1553036 0205090 0684010 2603358



 0025141 2603362
 0439394 1706495 3642217



 0025141 0326374 1706486
 0205090 0684010 2603358
 0439114


 0007634 1269647 1704653 1948049

 0025141 0439394 1706495 3642217 0205090 0684010 2603358 0331778 0205090 0684010 2603358
 1418943

 0268596 2700624
 3642273
 0041703
 0000857 0600678 1552863 0205090 0684010 2603358 0205090 0684010 2603358 0439267 0205090 0684010 2603358



 0033727 0369286 0441932 0564385


 0201682

 0597277 1708601
 1418943

 0268596 2700624
 3642273
 0041703
 0000857 0600678 1552863 0205090 0684010 2603358
 0033727 0369286 0441932 0564385

 0205090 0684010 2603358
 0439394 1706495 3642217 2347469
 0369637 0441923
 1418943

 0268596 2700624
 3642273
 0041703
 0033727 0369286 0441932 0564385 0439267 0332585 0369637 0441923


 0201682
 0582525 1705825


 0025141 0205090 0684010 2603358
 0033727 0369286 0441932 0564385

 1417055

 2828360 0205090 0684010 2603358
 0439394 1706495 3642217 2603360
 0369637 0441923



 0025141
 2347469



 0201682

 2603360

 0369718 0441922 1553036
 1418943

 0268596 2700624
 3642273
 0041703
 0205090 0684010 2603358

 0349590 1262865 0025141 2603362
 1075351 1158530
 1538825

 0201682
 0369637 0441923


 0201682
 0442982
 0369773 2603361
 0439267 0205090 0684010 2603358 0043016

 0349590 1262865 0025141 0369637 0441923
 0369773 2603361
 0439394 1706495 3642217 0439394 1706495 3642217
 0369637 0441923
 1418943

 0268596 2700624
 3642273
 0041703
 0369773 2603361
 0369637 0441923
 0005477 0025141
 0033727 0369286 0441932 0564385 0369773 2603361 0369773 2603361
 0369637 0441923


 0201682
 0597277 1708601

 0369637 0441923


 0201682
 0369637 0441923


 0201682
 0369637 0441923


 0201682
 0369773 2603361
 0369773 2603361
 0205090 0684010 2603358 0369637 0441923


 0201682
 0369637 0441923


 0201682
 0369773 2603361
 0369637 0441923
 0021966 0221138 1551756 2603360


 0201682
 1832110 0369637 0441923
 0205090 0684010 2603358 0369718 0441922 1553036 1551756 2603360
 0033727 0369286 0441932 0564385


 0201682
 2347469
 0369773 2603361 0369773 2603361 0007457 0043157 0220938
 3495095
 0369773 2603361 0439394 1706495 3642217 0441591

 0006736
 0597277 1708601 2603362
 2347469


 0201682
 0597277 1708601 0205090 0684010 2603358 0369637 0441923


 0201682

 0439394 1706495 3642217
 0369637 0441923
 1551756 2603360
 0033727 0369286 0441932 0564385



 0201682
 0021966 0221138 0597277 1708601 0369718 0441922 1553036 0033727 0369286 0441932 0564385 0369637 0441923


 0201682
 0021966 0221138 0205090 0684010 2603358 0205090 0684010 2603358



 0201682

 2347469



 0025141 0033727 0369286 0441932 0564385 0369718 0441922 1553036
 1418943

 0268596 2700624
 3642273
 0041703
 0000857 0600678 1552863 0205090 0684010 2603358 0439394 1706495 3642217
 1551756 2603360
 0033727 0369286 0441932 0564385


 0201682
 0369718 0441922 1553036



 0025141 2828360 0205090 0684010 2603358
 0439394 1706495 3642217 0439394 1706495 3642217

 0025141 0205090 0684010 2603358 0439267 0016327 0439133 1553038 0597277 1708601



 0000857 0600678 1552863 0443013 0369773 2603361
 2603360 0672596 2603360 2603360 1721089 0369637 0441923




 0000857 0600678 1552863
 0369637 0441923
 2603360 0369773 2603361 0554249 0597277 1708601 0205090 0684010 2603358
 0349590 1262865 0025141 0369637 0441923
 1825319
 0006736
 0597277 1708601
 2603360



 0201682
 0369637 0441923
 0016327 0439133 1553038 0443047 0205090 0684010 2603358
 0331964 2347469
 2603360 0443013



 0201682
 0369637 0441923
 0016327 0439133 1553038 1431628 2347469 2347469
 0331964 2347469
 2603360 0369637 0441923
 0443013



 0201682
 2347469
 0205090 0684010 2603358



 0201682
 1538223 2603362
 2347469 2347469



 0201682

 0033727 0369286 0441932 0564385 0369637 0441923


 0201682

 0033727 0369286 0441932 0564385 0369637 0441923


 0201682
 0016327 0439133 1553038
 0021966 0221138 0205090 0684010 2603358
 0033727 0369286 0441932 0564385


 0201682
 0369637 0441923


 0201682
 0033727 0369286 0441932 0564385 0205090 0684010 2603358 0597277 1708601
 0349590 1262865 0025141
 0442532 0597277 1708601
 1551756 2603360
 0033727 0369286 0441932 0564385


 0369773 2603361
 0369637 0441923


 0201682
 0444759
 0369773 2603361
 1279919 0016327 0439133 1553038
 0439267 0033727 0369286 0441932 0564385


 0201682
 0369637 0441923


 0201682

 2347469



 0201682
 0369637 0441923


 0201682

 0369773 2603361
 0369637 0441923


 0201682
 0369637 0441923
 0331847 0439394 1706495 3642217


 0201682
 0009993 0037455 0596070 1552856 0005477 0026376 0005532 1521991