 0282412 1547011 1879746
 0016327 0439133 1553038
 0028775 0587481 1704729 0010819 0005532 0036375 0039514 0376649 1442065 0282413 0686900 1272683 1522634 3273171 0031831 1707664 2348314 3540849
 0033727 0369286 0441932 0564385
 0028775 0587481 1704729 0036375 0039514
 0013849 1705961 0024492 1538057 1547565 1293116 1875307 1514811 1706462 1514811 1706462 0025322 0085215 3494522 0747102 0205065 0205252 0231174 0680095 1517945 0043210 0439234 0001779 0140145 1332102 0282443 1425988 1709940
 0332281 0009253 0011155 0036864 0038317 0079399 0162429 1314687 1522384 1623416 0002453 0021359 1862265 0018061 1522385
 0015127 0332257 0332157 0274281 0013216 0013217 0392920 0034519 0560559 0851346 1522449 1524020 1524021 0450442 1254351 1521826 0019247 2924406 0678236 0030705 0015127 1314792 1524003 0205396 1550043 1551388 0025322 0085215 3494522 0747102 0205065 0205252 0231174 0680095
 0332120 1705535 0004368 0015127 1524003 0025322 0747102 0205065 0231174 0348078 0376315 0680095 1522492 0456981 0003320 1518422 0205309 0441712
 0025322 0085215 3494522 0747102 0205065 0205252 0231174 0680095 0332183 0004364 0332281 0243083 1280464 0012634 0205319 0443146
 1707959 0025322 0085215 3494522 0747102 0205065 0205252 0231174 0680095 0277793 0332162 0004368 0599750 0011155 0019932 0162429 0332152 1522538 1623416 2986474 2827734 2981698
 0025322 0085215 3494522 0747102 0205065 0205252 0231174 0680095 0302158 0018120 0221971 0332448 0333348 0702249 1523986 1880022 0003261 0033268 0333641 2827734 2981698 0740116 2827735 2981700 0439086 2827736 2981702
 0004358 0003320 0205214 1522138 3245511 0007634 3282337 0029939 0227898 1278992 0001613 0007776 1176472 2700441
 0003320 0205214 1522138 3245511 0205396 1550043 1551388 0014442 0014445 0332257 0010813 0596311 1330957 0038302 0020364 0000413 0020392 0020393 0030016 0439084 0728893
 0020792 0205396 0025322 0085215 3494522 0747102 0205065 0205252 0231174 0680095 1314939
 0205435 1279901 0243107 0678723 1527148 0368676 0003241 0220908 0392148 1305399 1705053 0003320 1999230 0336791 2827396 0012634 0030705 1444641 0035647 1516077 0012634 0030705 0087111 0439662 0443264
 0205436 0457385 0565930 1561503 1705190 0336791 2827396 0035168 0242481 1273517 1517331 0162340 0441712 0441712 0332281 0243083 0012634
 0020792 0205396 0359589 1999230 3242228 1533716 0029939 0227898 1278992 0031843 0542341 0700205 1705273
 0599779 0003062 3161035 0233820 0003320 0001721 0242656 1947900 0449258
 3161035 0025663 0025664 0205263 0439064 0449851 0020971 0042196 3244291 0456981 0003320 0040071 2945605
 0282443 1552617 1518422 0205341 0243107 0678723 1527148
 1160265 0243107 0678723 1527148 0920595 0439064 0947630 1705535 1527178 1874451 0443146 1963070 0443286 1114821 1515926 0015127 1524003 0851285 1327622 0039194 2827734 2981698 0439086 2827736 2981702

 0040071 0015252 0728940 0596615 0080194 0456178 0025914 0025929 0026809 0025919 1510707 0456647 1274040 1546471 2825142
 0277793 0332162 0034011 0522569 0021368 0439230 1709305 2745955 0040071 2945605 0439086 2827736 2981702
 0441712 1706376 0439086 2827736 2981702 0039194 0007634 3282337 3541261 0205307 0439166 2347086 3146294 1184743 1522240 0162638 0018120 0221971 0029939 0227898 1278992
 0007634 3282337 0039194 0332298 0039215 3251824 0007634 2587213 3282337 3541261 0205177 0439167 0441655 1561536
 0007634 3282337 0040113 1015036 1515430 3146294 0332174 0439230 0376558 0040071 2945605 1274040 1517945 1546471 2825142 0039194 0007634 3282337 0031843 0542341 0700205 1705273
 0599779 0003062 3161035 0851285 1327622
 1517331 0039194 0007634 0035820 0183683 0851285 1269647 1327622 1521721 1704653 1705810 1948049 0025322 0085215 3494522 0599779 0747102 0003062 0205065 0205252 0231174 0443146 0680095 3161035
 1948052 2963144 0025322 0747102 0231174 0680095 0003062 0205263 0332293 0003320 0205065 1522326 2827734 2981698 0043519 0019360 0033684 0597698 1421866
 0332120 0025322 0085215 3494522 0747102 0205065 0205252 0231174 0680095 0003320 0039798 0087111 1522326 1533734 1705169 3538994 0003320 1518422 0003320 0205065 0205309 0439849 0445223
 1705535 0007613 0230625 1184743 1522240 1998882 0039194 0007634 0851285 1269647 1274040 1327622 1517945 1546471 1704653 1948049 2825142 1155065 1326120 1879547 0439086 2827736 2981702
 0314657 0012655 0017296 0220898 0314603 1264642 1547045 0151526 1820234 1999230 0233820 1314939
 0947630 0449432 1705248 0079411 0439064 1301725 1609436
 0025322 0085215 3494522 0747102 0205065 0205252 0231174 0680095 0040071 0205263 1552240 1552264 2939425 2945605 0080194 0456178 0025914 0025929 0026809 1708726 0243148 1550141 1882979 2587213 3274648 0031437 1285572 0008666 0814036 0008633 0025914 0025929 0026809 0024779 1706473
 1708726 0017337 0012655 0220898 1264642 1314939 1547045 0011854 0205734 2984334 0457592 1320657 0011849 0441729 0011847 0332307 1547052 0085243 0025914 0025929 0026809 0241863
 1705535 1314939 0004366 0443146 0871261
 0030351 1547566 0020792 0205396 0009015 1547699 2700640 0033684 0348042 1455722 0003320 0025322 0085215 3494522 0747102 0205065 0205252 0231174 0680095
 0947630 3242228 0205314 0543488 1533716 1999230 0035168 0205314 0242481 1515981 3245505 0336791 2827396
 0441889 0456079 1547707 2946261 0681520 0033684 1704222 0017337 1514468 1704444 0087044 0103404 0033684 0205369 1552740 0083867 1332428 0205396 1550043 1551388 0700364 1883351 0205369 1552740
 0004793 0162326 0162327 1519249 1512488 1334043 0815043 1527118 0031843 0542341 0700205 1705273 1518422 0205309 0332256 2700400 0752190 1514562 1705535 1148923 1149035 0243122 1145667 1167622 1158886 1519063 0031715 0205145
 0016441 0589120 1522577 1704685 3274571 0332283 0947630 1719822 0083867 1332428 1999230 0233820 0332298 2587213 1160520 0678723 0870861 1254042 0015914
 0020792 0205396 0359589 1999230 0336791 2827396 0332162 1160265 0243107 0678723 1527148
 1707959 0033684 0185117 1301820 0449913 1553451 1704459 1273517 1883351 0442726 0392148 0441889 0449247 0040223 0750729 3541383
 0039194 0007634 3282337 0004561 0007634 3282337 1880022 0039194 0007634 0392747 0443172 1705241 3282337 1257890 0332128 1517331 0441712
 1883712 0035820 1705810 0029939 0227898 1278992 0332272 1524063 0034760 0042153 0457083 1516048 1947944 0003320
 1522634 0441712 1706376 0449450 0020963 0013220 0220929 0231197 0439662 1704410 0039194 0007634 0205177 0871261 1269647 1704632 1704653 1706817 1948049 2911692
 1539479 0029939 0227898 1278992 0243066 0332149 1705910 2362652 0441712 1706376 0020962 0332157 1291764 0439662 0449913 1553451 1704459 0441635 1184743 1522240
 0029045 0150312 0449450 0442824 0543488 3161035 0029045 1956101 0018207 0007634 0934502 1282914 1522408 1561599 3282337 0009452 0206117 0449475
 1522634 1710548 0678594 1881534 0231204 2827758 0162638
 0441712 1706376 0021368 0333348 0443286 1114821
 0443286 1114821 2945843 0029965 0205145 1709305 2745955 0332120 0030685 0391871 0439180 0680255 1283071 1963578
 0231184 0042789 1947903 0011164 1704241 0007634 3282337 0205392 3540770 0003315 0003320 0007634 0449450 3282337 0024432 1546706 1550652
 0543488 1883351 1316572 1317574 1369612 0034011 0392148 0700364 1883351 2349975 0004366 0443146 0871261 1704632 1706817 2911692 0439086 2827736 2981702
 0034760 0947630 3146294 1273517 1883351 0018896 1552861 0332162 0039194 0007634 3282337
 0441712 0025322 0085215 3494522 0747102 0205065 0205252 0231174 0680095 1518422 1704788 3539106
 2986594 3161035 0003320 0205164 0205309 1948027 0359589 1999230 0449913 1553451 1704459 0439659 1883351 0162340 0007613 1325880 1184743 1522240
 0449247 0040223 0750729 3541383 0083867 1332428 0025322 0747102 0231174 0680095 1518422 0205309
 1707959 0003241 1184743 1279919 1522240 1709305 2745955 0010957 0205087 0237881 0333348 0750502 1546944 1883709
 0449247 0040223 0439849 0445223 0750729 1522634 3541383 1518422 0205309 0003241 0032214 0600138 0035820 1705810
 1705241 1705242 0025322 0085215 3494522 0747102 0205065 0205252 0231174 0680095 0025322 0085215 3494522 0747102 0205065 0205252 0231174 0680095 0086418 0205397 0332218 1516048
 0700364 1883351 1546466 1524063 0947630
 0083867 1332428 0332149 1705910 1948052 2362652 0312561 0003320 0086418 0220908 1305399 1334043 1705053
 0150312 0449450 1546466 1524063 0020960 0006556 0012854 0205409 1548221 1273517 1883351 0033684 0449335 0025663 0025664 0449851 0043210 0025322 0085215 3494522 0747102 0205065 0205252 0231174 0680095
 0025663 0025664 0449851 0332302 3540678 0312561 0003320 1334043 0025322 0085215 3494522 0747102 0086418 0205065 0205252 0231174 0443146 0680095 1314939
 0004364 0012634 0443146 0021149 0220856 0025266
 0443199 1705242 3179300 0002844 1280500 0449234 1704772 1882133 0014939 0282443 1709940 0150312 0332285
 0557651 0947630 2603343 0428409 0441889 0032961 3484365 0221103 0301625 0439181 0728721 1817756 0031843 0439662 0542341 0700205 1705273 0333953
 0332120 1705535 0002844 0014939 0015264 1280500 1280500 0040113 1015036 1515430 0005953 0086590 0262950 0376152 0391978 1266908 1266909 1546708
 1883712 0332120 0002844 0014939 1280500 1314939 0020966 3536823 0020964
 1280500 0332257 1552866 2700399 1627358 2349975 1707919 0002844 1627358 2349975 1707919 0014939
 0002844 0014939 0700364 1883351 1280500 0332120 0002844 0205216 0003241 0014939 0442805 0003241
 1280500 2346474 1817756 0007613 0007634 0031843 0439662 0542341 0700205 1269647 1704653 1705273 1948049 0050325 0960756 1521761 2827422 0242656 0449258
 2963144 3242228 1533716 0025322 0085215 3494522 0599779 0747102 0003062 0205065 0205252 0231174 0443146 0680095 3161035 0205229 0162340
 1883712 3161035 1999230 0034760 0086418
 0032863 0183964 0557351 0332257 1552866 2700399 0085732 0017337 1511545 1883708 0884358 2947996 0178659 0185111 0947647 0022885 0039593 0392366
 1707959 0919453 1708726 0017337 0205396 1550043 1551388 0025936 0003069 0025914 0025929 0026809 1332838 0017337 0332453 1521840 3146294 0080194 0456178 1293116 1875307 0080194 0332325 0456178 2827757
 0003062 1883708 0025322 0085215 3494522 0747102 1160265 0205065 0205252 0231174 0243107 0392366 0443146 0678723 0680095 1527148 0040071 2945605
 0597710 1511726 3245479 2362652 1999230 2708734 2708735 1533716
 0555633 0040608 0018173 0027468 0040607 0220931 1521721 1548284 2673163
 1514756
 1514811 1706462 1293116 1875307 1514811 1706462 0025322 0085215 3494522 0747102 0205065 0205252 0231174 0680095 0004368
 2347961 0025322 0085215 3494522 0747102 0205065 0205252 0231174 0680095
 0014137 0442592 0025141 0004364 0029928 0012634 0441712 1706376 0199176 1706420 2700409
 1517844 0025141 0597277 1708601 0205090 0684010 2603358 0020792 0205396 0001403 0266273 0332281 0243083 0012634 0038302 0038311 0599930 0020364
 0777169 0025141 0016327 0439133 1553038 0010762 0014442 0014445 1291774 0001403 0266273 0012634
 1315013 0025141 0016327 0439133 1553038 0369637 0441923 0020792 0205396 1521840 2986546 0004358 0004083 0439849 0596306 0699792 0014130 0004364 0012634 0443146
 1315013 0000857 0600678 1552863 0332120 0015127 1314792 1524003 0025322 0085215 3494522 0747102 0205065 0205252 0231174 0680095
 0439509 0025141 0031831 1707664 2348314 3540849 0582525 0005005 2930861 0025322 0085215 3494522 0747102 0205065 0205252 0231174 0680095
 0325074 0004739 0332297 1420098 0404445 0333641 0021756 0392752 0879590 0919506 1708015
 1417055 0000857 0600678 1552863 1261082 1551056 2981682 0017337 1547699 2700640 0003320 0025322 0085215 3494522 0332281 0747102 0205065 0205252 0231174 0443146 0680095
 0014137 0007587 0229525 0027540 0007634 0011065 1269647 1306577 1704653 1948049 0007613 1325880
 1315013 0025141 0033727 0369286 0441932 0564385 0597277 1708601 0162638
 1519814 0014963 1457900 0007587 0007634 0011065 1269647 1306577 1704653 1948049 0038952 0220921
 0007634 0027960 0324740 0439189 1269647 1456781 1704653 1824986 1948049 0025141 0032946 0679238 1521761 2827422
 0063789 3272375 0027971 0036884 0038317 0020964
 2347961