 0162443 0010741 0449468 0560268 1690016
 0009993 1552856 0037455
 0027758 0072393 1418948 0033684 0449851 1316572 1317574 1369612 1551359 2741673 2981730 0011198 0017480 3540681 3541240 0011198 0017480 0205099 3540681 3541240 0282413 0591239 0016674
 0520510 0023866 0034036 0439855 0557651 0678594 1522508 1704241 2603343 0025032 0242842 0026018 0439064 1273517
 1883712 0459471 3173575 0729707 0450363 0020912 0205449 0524865 2349975
 0240341 0596928 0031082 0369637 0441923 2348043 1704254 1704922 3542466 0423758 1280412 0027834 0027758 0072393 1418948 0033684 0443289 0439849 1705630 1706279 3540605 0680206 0027749 0027740 0027757 1280541 1304649 0522501 1706089
 0027749 0012173 0027740 0027757 0225326 0304068 1260603 1280541 1304649 0205384 0332849 0449450 0016203 0205155 1293097 1522472 1552923 1705191
 1301886 0369637 0441923 0456389 0369637 0441923
 0456389 0369637 0441923 1444754 1706316 0369637 0441923 1515981 1301886
 0557651 2603343 0521093 0750484 1456348 0392148 0205831 1880182 0750492 0439792 1314939 1184743 1522240
 0443131 0011923 0079595 0598941 0870951 0599851 1513822 1705739 1882071 2003901 1441672 1880182 1947971 0870444
 1705313 0205831 1880182 0242842 0026018 0025032 0020912 0524865 0021516 0026828 1619351 0520510 0023866 0034036 0678257 0162340 0947630 2349975 0441889 0456079 1547707 2946261 1261082 1551056 2981682 0678118 0026019 2984656 0013852 0026018 0040722 0242781 1515981 1521797 3463986 0331968 2699100
 0029237 0029246 0220885 1300196 1522486 3272897 0036387 0007634 3282337 0024660 1552738 0444099 1123023 1278993 1705920 0328104 1415875 2826366 0328104 1415875 2826366
 0947630 1999230 1533716 0439849 1705630 1706279 3540605 0031843 0542341 0700205 1705273
 0150312 0449450 0079609 0025664 0449851 1704970
 0027895 0033684 0445254 0684224 0700287 3496591 0444930 2746065 0027758 0072393 1418948 0033684 0027758 0072393 1418948 0033684 1883351 1551359 2741673 2981730 0005516 0027749 0027740 0027757 1280541 1304649 1708632 0003241 0027834
 0678594 0025032 1167624 1947902 2827499 0683607 0020792 0205396 1272745 0459471 3173575
 0150312 0449450 1706701 0242841 0242842 0600396 0600395 0023089 0026018 0034606 0441633 0458142 1023865 1706315 0450363 0205195 0205449 0450363 2986797 0025664 0449851 0359589 1999230 1704254 1704922 3542466 1513264 0002808 0205288 0700276 1384516 0332149 1705910 2362652
 1883712 0037585 0200765 0002778 0936012 1524024 1704254 1704922 3542466 0035868 0184511 0332272 0347997 0677597 1518526 1553497 1561611 1704861 1883067 0683607 0302523 0700325 1964257 0169568 0282411 0241301
 0557651 2603343 1273517 0242841 0242842 0600396 0600395 0023089 0026018 0034606 0441633 0458142 1023865 1706315 1292732 0205831 1880182
 0520510 0520510 0023866 0034036 0459764 0011399 0002694 0002688 0332663 1301820 1518422 0449722 0018563 1281583 1552914 0024752 1306056 1527116 0439234 0580836 1947971 0021430 1511481 1522154 1554192
 0370003 2347026 0205548 0016564 0231441 0443218 2827483 0369637 0441923 0450376
 1882955 0040300 1547928 0000925 0332255 0486805 0700321 1883724 1295725 3272860 0205548 0001771 1707903 0030415
 0031082 0205155 1293097 1522472 1552923 1705191 0001771 1707903 0370003 1881534 2347026 0332287 1551359 1705690 2741673 2981730 0369637 0441923 0348000 0332293 1522326
 0205168 0205155 1293097 1522472 1552923 1705191 0085185 0000925 0030415 1707903 1883724 0370003 2347026 0332287 1551359 1705690 2741673 2981730 0181856 0700320 0004348
 0016318 0079603 0370003 2347026 1708632 1524063 1551359 2741673 2981730 1708071 0449851
 1883351 2349975 0205321 0370003 2347026 0026051 0439482 1551359 2741673 2981730 0492253 3256468 0006353 1883016 1883017
 1720830 1823521 0452728 1440965 0032861 1382110 0450376 1882955 0003241 0185125 0450376 0150312 0332285 1551359 2741673 2981730 0004178 0678214
 0003250 0003241 0026809 0591833 0746619 0884358 0010298 2362313 0079240 1948037 1979003 0312586 0003241 0034493 1515981 0027758 0072393 1418948 0033684 0016674 1516077 1551359 2741673 2981730 0079240 1948037
 1882955 0020283 0450407 0450408 0450409 0040223 1632851 0456693 1442458 0702093 1551359 2741673 2981730 1701810 1882955 0020283 0450407 0450408 0450409 0040223 1632851
 0016318 0003241 0185125 0450376 0150312 0332285 1551359 2741673 2981730 0205381 0004178 0678214 1720830 1823521 0020283 0450407 0450408 0450409 0036774 0036773 0728877 0001924 1701810 1882955 0332283 1719822 0205435 1279901 0522529 0076308 1624602 3541314 1273517 1883351 1883708 1624602 1979003 0011318 0185125 1883351 0027758 0072393 1418948 0033684
 1882955 0020283 0450407 0450408 0450409 0370003 2347026 0009458 0439536 0449878 1705217 3244283 1882074 0020283 0450407 0450408 0450409 0017861 0439083 0439087 0740116 2827735 2981700 1719918 3272372 3538743 0073187 0205103 1551359 2741673 2981730 0444330 1705201 1551359 2741673 2981730 0304644 0036492 0325125 1704637
 0205155 1293097 1522472 1552923 1705191 0205307 0229671 0439166 1546774 1550100 2347086 1521827 0003241
 0430389 0026018 0026040 0205168 0205155 1293097 1522472 1552923 1705191 0332293 0445247 1184743 1522240 1522326 1445860 0003241
 0487602 1704680 0443289 1624602 0332283 1551359 2741673 2981730 0439855 1704241 2827734 2981698 1720830 1823521 0036774 0036773 0728877 0001924 0007452 0229671 1140701 1546774 1550100 0019941 0150141 0175640
 0007610 0018964 0884358
 0205155 1293097 1522472 1552923 1705191 1516695 1516698 1551359 2741673 2981730 1626420 0023089 0034606 0181839 0441633 0458142 1023865 1706315 1706379 0443241 0017480 1524063 1551359 2741673 2981730 0023317 0023318 0996842 1278892 0597484 1272460 0020940 0028908 0038561 1517288 2827727
 0521115 1548968 0011923 0060520 0079595 0522529 0016315 0884358 0332283 0542559 1318139 1719822
 0181496 0392247 0003781 0023089 0205132 0312860 0458142 0549255 1023865 1550648 1552960 1706315 1948015 0338248 2347880 0016315 0086972 0443299 0687118 0162676 1623049 0006539 1551359 2741673 2981730 0181868 1706183
 0016315 1551359 2741673 2981730 0183212 1551359 2741673 2981730 1707391 0180860 0581406 1522664 1704449 1704684 1875155 1883073 2827424 1551359 2741673 2981730 0180860 0581406 1522664 1704449 1704684 1875155 1883073 2827424
 2986823 0028263 0456603 1547037 1710082 0180979 0184511 0205454 0332272 1561611 1705176 1705178 0205155 1293097 1522472 1552923 1705191
 1883016 1883017 2986723 1705565 1947976 0023693 0558058 1306462 1881376 0234698 0152057 0152058 0220808 0597229 1517378
 0016315 0303749 0205166 0274281 0728853 1706317 0205155 1293097 1522472 1552923 1705191
 0020912 0524865 3272897 0868955 1522240 0037585 2348043 0022877 3244292
 1709697 2728259 3484370 0009622 0035953 0440102 0600140 1704688 2346414 1710360 1709324 0449913 1553451 1704459 0025971 1864389 1882368
 1709694 0205549 2348044 1511726 3245479 0243125 0699900
 2984794 0085089 0699801 1551359 1883727 2741673 2981730 0456603 1547037 1517945 0205321 1525423 0205125
 0180860 0581406 1522664 1704449 1704684 1875155 1273517 1883351 0028263
 0180860 0581406 1522664 1704449 1704684 1875155 0871161 1882134 2347695 1533716
 0042153 0457083 1947944 1551359 2741673 2981730 0557702 1272706 1704674 0205099 2700259 0013879 1705248 1883351 0180860 0581406 1522664 1704449 1704684 1875155 0237886 0700314 1947906 0522510 0557702 1272706 1704674 0332156 0549183 0876920 1522609 2347635 2348144 2939193
 1522609 1883708 0205313 0521116 1522609 1705970 2347409 2700259
 2347026 0370003 0522503 1883351 0439742 1551359 2741673 2981730 0457945 1265611
 2316368 0205155 1293097 1522472 1552923 1705191 1280412 0439093 0443228 1704243 1882365 0332269
 0018563 1281583 1552914 0023693 1306462 1881376 0332161 0599946 1551359 2741673 2981730 0031843 0542341 0700205 1705273
 0018563 1281583 1552914 0023693 1306462 1881376 0332161 0439787 0599946 0849355
 1080058 1551359 2741673 2981730 1274040 1546471 2825142 0392756 0547047 1551359 2741673 2981730 0031843 0542341 0700205 1705273
 0205134 1551359 2741673 2981730 0031843 0542341 0700205 1705273 1551359 2741673 2981730 3161035 0031843 0542341 0700205 1705273
 1705565 1947976 0332529 1719797 2911648 0522510 0006539 1551359 2741673 2981730 1707429 1522609 0205125 0205217 0442805 0489829 1705501 0205125 1614132 0205155 1293097 1522472 1552923 1705191 0522510 0522510
 0597277 1708601 1551359 2741673 2981730 1547014 1948059
 0449234 1704772 1882133 1522427 1707391 1522508
 0449234 1704772 1882133 0332479 0348078 0522512 0423896 0456205 1551359 2741673 2981730 0205148 1551359 2741673 2981730 0449445 1273517
 0023693 0086894 0284447 0851346 1301820 1306462 1881376 2348042 2826345 2828360 1709558 1552961 2347617 0220908 1305399 1705053 0009622
 0205447 0272285 0332159 0596020 1708373 1551359 2741673 2981730 2700259 0027749 0027740 0027757 1280541 1304649 0522510 0443264 1551359 2741673 2981730 0031843 0542341 0700205 1705273 0086894 0851346 2314876 0205307 0439166 2347086 0329155 1427618 1705203
 2700259 0205435 1279901 1301820 1551359 2741673 2981730 0185125 1632850 0805874 0870077 1446409 2700259 0522510 0439093 0443228 1704243 0750591 1883351 0347997 1518526 1704861
 2700259 1706907 1708632
 3161035 0205171 1720467 2700259 0750591 3161035 1283828 1551357 1883351 1547282 1533716 0332256 0450363 1880194 1880195 2700400 2986797
 1513371 1705738 2347637 2348146 0679006 1947967 0042789 1947903 0449911
 0025663 0449851 0871511 0679006 1947967
 0332529 0332849 0220908 1305399 1705053
 1883708 0750591 1709558 1514756 1551359 2741673 2981730 0086894 0851346 2314876 2697679 2828360 0449468 1690016 1705102 2700258
 0522510 1551359 2741673 2981730 0086894 0851346 2314876 1274040 1546471 2825142 0919386 1705483 0545082 1512346 1947978
 1705313 0596836 0023693 0522510 1306462 1881376 2700259 0678578 1880177 0009393 1550604 1705245 0220908 0870432 1305399 1705053
 1274040 1546471 2825142 0520510 0023866 0034036 0019637 0025664 0205462 0439858 0449851 0020912 0524865 1547282 0029237 0029246 0220885 1300196 1522486 0332287 1551359 1705690 2741673 2981730 0231242 0027749 0012173 0016204 0027740 0027757 0225326 0304068 1260603 1280541 1304649 3272897 0007634 3282337 0205431 1522492 1551359 2741673 2981730
 1880182 0150312 0205171 0439044 0679994 0439745 1551359 2741673 2981730 0221931 1282636 0221928 0226964 0227296 1522447 0522487 0004457 0205166 0999597 1522496 1706317 1704322 0450344 1553633
 0007634 3282337 0205170 3146287 0007589 0027740 0027757 0205615 0449432 1280541 1705248 0003241 1708632
 0027749 0501385 0012173 0027740 0027757 0205115 0225326 0304068 1260603 1280541 1304649 0332283 0750729
 0027749 0012173 0027740 0027757 0225326 0304068 1260603 1280541 1304649 0445254 1253959 1881507 2700383 2826234 0444930 2746065 0450354 1706096
 1880182 0002055 0178499 0205321 1880279 3274438 0035953 0600140 1704688 2346414
 0027749 0012173 0027740 0027757 0225326 0304068 1260603 1280541 1304649 0150312 0449450 0205324 0457933 0439641 0017446 0205147 0027740 0027757 0750729 1280541 0205447
 0439634 0332272 0020912 0450363 0524865 2986797 0439799 1706095 1441672 0205171 0439044 0679994
 0449911 0333052 2607870 0557702 1272706 1704674 0150312 0332285 1551359 2741673 2981730 0557702 1272706 1704674
 0205831 1880182 0027758 0072393 1418948 1624602
 0029237 0029246 0220885 1300196 1522486 0332120
 1880182 0501385 0027740 0027757 0205115 1280541 2986575 0015385 0336721
 1880182 1704322 1551359 2741673 2981730 0221931 1282636 0221928 0226964 0227296 1522447
 0014520 3496194
 0026040 0030415 0205155 1293097 1522472 1552923 1705191 0459764 0011399 0086418 0369637 0441923 0442015 1883674

 0430389 0026018
 0369637 0441923
 2347469 1155939 0029237 0029246 0220885 1300196 1522486 0150312 0332285 1551359 2741673 2981730 0205831 1880182
 0336721 0007610
 0449381
 0007876 0205155 1293097 1522472 1552923 1705191 0242841 0242842 0600396 0600395 0023089 0026018 0034606 0441633 0458142 1023865 1706315 0392247 0003781 0023089 0312860 0458142 1023865 1551359 1706315 1948015 2741673 2981730 0205831 1880182
 0205173 1705764 1705765 1167624 1947902 2827499 0683607 1551359 2741673 2981730 2346843 1269775 0221205 0332583
 0036387 0007634 3282337 0027758 0072393 1418948 0033684 0332575 1260956 0700364 3272897 0007634 3282337 1547282 0934502
 0205091 1552822 0449432 1705248 0700364 0443228 0549177 1704243 0205155 1293097 1522472 1551359 1552923 1705191 2741673 2981730 2828386 0017446 0205146
 0023317 0023318 0439509 0996842 1278892
 0369637 0441923
 0242841 0242842 0600396 0600395 0023089 0026018 0034606 0441633 0458142 1023865 1706315 1704254 1704922 3542466 0016318 0003241 0303920 0522529 1708632 1269775 0221205 0332583 0027758 0072393 1418948 0033684 0332575 1260956
 0027749 0501385 0012173 0027740 0027757 0205115 0225326 0304068 1260603 1280541 1304649 0205448 0443299 1253959 1881507 2700383 2826234 1880182 0392752 1551359 2741673 2981730 0221931 1282636 0221928 0226964 0227296 1522447
 1285553 0205146 0332268 1167624 1947902 2827499
 0242485 1301886 1444754 1706316
 0449851
 0023317 0023318 0439509 0996842 1278892
 0369637 0441923
 0449911 0333052 2607870 0557702 1272706 1704674 0150312 0332285 1551359 2741673 2981730 0557702 1272706 1704674
 0020912 0524865 0016318 0003241 0303920 0522529 1708632 1269775 0221205 0332583 0027758 0072393 1418948 0033684 0332575 1260956 0031082 0369637 0441923 1301820 0205155 1293097 1522472 1552923 1705191 0242841 0242842 0600396 0600395 0023089 0026018 0034606 0441633 0458142 1023865 1706315 0312860
 0205090 0231458 0679133
 1880182 1551359 2741673 2981730 0027749 0501385 0012173 0027740 0027757 0205115 0225326 0304068 1260603 1280541 1304649
 0017446 0205147 0678226 0332268 0750492 1167624 1947902 2827499 3146286 0558058
 0449468 1690016 1705102 2700258 2700259 0369637 0441923 1551359 2741673 2981730 0441987
 1550029
 0449851
 0020912 1253948 1704254 1704922 3542466 0016318 0003241 0303920 0522529 1708632 1269775 0221205 0332583 0027758 0072393 1418948 0033684 0332575 1260956 0031082 0369637 0441923 1301820 0205155 1293097 1522472 1552923 1705191 0242841 0242842 0600396 0600395 0023089 0026018 0034606 0441633 0458142 1023865 1706315 0312860
 1704254 1704922 3542466 1278655 0445247 2347469 0332287 1551359 1705690 2741673 2981730 0035868 0677597 1704551 0004457 0999597 1522496
 0073187 0205090 0231458 0679133
 0522529 1710082 0205171 0439044 0518609 0679994 1883727 0459471 3173575
 0750729 1881197 1880182
 0449719 0542339 0678975 1709471 1880182 0027749 0501385 0012173 0027740 0027757 0205115 0225326 0304068 1260603 1280541 1304649 0205448 1947971 1253959 1881507 2700383 2826234
 1550029
 0449851
 0020912 0524865 0016318 0003241 0303920 0522529 1708632 1269775 0221205 0332583 0027758 0072393 1418948 0033684 0332575 1260956 0031082 0369637 0441923 1301820 0205155 1293097 1522472 1552923 1705191 0242841 0242842 0600396 0600395 0023089 0026018 0034606 0441633 0458142 1023865 1706315 0312860
 1704254 1704922 3542466 0231458 1704551 0004457 0205127 0439509 0999597 1522496 2347469
 0439641 0017446 0205147 0336721 1880182 0332287 1551359 1705690 2741673 2981730 0552409 0444504 1301886 2347634 2348143
 0449851
 0023317 0023318 0439509 0996842 1278892
 1707156 3274014 3541345 0369637 0441923
 0018563 1281583 1552914 1708632 0007634 3282337 1546854 3272897 0027740 0027757 0750729 1280541 0205172 1551359 2741673 2981730 0205155 1293097 1522472 1552923 1705191 0150312 0332285 1551359 2741673 2981730 0020912 0524865 1551359 2741673 2981730 0205172 0205219 0233426 0700364 0450354 1706096
 1883016 1883017 1524063 0042153 0457083 1947944 0003781 1948015 1515877 1879547 0522529 0181496 0359589 1999230 0344232
 1883712 0035868 0677597 0359589 1999230 0042789 2707266 0392747 2349182 0459471 3173575
 0439599 1444662 0085089 0699801 0205257 0370003 0728938 1167624 1548386 1947902 2347026 2827499 0015127 1524003 2828024 1551359 2741673 2981730 1457869 1861101 0450354 1706096
 0332306 1167624 1947902 2827499 0205410 1304649 0369637 0441923 1513822 1705739 1882071 0205396 1441672 1550043 1551388 1880182
 0242485 0444504 2347634 2348143 0205543 0205171 0450363 1514893 1706463 1720467 2699488 2986797 1947971 1551359 2741673 2981730 1301886 1548673 0439084 0728893 0444504 1301886 2347634 2348143 1268722 1705241 1705242 0205172 0332219 1551359 2741673 2981730 2711609 0449911 1551359 2741673 2981730 0552409 0444504 1301886 2347634 2348143 0950275 0369637 0441923
 0456389 0449770 2348149 0205451 0444706 3541902 1518422 1547282 1548673 0369637 0441923 1444754 1706316 1515981 0369637 0441923 1301886
 0520510 0023866 0034036 0557651 2603343 1547282 0242842 0026018 1441672 0683607 2347947 0205831 0011923 0079595
 1261082 1551056 2981682 0678118 0026019 2984656 0013852 0026018 0040722 0242781 0947630 1521797 3463986 0205232 0678594 0687757 0002778 0936012 1524024 0332218 0331968 2699100
 0524865 1551359 2741673 2981730 0205435 1279901 1261552 1704379 1705117 2825408 1883351 1551359 2741673 2981730 0162340 0242841 0242842 0600396 0600395 0023089 0026018 0034606 0150312 0233535 0441633 0449450 0458142 1023865 1706315 0020912 0450363 0524865 1948027 2986797 0700364 1883351 2347947 0449851
 0524865 0332290 1301808 1442792 0027749 0012173 0027740 0027757 0225326 0304068 1260603 1280541 1304649 0745777 0026973 0026969 1880182 1253959 1881507 2700383 2826234 0205341 0683595 0750729
 1719039 1514893 1706463 2699488 0002778 0936012 1524024 0332218 0233535 0750558 0868928 1706255 1706256 0459471 3173575 0221102 1705052 2986796 0439855 1704241 0002778 0936012 1524024
 1280412 0370003 2347026 0015914 0034656 0439605 1515981 0003241
 1551359 2741673 2981730 0332453 1512900 0439599 1444662 0017446 0205147 0032854 0542537 2700379 0205332 0234682 1706528 0000854 0023693 0205250 0220777 0558058 1299351 1306462 1515981 1881376 2347023 2347080 2698776 2700149 2825050 0234698 0750729 0444099 0370003 2347026 0241301
 0449851 1273517 1705241 1705242 2987476 0459471 3173575 1551359 2741673 2981730
 0181496
 0684224 0700287 1551359 2741673 2981730 3496591 0557651 2603343 0016203 0449719 0027740 0027757 0205396 0750729 1280541 1550043 1551388 1880182 0233426 1705242
 0332287 1551359 1705690 2741673 2981730 0181496 2827499 3539585 3541328 0017446 0205147 0700364 0439641 1293950 0015914 0449851 0443289 1531687 0441635 0013879 0205379
 0221193 1301808 1442792 1705241 1705242 0441712 0487602 1704680 1705241 1705242 0180459 1556138 1705229 2348299 0042345 0699759 0439092 0547044 1882443 0181496 2827499 0205146 0699759
 0205146 0700364 0524865 0750492 0678594 0242841 0242842 0600396 0600395 0023089 0026018 0034606 0205396 0441633 0458142 1023865 1550043 1551388 1706315

 3539585 3541328 0684224 0700287 1418520 1422070 3496591 1167624 1947902 2827499 0205831 1880182 0150312 0449450 0439634
 0205396 1550043 1551388 1517320 1551359 2741673 2981730 0370003 2347026 1518422 1547282 0180459 1556138 1705229 2348299 0332287 1551359 1705690 2741673 2981730 0748864 0456389 1705052 2986796
 1705241 1705242 0487602 1547902 1704680 1705242 1706245 3539585 3541328 1418520 1422070 0033684 0027834 0026691 1705240 1839259 0205172 0750492 0205419
 0392762 0949415 0205556 0947630 0392747 0443172 0456389 1547011 1879746 1155939 0029237 0029246 0220885 1300196 1522486 0205214 1522138 3245511 0079399 0804628 1522384 0001811 0684336
 0205831 1880182 1552738 1719797 2911648 0205173 1705764 1705765 0205172 0086418 0302523 0700325 3244290 1518422 1547282 0331968 2699100 0328104 1415875 2826366

 0205831 1880182 0016129 0549188 0012173 0026973 0205171 0205447 0225326 0304068 1260603 1304649 1720467 1999230 0205448 2986575 0205172
 1552738 1304649 0205831 1880182
 0150312 0332285 1551359 2741673 2981730 0678118 0026019 2984656 0013852 0026018 0040722 0242781 0557651 1521797 2603343 3463986
 0521093 0750484 0392148 0332281 0205831 0233535 1551359 2741673 2981730 0178693 0557651 2603343 1299582 1513822 1705739 1882071

 1304649 0205831 0086418 0587267 1880182 0027749 0027740 0027757 0205396 1280541 1304649 1512941 1550043 1551388

 0027740 0459521 1278872 1527178 1551359 1874451 2741673 2981730 1414404 1880904 0027882 0031691 0205369 1552740 0038581
 0678257 0003062 1442162 1550718 1705920 3244317 0332120 0086418 0332268 0328104 1415875 2826366 0328104 1415875 2826366
 1304649 0369637 0441923 1301886 0242841 0242842 0600396 0600395 0023089 0026018 0034606 0205409 0441633 0458142 1023865 1548221 1706315 0439801 0681841 0524865
 0003241 3274651 0205369 1552740 1304649 0150312 0185125 0449450 0947630 1547282 0598941 0870951 0599851 1513822 1705739 1882071 0179686 0302143 1551359 2741673 2981730 0870444
 0449432 1705248 0007634 3282337 0449719 1709471 1705810 0035820 0205197 1518422 0162340
 0750591 1883351 0243072 0036387 0007634 0205369 1269647 1552740 1704653 1708632 1948049 0005516 0328104 1415875 2826366
 0007603 0332158 0337611 0587267 1551058 1705415 0027749 0012173 0027740 0027757 0225326 0304068 1260603 1280541 1304649 0444868 0750729 3539085 3272897 0332218 1998882 1285553 1551359 2741673 2981730 0020912 0524865 0450354 1706096
 0331968 2699100 1547282 0027747 0027740 0027757 1280541 0444930 2746065 1522196 1551359 2741673 2981730 1821461 0439849 1705630 1706279 3540605 1550608 0007634 1269647 1704653 1948049 0025255 0205400 0333262 0441987
 0678257 0678118 1547282 2752557 0037949 0039065 0333262 0025255 0596235 0596146 1551359 2741673 2981730 0086045 1446561 0196940 0331968 2699100 0328104 1415875 2826366
 0439849 1705630 1706279 3540605 0007634 3282337 0309049 1551359 2741673 2981730 2350456 1184743 1522240 0441889 0456079 1547707 2946261
 1423524 3273411 3273412 1883351 2986676 0016327 0439133 1553038
 0016327 0439133 1553038
 0019988 0439148 1519795 1704753 1880519 0016674 1999230 0086418 0370003 2347026

 0034036 0034037 1514756 1704324
 1272684 1548435
 0023866 0034036 0520510 0023866 0034036 0033727 0369286 0441932 0564385 2827664 0445254 0021516 0026828 1619351 1180282 0444099 1123023 1278993
 0557651 1441616 2603343
 0007634 0040300 1269647 1547928 1704653 1948049 2347379 0025141 0557651 2603343 0024554 0025266 0086418
 0027855 2827734 2981698 0025141 1876223 0026019 2984656 0013852 0026018 3463986 0597357
 0450388 0000857 0600678 1552863 0597277 1708601 1158478 1705422 0678536 0242842 0026018
 0302523 0700325 3244290
 0557651 2603343 0041623
 1708595 3280986 0369637 0441923 0205099 1879652 0031119 0027740 0678594 1626420 0023089 0034606 0181839 0205397 0441633 0458142 1023865 1706315 1706379
 0369637 0441923 1708595 3280986 0036154 0729707 0020912 0524865 1293950 0015914 0016318 0079603 1524063 0242841 0242842 0600395 0023089 0026018 0034606 0441633 0458142 1023865 1706315
 0002808 0025141 1412999 0205831 1880182
 0439394 1706495 3642217
 0021966 0221138
 0029237 0029246 0220885 1300196 1522486
 1412999 0205831 1880182 0439394 1706495 3642217

 0449432
 0205392 0518609 1551359 2741673 2981730 3540770
 1412999 0205245 0323245 0542341 1316572 1317574 1369612 2700217 1705241 1705242 0205831 1880182 0024554 0025266 0086418 0026438 1504085 0026447 0332583 0439394 1706495 3642217
 0228467 0242724 2697903 1412999 0439267 0501409 0027749 0027740 0027757 1280541 1304649 0205831 0332281 1880182 0026438 1504085 0026447 0332583 0439394 1706495 3642217
 0025141 0678594 0079946 0439659 1550512 2337730
 0002808 1424025 0025141 0021516 1619351 0027740 0027757 0243163 0699914 1280541 1314650 1561604 1875802 1999230 0027747 0027740 0027757 1280541 0444930 2746065
 0002808 0331968 2699100 0016129 0205232 0678594 0687757
 3540812 1412999 0241301 1704254 1704922 1979874 3542466
 1550751 3538926
 0596654
 0027976 0205314 0302523 0700325 3244290 0222234 0222265 0444099 1123023 1278993 0034896 1278926
 0002808 0025141 0033727 0369286 0441932 0564385 2827664 0206461 0520511 1704711 0444099 1123023 1278993
 0019635 0025141 0033727 0369286 0441932 0564385 0205195 1947911 0423765 0487602 1704680 0026845
 0025141 0033727 0369286 0441932 0564385 0016327 0439133 1553038 0033727 0369286 0441932 0564385 0027758 0072393 1418948 0033684
 0002808 1424025 0025141 0025032
 0041623 0008902 0008903 0678229
 0205090 0684010 2603358 0039725 0039738 1420718 0439267
 0725066 0013942 0013943 0010819 0005532
 0449468 0560268 1690016

 0005125 0557651 1441616 2603343 1180283 0444099 1123023 1278993
 0025141 0597277 1708601 1123023 0205232 0678594 0687757
 0025141 0600091 0040357 0205232 0678594 0687757 0016129 1514811 1706462 0027749 0027740 0027757 1280541 1304649
 0002808 0025141 0597357
 3538926
 0206417 0027763 0422837 1269560
 0027976 0205314 0030173 1880182 0021044 0557651 2603343 0027758 1441165 0033684 2603362 1414404 1880904 0027882 0031691 0205369 1552740 0085418 0033684
 0450355 0025141 0031831 1707664 2348314 3540849 0022337 0557651 1441616 2603343 0520511 1704711 0751455 0033684 1704222 0017337 1514468 1704444 0003064 0003062 0022877 3244292
 0002808 0025141 1420193 1425679 1862190 3538902 0439267 0021516 0026828 1619351
 3642273 0025141 0033727 0369286 0441932 0564385 0392762 0949415 0205556 0947630 0444099 1123023 1278993 1514811 1706462 1515926 0001811 0015127 1524003
 0025141 0145779 3540468 0282443 1552617 0027740 0678594
 0025141 0006413 1552663 2827109 0600091 0678594 0036658 0920644 0037289 0031843 0542341 0700205 1705273
 0230467 0741204 2827734 2981698 0025141 0439267 0296715 1420193 1425679 1862190 3538902 0021516 0026828 1619351 0230459 0687080 2983612 1551359 2741673 2981730 0557651 1441616 2603343
 2347379 0025141 0016327 0439133 1553038 2707190 0025663 0449851 0871511 0242842 0026018
 0056167 0681493 1456376 2698021 0025141 0439267 0369637 0441923 0369637 0441923 0439267 3537453 0332437 0543482 0700329 0700619 0221958 1180282 0444099 1123023 1278993 0020960 0234621 0751455 0033684 1704222 0017337 1514468 1704444 0031691 0205369 1552740 1707455 0033684
 0002808 0025141 1253948 1704254 1704922 3542466
 0003461 2939124 0025141
 0002808 0369637 0441923 0021516 0026828 1619351 0242841 1551359 2741673 2981730 1707455 1293950 0015914
 0025141 0369637 0441923 1708595 3280986 0021966 0221138 0025663 0449851 0871511 1546466 2347026 0005532 0205460 1280412 1551359 2741673 2981730 0370003 1626420 0023089 0034606 0181839 0441633 0458142 1023865 1706315 1706379
 0025141 0205090 0684010 2603358 0018270 1621967
 1826596 2347379 0025141 0597277 1708601 0033727 0369286 0441932 0564385 0205831 1880182
 0205462 1261322
 0025141 0242841 0242842 2984701 0026018 0042789 2707266 0185125
 0007634 1269647 1704653 1948049 3642273 0597277 1708601 1419337 3539667 0005910 0006041 0443030 2986891 0033684 0205101 0927232 1269563 0027763 0422837 1269560
 0006104 1269537 2347379 0025141 0475264 1744691 0025032 0026639 0026724 0442027 1561514
 0025141
 0002808 0022337 0178693 0086418 0221912 0445254 0557651 1522447 2603343 1880182 1524063 0242841 0242842 0600396 0600395 0023089 0026018 0034606 0441633 0458142 1023865 1706315
 0002808 1424025 0025141 1412999 0205831 1880182
 0729707 0020912 0524865 0002778 0392762 0936012 1524024
 0002808