 0002778 0936012 1524024 0006104 1269537 0040300
 0759909 1135895 0330302 0006754 3146274 0034036 0034037 1514756 1704324 0557061 2584313 1514811 1706462 0085151 0078939 1750295 2362547 3538722 1456454 2825879 0033665 0002716 0011560 0014442 0033684 0205145 0330390 0439096 0611285 1515974 1709634 2004068 2825164 1412727 0014442 0205145 0330390 0439096 1515974 2004068 2825164 3538722 2717969 0030946 1947941 0850310 3154893 1521970 0002395 1521724 0012634 1314939 0205090 0684010 2603358 1412728 0332319 0369773 2603361 1412728 0331968 2699100 0369773 2603361 0205090 0684010 2603358 0337841 0325045 1688274 0369637 0441923 2603360 0016327 0439133 1553038 3463939 0439267 0759909 1135895 0036397
 0936012 0004793 0162326 0162327 1519249 1412727 2945843 0014442 0185117 0205145 0330390 0439096 0449774 1334043 1515974 2004068 2825164 3538722 1515273 1705313 2826302 1412728
 1412727 0014442 0205145 0330390 0439096 1515974 2004068 2825164 3538722 1412728 1710548 0850310 3154893 0231448 1880641 1704600 1883357 0015576 1704727
 0002778 0936012 1524024 0443289 0035696 0205251 0441889 1299352 1550472 0440744 0040300 0441889 1515981 0205250 0009368 1281569 0022646 0227665 1278978 1514845 0030274 1278931 0032043 1278988 1550656 0033572 1278980 0038351 1278920 1517454 0040578 1278905 3146235
 0001675 1706450 0440731 0006104 1269537 0442811 0205251 1299352 1550472 0441889
 1883712 0162788 0444498 0020202 1300517 1547282 0035696 0442811 0205251 0441889 0442824 1299352 1550472 1273723 0006104 1269537 0017446 0205147
 0442811 0205251 1299352 1550472 0441889 0006104 1269537 0332290 0171484 0681842 1882327
 0557061 2584313 1514811 1706462 0333463 2936349 0002716 0011560 0030956 0611285 1532717 0221198 0002395 1521724 0006111 0006104 0012634 0150312 1269537 2827734 2981698
 0332120 1705535 0032214 0600138 0035820 1705810 0740116 2827735 2981700
 0348078 0376315 0596260 3146294 0205250 0750901 0276496 0814120 0002395 1521724 1833334 0277558 0277793 0679245 0012634 0015576 0241888 0332162 1279919 1707520 0439086 2827736 2981702
 0085151 3538722 0033665 1456454 0002716 0011560 0033684 0205431 0597304 0611285 1709634 0087044 0021699 0033684 1167322 2752508
 0171484 1548602 1704686 0220781 0439634 1522492 1880389 1883221 3541951 0042789 1947903 0349966 1337208 1425988
 0030946 1947941 0679006 1947967 0171484 0348078 0376315 1522492 0596260 0030956
 1704259 1705987 0085151 3538722 1456454 0033665 0002716 0011560 0033684 0611285 1709634 0030946 0171484 1522240 1947941 1880389 1883221 3541951 0332255 1708096
 0171484 0205242 0333853 0332255 1708096
 0597304 0010813 0596311 1330957 0220781 0439634 1514873 1522492 0021467 0021469 1628982 3463820 0171484 0238767 1706086 0679840 0018017 1571704
 0332185 0424215
 0723595 0796679 1412186 1706640 3539919 0700364 1883351 1314939 0033666 1709694
 0872078 0171484 0205177 0439167 0441655 1514873 1561536 1705535 0171484
 0205177 0439167 0441655 1561536 0332268
 1955473 0332185 0205396 1550043 1551388 2717969 0030946 1947941 0085151 0078939 1750295 2362547 3538722 1456454 2825879 0033665 0002716 0011560 0014442 0033684 0205145 0330390 0439096 0611285 1515974 1709634 2004068 2825164 0015272 0171484 0439084 0728893
 0004793 0162326 0162327 1519249 1412727 0332256 2700400 1514562 0439417 0439267 2603360 1521970 1412727 0014442 0205145 0330390 0439096 1515974 2004068 2825164 3538722 0700364 0205393 2717969 0015576 0030909 0030946 0439849 0445223 1704727 1947941 0282443 1552617 0042789 1947903 1425988
 1412727 0014442 0205145 0330390 0439096 1515974 2004068 2825164 3538722 0086282 0850310 3154893 0007066 0002520 0001128 0332256 2700400 1519623 0017446 0205147 1167322 2752508 0039259
 1412727 0014442 0205145 0330390 0439096 1515974 2004068 2825164 3538722 0681842 1882327 1883351 1420776 0021699 0038164 0033684 1167322 2752508 0524461 1282864 1301906 1551056 1882932 1707959
 0332185 1955473 0205396 1550043 1551388 1334043 1412727 1515273 1705313 2826302 1412728 0178499 1511726 1626935 3245479 0242356 0993637
 1412728 0017337 0008633 2982691 0017446 0205147
 0017446 0205147 0332256 2700400 0751455 0017337 0085151 3538722 1456454 0013080 0017428 0030705 0039082 0205174 1705535 1948062 1273518 0011265 0497327 0333463 2936349 0013080 0030705 0039082 0423866 2626739
 2348205 1412728 0475264 1744691 1412728 0017337 0017446 0205147 1705535 1412728
 0150312 0449450 1707455 1412727 2945843 0004793 0014442 0162326 0162327 0205145 0330390 0439096 1515974 1519249 2004068 2825164 3538722 1412728 0086282
 0002778 0936012 1524024 1412727 0014442 0205145 0330390 0439096 1515974 2004068 2825164 3538722 1412728 0086282
 0936012 1515670 0185117 0440744 0040300 0006104 1269537 1882598 0006104 0034693 0034721 1269537 1515981 0162788 0444498 0020202 1300517
 0441889 0442811 0205251 1299352 1550472 0332290 0171484
 0557061 2584313 1514811 1706462 1412727 1706765 1412728 0080143 1706765 1412728 0015576 1704727 0042789 1947903 0349966 1337208 3146294 1524063 0002045 1553907 0441833 0687744 1257890 1552516 1705428 1705429 0331936
 0439165 1549488 1561533 0444686 1441506 1443182 1524063 0002045 1553907
 0040811 0699032 2362913 0042789 1947903 0349966 1337208 2827421 1524063 0002045 1553907 0441833 0687744 1257890 1552516 1705428 1705429 0043193
 0002778 0936012 1524024 0440744 0040300 1547928 0014136 0521425 1273723 0006104 0017446 0205147 1269537 0005861 1621557 1709269 1292425 0332255 1708096 0028630
 1548982 2348236 0005903 0039476 1547703 1720092 1948045 1948050 0205448
 0332157 0220908 1305399 1705053 1442464 0234621 2905612 0596957
 1883708 1321564 0182400 0243148 1527121 1550141 1704681 1882979 2347609 2587213 3274648 3536729 0001271
 0002778 0936012 1524024 0162788 0162788 0444498 0020202 1300517 0884358 1524063 0016741 0034715 2699239 0001675 0034693 0034721 1301820 1706450
 1708632 0042010 0010734 1420150 1569778 1412727 0006556 0014442 0034693 0034721 0205145 0330390 0332255 0439096 1515974 1708096 2004068 2825164 3146294 3538722 0028630 0332255 1708096 0028630
 0020202 1300517 0012634 0348080 1705253 1552738
 0162801 0002778 0004793 0162326 0162327 0936012 1519249 1524024 1953367 1412727 0014442 0205145 0330390 0439096 1515974 2004068 2825164 3538722 1412728 1305923 0001128 0037081 0004793 0162326 0162327 1519249 1710082 0681842 1882327 1883351 1880389 1883221 3541951 0332282 0037081 0004793 0162326 0162327 1519249 1710082 0349966 1337208
 1412728 1514562 0439267 2603360 0002520 0733755 1412727 0014442 0205145 0330390 0439096 1515974 2004068 2825164 3538722
 1412728 0017982 0205145 0376322 1709915 1882936 0733755 1551058 1412727 0014442 0205145 0330390 0439096 1515974 2004068 2825164 3538722
 1412727 0014442 0205145 0330390 0439096 1515974 2004068 2825164 3538722 1412728 0681842 1882327 1883351 0012771 0205449 0348078 0376315 1522492 1511997 0850310 3154893 0205372 0678594
 1412727 0014442 0205145 0330390 0439096 1515974 2004068 2825164 3538722 1412728 1709915 1882936 1519623 1167322 1880389 1883221 2752508 3541951 0039259
 1521970 1412728 1420776 0021699 0038164 0033684 1167322 2752508 0524461 1282864 1301906 1551056 0442504 1704765 1882509 3496241
 0449911 0333052 2607870 0557702 1272706 1704674 0557702 1272706 1704674 0349966 1337208
 2827734 2981698
 1706765 1412727 1305923 0086282 0004793 0015576 0030909 0162326 0162327 0680022 1519249 1704727 1882932 0054867 1413812 0007428 0007427 1332805 0007428 0035094 0035100 1419338 0077923
 0282413 0002520 2917660 0001128 0009219 0037179 0087136 0202406 0205171 0205543 0805701 1096774 2360551
 0282413 0179400 1533124 0332582 0556636 1269776 0002520 0282413 0179400 1533124 0023693 0556636 1269776 1306462 1881376 0002520
 2827624 1882932
 3540510 1882932 1709915 1882936
 0681842 1882327 1513806 0017982 0205145 0376322
 1709915 1882936 0038592 0037791 1511884 1710236
 1514562 0179407 0205396 1550043 1551388 0004793 0162326 0162327 1519249 1167322 2752508 1519623 1880389 1883221 3541951 1412728 1444656
 1412727 0014442 0205145 0330390 0439096 1515974 2004068 2825164 3538722 0237876 2348205
 1979874 1412727 0014442 0205145 0330390 0439096 1515974 2004068 2825164 3538722 1412728 0237876 2348205 0807362 0237876 0441889 0450388 0042789 1947903 2729544
 0231448 1880641 1412728 1518422 2717969 0030940 0030946 0150312 0449450 1947941 0349966 1337208
 0205448 0349966 0733755 1337208 1412727 0014442 0205145 0330390 0439096 1515974 2004068 2825164 3538722 1412728 0733755 0015576 0030909 1704727 0010654 0733755 1551058 0807362
 1979874 0733755 0680022 0015576 1704727 0349966 1337208
 1883727 1883357 1521970 1412727 0014442 0205145 0330390 0439096 1515974 2004068 2825164 3538722 1412728 0015576 1704727 1552961 2347617 1519068 0002778 0936012 1524024 0349966 1337208
 0449911 0333052 2607870 0557702 1272706 1704674 0557702 1272706 1704674 0349966 1337208
 0740116 2827735 2981700
 0040811 0699032 2362913 1547282 0439849 1412728
 0439849 3146294 1524063 0002045 1553907 0013194 2700580 0002520 2917660 0308313 0001128 0202406 0439165 1527178 1549488 1561533 1705938
 2348205 1412727 0014442 0205145 0330390 0439096 1515974 2004068 2825164 3538722
 1412727 0014442 0205145 0330390 0439096 1515974 2004068 2825164 3538722
 1412727 0014442 0205145 0330390 0439096 1515974 2004068 2825164 3538722
 1412727 0014442 0205145 0330390 0439096 1515974 2004068 2825164 3538722
 1412727 0014442 0205145 0330390 0439096 1515974 2004068 2825164 3538722 0439509
 0077923 0108471 1824812 0450388
 0077923 0108471 1824812
 0077923
 0220101 2717969 0030940 0030946 1947941 0019682 0318356 0682458 0021051 0042776 0086418 0319157 0206293 3541260 0086943 0086942 0682460 0035826 0042776 0319157 1261473 0206293 3541260 0042789 1947903 1425988
 0030940 0030946 1947941 0014442 0014445 0037179 0087136 0205171 1305923 1707455 0337112 1524075 2717969 0030940 0030946 1947941
 0002778 0936012 1524024 0185117 0681842 1882327 1883351 0205250 1299351 2700149 0007634 3282337 0027836 1087003
 0449774 0332290 1517001 0171484
 0005861 0002778 0936012 1524024 0440744 0040300 0086418 0185115 0205100 1705242 3541890 0006104 1269537 0443289 1519595 0349966 1337208
 0035696 0205251 0441889 1299352 1550472 0040300 0700364 1883351 0205250 1299351 2700149 0022646 0227665 1278978 1514845 0030274 1278931 0032043 1278988 1550656 0033572 1278980 0038351 1278920 1517454 0040578 1278905 3146235
 0006104 1269537 0442811 0205251 1299352 1550472 0441889 1554961 1705847 0025148 1269575 1305694 2698825 0037925 1278836 0521329 1550235 1552938 1706500 0441889 0349966 1337208
 0872050 0440744 0242291 0040300 0441889 0440731 0006104 1269537 0023882 0700321 2700395 0035696
 0449911 0333052 2607870 0557702 1272706 1704674 0557702 1272706 1704674 0349966 1337208
 0439086 2827736 2981702
 0002778 0936012 1524024 0440744 0040300 0086418 0205409 0439064 1548221 0229524 0040300 0242291 0040300
 0005861 1621557 1709269 0006556 0182400 0332255 1412728 1527121 1704681 1708096 2347609 3536729 0028630 1548982 0012634 0348080 0002778 0234621 0936012 1524024 0441833 1999270 3537156
 1321564 0001271 0182400 0243148 1527121 1550141 1704681 1882979 2347609 2587213 3274648 3536729 0441833 1999270 3537156
 0449416 1444656 1708639
 0005516 0026385 0582519 0205091 0205435 0441833 1279901 1444656 1552822 1999270 3537156
 1883351 0520511 1704711 0006104 1269537 0884358 0162788 0444498 0020202 1300517 0080124 0035668 0182400 1704681 2347609 3536729
 0035696 0442811 0205251 0441889 0442824 1299352 1550472 0017446 0205147 0006104 1269537 0237753 0449788 1706993 0007610 0020663 1280712 0242821 0460148 1268086 0037925 1278836 0027882 0521329 1515981 1550235 1552938 1706500 0450375
 1979874 0035696 1412727 0205250 0441889 1299351 2700149 0017446 0205147 0006104 1269537 0035696 1412728 1707455 1707455 0450373 1553636 0450375 0042789 1947903 0349966 1337208 0016327 0439133 1553038 1425988
 2348205 1412727 1710082 0027882 1441672 0023882 0700321 2700395 0185117 0027836 1087003 1441672 1518422 1547282
 1412727 0014442 0205145 0330390 0439096 1515974 2004068 2825164 3538722 0442811 0205251 1299352 1550472 0441889 0017446 0205147 0086418 1882598 0006104 1269537 0332290 0171484 1517001
 0449911 0333052 2607870 0557702 1272706 1704674 0557702 1272706 1704674 0349966 1337208

 0162788 0444498 0020202 1300517 1412727 0014442 0205145 0330390 0439096 1515974 2004068 2825164 3538722 0035696 1704254 1704922 3542466
 0031082 0205155 1293097 1522472 1552923 1705191 0080124 0035668 1527121 0182400 1704681 2347609 3536729 1412727 0035696
 0205155 1293097 1522472 1552923 1705191 0205250 1299351 1548982 2700149 0012634 0348080 0043303 0034571 0043299 0043309 0332157 1306645 1962945 0086296 0086894 0851346 1561571 1561572 2314876
 1412727 0014442 0205145 0330390 0439096 1515974 2004068 2825164 3538722 0182400 0205166 1706317 1527121 0205177 0205369 0439167 0441655 1552740 1561536
 0080103 0205345 0808080 1527178 1547039 1705938 1710082 0014440 1287349 0441889 0456079 1547707 2946261 0700364 0205250 1299351 2700149 0017446 0205147 0006104 1269537 1554961 1705847 0237753 0449788 0007610 0332257 0020663 1280712 0027882 0228092 0007634 0521405 3282337 0205132 1283379 0205148
 0017446 0205147
 1275573 0152314 1281026
 0242821 0460148 1268086
 0175518 1417869 0175518 0007610
 1538650 1709741 0228286 0007776 1176472 2700441
 3539925 3541307 0228448
 1532464 2700314 0162436 0917714 0037361 0439826 1184740
 0020663 1280712 0042518 1289551 0458371 0007610 0020663
 1514811 1706462 1412727 0014442 0205145 0330390 0439096 1515974 2004068 2825164 3538722 1412728 0015576 1704727 1412727 0014442 0205145 0330390 0439096 1515974 2004068 2825164 3538722 1412728 1707959 0015576 1704727
 2717969 0030940 0030946 1947941 0011008 0205396 1550043 1551388 2348077 0850310 3154893 0231448 1880641 1704600
 2717969 0030940 0030946 1947941 0025255 0596901 0750490 1706182 1706221 1293132 0061688
 2717969 0030940 0030946 1947941 0205396 1550043 1551388
 0031843 0542341 0700205 1705273 0439673 0947630 2698977 0205145 1515974 2825164 0085151 3538722 1456454 0033665 0002716 0011560 0033684 0611285 1709634 0036025 0043392 0043393 0717551
 0302523 0700325 1527178 1705938 1964257
 1441414 1553874 1578820 0025255 0332297 0439836 0596901 1145667 1167622 1314939 1689898 1706182 2349209 1709634 0033684
 0185023 1947904 1999228 0033666 1709694 1880310 2003864 0014442
 0004083 0439849 0596306 0699792 1412727 1412728 1519623 1167322 1880389 1883221 2752508 3541951 0442805 0013682 0038592 0037791 1511884
 0038659 1705535 0332290 1710236 1412727 0014442 0205145 0330390 0439096 1515974 2004068 2825164 3538722 1442162 1550718 3244317 0085151 3538722 1456454 0033665 0002716 0011560 0033684 0611285 1709634 0087044 0021699 0033665 0033684 0348078 0376315 1327616 1522240
 0185023 1947904 1999228 1412727 1412728
 0150312 0449450 0178623 1710236 0205396 1550043 1551388 1710236 0205309
 0020792 0205396 1412727 1710236 0035820 1705810 0005532 0205460 0542341 0031845 1412728
 0231448 1880641 1412727 0014442 0205145 0330390 0439096 1515974 2004068 2825164 3538722 1412728 0807362 0679133
 1707959 1514562 1412728 0349966 1337208
 0205448 1412727 0014442 0205145 0330390 0439096 1515974 2004068 2825164 3538722 1412728 0733755 0807362 0733755 0349966 1337208
 0596527 0678594 1412728 1705242
 0700364 1883351 0439849 1705630 1706279 3540605 1412727 0014442 0205145 0330390 0439096 1515974 2004068 2825164 3538722 1412728
 1883727 1883357 1705241 1705242 1705535 1412727 0014442 0205145 0330390 0439096 1515974 2004068 2825164 3538722 1412728 0871161 1292721 0038592 1710236 0037791 1511884 0243102 1264638 1547012 0441655 0086282 0015576 0030909 0680022 0871161 1292721 1704727 1707455
 2717969 0030940 0030946 1947941 0872367 0567416 0205250 0205448 0796494 1334043 0332529 0017446 0205147 0443220 0457406 1706053 2986575 1705535 0456387 1705943 0017261 1705960 0017337 0332253 0332597 0332466 1293131 0282443 1552617 0042789 1947903 1425988
 0332283 1719822 2717969 0030940 0030946 1947941 1880355 0332257 0030946 1947941 0019682 0318356 0521093 0750484 0681842
 1412727 0014442 0205145 0330390 0439096 1515974 2004068 2825164 3538722 1412728 0348078 0376315 1522492 0015576 1704727 0015576 1704727 0349966 1337208
 1517001 1412727 0014442 0205145 0330390 0439096 1515974 2004068 2825164 3538722 1412728 0205172 0439849 0445223 0807362 0030940 0030946 1947941
 1552649 0520511 1704711 1412727 0035696 0006104 1269537 1518422 1705535 0031843 0542341 0700205 1705273 1412728
 0035696 1412727 0205250 0441889 1299351 2700149 0006104 1269537 0030274 1278931 1412727 0006104 0014442 0035696 0205145 0330390 0439096 1269537 1515974 1515981 2004068 2825164 3538722 0027882 0027836 1087003 0439084 0728893
 0035696 0442811 0205251 0442824 1299352 1550472 0441889 1882598 0006104 1269537 1554961 1705847 0027882 0237753 0449788 1706993 0007610 0332257 0020663 1280712 0027882 0349966
 0035696 0009368 1281569 0022646 0227665 1278978 1514845 0030274 1278931 0032043 1278988 1550656 0033572 1278980 0038351 1278920 1517454 0040578 1278905 3146235 0349966 1337208
 1442162 1550718 3244317 1515670 0185117 1706993 0007610 1883351 1412728 1514570 0597304 1314939 1709694 1947941 1710236 0301817
 0449255 0542559 0700364 2717969 0030946 0205447 1947941 0138457 0014442 0301817 1314939 1709694 0006104 1269537
 1412728 1412728 0017337 0013080 0017446 0039082 0205147 0008664 0008633
 0302523 0700325 1964257 1710052 2348205 0002518 1412727 0014442 0205145 0330390 0439096 1515974 2004068 2825164 3538722 1412728 1705535 1412728
 0205177 0439167 0441655 1561536 0205250 1299351 2700149 0007634 3282337 0027836 1087003 0171484
 0441889 1273723 0006104 0680220 1269537 0017446 0205147 0086418 0034693 0034721 0332290 0171484 1517001
 1979874 0035696 1412727 0441889 0205250 0027882 0205393 0006104 1269537 0332283 1719822 0449774 0349966 1337208 0439084 0728893
 0011008 2348077 0205450 0441833 0687744 1257890 1552516 1552839 1705428 1705429 0684224 0700287 3496591 1412727 0014442 0205145 0330390 0439096 1515974 2004068 2825164 3538722 0015272 0871161 1292721 0557651 2603343 0205108 0332120 1412728 0850310 3154893 0205177 0439167 0441655 1561536 0439084 0728893

 1547282 0021467 0021469 1628982 3463820 1518422 0441889 0456079 1547707 2946261 0007634 3282337
 1979874 0079925 0028953 1412727 0018790 0237477 0392351 0521111 0205177 0439167 0441655 1561536 0439084 0728893
 1707966 0681814 0220908 1305399 1705053 0009013 0035696 1881534 0007600 0007634 0205132 1269647 1704653 1948049 0006556 0035696 0007634 3282337
 1707455 0205396 1550043 1551388 0439175 0439810 0009013 0445247 1522642 0220908 1305399 1705053 0884358 0681814 1514559 1518422 0700364 1883351 0442805 0033268
 1883727 1883357 0205108 1274040 1546471 2825142 1705535 1412728 0750558 1710571 0171484 0699919 1332804 1412727 1454853 0439092 0547044 0006104 1269537
 1514893 1706463 2699488 1412728 0171484 0699919 0085151 3538722 0033665 1456454 0002716 0011560 0033684 0611285 1709634 0037640 0022702 0220865 2825046 0080103 0205345 1547039 1412727
 2986676 0018896 0455052 1521827 1552861
 2825232 0010186 0220812 0449719 1709471 0220808 0680264 0007961
 1706852 0522501 1706089 0949214

 0004793 0028630 0162326 0162327 1519249 0030351 0684224 0700287 1547566 3496591 0242356 0442598 0872261 1511726 1515023 3245479 1510755 0237753 0449788 1706078
 0282413 0376649 1442065 0331771 0013126 1412728 0330302 0254343 0796520 3272379

 0085205 1549619 1880669
 0013849 1705961 0024492 1538057 1547565
 0034037 1704324 0030351 1412728

 0759909 1135895


 0759909 1135895
 0000723 0000723 1273517 0002716 0011560 0030956 0611285
 0085151 3538722 1456454 0033665 0002716 0011560 0033684 0611285 1709634 0085151 3538722 1456454 0033665 0002716 0011560 0033684 0611285 1709634
 1412727 0014442 0205145 0330390 0439096 1515974 2004068 2825164 3538722 0085151 0078939 1750295 2362547 3538722 1456454 2825879 0033665 0002716 0011560 0014442 0033684 0205145 0330390 0439096 0611285 1515974 1709634 2004068 2825164
 0020663 1280712 0020663 1280712
 0242821 0460148 1268086
 0061688 0031621 2348046
 1514811 1706462 0557061 2584313 1514811 1706462 2827734 2981698
 0439267
 0439267



 2347379

 0025141 0740116 2827735 2981700


 0349590 1262865 0450348 0450355 0439086 2827736 2981702
 2603362
 0439267


 0030561 0331677 1824032 0025141
 0560020 0439267
 0444649
 0033727 0369286 0441932 0564385 0439267 0597277 1708601 0442532 1412728
 0349590 1262865 0025141 0439084 0728893
 0205090 0684010 2603358 1412728

 0332319 0369773 2603361
 1412728 0331968 2699100 0369773 2603361 0205090 0684010 2603358 0337841 0325045 1688274 0369637 0441923

 2603360 0016327 0439133 1553038 3463939 0439267 0759909 1135895 0369637 0441923
 0036397

 0337841 1425836
 0453908 0597277 1708601

 0205090 0684010 2603358
 1412728

 0369773 2603361 0005680 0027567 0085756 0439541 0205090 0684010 2603358



 0201682

 0205090 0684010 2603358 1551090 0205090 0684010 2603358 1553033 0016327 0439133 1553038
 1418943

 0268596 2700624
 3642273
 0041703

 1412728 0369773 2603361 0597277 1708601 0033727 0369286 0441932 0564385 0439267 0597277 1708601
 0016327 0439133 1553038

 0349590 1262865 0025141
 1412728 0369773 2603361 0369773 2603361 0597277 1708601

 0033727 0369286 0441932 0564385 0369637 0441923
 0086894 0851346 2314876
 0205090 0684010 2603358
 0349590 1262865 0025141
 0369637 0441923
 1412728
 2603360

 2603360

 0349590 1262865 0025141
 0021966 0221138
 0205090 0684010 2603358
 0439267 2603360
 1553033 0021966 0221138
 0597277 1708601


 0554249 2603360

 0016327 0439133 1553038
 1553033 0439267
 0027960 0324740 0439189 1456781 1824986
 0007634 1269647 1704653 1948049

 0025141
 0205090 0684010 2603358 0369637 0441923
 0369637 0441923
 0033727 0369286 0441932 0564385 0369637 0441923


 0205090 0684010 2603358 0369718 0441922 1553036

 0205090 0684010 2603358

 1412728
 0439267 0681440 0439394 1706495 3642217
 0205090 0684010 2603358
 0439394 1706495 3642217 0150789 0183644 0369637 0441923

 0349590 1262865 0025141

 0369773 2603361 0205090 0684010 2603358 0439267
 0205090 0684010 2603358 0591397 0033727 0369286 0441932 0564385
 0016327 0439133 1553038 0369718 0441922 1553036 0597277 1708601 0369718 0441922 1553036 0369773 2603361 0021966 0221138 0032863 0302595 1537110 3275241 0033727 0369286 0441932 0564385 0439267 0330603 0369773 2603361 2603362
 0043016 0439394 1706495 3642217
 0349590 1262865 0025141
 0861352 0439267 1431628 0205104
 1418943

 0268596 2700624
 3642273
 0041703
 0439073 0439082
 0369718 0441922 1553036



 0025141

 0205090 0684010 2603358
 0441039 1705854 3540815 1412728
 0337841 0759909 1135895 0205090 0684010 2603358
 0439267
 0036397
 0205090 0684010 2603358

 0016327 0439133 1553038 0369773 2603361
 0439267
 1412728 3272372
 0369773 2603361
 0033727 0369286 0441932 0564385 0369637 0441923

 0205090 0684010 2603358
 0439394 1706495 3642217
 0036397 0025141

 3476816 2603362


 0056167 1456376

 0025141

 0205090 0684010 2603358 0369637 0441923
 0439267
 3642273

 0369773 2603361 2603360 0369637 0441923
 0439267 0205090 0684010 2603358 1553033
 0597277 1708601 1414819 2681211 0439394 1706495 3642217
 0039736 0439394 1706495 3642217
 0021966 0221138
 1412728
 0349590 1262865 0025141
 0439394 1706495 3642217 0439394 1706495 3642217 0439394 1706495 3642217 2603360 0021966 0221138 0439394 1706495 3642217


 0201682

 0033727 0369286 0441932 0564385
 0369773 2603361 0369637 0441923
 2603360
 0036025 0043392 0043393 0717551 0025141 0450348
 0033727 0369286 0441932 0564385 0205090 0684010 2603358
 2603362
 1418943

 0268596 2700624
 3642273
 0041703
 0000857 0600678 1552863
 0369718 0441922 1553036
 0524869
 0369773 2603361


 0025141
 0369773 2603361 0402830
 0439394 1706495 3642217


 0025141
 0033727 0369286 0441932 0564385 0439267
 2603360 0439267
 0205090 0684010 2603358
 2603362


 0201682

 0861352 0861352

 0025141
 0524869
 0369773 2603361 0079170
 1553033 0205090 0684010 2603358


 0201682

 0369718 0441922 1553036
 0524869
 0369773 2603361
 0014137 0000857 0600678 1552863
 0861352



 0439084 0728893 0025141 0009993 0037455 0596070 1552856 0005477 0026376 0005532 1521991