 0850293 0557651 2603343 0205431 0219474 0812198 1506024 0003075 0439799 0598352 0851827 1701901 1706095 3244310 0205326 0328104 1415875 2826366 0683939 0205099 0005540 0332243 1947915 2948667 0683758 1704729 0870614 0036375 0588053 1547183 0022341 1184743 1522240 0872367 1709701 0700032 1709701 0036397 0683758 1494231 0520510 1274040 1546471 2825142 0557061 2584313 1514811 1706462 1335532 0015576 1704727 1512772 1516044 0332529 0680022 0007605 0007587 0007603 3161472 0007634 0011065 1269647 1306577 1704653 1948049
 0332185 1547282 0033684 0205392 3540770 1332397 0219474 0812198 1332379 1706876 1947931 0443264 1506024 0003075 0439799 0598352 0851827 1701901 1706095 3244310 0030685 0391871 0439180 0680255 1283071 1963578 1517945
 1883351 0441712 0597712 0033684 0850293 0206243 0699809 0439787 0849355
 0150312 1506024 0003075 0439799 0598352 0851827 1701901 1706095 3244310 0219474 0812198 1706214 1325742 0456950 0441889 0439093 0443228 1704243 0439799 1706095
 1506024 0003075 0439799 0598352 0851827 1701901 1706095 3244310 0439799 1706095 1547282 0443264 1506024 0871161 1292721 3274651
 1332397 0028954 0587267 1506024 0003075 0439799 0598352 0851827 1701901 1706095 3244310 0219474 0812198
 0010749 0010754 0653778 1153524 1426584 0010798 1325304 1506024 0445262 0003075 0037179 0087136 0205171 0219474 0439799 0598352 0812198 0851827 1701901 1706095 2828386 3244310 1506024 0003075 0439799 0598352 0851827 1518422 1701901 1706095 3244310 0439799 1706095
 1511726 3245479 1999230 0332120 1506024 0003075 0439799 0598352 0851827 1701901 1706095 3244310 0348078 0376315 1522492 1325742
 0520510 1274040 1546471 2825142 0557061 2584313 1514811 1706462 0162638 0441712 1706376 3546446 0007634 0221102 1514873 3282337
 1710082 2700387 1883351 1515877 1879547 0015576 1704727 0679006 1947967 0010656 1883708 1137947 0036849 1442518 1705195 1548602 1704686 0162638 0007587 0007634 0011065 1269647 1306577 1704653 1948049
 1335532 0015576 1704727 1564881 0182953 1704734 1704735 1159825 0010656 0079613 0522505 1879547 2827734 2981698 0740116 2827735 2981700
 0205449 0332529 0332283 1711207 1719822 2827734 2981698 0680022 0376515 1332397 0162775 0376515 1334043 2697616 1511012 1880389 1883221 3541951 1511013 0048897 0868928 1515981 1533148 1880389 1883221 3541951 0205170 3146287
 0740116 2827735 2981700 0680022 0219474 0812198 1332379 1706876 0162775
 0439086 2827736 2981702 1565115 0379214 0033684 0205171 1720467 0237876 1334043 2697616 0033684 1332394 1332411 0740116 2827735 2981700
 1547282 1883712 1511013 1880389 1883221 3541951 1750186 0376515 0205177 0439167 0441655 1514873 1516044 1561536 1512772 1332397 1511012 1880389 1883221 3541951 0205224 0205410 2827734 2981698
 0332120 1547282 0026237 0032214 0600138 0035820 1705810 1283071 0010749 0010754 0653778 1153524 1426584 0010798 1325304 0010834 2827734 2981698
 0010834 1720092 1948045 0010749 0010754 0653778 1153524 1426584 0010798 1325304 1515877 1879547 0010656 0910167 0010656 0664613 1332098 0045186 0910167 0010656 1879547 1515877 1879547 0010656 0291573 0010656 0439084 0728893
 1547282 0597712 0033684 0030685 0391871 0439180 0680255 1283071 1963578 0219474 0812198 1332379 1706876 0205263 0030685 0391871 0439180 0680255 1283071 1963578 0010749 0010754 0653778 1153524 1426584 0376515 1332397 0309872 0392747 0443172 1705241
 0332185 1547282 0597712 0376515 1335532 0015576 0033684 0205392 1704727 3540770 1145667 1167622 1506024 0003075 0439799 0598352 0851827 1701901 1706095 1947931 3244310 0443264 0205177 0439167 0441655 1561536
 1506024 0003075 0439799 0598352 0851827 1701901 1706095 3244310 0230839 0596952 1167331 0025255 0205101 0596901 1706182 0439799 1706095 0031843 0542341 0700205 1704259 1705273 1705987 0026649 0439861 0026237 1515981 0750591 0449432 1705248 0032214 0600138 0035820 1705810
 0219474 0812198 1332379 1706876 2349975 1153419 1153410 0205177 0439167 0441655 1561536 1506024 1332397 0018790 0237477 0392351 0521111 0441712 1883351
 1547282 0219474 0812198 1332379 1706876 0205263 0040715 2987521 1506024 0003075 0439799 0598352 0851827 1701901 1706095 3244310 0023828
 1883351 1292732 0441712 1706376 0015576 1704727 0033684 0557351 0025664 0449851 0013787
 0520510 0520510 1274040 1546471 2825142 0557061 2584313 1514811 1706462 0220806 0219474 0812198 0312586 0003241 1506024 0003075 0439799 0598352 0851827 1701901 1706095 3244310 0003250 0003241 0746619 0005574 0869011 1555265
 0051967 1624602 0010749 0010754 0653778 1153524 1426584 0010798 0019944 0242616 1265527 1325304 2828360 0040371 0022341
 0812225 1150635 1705212 1705213 3273202 0043194 0258432 0331955 1421478
 0220806 1301820 0205474 0022341
 0597301 0243114 1998793 0219474 0812198 0596988 1818826 0033684 1524063 0449913 1553451 1704459 1552738
 1564887 0288330 1142652 0033684 0017837 0072393 1418948 0017817 0033684 0040676 0332466 1293131 0162768 0017817 0036681 1185738 1706132 1998793 0017837 0017817 0040676 0391871 1283071 0010813 0596311 1330957 0040018
 0033684 0006353 1553389 1553403 1705537 1882074 0052012 2678549 0019215 0020283 0450407 0450408 0450409 0597277 1708601 0012789
 0033684 0243148 1550141 1882979 2587213 3274648 1521827 1524063 0017837 0017817 0040676 0033684 1818826
 1506024 0003075 0439799 0598352 0851827 1701901 1706095 3244310 1998793 1552738
 0002778 0936012 1524024 0850293 0884358 1552738
 0023768 0023779 0205431 0369637 0441923 1301886 0677535
 0037633 0525069 0332256 2700400 0052514 0057237
 0788300 0033684 0439526 0205092 0205447 0441987 1524062 1504308 0441987 2826298
 0037633 0525069 0332256 2700400 0037494 1959973 0601906 1882074 0020283 0450407 0450408 0450409 0681814 1706386 0206243 0699809 0020283 0439787 0450407 0450408 0450409 0849355 0243126 0025255
 0037633 0525069 0392747 0443172 0086045 1446561 0037494 1959973 1504308 2826298
 1504308 1185625 1382196 0001771 2986575 0456378 1883351 0443299 0179874
 1511726 3245479 0439661 3245488 0936012 1524063 0037585 0348000
 0021069 0949466 0005863 0002778 0936012 1524024 1705493 1506024 0003075 0439799 0598352 0851827 1701901 1706095 3244310 0439526 1439852 0439962 1506024 0003242 0003075 0003241 0021027 0439799 0598352 0851827 1701901 1706095 3244310 0301871 0860910 0025914 0025929 0026809 0205307 0439166 1515981 2347086 1552738
 1449705 0021069 0005863 1524063 0003242 0003241 0021027
 0005507 0243073 1510438 0010749 0010754 0653778 1153524 1426584 0010798 1325304 0258756 0013343 1708632 0442711 1507394 1522729 2348563 0331955
 0051967 0003242 0003241 0021027 0432624 0432626 0017596 0020498 0185125 1947936 1301886 1442450
 0011682 1524062
 1442460 1265611 0037633 0525069 1442450 1524062
 0011682 0441648 0370003 2347026 1626420 0016315 0181839 1441672 1706379 0016315 0522510 0444706 3541902
 1274040 1546471 2825142 0520510 1274040 1546471 2825142 0557061 2584313 1514811 1706462 0332185 1547282 0219474 0812198 1332379 1706876 2349975 1153419 1153410 2266866 0205177 0439167 0441655 1561536 1506024 0003075 0439799 0598352 0851827 1701901 1706095 3244310
 1627358 2349975 1707919 1332379 1706876 0205449 0332283 1719822 2827734 2981698 1332379 1706876 2349975 1153419 1153410 0205177 0439167 0441655 1561536 1506024 0740116 2827735 2981700 1506024 0003075 0439799 0598352 0851827 1701901 1706095 3244310 2349975 0205177 0439167 0441655 1561536 0439086 2827736 2981702 1332379 1706876 1506024 0003075 0439799 0598352 0851827 1701901 1706095 3244310 0439799 1706095
 1547282 1999216 1506024 0071513 0028778 0332206 1533157 1706084 2828370 1627358 2349975 1707919 0332149 1705910 2362652 0750558 1710571
 1883351 1301820 1706701 0233820 1506024 0003075 0205431 0439799 0598352 0851827 1701901 1706095 3244310 1332379 1706876 0884358 0850293 0557651 2603343 0449913 1553451 1704459 0332516 0036140 0037494 0037633 0206136
 0332268 0001128 1547282 1883351 0348078 0376315 1522492 0022009 0439799 1706095 0521116 1705970 0598352 0439818 0023768 0023779 1882074 0020283 0450407 0450408 0450409 2825492
 1274040 1546471 2825142 1441672 1511726 3245479 1518422 1547282 0684224 0700287 3496591
 0150312 0205250 1998793 0219474 0812198 0450344 1553633 0205431 0022009 0439799 1706095 0439818 1881705 0129575 0369718 0441922 1553036 0037494 1959973 1882074 0020283 0450407 0450408 0450409 0349966 1337208
 0450345
 1506024 0003075 0439799 0598352 0851827 1701901 1706095 3244310 0205431 0369718 0441922 1553036 0037494 0349966 0470296 1337208 1959973 0332290
 0219474 0812198 1506024 0003075 0439799 0598352 0851827 1524062 1701901 1706095 3244310 0023768 0023779 0439799 1706095 0205431 2003901 0219474 0332197 0812198 1441672 1689985
 0042295 1506024 0003075 0205431 0439799 0598352 0851827 1701901 1706095 3244310 0219474 0812198 0444686 1441506 1443182 1883351 0369718 0441922 1553036 0037494 0349966 0470296 1337208 1959973 0021966 0221138 0443228 0549177 1704243 0439799 1706095
 0439799 1706095 0175566 1301808 1442792 3148680 0449238 2926735 0449238 2926735 0681814 1511726 2348205 3245479 0349966 1337208 0016327 0439133 1553038
 0439799 1706095 0205341 3146294 0205171 0219474 0392148 0812198 1720467 1506024 0003075 0439799 0598352 0851827 1701901 1706095 3244310 1547282 0392747 0443172 1882932 0599156 2700061 0439799 1706095 0004600 0205095 0460009 1995000 0439799 1706095 1518422 0544726 1823381 1881060 0439799 1706095 0205195 0205431 0219474 0812198 1947911 1506024 0003075 0439799 0598352 0851827 1701901 1706095 3244310
 0868928 1533148 1441672 0439799 1706095 0369718 0441922 1553036 0392148 0219474 0812198 1506024 0003075 0439799 0598352 0851827 1701901 1706095 3244310 0349966 1337208 0439267 0030054
 0439799 1706095 0439799 1706095 1547282 0231239
 0449238 2926735 0030054 1441672 1292426 0449238 0037179 0087136 0205171 0205173 1705764 1705765 0439799 1706095
 0349590 1262865 0439673 1882932 1506024
 0439799 1706095 1518422 3146294 0205171 0439044 0679994 0205171 1720467 0439799 1706095 0205431 0439799 1706095 0030054 1882932 1301808 1442792 3148680 1506024
 0439799 1706095 1441672 1506024 0003075 0439799 0598352 0851827 1524062 1701901 1706095 3244310 1506024 0003075 0439799 0598352 0851827 1701901 1706095 3244310 0219474 0439799 0812198 1524062 1706095 1511726 3245479 1518422 1547282
 1316572 1317574 1369612 1506024 0003075 0392148 0439799 0598352 0851827 1701901 1706095 3244310 0220781 0439634 1522492 1441672
 0449911 0333052 2607870 0557702 1272706 1704674 0557702 1272706 1704674 0349966 1337208
 2827734 2981698
 0219474 0812198 1506024 0003075 0439799 0598352 0851827 1701901 1706095 3244310 1706214 3244320 0439799 1706095
 0017243 1382104 0219474 0812198 0205091 1552822 1506024 0003075 0439799 0598352 0851827 1701901 1706095 3244310 0205090 0869040 0557651 1273517 2603343
 0033684 0600209 0013862 0071500 0596607 0056270 0054051 0056269 1260957 2986582
 3152252 0577559 1306372 1708639 0017243 0205091 1382104 1444656 1552822
 2347469 0205263 0219474 0812198 1506024 0003075 0439799 0598352 0851827 1701901 1706095 3244310
 2347469 1506024 0003075 0439799 0598352 0851827 1701901 1706095 3244310 1553033 0023768 0023767 0023779 0441987 1504308 1524062 0392148 0037633 0525069 2678549 1882074 0020283 0450407 0450408 0450409
 0037179 0087136 0205171 0439799 0521116 1706095 0444706 0598352 1444656 3541902
 0587267 1301808 1442792 3148680 0521116 1705970 0175566 1301808 1442792 3148680 0522501 1706089 0439114
 2348974 1547282 0441889
 0073187 0598352 1506024 0003075 0439799 0598352 0851827 1701901 1706095 3244310
 1511726 3245479 0392148 1301820 0037494 1959973 1504308 2826298 0037633 0525069 2678549 1882074 0020283 0450407 0450408 0450409
 0220781 0439634 1522492 0023768 0023779 0205195 1947911 0219474 0812198 1506024 0003075 0439799 0598352 0851827 1701901 1706095 3244310
 0219474 0812198 0441987 1504308 1524062 0023768 0023779 1506024 0392148 0037633 0525069 2678549 1882074 0020283 0450407 0450408 0450409 0521116 1705970 0598352 1444656 0030695 0150369 0181904 0596972 1521743 1704646
 0441889 0456079 1547707 2946261 0439799 1706095 0175566 1301808 1442792 3148680 1444656 0439114
 1547282 0205447 1882932 1457900 0439799 1706095 0587267 0336721
 0439267 0205448 0439799 1705242 1706095 0205431 0219474 0392148 0812198 1506024 0003075 0439799 0598352 0851827 1701901 1706095 3244310 1547282 0030054
 0033727 0369286 0441932 0564385 2348974 1547282 0030054 3146294 0086706 0021966 0221138 0439267 0449450 0598352 0219474 0812198 1506024 1710595 0030054
 1511726 3245479 0392148 1301820 0037494 1959973 1504308 2826298 0037633 0525069 2678549 1882074 0020283 0450407 0450408 0450409
 1506024 1547282 0871161 1292721 0439799 1706095 0332283 1719822
 0684224 0700287 3496591 1153419 1153410 0205177 0439167 0441655 1561536 1506024 0025251 0025255 0443264 0596901 1706182 3245505 0439799 1706095 0175566 1547282 0175566 1882151
 1153410 0205177 0439167 0441655 1561536 0684224 0700287 3496591 1883351 2349975 0205160 1513916 2825415 2825491 3245505 0185125 0441987 0445247 1504308 0033684
 1979874 1153419 1153410 0205177 0439167 0441655 1561536 1506024 2003901 0025251 0025255 0392760 0596901 1314939 1706182 3245505 0012634 0348080 1705253 0557651 2603343
 1517331 1883351 1506024 1516048 1524063 0037633
 1506024 0003075 0439799 0598352 0851827 1701901 1706095 3244310 1547282 1416886 1442449 0439799 1706095 1547282 1511726 3245479 1518422 1547282 0332290 0439799 1706095 1547282 1552165
 1999216 1506024 0057911 0450348 1518422 1506024 1511726 3245479 1518422 1547282 0439799 1706095 1547341 0036667 0312418 0427965 1511883 1522640 2346484 2349185 0332324
 1511726 3245479 1444656 1506024 1705242 1506024 0003075 0439799 0598352 0851827 1701901 1706095 3244310 1705535 1506024 0003075 0439799 0598352 0851827 1701901 1706095 3244310 0219474 0812198 3242339 1883351 0348078 0376315 1522492 1325742
 0017446 0205147 1547282 1883351 0205224 0332257 0219474 0812198 1332379 1706876 2827734 2981698
 1547282 0017446 0205147 0205224 0205170 0205263 0219474 0812198 1627358 2349975 3146287 1153419 1153410 0205177 0439167 0441655 1561536 1506024
 0349966 1337208 1547282
 0332268 0017446 0205147 0002520 0001128 1506024 0003075 0332297 0439799 0598352 0851827 1145667 1167622 1689898 1701901 1706095 2349209 3244310 0439792 1518422 2349975 1153419 1153410 0205177 0439167 0441655 1561536
 1274040 1546471 2825142 1705535 0219474 0812198 1506024 0003075 0439799 0598352 0851827 1145667 1167622 1701901 1706095 3244310 0205145 1515974 2825164 1506024 0003075 0439799 0598352 0851827 1701901 1706095 3244310 0017446 0205147 0851285
 1883351 0231448 0439792 0947630 0936012 0871161 1292721 0205195 1947911 1506024 0003075 0439799 0598352 0851827 1701901 1706095 3244310
 0349966 1337208 1547282
 0450354 1706096 0205431 0022009 0439799 1706095 0369718 0441922 1553036 0037494 1959973 2348205 0450345
 0219474 0812198 0439799 1706095 0439799 1706095 1547282 1707919 0205177 0439167 0441655 1561536 0185125 0441987 0445247 1504308 0033684 1511726 3245479 1518422 1547282
 1705241 1705242 0219474 0812198 1441672 0439799 1706095 0033204 0043194 0175566 0258432 1421478 1882151 0219474 0812198 0439799 1706095 1547282 0175566 1882151 0587267 0450345 0439799 1706095 1883351 0175566 0450354 1706096 2348205
 1511012 1880389 1883221 3541951 1883351 0032214 0600138 0035820 1705810
 0219474 0812198 0348078 0376315 1522492 0022009 0439799 1706095 1518422 0205263 0162638 1705535 0205177 0439167 0441655 1561536 0851827 0085732 0205431 0439799 1518422 1522492 1701901 1706095 3244310
 1506024 0003075 0439799 0598352 0851827 1524062 1701901 1706095 3244310 0023768 0023779 0439799 1706095 1518422 0205431 0129575 0369718 0441922 1553036 0332290 1518422 2349975 1153419 1153410 0205177 0439167 0441655 1561536
 1506024 0003075 0439799 0598352 0851827 1701901 1706095 3244310 2348042 2826345 0205177 0439167 0441655 1561536 1705535 0085732 0348078 0376315 1522492 1506024 0085732
 0449911 0333052 2607870 0557702 1272706 1704674 0557702 1272706 1704674 0349966 1337208
 0740116 2827735 2981700
 1514873 1706214 3244320 1506024
 1704675
 1506024 0003075 0439799 0598352 0851827 1701901 1706095 3244310 0439526 1439852 0439526 0439526 0370003 2347026 1506024 0003242 0003075 0003241 0021027 0439799 0598352 0851827 1701901 1706095 3244310 0301871 1506024 0003075 0439799 0598352 0851827 1701901 1706095 3244310
 1883708 0003313 0439662 1704241 0005863 1524063 0003242 0003241 0021027
 2347469 0037179 0087136 0205171 0439799 1706095 0034869 0205431 0023768 0023779
 0023768 0023767 0023779 0441987 1504308 1524062 0392148 0037633 0525069 2678549 1882074 0020283 0450407 0450408 0450409
 0521116 1705970 0872303 0444706 0598352 1444656 3541902
 2348974 1547282 0033204 1518422 1282913 1551714 1282913 1551714
 1706214 3244320 1325742
 1506024 0003075 0439799 0441987 0598352 0851827 1504308 1524062 1701901 1706095 3244310 0023768 0023767 0023779 2678549 1882074 0020283 0450407 0450408 0450409 0521116 1705970 0598352 1444656 0030695 0150369 0181904 0596972 1521743 1704646
 0332128 1280500 2348382 1506024 0003075 0439799 0598352 0851827 1701901 1706095 3244310 0023768 0023779
 1547282 1153419 1153410 0205177 0439167 0441655 1561536 1506024 0311403 1883712
 0349966 1337208 1547282
 1883712 1506024 0003075 0439799 0598352 0851827 1701901 1706095 3244310 0392756 0439799 0521116 1705970 1706095 0023768 0023767 0023779 0919414
 1547282 1332397 0348078 0376315 1522492 0439799 1706095 0439799 1706095 1518422 1441672
 0332268 0439799 1706095 0392148 1506024 0003075 0439799 0598352 0851827 1701901 1706095 3244310 0678226 1332397 0750492 1510827 3146286 0205250 1299351 2700149 0219474 0812198 1506024 0025255
 0449911 0333052 2607870 0557702 1272706 1704674 0557702 1272706 1704674 0349966 1337208
 0439086 2827736 2981702
 0021467 0021469 1628982 3463820 1332397 0030956
 2347469 1332397 0030956 2347469 1444656 1524062 0336721 0441987 1506024 0003075 0439799 0598352 0851827 1701901 1706095 3244310 0023768 0023767 0023779
 0521116 1705970 0030695 0150369 0181904 0596972 1521743 1704646
 0441889 0456079 1547707 2946261 0587267 1301808 1442792 3148680 0175566 1301808 1442792 3148680 0522501 1706089 0439114
 0028954 0771098 0002520 1332397 0001128 0450348 0086045 1446561 1524062 0205250 1299351 2700149 0205197 0311403 1153419 1153410 0205177 0439167 0441655 1561536 0450365 1706097 0332290 0023828 1506024
 0205177 0439167 0441655 1561536 1518422 0028954 0048897 0596988 1441672 0028954 0017446 0205147 1332379 1706876 1511726 3245479 1518422 1547282
 1274040 1546471 2825142 1444656 1332397 0587267 1506024 0003075 0439799 0598352 0851827 1701901 1706095 3244310 1705535 1511013 1880389 1883221 3541951 1547282 1883351 0205224 1332397 0450355 0085732 0015127 1524003 0021467 0021469 1628982 3463820 1506024
 0332185 0150312 1883712 0023828 1506024 0683607 0010749 0010754 0653778 1153524 1426584 0010798 1325304 0023828 0025255 2828386 0332128 0010749 0010754 0653778 1153524 1426584 0010798 1325304 1506024 0445262 0003075 0037179 0087136 0205171 0219474 0439799 0598352 0812198 0851827 1701901 1706095 2828386 3244310 0023768 0023779
 1883351 0079809 0242485 0026649 1506024 0003075 0439799 0598352 0851827 1701901 1706095 3244310 0010749 0010754 0653778 1153524 1426584 0010798 1325304 0243122 0442726 1145667 1167622 1511790 0020498 0051967 0332283 1511790
 0349966 1337208 1547282
 0450373 1553636 1265611 0449770 0444706 0567416 3541902
 1518422 0442726 1511790 0567416 1511726 3245479 1518422 1547282
 0010749 0010754 0653778 1153524 1426584 0010798 1325304 0441987 1504308 1524062 0219474 0812198 1506024 0023768 0023779 0442805 0442726 1511790 0037633 0150312 0332285 0525069 0450375
 0040715 2987521 0444686 1441506 1443182 1883351 1709305 2745955 0439799 1706095
 0005507 0243073 1510438 1506024 0175566 0442739 2346711 0450376 0332196 2828389 0681814
 1979874 1506024 0003075 0439799 0598352 0851827 1701901 1706095 3244310 2247790 0040715 2987521 0450375
 1274040 1546471 2825142 1444656 0010749 0010754 0653778 1153524 1426584 0010798 1325304 1506024 0445262 0003075 0037179 0087136 0205171 0219474 0439799 0598352 0812198 0851827 1701901 1706095 2828386 3244310
 0449911 0333052 2607870 0557702 1272706 1704674 0557702 1272706 1704674 0349966 1337208

 0439799 1506024
 0242485
 0010749 0010754 0653778 1153524 1426584 0010798 1325304 0051967 0010749 0010754 0653778 1153524 1426584 0003242 0368815 0432624 0432626 0003241 0010798 0021027 1325304 1522408 1524062 0020498 0237753 0449788 0567416 0520510 1552738 0025663 0025664 0449851
 0016315 0522510 1626420 0016315 0181839 0444706 1706379 3541902
 0441468 1548899 0010749 0010754 0653778 1153524 1426584 0010798 0237753 0449788 0567416 1325304 1444656 1547282 0237753 0449788 0567416 1301820 1444656 0205134 1273517 1442989 2828392 0444706 0449770 1265611 1282913 1551714
 1282913 1551714 1522609
 2347469 0010749 0010754 0653778 1153524 1426584 0010798 1325304 1506024 0003075 0219474 0439799 0598352 0812198 0851827 1701901 1706095 2828386 3244310 1518422 1506024 0003075 0439799 0598352 0851827 1701901 1706095 3244310 0219474 0812198
 1506024 0439799 1706095 1506024 0003075 0439799 0598352 0851827 1701901 1706095 3244310 0023768 0023767 0023779
 1883708 0010749 0010754 0653778 1153524 1426584 0010798 1325304 0023768 0023779 0441987 1504308 1524062 0392148 0037633 0525069 2678549 1882074 0020283 0450407 0450408 0450409
 0040223 1632851 1510844 0037633 0525069 0441987 0424092 2349954 2825032 0010749 0010754 0653778 1153524 1426584 0432624 0432626 0010798 1325304 1522408 1524062 0020498
 1883708 0016315 0522510 1626420 0016315 0181839 0444706 1706379 3541902
 0441468 1548899 0205091 1552822 1547282
 2348974 0587267 0175566 1707156 3274014 3541345 1506024 0003075 0439799 0598352 0851827 1701901 1706095 3244310 0439799 1706095 1506024 0441889 1706907
 0442739 1548568 0392747 0443172 1705241 0040715 2987521
 0681814 1706386 1547282 0521116 1705970 0030695 0150369 0181904 0596972 1521743 1704646 1511726 3245479 1301820 1292429 1547282 1883351 1711411 0332197 1689985
 1547282 0205195 1947911 1506024 0003075 0439799 0598352 0851827 1701901 1706095 3244310 0348078 0376315 1522492 0439799 1706095
 0439799 1706095 1705242 0439799 1706095 1518422 1547282 0443264 1506024 1883351 0850310 3154893 0031843 0542341 0700205 1705273
 0026383 0678594 1521991 0439673 0439799 1706095
 1547282 1524063 0449913 1553451 1704459 0439799 1706095 0205431 1506024 0003075 0205171 0392148 0439799 0598352 0851827 1701901 1706095 1720467 3244310 0219474 0812198 0033684 0205265 0025249 0023779 0025255 0332196 2828389 1506024 0003075 0439799 0598352 0851827 1701901 1706095 3244310 0243126 0023768 0023779 0348078 0376315 1522492 0439799 1706095
 1506024 0003075 0439799 0598352 0851827 1701901 1706095 3244310 0684224 0700287 3496591 1883351 2348205
 0456389 1325742 0332462 1880834 0439093 0443228 1704243 1511726 3245479 1506024 2828386
 0085732 1299581 0442726 0040715 2987521
 1979874 1506024 0003075 0439799 0598352 0851827 1701901 1706095 3244310 0040715 2987521
 0442739 1548568 0392747 0443172 1705241 0439799 1706095 0010749 0010754 0653778 1153524 1426584 0010798 1325304 2828386 0678226 0750492 3146286 0456389 1325742 0871208 1521828
 0205197 1883351 0162340 0851285 1327622 0015576 1704727 0033684 1506024 0205224 0204514 0002778 0936012 1524024
 2825232 0557651 2603343 0449719 1521721 1709471 0018173 1548284 0683933 0035168 0036397 0242481 0205146 0018173 1548284 0205099 0035168 0242481 0018173 1515981 1548284 0683933 0035168 0036397 0242481 0013621 0013622 0013658 0039401 0036397 0038039 1552306 0010453 0220814 0430400 2242979
 0010186 0220812 0449719 1709471 0220808 0680264 0007961
 1706852 0522501 1706089 0949214

 0282413 0376649 1442065
 0254343 0796520 3272379
 0085205 1549619 1880669
 0013849 1705961 0024492 1538057 1547565
 0000723 0000723 1273517 0004684 1412800 2986890 1334043 2697616 0376515
 1506024 0003075 0439799 0598352 0851827 1701901 1706095 3244310 1506024 0003075 0439799 0598352 0851827 1701901 1706095 3244310
 0057911 0001128 0202406
 1418867 1518860 1552158
 1514811 1706462 0520510 1274040 1546471 2825142 0557061 2584313 1514811 1706462 2827734 2981698
 0331762
 2603362
 0036397 0740116 2827735 2981700
 2603362

 0025141 0439086 2827736 2981702
 0332583
 0205090 0684010 2603358

 0036397
 3495095 0369773 2603361 0021966 0221138 2603362


 0007634 1269647 1704653 1948049 0025141 0439084 0728893
 0369718 0441922 1553036

 0036397

 0439394 1706495 3642217

 1418943

 0268596 2700624
 3642273
 0041703

 1415618 2603360 2603360 0205090 0684010 2603358
 0033727 0369286 0441932 0564385
 1418943

 0268596 2700624
 3642273
 0041703

 0021966 0221138 1553033 0369718 0441922 1553036
 2603362
 0033727 0369286 0441932 0564385
 0369637 0441923

 1553033 0439267
 0036397
 0205090 0684010 2603358 2347469 0037098 2603362
 0205090 0684010 2603358 0439267





 0369718 0441922 1553036
 2603360
 0439267 0332583
 0205090 0684010 2603358


 0201682

 2347469 2985073 0369718 0441922 1553036 2603362





 0349590 1262865 0025141
 0369637 0441923



 0025141
 0369773 2603361 0597277 1708601

 0205090 0684010 2603358



 0025141
 0021966 0221138


 0025141
 0328104 1415875 2826366 2603360 0369637 0441923


 0000857 0600678 1552863
 2347469 0016327 0439133 1553038 0021966 0221138 0439394 1706495 3642217
 0439267 0597277 1708601 0016327 0439133 1553038 0205090 0684010 2603358

 0036397
 2603362
 0369637 0441923
 0439114

 1418943

 0268596 2700624
 3642273
 0041703







 0450382 0025141
 0021966 0221138 0324179 2700050
 0369637 0441923

 0025141

 2347469 1006780 0033727 0369286 0441932 0564385 0331762
 0205090 0684010 2603358 0369637 0441923


 0201682

 0439267 0021966 0221138 0021966 0221138 0016327 0439133 1553038 0324179 2700050 0369637 0441923


 2347379

 0025141 0450348
 0016327 0439133 1553038
 0369773 2603361 0033727 0369286 0441932 0564385 0033727 0369286 0441932 0564385 0033727 0369286 0441932 0564385
 1823535 0369718 0441922 1553036

 0201682
 0025141
 0369718 0441922 1553036 0021966 0221138 0021966 0221138 0439394 1706495 3642217
 0369637 0441923

 0025141

 0369773 2603361 2603362
 0033727 0369286 0441932 0564385 2603362
 2603362
 1708059
 2347469
 0349590 1262865 0025141
 2603360 1418943

 0268596 2700624
 3642273
 0041703
 1553033 0021966 0221138 1553033
 1553033


 0000857 0600678 1552863
 1553033 2603360



 0201682

 0239971
 2347469
 0439394 1706495 3642217 2603360
 0439267
 0027960 0324740 0439189 1456781 1824986
 0007634 1269647 1704653 1948049

 0000857 0600678 1552863
 0439394 1706495 3642217
 0239971
 1553033 2603360
 0439267


 0201682
 0450355

 0331762
 2603362

 0009993 0037455 0596070 1552856 0005477 0026376 0005532 1521991