 1710463 0017263 1158770 0851285 1327622 2611812 1707310 0035820 1705810
 0600508 0013879 0871261 1704632 1706817 2911692

 0040648 0040649 1521761 2827422
 1158770
 1707478 1514811 1706462 0017263 0851285 1327622 0038952 0220921
 1184743 1522240 1705920 2987476 0036025 0043392 0043393 0717551 0024660
 0017725 0026492 0359589 1999230 1707959 0441712 0009967 0231241 0243163 0441889 0456079 0678695 0699914 1314650 1547707 1561604 1875802 1999230 2347375 2946261
 0036025 0043392 0043393 0717551 0017725 1524063 0042153 0457083 1947944 0025519 0025520 1314939 1157850 0007009 0042153 0449416 1314939 1523987 0282443 1552617 0042789 1947903 0140145 1332102 1425988
 0441712 0001721 0017262 0017337 0185117 0205170 3146287 0162340
 0024660 0871261 1704632 1706817 2911692 0439855 1704241 0336789 1280500 0596620 0017725 0025519 0025520 0439849 0445223 1280500 0175668 0027627 0205436 2245393 2259155 1292856 1948023 2610742 2259158 0021467 0021469 1628982 3463820
 0007634 3282337 0017725 0234402 0036536 0036537
 0023884 0736268 1278929 2346688 0017725 0392148 0021641 1533581 1579433 0205263 0017262 0185117 1547699 2700640 0017742 0017725 0596902 0017952 0014442 0014445
 0034349 0034348 0031727 0034354 0244104 0001022 0001026 0007064 0015683 1367441 0015684 0001128 0132555 0202406 0017337 0017337 0031644 0251211 0282443 1552617 0042789 1947903 1425988
 0021641 1533581 1579433 0017687 0876232 0205166 1706317 0205309 1511545 0017262 0017337 0185117 0205171 0332185 1720467 0007004 1547282 1883351 0032214 0600138 0035820 1705810 0442758 0439086 2827736 2981702
 0162326 1148673 0012854 0243122 1145667 1167622 1704241 0017262 0017337 0017725 0185117 0851285 1314939 1880022 0023884 0332185 0736268 1278929 2346688 0007634 3282337
 1293116 1875307 2611812 1707310 0035820 1705810
 0600508 0013879 0871261 1704632 1706817 2911692

 0040648 0040649 1521761 2827422
 1158770
 1707478 0017725 0040300 0332324 1514811 1550474 1706462 1705654 0017742 0017725 0086597 0127400 0205369 0596902 1552740
 0332257 1552866 2700399 1420172 0023884 0736268 1278929 2346688 0007634 3282337 0166441 1420175 2982484 0596902 0206131 0026845
 0332148 0750492 0035820 1705810 0040300 0023884 0736268 1278929 2346688 1883351 0014653 0439831 0683607 1547026 0347985 0017725 0036536 0036537 0012634 0348080 1705253
 0677626 0007634 0023903 2239176 3282337 0017725 0010453 0220814 0430400 2242979 0427743 1287281 0086045 1446561 0205250 1299351 2700149 1292856 1948023 1517945
 0025914 0025929 0026809 0427743 1287281 0086045 1446561 0205250 1299351 2700149
 0030705 1515981 0026882 1705285 0017337 3495427 0015624 0015625 1857395 0039082
 0040649 0034349 0034348 0031727 0034354 0244104 1517914 0023884 0025914 0025929 0026809 0736268 1278929 1420172 1948023 2346688 0015663 0456962
 0040671 1705822 0021467 0021469 1628982 3463820 0015663 1550565 1292856 1948023

 0332185 1705535 0419518 0445022 0032214 0600138 0035820 1705810
 0677626 0007634 0023903 2239176 3282337 0205342
 1705654 0023884 0736268 1278929 2346688 0206131 0007634 3282337 0017725 1883351 1524026 1883351 1710082 1158770 0017263 1710463 0017337 0040649 0311400 0683607 0851285 1327622 1524026 2707259
 1948052 2963144 1722730 1261552 1704379 1705117 2825408 0031715 1158886 0061418 0017761 0031603 0031701 1601799 0439178 1446409 1514241 2825490 0205160 1513916 2825415 2825491 1261552 0680226 0349590 1262865 0439086 2827736 2981702 0439084 0728893
 0023884 0736268 1278929 2346688 0061418 0017761 0031603 0031701 1601799 0017952 1273517 0030892 0030893 0030894 0031603 0031701 1601799 1704259 1705987 1157202 0220781 1883254 0220781 1883254
 0043227 1524063 0043369 0205103 1550465 2827755 1705535 0227525 0010453 0205225 0220814 0430400 0439631 2242979 1710082 1156397 1156398 0030892 0030893 1253959 0030894 0031603 0031701 0311404 1518422 1601799 1704259 1705987 1881507 2700383 2826234 3146294
 1274040 1546471 2825142 1517331 0231448 0231449 0439792 1515655
 1316572 1317574 1369612 0043369 0393040 1176299 1280500 2348382 0017337 0392747 0443172 1705241 0427743 1287281 0086045 1446561 0023884 0736268 1278929 2346688
 0684224 0700287 1705535 0061418 0017761 0031603 0031701 1601799 1519315 0567416 0439086 2827736 2981702

 0033268 0920532 0017337 0017725 0205263 0851285 0857127
 1515021 0017337 0017725 0851285 0025519 0025520 0026845 0424612 1721101 1704259 1705987 0684224 0700287 3496591 1883351 0086597 1158774 1280500 0017262 0017337 0185117
 1707310 0035820 1705810 2611812 1707310 0035820 1705810
 0600508 0013879 0871261 1704632 1706817 2911692

 0040648 0040649 1521761 2827422
 1158770
 1707478 1514811 1706462 0332148 0750492 1511572 0037083 1314939 3537152 0470187 0337076
 1514560 0597217 0243077 0309872 1158774 1280500 0034349 0017337
 1314939 0037083 0086982 0205170 1301725 1609436 3146287
 0205172 0332185 0033640 0031727 0033684 2350345 0001497 0033640 0031727 0033684 1879547 1705535 1883351 0032214 0600138 0035820 1705810 0040649
 0033640 0031727 0033684 0072402 1414387 0031727 0311400 0444649 1524026 1707719 2707259 0079613 0033684 0007004 1314939 0598783 0025519 0025520 0392747 0443172 0007961 0424589 0542479 1442080 1706211
 0033640 0031727 0033684 1879547 0038435 1550032 1880497 1996907 0332152 1522538 0456603 1547037 0007634 1269647 1704653 1948049 0450348
 0033640 0031727 0033684 0439855 1704241 1711351 0033684
 0033684 0205449 0439849 0445223 0036025 0043392 0043393 0439855 0717551 1704241 1880022
 0597298 0017337 0205448 0679058 1705242 2700640 0740116 2827735 2981700 0450348
 1704241 1704241 0150312 0007610 0238767 1706086 0010834
 1150527 0205435 1279901 0684224 0700287 3496591 1883351 0205216 0392756 0442797 0007600 0205132 0427743 1287281 0017725 0086045 0205250 1439852 3163633
 1955473 1547282 2247123 0597413 0018790 0237477 0392351 0521111 0017255 1879547 0227525 0010453 0205225 0220814 0430400 0439631 2242979
 0544461 0205177 0439167 0441655 1561536
 1883351 0022885 0039593 0392366 1512571 0441833 0687744 1257890 1552516 1705428 1705429 0282116 0022877 3244292 1273517 0679199 0729333 1948027 0011923 0024075 0079595 0335038 1522485 1705915 1709908
 0947630 0025991 0740116 2827735 2981700 1518422 0599220 0600499 1711351 0393040 1176299 1158774 1280500 0034349 0034348 0031727 0034354 0244104 0086860
 0868928 1706255 1706256 1280500 0205171 1720467 1441672 0021485 1272883 1533685 1828121 0884358 0007610 0238767 1706086 1383501 0441471 0475264 1744691
 0205216 1518422 1158774 1280500 2348382 0040649
 1511726 3245479 1705535 0392747 0443172 0205410 0007004 0242209 0042789 1947903 0349966 1337208 0032214 0600138 0035820 1705810
 1274040 1546471 2825142 0543488 0036025 0043392 0043393 0205309 0717551
 0036025 0036024 0439855 1704241 0015252 0017725 0728940 1879547 0040648 0031715 0040649 0544461 0851827 1158886 1274040 1546471 1701901 2825142 3244310 1521761 2827422 0920533 0017337 0035143 1314939 2827734 2981698
 1512977 0007634 3282337 0033640 0031727 0033684 1883351 1280500 2348382
 3463820 1336789 0033640 0031727 0033684 0018790 0237477 0392351 0521111 1515877 1879547 1336789 0349966 1337208
 1159372 1521840 2986546 0521116 0022877 1292732 3244292 0079411 3146294 1449037 1272688 1548387 0150312 0332285 1280477
 0449911 0333052 2607870 0557702 1272706 1704674 0557702 1272706 1704674 0349966 1337208
 2827734 2981698
 0035820 1705810 0851285 1327622 0017725 0040649 0034349 0007634 1269647 1704653 1948049
 0860801 0017725 0205251 1299352 1550472 0010453 0012634 0220814 0348080 0430400 1705253 2242979 1150527 0205250 3163633 0040649 0034349 0205251 1299352 1550472
 1150527 0427743 1287281 0017725 0086045 0205250 0311403 1446561 3163633 0332152 0442805 1522538 0040649 0034349
 0025991 1711351 0033640 0031727 0033684 0393040 1176299 1158774 1280500 0427509 1150423 0205177 0439167 0441655 1561536 0034349
 0600508 0013879 0871261 1704632 1706817 2911692 1293116 1875307 2611812 1707310 0035820 1705810
 0600508 0013879 0871261 1704632 1706817 2911692

 0040648 0040649 1521761 2827422
 1158770
 1707478 1514811 1706462 1883351 1516048 1158774 1280500 2348382 0040649 0022877 3244292 0557651 2603343 0017263 0851285 1327622 0017725
 1704788 3539106 0000702 0012854 0004793 0162326 0162327 1519249 1273518 0086597 0871261 1704632 1706817 2911692 2348480 1515655 1515655
 0004793 0162326 0162327 1519249 1515273 1705313 2826302 0600508 0013879 0871261 1704632 1705248 1706817 2911692 0600508 0007004 0013879 0439849 0445223 0871261 1704632 1705248 1706817 2911692 0441833 0687744 1257890 1552516 1552738 1705428 1705429 0034987 0017446 0205147 0220905 1704735 1861419 0017337
 0017446 0205147 0332185 0314621 0017337 0086860 0205396 1550043 1551388 0061352 1415011 0017687 0597357 0876232
 0439855 1704241 0600508 0007004 0013879 0017725 0871261 1145667 1167622 1704632 1705248 1706817 2911692 0034349 0034348 0031727 0034354 0244104 1861419 0017337 0005456 0682969 1148673 0012854 0205117 0205145 0243122 1145667 1167622 1515974 2825164 1515273 1705313 2826302 0205145 1515974 2825164 1883351 0205342 0450355
 0007003 0162326 0086860 0205094 0439860 0442504 1704765 1882509 3496241 0205410 0332197 1689985 0205145 1515974 2825164 1883351 0871261 1704632 1706817 2911692 0450355
 0600508 0013879 0871261 1704632 1705248 1706817 2911692 0034349 0179400 0205448 0332529 1518422 1638312 0086972 0443299 0687118 1709450
 0179400 1638312 1145667 1167622 0076925 0522505 1521761 2827422 0086282 0450355
 1547282 0023884 0736268 1278929 2346688 0040300 0205170 3146287 0392366 2266866 0205177 0439167 0441655 1561536 1551359 2741673 2981730
 1274040 1546471 2825142 1524063 0007634 3282337 0206745 0025914 0025929 0026809 0599772 0076925 1516853 0522505 1521761 2827422 0017725
 1521761 2827422 1158770 0017263 1710463 0851285 1327622 0017725
 0017337 0086860 0332257 1552866 2700399 0179400 1638312 1518422 0017725 0851285
 1883712 0205342 3273800 1518422 1510827 2348042 2826345 0076925 0522505 1521761 2827422 0439509
 0220781 1883254 2266866 0205177 0439167 0441655 1561536 1148673 1518422 0700364 1883351 0012155 0851285 1442959 1519433 2983588
 0682323 1524063 0599647 0449913 1553451 1704459
 0205396 1550043 1551388 0076925 1706445 0081620 0033706 0200396 1414504 0887829 1753269 1335073 0206588 0034840 0521447 0597357
 0081620 0033706 0200396 1414504 0600508 0013879 0017725 0871261 1145667 1167622 1704632 1705248 1706817 2911692 0021135 1533691 2827718 1704241 0600508 0013879 0017725 0871261 1704632 1705248 1706817 2911692 0150312 0449450
 0005456 0185027 1948020 0243122 1145667 1167622 0521102 0243122 1145667 1167622
 0081620 1514559 0018790 0237477 0392351 0521111 0040624 1292856 1948023 0227525 0010453 0205225 0220814 0430400 0439631 2242979
 0005456 0682969 1148590 0205145 0243122 1145667 1167622 1515974 2825164 0081620 0033706 0200396 1414504 0221099 0684336 0871261 1704632 1706817 2911692 0012634 0348080 1705253
 0596448 0081620 0872382 1625163 0449915 0017725 0040624 0183210 0449913 1314939 1553451 1704459 1705193 0076925 0522505 1521761 2827422 0332197 1689985 0017725
 0439855 1704241 0851285 1704675 0682323 0332324 1550474 0521116 0233426
 0682323 0034349 0034348 0031727 0034354 0244104 1293116 1875307 2611812 1707310 0035820 1705810
 0600508 0013879 0871261 1704632 1706817 2911692

 0040648 0040649 1521761 2827422
 1158770
 1707478 1514811 1706462 0684224 0700287 2699424 2599779 0012940

 0684224 0700287 3496591 0442805 1274040 1546471 2825142 0086045 1446561 0427509 1150423 2266866 0205177 0439167 0441655 1561536 0023884 0736268 1278929 2346688
 1554077 2828389 0076925 1706445 0086661 1553033 1415629 0205177 0439167 0441655 1314939 1561536
 0205108 0012940 1518422 1998793

 1552738 0597301 0243114 1998793 0081620 0076925 0033706 0040648 0200396 1414504 0008051 0029923 0040649 0086860 0439849 0445223 0522505 0677521 1365945 1521761 2827422
 0332185 1880022 2266866 0205177 0439167 0441655 1561536 3158709
 2266866 0205177 0439167 0441655 1561536 1148673 0205171 1720467 0028953 0521108 2698977 0871261 1704632 1706817 2911692 2945843 0205145 0596988 1518422 0205254 0871261 1704632 1706817 2911692
 2266866 0205177 0439167 0441655 1561536 1518422 1883351 0012155 0017725 0851285 2699635
 0221193 1441414 1553874 1578820 3161035 2945843 0179400 0205145 0205448 1533124 2825407 0332529 0439849 0445223
 0332185 1819645 2246292 0242210 0600508 0013879 0033684 0038323 0243122 0871261 1145667 1167622 1704632 1705248 1706817 2911692 0920532 0017337 0017725 0205263 0857127 1363844 1441414 1553874 1578820 1547699 2700640 0033684 1704259 1705987 0332257 0034349 0034348 0031727 0034354 0244104 1861419 0017337
 1280500 2348382 0017337 0332148 0750492 0558058 0035820 1705810 1363844 0021641 0441472 1533581 1579433 3266814 1522508 1561567 0205549 2348044 1314939
 0600508 0013879 0871261 1704632 1705248 1706817 2911692 0034349 0442811 0205251 1299352 1510827 1550472 1883712 0040627
 0011155 0162429 1623416 1274040 1546471 2825142 0034349 0017262 0034348 0314611 0017337 0031727 0034354 0185117 0205171 0244104 0332307 0728938 1547052 1550516 1720467 0871261 1704632 1706817 2911692 1333652 1337112 0017337 0017874 0001390 0051369 0205269 0237284
 0871261 1704632 1706817 2911692 0023884 0736268 1278929 2346688 0025914 0025929 0026809 0011155 0162429 1274040 1546471 1623416 2825142 0017713 1415014 0040649 0851827 1701901 3244310
 0205263 0857127 0017725 0027552 0031715 0686904 1158886 0061418 0017761 0031603 0031701 1601799 0205103 1550465 2827755
 1552616 1706244 0021641 1533581 1579433 0017337 0349966 0449450 1337208
 0740116 2827735 2981700
 0449911 0333052 2607870 0557702 1272706 1704674 0557702 1272706 1704674 0349966 1337208
 0740116 2827735 2981700
 0035820 1705810 0021641 1533581 1579433 0017337
 1314939 1879547 0040649 0332185
 0814812 0600436 0002055 0178499 1709450 1880279 0205145 0439659 1515974 2825164 0040649 0017337 0017725 0851285 0851827 1314939 1327622 1701901 3244310 0040649 0034349 0449450
 0179400 1638312 0012591 0205341 0439851 1547730 1705914 1947931 1333247 0600508 0013879 1444656
 0031106 0370219 0030892 0030893 0030894 0031603 0031701 1601799 1704259 1705987
 0080245 1335858 0040648 0040649 1521761 2827422 0017725 1293116 1314939 1704458 1875307 2611812 1707310 0035820 1705810
 0600508 0013879 0871261 1704632 1706817 2911692

 0040648 0040649 1521761 2827422
 1158770
 1707478 1514811 1706462 0684224 0700287 1705535 0080245 1335858 1999230 0441712 1706376
 0205435 1279901 0001022 0001026 0007064 0017337 0684224 0700287 3496591 0017725 0085732 1299581 0205263 0442805
 0205263 0857127 0678226 0442805 1518422 3146286 1265611 0233535 1158884 3160734 0007610
 0039798 0087111 1522326 1533734 1705169 3538994 0442805 1265611 2259194 0332294 2266866 0205177 0243122 0439167 0441655 0678226 1145667 1167622 1561536 1879547 0086860 0001022
 1158884 3160734 0332294 1148673 2266866 0012854 0205177 0243122 0439167 0441655 0678226 1145667 1167622 1561536 0205250 0521093 0750484
 0086282 1441414 1553874 1578820 1883351 0032145 0032144 0017725 0032140 0205263 0851827 0857127 1367553 1514873 1701901 1999216 3244310 0040691 1527194 0018284 0018270 0220844 1510411 1521761 1621966 2827422 2911660 0017337 0596981 0005773
 1521761 2827422 0684224 0700287 3496591 1883351 1719133 0017263 1337112 0017337 0017725 0021641 0851285 0851827 1314939 1327622 1533581 1579433 1701901 3244310 1547699 2700640 0299583 1416825 0015683 1367441 0015684 0001128 0132555 0202406 0004199 1412125 0055813 0008857 0024188 0376259 0450382
 0868928 1706255 1706256 0004199 1412125 0055813 0008857 0024188 0376259 3244092 0441889 0456079 1547707 2946261 1521761 2827422 0684224 0700287 3496591 1883351 1947931 0017725 0851285
 0543488 1883351 1316572 1317574 1369612 0028707 0205410 0205411 0332197 0392209 1442959 1689985 0243125 0597304 0681850 0699900 1550501 1706203 1947941 2349001 2697811
 0017263 1710463 1158770 0851285 1327622 0007634 3282337 0035820 1705810 2611812 1707310 0035820 1705810
 0600508 0013879 0871261 1704632 1706817 2911692

 0040648 0040649 1521761 2827422
 1158770
 1707478 1514811 1706462 0444503 3539073 0150312 0332285 0440042 1521738 2346620 2349184 0017725 0243148 1550141 1882979 2587213 3274648 0242617 0033684 0242303 0598306 1427500 1826562 0599939 1800706 0007634 3282337
 1427500 1826562 0205435 1279901 0960756 1521761 1552738 2827422 1148554 0022131 1283884 0014136 0030274 0521425 1278931
 0332120 0183683 1521721 0035820 1705810 0017725 0040649
 0427743 1287281 0086045 1446561 0023175 0031715 0181586 1158886 1427500 1442948 1522538 1826562 2348269 3275067 0040715 2987521 1337112 0314621 0017337 0021641 0086860 1145667 1167622 1533581 1579433 0162493 0332294 0040649 0678226 1879547
 1879547 0037083 0086982 1314939 2936824
 0310367 0750526 1314939 1704259 1705987 0680226
 0678695 0205263 0021641 0030685 0391871 0439180 0680255 1283071 1533581 1579433 1963578 0332257 0016745 0034354 0244104 0043369 0021641 1533581 1579433 1547282 1883351 1515877 1879547 2266866 0205177 0439167 0441655 1561536 1145751 0205177 0439167 0441655 1561536
 0681814 1948052 0027552 0686904 1883351 1280500 0017725 0442796 1550602 0017725 0021641 0079613 1533581 1579433 1427500 1826562 0017255 1879547 1444748 0021641 1533581 1579433 0032930 0450385
 0449911 0851285 1327622 1148673 0012854 0243122 1145667 1167622 1145751 0205177 0439167 0441655 1561536 0349966 0449450 1337208
 0439086 2827736 2981702
 0449911 0333052 2607870 0557702 1272706 1704674 0557702 1272706 1704674 0349966 1337208
 0439086 2827736 2981702
 0035820 1705810 1145751 1623517 0021641 1533581 1579433 0040649
 0021641 1533581 1579433 0017725 1547282 1883351 1515877 1879547 0040649 1314939 2936824 0380241 1456378 0872280 0018850 0033640 0031727 0033684 0038435 1879547
 0017725 0085732 1299581 1515877 1879547 2936824 1518422
 0035820 1705810 0851285 1327622 0033268 1517331 1516048 1524063 0007600 0007634 0205132 1269647 1704653 1948049
 0947630 1547282 1719133 1256369 0021641 0036536 0036537 1533581 1579433 0021641 0423896 0456205 1533581 1579433 0332281 0185117 1427500 1826562
 0035820 1705810 0011847 0011849 0439234 1301725 1444637 1609436
 1512032 0026882 1705285 1547282 1883351 0015127 1524003 0342276 2984262 0011860 0011847 0011849 0332162 0449989 0700597
 1826562 1833382 3463805 0348078 0376315 1522492 1833334 0332162 1279919 1880022 1457869 1861101 0450387 0450388
 2985439 0026882 0332307 1547052 0086418 0684224 0700287 3496591 0031437 1285572 0026882 0349590 1262865 1705285 0725813 0450389
 0332185 0442824
 1160185 1510800 0086022 0442335 1705099 0521123 0017337 0017337
 0449911 1427500 1826562 0040627
 0017337 0034349 0034348 0031727 0034354 0244104 0007634 0851285 3282337 0441712 0851285 1327622 1261322 1551058 1552578
 0332185
 1524063 0679199 0205409 1548221 0209278 1420631 1566493 0185117 0022131 0871261 1704632 1706817 2911692 0017725
 1334043 2697616 1566493 0040648 0040649 1521761 2827422 0302820 0025519 0025520 0221193 1566493 0032214 0600138 0035820 1705810 1292856 1948023
 0017337 1566493 0851285 0007634 3282337 0439673
 1293116 1875307 2611812 1707310 0035820 1705810
 0600508 0013879 0871261 1704632 1706817 2911692

 0040648 0040649 1521761 2827422
 1158770
 1707478 1514811 1706462 0441712 0040300 0012170 0007004 0012155 0205263 2699635
 0017337 0021641 1533581 1579433 1879547 0036536 0036537 0860803 0017725 0205217 0442805
 0868928 1706255 1706256 1415014 0017713 0349966 1337208 0205238 0007634 3282337
 0217529 1420398 3538602 1427500 1826562 0700364 1883351 0040627
 0017337 0021641 0311403 1533581 1579433 0035820 1705810
 0015576 1704727 1333572 1705723 0205170 0332185 1301725 1609436 3146287
 1512804 2984300 2984427 0037080 0037083 0086982 1704259 1705987 0086597 0439178 1446409 1514241 2825490 0205160 1280500 1513916 2825415 2825491 1879547 2828386 2936824
 0017337 0017725 0851285 0014442 0014445 0017725 0392148 0017713 1415014 0035820 1705810 0023884 0736268 1278929 2346688 0007634 3282337
 0040648 0040649 1521761 2827422 0017725 0871261 1314939 1704632 1706817 2911692 0017337 0680240 0851285 0521116
 0033204 0332148 0017362 0182953 1704734 1704735 0017725 0010439 0683607 0010357 2986468 0037817 0234856 0600118 2828360 1521761 2827422 0162493 1326120 1879547
 0037791 1511884 0033666 0687676 1519614 1704687 0392747 1554963 0031715 1158886 1521761 2827422
 1518440 0040715 2987521 1427500 1826562 0007634 3282337 0441889 0456079 1547707 2946261
 0086045 1446561 1947931 0017725 0851285
 1272688 1280477 0441712 0332283 1719822 0439234 0243148 1550141 1882979 2587213 3274648 0040649
 2825232 3273171 0470187
 1706852 0243148 1550141 1882979 2587213 3274648 0205549 2348044
 0282413 0376649 1442065 0016674
 0254343 0796520 3272379

 0085205 1549619 1880669
 0013849 1705961 0024492 1538057 1547565 2348513 3538902
 0034037 1704324 0030351
 1511726 3245479
 0000723 0000723 1273517 0034349 0034348 0031727 0034354 0244104 0034349 0034348 0031727 0034354 0244104
 0001022 0001026 0007064 0001022 0001026 0007064
 3539648 0329155 1427618 1705203
 0033640 0031727 0033684 2350345 0001497 0033640 0031727 0033684 1879547
 0600508 0013879 0871261 1704632 1705248 1706817 2911692 0600508 0013879 0871261 1704632 1705248 1706817 2911692
 0600508 0013879 0871261 1704632 1705248 1706817 2911692 0600508 0013879 0871261 1704632 1705248 1706817 2911692
 0076925 0040648 0040649 1521761 2827422
 0076925 1706445 0076925 0522505 1521761 2827422
 1819645 2246292 0242210 0600508 0013879 0033684 0038323 0243122 0871261 1145667 1167622 1704632 1705248 1706817 2911692
 2936824 0044602
 1427500 1826562 0013303 0030274 0242303 0598306 1278921
 1514811 1706462 1293116 1875307 2611812 1707310 0035820 1705810
 0600508 0013879 0871261 1704632 1706817 2911692

 0040648 0040649 1521761 2827422
 1158770
 1707478 1514811 1706462 2827734 2981698
 0369637 0441923
 0040833 1521798 0325074
 0025141 0740116 2827735 2981700


 0439086 2827736 2981702
 0369773 2603361 0016327 0439133 1553038

 2347961

 0025141
 0033727 0369286 0441932 0564385

 0369718 0441922 1553036 0033727 0369286 0441932 0564385
 0369637 0441923

 2347961

 0025141 0439084 0728893

 0597277 1708601 0439114 0205090 0684010 2603358


 2347469
 0597277 1708601


 0201682


 0439394 1706495 3642217


 2347961

 0025141
 2347469
 0439267


 0201682

 0369637 0441923
 2603360 0205090 0684010 2603358 2347469
 1418943

 0268596 2700624
 3642273
 0041703

 0205090 0684010 2603358 0369637 0441923
 2603360 2347469


 0201682

 0205090 0684010 2603358 0205090 0684010 2603358 0033727 0369286 0441932 0564385 2347469

 0325074
 0025141
 0439267

 3642273

 2347469 0369637 0441923
 0033727 0369286 0441932 0564385 0999213 0205090 0684010 2603358


 0201682

 0999213 0369718 0441922 1553036 0205090 0684010 2603358 0205090 0684010 2603358 0439394 1706495 3642217


 0201682

 0439394 1706495 3642217 0369637 0441923
 0016327 0439133 1553038
 0369637 0441923


 0201682

 0016327 0439133 1553038 0016327 0439133 1553038 0066801 0369773 2603361


 0025141
 0369773 2603361
 0369773 2603361



 0201682

 0205090 0684010 2603358 0369718 0441922 1553036 0439394 1706495 3642217
 0349590 1262865 0025141

 0597277 1708601
 0033727 0369286 0441932 0564385


 0201682

 1553033 0369773 2603361 0016327 0439133 1553038


 0201682

 0021966 0221138

 0021966 0221138 0369637 0441923
 2603362


 0025141
 2347469 0369637 0441923
 0027960 0324740 0439189 1456781 1824986
 0007634 1269647 1704653 1948049

 0000857 0600678 1552863
 0439394 1706495 3642217


 0025141 0450348

 0439267 0369637 0441923

 2347961

 0025141
 0369637 0441923


 0325074

 0025141
 0036140 0037494 0206136 0021966 0221138
 2603362
 0043217 0442548
 0439267


 0025141
 0439267 0021966 0221138 0036140 0037494 0206136 0021966 0221138
 0369773 2603361 2347469
 0439267 0439267

 1418943

 0268596 2700624
 3642273
 0041703
 0439073 0439082
 0036140 0037494 0206136 0021966 0221138
 0369773 2603361 0439267 2603362
 0033727 0369286 0441932 0564385
 0439267


 0025141
 0021966 0221138 2347469

 0025141
 0369637 0441923
 0439114 0369637 0441923
 0369718 0441922 1553036
 2347379 0028606
 0000857 0600678 1552863
 0369637 0441923
 0033727 0369286 0441932 0564385 2603362


 0201682
 0450355
 0369637 0441923
 0369637 0441923
 0439114 0369637 0441923
 0033727 0369286 0441932 0564385 0369637 0441923
 0027960 0324740 0439189 1456781 1824986
 0007634 1269647 1704653 1948049

 0000857 0600678 1552863

 2347469


 0201682

 0033727 0369286 0441932 0564385
 0033727 0369286 0441932 0564385



 0201682

 0033727 0369286 0441932 0564385 0033727 0369286 0441932 0564385



 0201682

 0439394 1706495 3642217 2347469 0369637 0441923


 0201682

 2347469



 0201682



 2603362


 0201682



 2603362


 0201682

 2603362


 0201682
 0439509

 0033727 0369286 0441932 0564385 0033727 0369286 0441932 0564385



 0201682


 0439394 1706495 3642217 0369637 0441923


 0201682


 0021966 0221138 0597277 1708601 1431628 0205090 0684010 2603358
 0016327 0439133 1553038 0597277 1708601


 0201682

 0597277 1708601 2603360 2603360



 2603362
 0033727 0369286 0441932 0564385 0033727 0369286 0441932 0564385



 0201682

 0369773 2603361
 2347469 0205090 0684010 2603358
 2347469
 0369637 0441923
 0027960 0324740 0439189 1456781 1824986
 0007634 1269647 1704653 1948049

 0000857 0600678 1552863
 1553033 0369637 0441923
 0205090 0684010 2603358 1449947 1431628 1060232 1191716 1414371
 0439394 1706495 3642217 0678579 0369637 0441923
 2603362
 0007634 1269647 1704653 1948049 0025141
 1553033 0021966 0221138 0369773 2603361 1553033 1553033 2347469
 2347469 0369773 2603361 0016327 0439133 1553038
 0027960 0324740 0439189 1456781 1824986
 0007634 1269647 1704653 1948049


 0369637 0441923
 0597277 1708601
 0369773 2603361 0085999
 0221189 0560453 3244298
 2347469


 0201682

 0439394 1706495 3642217
 0369637 0441923

 0025141
 0033727 0369286 0441932 0564385 0369718 0441922 1553036
 0033727 0369286 0441932 0564385 0016327 0439133 1553038 0597277 1708601 0597277 1708601 2603360 0369718 0441922 1553036


 0201682

 1553033 0369773 2603361 0016327 0439133 1553038
 1418943

 0268596 2700624
 3642273
 0041703

 0597277 1708601
 0033727 0369286 0441932 0564385


 0201682

 2347469 0645690 0597277 1708601

 0025141
 0999213
 1705534 0205090 0684010 2603358
 0205090 0684010 2603358 1324275




 0201682
 0450382
 0033727 0369286 0441932 0564385 2603360 0369718 0441922 1553036

 0025141
 0033727 0369286 0441932 0564385 0369718 0441922 1553036

 0025141
 0079853
 0597277 1708601

 0033727 0369286 0441932 0564385
 0562547 3160718 2603362

 1417055
 0027960 0324740 0439189 1456781 1824986

 0450355 0025141
 1551910 0021966 0221138

 0027960 0324740 0439189 1456781 1824986
 0007634 1269647 1704653 1948049

 0000857 0600678 1552863
 0369637 0441923
 0205090 0684010 2603358 0205090 0684010 2603358 0150593 0439394 1706495 3642217
 1261259
 0439267
 0243107 0678723 1527148
 0439394 1706495 3642217 2603360 0033727 0369286 0441932 0564385
 0349590 1262865 0025141
 0021966 0221138 0033727 0369286 0441932 0564385
 0439267



 0201682




 0033727 0369286 0441932 0564385 0205090 0684010 2603358
 0016327 0439133 1553038 0439394 1706495 3642217 0597277 1708601


 0201682
 0450317
 0021966 0221138 0439267 0439267



 0201682

 1431628 0033727 0369286 0441932 0564385
 0230467 0741204
 0205090 0684010 2603358 0205090 0684010 2603358
 0016327 0439133 1553038 0597277 1708601


 0025141 0450385
 0021966 0221138
 2347469 2347469 2603360 0369773 2603361
 0439114
 0027960 0324740 0439189 1456781 1824986
 0007634 1269647 1704653 1948049 0025141


 0554210 0205090 0684010 2603358
 0369637 0441923
 0369718 0441922 1553036 0597277 1708601
 0439114 0205090 0684010 2603358
 0369773 2603361

 0033727 0369286 0441932 0564385
 0597277 1708601
 0332583 0205090 0684010 2603358
 0016327 0439133 1553038 0597277 1708601 0369637 0441923



 0201682

 0205090 0684010 2603358 0439114
 2347469 2603362
 0014137 0450387


 0439394 1706495 3642217
 0016327 0439133 1553038

 0325074
 0025141 0450388


 0016327 0439133 1553038

 1315013



 0033727 0369286 0441932 0564385

 1086404 1553033
 0016327 0439133 1553038 0369773 2603361

 1315013

 0450389

 2603360

 0439394 1706495 3642217
 0021966 0221138 0369637 0441923
 0369773 2603361 0554210 0369773 2603361 2603360 0597277 1708601
 2603360

 1315013


 0033727 0369286 0441932 0564385 1075351 1158530 0021966 0221138 0021966 0221138 0021966 0221138 0205090 0684010 2603358 0369718 0441922 1553036

 0025141



 0025141
 0369637 0441923
 0439394 1706495 3642217 0369773 2603361
 2347469


 0201682

 0597277 1708601 0439394 1706495 3642217
 0205090 0684010 2603358 0597277 1708601 0369637 0441923
 0025141

 0205090 0684010 2603358

 0454851 2603362
 0597277 1708601

 0597277 1708601 0016327 0439133 1553038
 0439267
 0205090 0684010 2603358 0439114 0205090 0684010 2603358
 0369637 0441923
 0011847 0011849 0000857 0600678 1552863
 2814242 0439267 0369773 2603361 2603360


 0201682


 0439267 0016327 0439133 1553038
 0439267 0325602 0597277 1708601
 0439394 1706495 3642217


 0201682

 0554210 0369773 2603361
 0205090 0684010 2603358 0230107
 0597277 1708601


 0025141
 0369773 2603361
 2347469


 0025141
 2603360
 0016327 0439133 1553038


 0201682
 0009993 0037455 0596070 1552856 0005477 0026376 0005532 1521991