 0024188 0020289 0014442 0027895 1709694 0010531 0033640 0038164 1158886 0031715 0031727 0033684 0443264
 0369637 0441923

 0331964


 0554249

 0454671
 0683939 0205099 0027817 0587466 1704729 0030755 0036375 0027976 0205314 0027976 0022877 3244292 0035172 0079816 1556038 0021622 0035168 0205476 0242481 1272753 0179400 0369773 1533124 2603361 0042645 0997115 0004340 0034036 0034037 1514756 1704324 0348078 0376315 1515981 1522492 1527075 0557061 2584313 1514811 1706462 0207304 0024188 0020289 1442934 0014442 0006104 1269537 0032005 0039597 1278981 0031845 0205463 1184743 1522240 0012634
 0449695 0031715 0205145 1158886 1519063 1708698 1883351 1292732 1280500 0037791 1511884 0022702 0220865 2825046
 0039798 0087111 1522326 1533734 1705169 3538994 0010531 0031715 0036720 1158886 1274040 1546471 2825142 0597526 0027960 0324740 0439189 1456781 1824986 0024188 0020289 0034693 0034721 1514798
 0796357 1514534 0002778 0936012 1524024 0031715 1158886 0021135 1533691 2827718 1519063 0031715 0205145 1158886 1515974 2825164
 1280500 1516048 1524063 0205463 0023610 0006100 1537501 0027930 1417869 0016352 0045511 0678100 1710236
 0025320 0392747 0443172 1705241 0442805
 0034693 0034721 0085262 0662453 0007634 3282337 0024188 0020289 0243126 0039798 0087111 0917964 1522326 1533734 1705169 2349975 3538994 0082782 0332161 0599946 0332290
 0009015 0006556 0443289 0424215 2003939 2347858 0332290
 1158886 0031715 0010531 0038164 1705535 1883351 0032214 0600138 0035820 1705810 0243102 0014442 0205177 0439167 0441655 1561536
 0557061 2584313 1514811 1706462 1371606 0009452 0182953 1704734 1704735 0018270 0220844 1621966 2911660 0007589 1511938 2945687
 0027895 0596138 0597170 1314939 0229525 0037083 0007634 3282337 0566001 1514583 2827734 2981698
 0027895 1710548 0030956 0332268 0441712 0007634 1269647 1704653 1948049 0441472 3266814
 0014442 0014445 1514873 1883351 0441472 3266814
 0207304 0024188 0020289 0043481 1442934 2348288 0024188 0020289 2827734 2981698 0015272 1521970 0014442 0014445 1710236
 1710236 0023610 0205463 1511545 0035150
 0021467 0021469 1628982 3463820 1515657 1515655 0018517 0332294 0019932 0205217 0376558 0442805 0678226 2825407 0243125 0699900 1293122 0740116 2827735 2981700
 1521840 2986546 0332257 1552866 2700399 0027930 1417869 0021467 0021469 1628982 3463820 0025914 0025929 0026809 0439590 1533572 1630649 0233928 0205275 0439084 0728893 0006100 1537501 0382336
 1184743 1522240 0014294 1418447 0014298 0023401 0021467 0021469 1628982 3463820 0205217 0442805
 0014442 0002716 0010813 0011560 0030956 0596311 0611285 0851285 1327622 1330957 1709694 0002395 1521724 0012634 0543483 0699748 1517892 1704666
 0851285 1327622 1710236 0013879 1710548 1879547
 0441712 1706376 0031715 1158886 1882932 1704970 0678672 0443264
 0443264 0031715 1158886 0208355 0205172 0332185 0015576 1704727 0030940 0030946 1947941
 0543488 0039798 0087111 1522326 1533734 1705169 3538994 0085262 0662453 0243071 0205216 0392756 0442797 0205177 0205369 0439167 0441655 1552740 1561536
 1705535 0443264 1158886 0031715 0010531 0038164 0031727 0010531 0033640 0038164 0031727 0033684 1879547
 0002518 0002520 2917660 0001128 0004793 0162326 0162327 0202406 1519249 0332256 2700400 0010531 0038164 0033640 0031727 0033684 1707154 1514562 1705535 0014442 1710236
 1883351 0031727 0302523 0332149 0439852 0700325 1705910 1707059 1964257 2362652 0020289 0024188 0205177 0439167 0441655 1561536 0085262 0007634 3282337 1883351 0035820 1705810 0024188 0020289 0332128 2004054 1280500 2348382
 0031715 1158886 0441471 0229535 0007634 3282337
 0557061 2584313 1514811 1706462 0520510 0034760 0869011 1719918 1316572 1317574 1369612
 1171362 0185117 0024188 0020289 0034693 0034721 0079866 3146302 1510755 1998793 0079870 0079866 0205145 1515974 2825164 3146302 0439851 1947931 0884358 1524063 0599566 0086022 0442335 1705099 1552738
 0870077 1273517 1883351 0309872 1524063 0042153 0457083 1947944 1171362 0185117 0332283 1719822
 0455052 1521827 0033684 1883559 0596988 1998793 1880022 1881065 0449381
 0033684 0016701 0677542 1698986 0002778 0936012 1524024
 0370003 2347026 0006353 0018837
 0033684 0071500 0017243 0071499 0086972 0443299 0687118 1382104 1552738 0450348
 0017243 0035953 0600140 1704688 2346414 0025402 0750563 0006353 0071500 0017243 0071499 1382104 0370003 2347026 1518422 0018837
 0013855 0017243 0332256 2700400 0024188 0020289 1527121 0332157 1883351 0086296 1561571 1561572 0220908 0259980 1305399 1705053 0596957
 0005507 0243073 1510438 1706058 0439148 1519795 0024188 0020289 1265611 1514873 1883351 0040671 1705822 0599220 0600499 1711351 0010531 0027965 0010531 0033640 0038164 0006353 0031727 0033684 0443286 1114821 1439852 0041175 0077281 0814229 0024472 0012789 1882074 0020283 0450407 0450408 0450409
 0064282 1883676 0243148 0439178 1446409 1514241 1550141 1882979 2587213 2825490 3274648
 1707154 0439148 1519795 0024188 0020289 1265611 1514873 1883351 0040671 1705822 0030956 0027965 0006353 0443286 1114821 1439852 1707154 0024472 0012789 1882074 0020283 0450407 0450408 0450409
 1883676 0243148 0439178 1446409 1514241 1550141 1882979 2587213 2825490 3274648
 3539645 3539645 1514733 0007600 0007634 0034693 0034721 0205132 1269647 1704653 1948049 1998793 1514559 3539645 0006675 0006726 2936886 0085862 1299583 3539645 0006675 0006726 0851827 1701901 2936886 3244310 0036375 0005507 0243073 1510438 0884358 1552738 1524063
 0012634 0348080 1705253 0205174 0005507 0243073 1510438
 0030956 0034802 1883676 0243148 0439178 1446409 1514241 1550141 1882979 2587213 2825490 3274648
 0031727 1439852 0205474 1883712 0442822 1265611 1553631 0006037
 0012634 0348080 1705253 0243126
 0034746 0443286 1114821 0205163 0013618 0449468 1549782 1553404 1883712 2348570 0309872 0031715 1158886 0018851 1709305 2745955 0006353 0332256 2700400 0025402 0018851
 0370003 2347026 1883708 0600209 0017243 1382104 1704732 0013855 1512080 2827485 0332157 1883351 0086296 1561571 1561572 0002778 0936012 1524024
 1709793 0544461 0031727 0005507 0243073 1510438 1510844 0070824 0007648 0030351 0031603 0031701 0059973 1547566 1601799 0329155 1427618 1705203 0039421 0022130 0027976 1879958 1882932 0439157
 0370003 2347026 0683607 1883351 0011682 0205222 1512080 0031700 0031702 1161325 0001128 0031705 0202406 1548982 0243126 0181496 2827499 0750480 1705566 0027960 0027962 0324740 1456781 0027960 0324740 0439189 1456781 1552129 1824986 0444686 1441506 1443182
 1883351 0218063 0522534 0243148 1550141 1882979 2587213 3274648 0332257 3538986 0442797 0086045 1446561 0442808 0086045 0442808 0086045 1446561 0034746 0443286 1114821 0522534 1710082
 0243126
 0522534 1524062 0522534 0678226 0031727 0333668 1518422 3146286
 0680730 1524063 2267219 0205177 0439167 0441655 1561536 0005507 0243073 0439599 1444662 1510438 0012634 0303920 0348080 1705253 1710236 1552738 0392747 1554963
 0014442 0243148 1550141 1882979 2587213 3274648 0022702 0680730 1273517 0012634 0348080 1705253 0332300 1554077 2828389
 0680730 1524063 0455052 1521827 0443286 1114821
 0020291 0439092 0547044
 1518422 1439852 1265611 0205088 0369637 0441923 0449468 1546485 1690016 1705102 2700258
 0449381 1710637 0220825 1524063 0025663 0449851 0871511
 0680730 1524063 0023610 0006100 1537501 0205177 0439167 0441655 1561536 0005507 0243073 0439599 1444662 1510438 0012634 0348080 1514468 1704444 1705253 1709793 1710236 0008562 0687276 1579831 0008565 0008550 0205250 0302908 0444505 0597198 1299351 1304698 1546699 1561501 1882330 2700149 1552738 0392747 1554963
 1518422 1439852 0086045 1710236 3171718 0023610 0369637 0441923 0332126 1449832 0369637 0441923 0002482
 0005507 0243073 1510438 0010813 0596311 1330957 1514468 0038137 0175675 1273517
 0020291 0439092 0547044
 0449381 0220825 1524063
 1148554 0083564 0021467 0021469 1547014 1628982 1948059 3463820 1999216 0083564 0020289 0024188 1518422 1439852 0086045 1446561 0086045 0006353 0037494 1959973 0012789 1882074 0020283 0450407 0450408 0450409 0449468 1690016 1705102 2700258
 0443286 1114821 1553404 2348570 1883712 0142851 0016572 0037473 0220832 0597484 0441655 1552738 0021467 0021469 1547014 1628982 1948059 3463820 0014442 0220825 1524063 0025663 0449851 0871511
 1167624 1947902 2827499 1515655 0085262 0007634 3282337 1552738 1425988 0229535 0007634 3282337 1552738 0450355 1425988 0205170 3146287 0010453 0220814 0430400 2242979 0005971 1139930 3537155 0020898 0021764 0022271 1442445 0009458 0162867 1254021 1439852 1553631 0029356 0005526 0036397 0376558 1292428
 0681814 0917964 1980007 0205447 1524062 0082782 1555265 0243459 1449702 1171350 3537023 3537035 1999216 0010531 0007634 3282337 1292426 1879547
 0024188 0020289 1883708 0301871 1552738 0450355 0392747 1554963 0597217 0243077 0029366 0037473 0597484 0877863 0056661 0023617 0211296 2986899 1555265 1998793 0003242 0003241 0021027
 0443286 1114821 0071500 0017243 0071499 1382104 0013855 0450348
 0017243 0042221 1512080 2827485 0332157 1883351 0086296 1561571 1561572
 0001128 0002778 0202406 0936012 1524024 0301871 0020289 0024188 0085262 0662453 1553631 1708632 0007634 3282337 0010531 0024188 0038164 0020289 0021135 0033640 1533691 2827718 0031727 0033684 0600209 0017243 0185115 1704732 3541890
 1524062 0175730 1547937 1704474 0301294 0017110 0028158 0596601 1548399 1550581 0179586 1657858 1706092 1883708 1439852 1442450
 0370003 2347026 0007703 0042221 1512080 2827485
 0002520 0001128 0038137 0175675 0202406 0205430 3160715 0041484 0041485 1421250 0220853
 0370003 2347026 0490502 0007648 0439479 0555206 1139930 0036397 0027971 1512080 2827485 0035953 0600140 1704688 2346414 0301670 0001128 0202406 0022237 0001962 0001975 2945717 0449913 1553451 1704459
 0038137 0175675 0234621 1524063 1704413 2003858 0001002 0524823 0001128 0004400 0234621
 0010813 0596311 1330957 0024188 0020289 0021135 1533691 2827718 0086972 0332296 0443299 0687118 1880497 1996904 1553631 0331955 1551491 0027971
 0010511 0006222 0056658 0040982 0001128 0202406 1521827 0010813 0596311 1330957 0884358
 0332255 0486805 0936012 0302647 0966870 1425194 1548702 0205232 0687757 1185738 1706132 0051706 0002611 0005367 0470296 0973231 2722820 0020283 0450407 0450408 0450409 0012634 0348080 1705253 0702093 1264633 1516695 1516698 0034553 0036405 1710025 0677601 0678573 1705206
 0577559 1306372 3152252 0010813 0332255 0486805 0596311 0750572 1330957 0080103 0205345 1441565 1547014 1547039 1948059 1708728 2986775 0024548 0026385 0556966 0370003 1515981 2347026 0302647
 0010813 0596311 1330957 0041236 1518101 0205474 0150312 0332285 1439852 0302828 1442085 3263700 0024188 0020289 0021135 1533691 2827718
 0868946 0030956 1524063 0332849 1510844 0001128 0202406 0439526 0040982 0001128 0202406 0003018 0205102 1442989 1553872 1619620 2828392
 1517331 1883351 2349975 1511790 0449719 1549535 0037633 0525069
 0002778 0936012 1524024 0021622 0205476 0884358 1272753 1551730 1547538 0031831 1707664 2348314 3540849 0439851 1947931 0183396 0183395 0577559 1306372 1710143 3152252 1538326 3541325 1513371 1705738 2347637 2348146
 0037813 0577559 1306372 1883073 2827424 3152252 1524031 1552614 2826545 1510992 2825518
 0243148 1550141 1882979 2587213 3274648 0332257 3538986 0150312 0332285 2348042 2826345 0010531 0033640 0038164 0031727 0033684 0020289 0024188 1524062 0010531 0038164 0033640 0031727 0033684 1710082
 0332255 0486805 0020289 0024188 0031715 1158886 3146294 0750591 0002778 0936012 1524024
 0205145 1273517 1283195 0026376 0005532 0021622 0241315 0679792 1140694 1272753 1521991 1705194 3146294
 0020792 0205396 1553778 1561491 0751608 0023621 0872147 0869011 1555265 1514798 0220908 1305399 1705053 1552738 0392747 1554963
 0220781 0439634 1522492 1139930 0205435 1279901 0268059 1883708 0180860 0581406 1522664 1704449 1704684 1875155 0442504 1704765 1882509 3496241
 0180860 0079941 0004793 0009219 0162326 0162327 0439751 0444667 1519249 0182400 0024188 0020289 0006556 0034693 0034721 0034656 0439605 0871133 1708632 0331955
 0180860 1548982
 0220908 1305399 1705053 0333463 0333463 0205396 1550043 1551388
 0333463 1998793 0205372 0220908 1305399 1705053 0442504 1704765 1882509 3496241
 0032136 0332256 2700400 0813036 0038826 0004651
 0813036 0456389 1514721 2348147 3542016 0580272 1519043
 0002778 0936012 1524024 0419358 0332255 0486805 1444656 0205447 0332256 2700400 0441587 1743766 1883719
 0009013 1522642 0439755 0004793 0162326 0162327 1524063 0005526 0036397 0376558 0027971
 1511726 3245479 0936012 1524063 0162801 0002778 0936012 1328319 1524024 1553778 1561491 0005526 0036397 0376558 0919279 0037585 0376691 3484370
 0080143 1706765 1709697 2728259 3484370 1881534
 0557061 2584313 1514811 1706462 0024188 0020289 1710236 0443289 1519063 0031715 0205145 1158886 0332257 0010531 0033640 0038164 0031727 0033684 3539645 1707154 0205543 0349966 1337208
 1514562 1705535 0024188 0020289 1710236
 1883351 0022885 0039593 0392366 1512571 0024188 0020289 0034693 0034721 1514798 1710236 0033640 0031727 0033684 0440102 1439852
 3539645 0021017 1707154 1518422 0015127 1524003 0243126 0033684 1883676 0450344 1553633 0439831 0243126 0577559 1306372 3152252 0450345
 1709915 1882936 0521093 0750484 1883351 0036720
 0243126 0597526 0024188 0020289 0332290
 0449247 0040223 0750729 3541383 0884358 0025664 0184661 2700391 1444656 0522534 1709305 1511726 3245479 1518422 1547282 0012634 0348080 1705253
 1883351 0218063 0012634 0348080 1705253 0449432 1516084 0442805 2825550 0456603 1547037 0021966 0221138
 0205173 1705764 0086045 1446561 0427716 1304757 0086045 1446561 0010531 0871133 0443286 1114821 1518422 1280500 2348382 0597526
 1274040 1546471 2825142 1705535 0449913 1553451 1704459 0043194 0258432 0522534 1421478 0002778 0936012 1524024
 0449911 0333052 2607870 0557702 1272706 1704674 0557702 1272706 1704674 0349966 1337208
 2827734 2981698
 0024188 0020289 1710236
 0031727 0020289 0024188 0004793 0162326 0162327 1519249 2987476 1548787 0005507 0012634 0243073 0348080 1510438 1705253 0025664 0184661 1517586 2700391
 0010531 0038164 0033640 0031727 0033684 0015272 0243126
 2347469 2986957 0010531 0033640 0038164 0031727 0033684 1439852 1553631
 0010531 0038164 0033640 0031727 0033684 0813988 0175723 0439645 1521913
 0010531 0024188 0038164 0020289 0021135 0033640 1533691 2827718 0031727 0033684 0001128 0002778 0202406 0936012 1524024 0681850 1550501 1706203 2349001 2697811 0025664 0184661 1517586 2700391 0015272 0031715 1158886
 2827734 2981698 0027960 0027962 0031603 0031701 0324740 1456781 1601799 0027960 0324740 0439189 1456781 1824986 0024188 0020289
 0740116 2827735 2981700 2347289 0024188 0020289
 0449911 0039224 1706073 1706074 0557702 1272706 1704674 0557702 1272706 1704674 1158886 0031715 0024188 0020289 0012634 0348080 1705253 0392747 1516084 1519063 0031715 0205145 1158886 1515974 2825164 0025664 0184661 2700391
 0031715 1158886 1292748 1515926 1158886 0031715 1280500 2348382 0449381 0332128
 0392756 0547047 1441672 1710236 0369718 0441922 1553036 0369773 2603361 1158886 0031715 0010531 0038164
 1710236 0332128 0042789 1947903 0332282 0031715 1158886 0392756 0547047 1441672 0205280 0205397
 0392756 0547047 1441672 0369773 2603361
 1547014 1948059 0205216 0392756 0442797 1444656 1521798 1273937 0237881 0750502 1546944
 0449911 0039224 1706073 1706074 0557702 1272706 1704674 0557702 1272706 1704674 0449381 1710236 0023610 0005507 0243073 1510438 0025664 0184661 1517586 2700391
 0332126 1449832 0369718 0441922 1553036 0680730
 0369718 0441922 1553036 0680730 0023610 0369718 0441922 1553036 0680730
 0009368 1281569 0205242 0333853
 0031715 1158886 0015127 1524003 0442805 0449381 0023610 0444706 3541902
 0442805 0022702 0042295 1441672 0023610 1518422 0205397 0031843 0542341 0700205 1705273 1709915 1882936 0030956 0441869 0441876 0441833 0687744 1257890 1552516 1705428 1705429 1292732
 1710236 0006100 1537501 0243071 0332256 2700400 0002508 0025033 0022702 1273517 2348205 0002778
 0007961 1706211 0023610
 0332282 0031715 1158886 0006100 1537501 0205217 0442805 0031715 1158886 0002482 0006100 0750519 1537501 0205216 0392756 0442797 1518422 0205173 0205341 1883725 2607943 2926606 3539655
 1883351 1515926 0024188 0020289 0023610 0205681 0205145 0205177 0392747 0443172 0814423 1515974 1705241 2825164 0015127 1524003 0031715 1158886 1999216 0083564 1707689 2983265 0598629 1527178 1705938 0518609 0439509
 0042295 0332290 0014442 0014442 0439509
 1148554 1883351 0036720 0449695 1519063 0205145 1515974 2825164 0205549 2348044 1707689 2983265 0005507 0243073 1510438
 0010531 0033640 0038164 2945843 0031727 0033684 0205145 1457900 0079870 0079866 0205145 0392747 1515974 2825164 3146302 0439851 1947931 0596988
 0012634 0348080 1705253 0243126 1554961 1705847 0596988 0443289 0243126
 1709793 1444656 1882115 0038128 1524063 0011321 1883559 0014442 0332307 0445392 1547052 1707455
 1883351 0218063 0525038 1555721 1706204 0002520 2917660 1518422 0015127 1524003 0332453 0444868 0596988 3539085 0596607
 0442739 1548568 0392747 0443172 1171362 0185117 1441672 1883559 0014442 0332307 0445392 1547052 1707455 1511726 3245479 1518422 1547282
 0449911 0333052 2607870 0557702 1272706 1704674 0557702 1272706 1704674 0349966 1337208
 0740116 2827735 2981700
 1148554
 0026882 1705285 0015127 1524003 0392756 0547047 0024188 0020289
 2347469 1979963 2003903 0024188 0020289 0010511 0205242 0333853 1524063 1553631 1185738 1706132
 2348822 0012238 0010531 0024188 0038164 0020289 0033640 0031727 0033684 1518101 0039685 0282597 1825291 2348791 0681850 1550501 1706203 2349001 2697811 0025664 0184661 1517586 2700391
 0010511 0006222 0010813 0056658 0596311 1330957 0010531 0024188 0038164 0020289 0033640 0031727 0033684 1524063 1553631 0008559 1148476 0008550 0456389 0680251 2828389 0681850 1550501 1706203 2349001 2697811 1185738 1706132 1883708 1264633 0750480 1705566
 0179400 0556636 1269776 1444656 1533124 0332255 1708096
 0577559 1306372 3152252 0678223
 1517331 1883351 0521093 0750484 1456348 1519063 0031715 0205145 1158886 1515974 2825164 0036720 0014442 1521827 1524063 1553631 1883708 0010511 0006222 0056658 0205242 0333853
 0039798 0087111 1522326 1533734 1705169 3538994 0332255 1708096 0008559 1148476 0684296 0008550 0456389 0680251 1185738 1706132 2828389 0010511 0205242 0332255 0333853 0486805 1515981 0086972 0443299 0687118 0450354 1706096
 1532717 0332255 1708096 1516050 1552601 0332255 1708096
 0014442 1521827 0025664 0184661 2700391 0205369 1552740 0681850 1550501 1706203 2349001 2697811 0041236 0010813 0596311 1330957 0002778 0936012 1524024
 0012238 2349986 0030956 0577559 1306372 3152252 0332255 1708096 1883712
 2348822 0012238 2349986 0010531 0024188 0038164 0020289 0033640 0031727 0033684 0030956 0577559 1306372 3152252 0332255 1708096 0031603 0031701 0678223 1601799 1883712 1883712
 0332255 1708096 0332257 3538986 0036720 0205145 1515974 2825164 0010531
 0002778 0012238 0036720 0041236 0332255 0332256 0486805 0936012 1444656 1524024 2700400 2348822 1883712
 0332255 0486805 1708096 0332255 0332257 1708096 3538986 0577559 1306372 3152252 0444706 3541902 0577559 1306372 3152252 0332255 1708096 0577559 1306372 3152252 0444706 3541902 0577559 1306372 3152252
 0596040 1316572 1317574 1369612 1883073 2827424 0041236 0012238
 0024188 0020289 0010531 0033640 0038164 0031727 0033684 1515655 0085262 0662453 0007634 3282337 1883351 1707059 2607943 2926606 3539655 0521093 0750484 1456348 0441472 3266814 0010531 0038164 0014355 0085262 0007634 3282337 1439852 1553631 0029356 0024188 0020289 0301871
 0002778 0936012 1524024 0013862 0071500 0596607 0013855 0017243 0071499 1382104 0004400 0443289 0230715 0432611 0175723 0439645 1521913
 0175723 0439645 1521913 0017243 0185115 1382104 3541890 0001128 0002778 0202406 0936012 1524024 0681850 1550501 1706203 2349001 2697811 0443289 0031715 1158886 0450365 1706097 0332290
 1883351 0022885 0039593 0392366 0024188 0020289 0085262 0007634 3282337 0031727 1879547 0681850 1550501 1706203 2349001 2697811 0681797 0450366
 1292856 1948023 0442805 1274040 1546471 2825142 1167624 1947902 2827499
 1705648 1167624 1947902 2827499 0042444 0348005 0441889 0392148 0917964
 0005863 0949466 1547282 0442739 1548568 0392747 0443172 1705241 0175668 0027627 0205436 1511726 3245479 1518422 1547282
 0449911 0333052 2607870 0557702 1272706 1704674 0557702 1272706 1704674 0349966 1337208
 0439086 2827736 2981702
 0024188 0020289 0010531 0033640 0038164 0031727 0033684 1515655 0007634 3282337
 2986957 0085262 0007634 0034693 0034721 0662453 3282337 0301871 1553631 0029356 0336721 1444656
 2347469 0024188 0020289 0301871 0001128 0002778 0202406 0936012 1524024 0681850 1550501 1706203 2349001 2697811 0025664 0184661 1517586 2700391 0031715 1158886
 1553631 0029356 0332293 1522326 0020289 0085262 0024188 0007634 0039798 0087111 0662453 1522326 1533734 1705169 3282337 3538994 0014355 0301871 0917964 0082782 0917964 0025664 0184661 1517586 1552738 2700391
 0369718 0441922 1553036 0042444 0348005 1707455
 0042444 0348005 1707455
 0073187 2986957 0007634 0025914 0025929 0026809 3282337 0301871 1553631 0029356 0336721 1444656
 0024188 0020289 0301871 0001128 0002778 0202406 0936012 1524024 0681850 1550501 1706203 2349001 2697811 0025664 0184661 1517586 2700391 0031715 1158886
 0016327 0439133 1553038 1553631 0024188 0020289 0029356 0332293 1522326 0301871 0039798 0087111 1522326 1533734 1705169 3538994 0917964 0082782 0917964 0025664 0184661 1517586 1552738 2700391
 0369718 0441922 1553036 0042444 0348005 1707455
 0042444 0348005 1707455
 0007634 3282337 0026339 3161035 0851285 1327622 0450355 1883351 1158886 0031715 1705920 2986594 0025914 0025929 0026809 3161035
 0229535 0007634 3282337 1439852 1553631 0029356 0024188 0020289 0301871 0450363 2986797
 0007634 3282337 0443289 1158886 0031715
 1879547 0681797 0557351 1883351 0010531 0038164 0033640 0031727 0033684 0031727 0020289 0024188 0079613
 1292856 1948023 0007634 3282337 0917964 0442805 1441672
 0007634 3282337 0243459 0010531 1449702 0033640 0038164 1171350 3537023 3537035 0031727 0033684 0082782 1999216 0428635 1167624 1947902 2827499 0205112 1705648 0042444 0348005
 0150312 0332285 2348042 2826345 0005863 0521093 0949466 0011321 0034606 0441633 0750484 1705493 0442739 1548568 0392747 0443172 1705241 0087111 1511726 3245479 1518422 1547282
 0009017 0009015 0521093 0750484 1456348 2347858 1883351 0205145 1515974 2825164 0020289 0024188 0025914 0025929 0026809 1883351 0681814 0086272 0751608 0023621 0872147 0220908 1305399 1705053
 0009013 1522642 0205409 1548221 0004793 0162326 0162327 1519249 0349966 1337208
 0441889 0456079 1547707 2946261 0028606 0025914 0025929 0026809 0079941 0009219 0162326 0205280
 0025914 0025929 0026809 0002518 0002520 2917660 0001128 0162326 0202406 0237876 1522138 0424215 2003939 2348205 0349966 1337208 1705920 0679058 2700640 0038164 0033684
 1521970 1706388 2346469 2348519 0014442 0034693 0034721 0348078 0376315 0684224 0700287 1522492 3496591 0349966 1337208
 0449911 0333052 2607870 1334335 1705384 0557702 1272706 1704674 0557702 1272706 1704674 0349966 1337208

 0028630 0002518 0002520 2917660 0001128 0162326 0202406 1510755 1706078 1420599
 0205090 0449788 1185738 1706132
 0002520 2917660 0001128 0202406 0449788 0025646 0439659 3274784 0205090 0009221 1095825
 2945706 0242611 0009221 1095825 2699751
 1710082
 0449911 0333052 2607870 0557702 1272706 1704674 0557702 1272706 1704674 0349966 1337208
 0439084 0728893
 0080143 1706765 0024188 0020289 0025914 0025929 0026809
 0024188 0020289 0034693 0034721 1510755 1425988 0024188 0020289 0025914 0025929 0026809 1510755 1519063 0031715 0205145 1158886 1444656 0205145 0205145 0205145 0205134
 1158886 1519063 0031715 0205145 1515974 2825164 0036720 0205090 0237753 0311392 0449788 0684010 1444656 1547188 2603358 0034693 0034721
 0369637 0441923 0025914 0025929 0026809
 1709915 1882936
 1514811 1706462 0441712 0851285 0392148 0024188 0020289 1708698 1883351 0031715 1158886 0032214 0600138 0035820 1705810
 0031727 0557651 2603343 1158886 0031715 0450345
 1280500 0024188 0020289 1516893 0022702 0220865 2825046 1710236 1516048
 1441672 1705535 0441712 1706376 0205177 0439167 0441655 1561536 0031715 1158886
 0392747 0443172 0449286 1704240 0449265 0031715 1158886 1441672 0449913 1553451 1704459 1517480 1521871 1705759
 0031715 1158886 0205263 0392756 0547047 0910167 0010656 0684224 0700287 3496591 0686907
 1511726 3245479 0740116 2827735 2981700 0024188 0020289 0443211 0014442 1515655
 1707959 0001554 1533734 1999216 0018517 0376558 2825407 0205217 0442805 0332462 1880834 0740116 2827735 2981700
 0574032 1827465 0205217
 0036536 0036537 1511545 0733758 0032015 0018120 0019932 1571705 1948023 0017263 0243148 1550141 1882979 2587213 3274648
 0162340 0243125 1547011 1879746 0030685 0205145 0391871 0439180 0680255 1283071 1515974 1963578 2825164 0024188 0020289
 0557651 2603343 0442805 1710637 0023610 1441672 0031715 1158886
 0392747 0443172 1510827 0031715 0392756 1158886 0332297 1145667 1167622 1689898 2349209 1710236 0700364 1883351 0541749 0205136 1637379
 0332149 1705910 2362652 0014442 0086045 1446561 0442805 2346753 0521115 1637379 0086045 0522534 1705188 1710236
 0086045 1446561 0444706 3541902 1883351 0450402
 0557651 2603343 0086045 1446561 2945843 0030685 0205145 0391871 0439180 0680255 1283071 1515974 1963578 2825164 0039062 1883351 0449445
 0086045 1552961 2347617 0030685 0391871 0439180 0680255 1283071 1963578 0449445 0369637 0441923 1552738 1515981 1955473
 0282416 1561607 2607943 2926606 3539655 1705535 0031715 1158886 1825598 0309872 0522534 0020291
 0024188 0020289 0005767 0005768 0032005 0205054 0229664 2987476 0238767 1706086 1301808 1442792 3148680 0086045 1446561 1514721 2348147 3542016
 0205117 0332282 1883708 1883351 0162340 0349590 1262865 0020289 0024188 0031715 1158886
 0022702 0392747 0443172 0456148 0549184 0700364 1883351 1274040 1546471 2825142 0205681 0205145 0205177 1515974 2825164 1442162 1550718 3244317 0680730 0024188 0020289 1518422 0083564
 1517331 1515926 0023610 1441672 1707455 0678226 0441835 3537101 0014442 0031603 0031701 0439851 0441833 0687744 1257890 1552516 1601799 1704675 1705428 1705429 1947931 3146286 0002482 0030956 0061596 0002482 0017890 0522461 0332197 2699517 0683283 1515926
 0449255 0542559 0332128 0022702 0220865 2825046 0024188 0020289 1518422 0002482 0006100 1537501 0205280 0023610
 0006100 1537501 0031715 0205217 0442805 1158886 0002482 0006100 0750519 1537501 0205216 0392756 0442797 0680240 1518422 0392747 0443172 0023610 0205397
 1705535 0392747 0443172 0022702 0449381 1441672 0023610 0031715 1158886 0332148 0750492 1518422 1882365
 2987476 0439673 0243122 1145667 1167622 0441712 0205448 0205615 1710236 0023610
 0205172 0031715 1158886 0392747 1979963 2003903 0038592 0037791 1511884 1710236
 0079870 2945843 0079866 0205145 1515974 2825164 3146302 0439851 1947931 0001898 0449695 2945843 1519063 0205145 1515974 2825164
 1883351 0521093 0750484 1456348 0205145 1515974 2825164 0010511 0006222 0010813 0056658 0596311 1330957 0185027 1948020 1519061 0030956
 0332255 1708096 1707520 0010511 0006222 0056658 0332255 1708096 0577559 1306372 3152252 0332256 2700400 0036720 0349966 1337208
 0450354 1706096
 0549178 1283195 0041236 0002778 0936012 1524024
 2348822 0012238 2349986 1883073 2827424 0332256 2700400 1709915 1882936 0030956 0441833 0687744 1257890 1552516 1552839 1705428 1705429 1518422 0014442 0205397 1518422
 0010813 0596311 1330957 0332255 1708096
 0332255 1708096 0332256 2700400 0003765 0205195 1947911 0205309 1883351 0041236 0442824
 0597304 0332255 1708096 0332290
 0034693 0034721 0025914 0025929 0026809 0037088 0243095 2825141 1515655 1511726 3245479 2348042 2826345 0010531 0038164 0033640 0031727 0033684 0020289 0024188 0031715 1158886 1880177 0034693 0034721 1513528 0007600 0007634 0205132 1269647 1704653 1948049
 0004793 0162326 0162327 1519249 0205145 1518422 0205145 1515974 2825164
 0427861 0815000 0007634 3282337 0681850 1550501 1706203 2349001 2697811 1519193 0024188 0020289 0010531 0033640 0038164 0031727 0033684 1511726 3245479 1518422 1547282
 2348205 0025914 0025929 0026809 0349966 1337208 1158886 0031715 0010531 0038164 0024188 0020289 1709305 2745955 1515655
 0947630 0014442 0014445 0521009 1527178 1705938 0039815 0030946 1882074 1947941 2825492 1514893 1706463 2699488 0043301 0034571 0043299 0043309 1306645 1962945 0086894 0851346 2314876 0392148 0205088 0596260 1705314 1705315 1709915 1882936 1514562 1334043 2697616 3161035 0025250 1366499 0022709 0003018 0014442
 3161035 0018882 0205436 0229304 0444930 0457385 0565930 0596260 1561503 1704821 1705190 1705682 2746065 2982691 0018882 0229304 1704821 1705682 0150312 0449450 0282443 1425988 1709940
 0043481 2348288 0205681 0332232 0205108 0439851 1280500 1947931 2348382 0205681 0205145 0205177 1515974 2825164
 0459471 3173575 0332290 1511726 3245479 0332149 1705910 2362652 0301641 0392747 0443172 1705241 0443264 0678594 1514562
 0205265 0947630 1279901 1555582 1705685 0031715 1158886 0021467 0021469 1628982 3463820 0884358 0021135 1533691 2827718 0031715 1158886 1512977 0007634 0024660 1709305 2745955 3282337
 0557651 2603343 0085262 0662453 0007634 3282337 0332293 0050063 1522326 0243071 1547282 0392756 0547047 0024188 0020289 0392756 0547047 1265611 0033684
 0231448 0439792 0302523 0700325 1964257 0547047 1158886 0031715 0010531 0038164 0021135 1533691 2827718 0010531 0033640 0038164 1158886 0031715 0031727 0033684 1515981 0024188 0020289 0085262 0007634 3282337
 1517331 1158886 0031715 1518275 2986594 0007634 0025914 0025929 0026809 0027912 1269647 1273517 1704653 1948049 3161035
 1513528 0007600 0229535 0007634 0205132 1269647 1550648 1552960 1704653 1948049 0947630 1444656 0024188 0020289 0010531 0033640 0038164 0031727 0033684
 0868928 1706255 1706256 0031715 1158886 0039798 0087111 0917964 1522326 1533734 1705169 2349975 3538994 0243459 0010531 1449702 0033640 0038164 1171350 3537023 3537035 0031727 0033684 0082782 0311403 1999216 0428635 0521115
 0009015 0349966 1337208 0080143 1706765 0349966 1337208 1444656 2347858 0036720
 0332149 1705910 2362652 0031715 1158886 0031843 0542341 0700205 1705273 0185117 0007610 0450429 1947931 0872079 0033684 1704675
 1707959 0025250 1366499 0024188 0020289 0014442 0108555 0054846 0007332 0031727 0031689 0041485 0439855 1704241 0750490 1706221 0023448 0023449 1961102 0023418 0229613 0007634 3282337 1705535 0035820 1705810 0086982 0037080 0037083 1160185 1704259 1705987 1710082
 0348078 0376315 1522492 0150312 1883351 0150312 0449450
 0947630 0007634 3282337 0010654 0442726 0348078 0376315 0884358 0150312 0332285 2348042 2826345 1167624 1947902 2827499 1719039 1514893 1706463 2699488 0348078 0376315 1522492 1518422 0348078 0376315 1522492 1511726 3245479 1518422 1547282
 0005456 0682969 0205145 1515974 2825164 0282443 1425988 1709940
 1883351 1335962 0033684 0037083 0440102 3537152 1519064 1514562 0205447 0033684 0150312 0150103 1708943 1514562
 0031715 1158886 1882932 0392747 1554963 0205263 0443264 0442043 2362314 0022702
 1948052 2945843 1519063 0205145 1515974 2825164 0205396 1550043 1551388 0947630 0376649 1442065 0035820 1705810 0021399 0599896 1524063 0599566 0086022 0442335
 1552616 1706244 0684224 0700287 3273238 0031715 1158886 0010531 0038164 0033640 0031727 0033684 0036720
 0024188 0020289 0010531 0033640 0038164 0031727 0033684 0025914 0025929 0026809 1705920 0237876 1519063 0031715 0205145 1158886 1515974 2825164
 1274040 1546471 2825142 0031715 1158886 0205177 0439167 0441655 1561536
 2986676 0031831 1707664 2348314 3540849
 0150600 0870520
 0031831 1707664 2348314 3540849
 0041740 0031831 1707664 2348314 3540849
 0599518
 0557806 0454777
 0031831 1707664 2348314 2986676 3540849
 0944325 0004340 1999230 0031831 1707664 2348314 3540849
 1862323 1710236 0031831 1707664 2348314 3540849
 0036375 0027976 0205314 0423899 0007600 0007634 0205132 1269647 1704653 1948049
 2825232 0043227 1521721 1521991 0369637 0441923 0439394 1706495 3642217 0555633 0018173 0040607 0068218 0220931 1513899 1548284 2673163 0369637 0369773 0441923 2603361 0260206 0018173 0021966 0221138 0027468 0369637 0441923 0016327 0439133 1553038 0027468 0205090 0684010 2603358 0439267 0439267
 0010186 0220812 0449719 1709471 0220808 0680264 0007961
 1706852 0522501 1706089 0949214

 0004793 0028630 0162326 0162327 1519249 0030351 0684224 0700287 1547566 3496591 0242356 0442598 0872261 1511726 1515023 3245479 1510755 0237753 0449788 1706078
 0376649 1442065 0019638 0205462 0344441 0013942 0013943 0021622 1272753 0041740 1862323 1862323 0006137
 0282413 0376649 1442065 0027817 0022877 3244292 0683939 0205099 0036375 0179400 1533124 0108844 0027976 0205314 0254343 0796520 3272379

 0085205 1549619 1880669
 0013849 1705961 0024492 1538057 1547565 0059804
 0034037 1704324 0030351 0450355 0369637 0441923


 0331964 0600659
 0000723 0000723 1273517 0024188 0020289 0116036 0030946
 0083564 0369718 0441922 1553036 0000473 0552314
 1707154 0108555 0054846 0007332 0031727
 0045511 0678100 0678100
 0023610 0023610 0018061 0019932 1283071 3536870
 0082782 0369718 0441922 1553036
 0164055
 1518101 0039685 1825291 2348791 2348791 0040223 3541383 0282597
 0149566
 0332126 1449832 0027930 1417869
 1704732 0013862 0071500 0596607 0013855 0017243 0071499 1382104
 0010531 0038164 0033640 0031727 0033684 0010531 0033640 0031727 0033684 0050063 0851827 1701901 3244310
 3539645 0033634 0033621 1168438 1418943 3540567 0033640 0031727 0033684
 0678100 0061714 0015091
 0072136 0072142 0125601 0017890 0033382 2987124 0024337 0678100
 1514811 1706462 0557061 2584313 1514811 1706462 2827734 2981698

 0439267
 0815028 0169911 0335218 0019932 0027908 0018284 0018270 0220844 1621966 2911660 1521761 2827422 0023973

 0369637 0441923


 1417055

 0000857 0600678 1552863 0439086 2827736 2981702
 0369637 0441923


 1417055

 0000857 0600678 1552863
 1431628 2603360

 0205090 0684010 2603358
 0369637 0441923
 0554249
 0021966 0221138
 0439267 0331964
 0439394 1706495 3642217


 0025141 0439084 0728893
 2347469 0016327 0439133 1553038 2347469 0012823 0325913
 0369773 2603361 0016327 0439133 1553038



 0025141
 1553033 2603360
 0439267




 0369773 2603361 0205090 0684010 2603358



 0000857 0600678 1552863
 0016327 0439133 1553038 2347469
 0369773 2603361 0016327 0439133 1553038


 0450387 0025141
 2603360
 0439267 0369637 0441923
 0014137 0000857 0600678 1552863
 2347469 0205090 0684010 2603358

 0033929 0025141
 0205090 0684010 2603358

 2603360 0442982
 0205090 0684010 2603358


 0201682


 0369637 0441923
 0205090 0684010 2603358


 0033727 0369286 0441932 0564385 0331964
 0439394 1706495 3642217 0554249
 0021966 0221138


 0201682


 0369773 2603361
 0349590 1262865 0025141
 0331857 0439267
 0016327 0439133 1553038 0597277 1708601
 2347469




 0000857 0600678 1552863
 0369637 0441923
 0033727 0369286 0441932 0564385 0369718 0441922 1553036 0033727 0369286 0441932 0564385
 0205090 0684010 2603358 0439267
 2603360
 0016327 0439133 1553038

 0036397
 0439394 1706495 3642217
 2603360
 2603362
 0033727 0369286 0441932 0564385

 0005767 0005768 0229664
 0454671

 0369773 2603361

 1547546 0021966 0221138 1832110 0369773 2603361
 0439394 1706495 3642217

 0007634 1269647 1704653 1948049

 0025141
 2347469
 0205090 0684010 2603358
 1708595 3280986
 1418943

 0268596 2700624
 3642273
 0041703
 0439083 0439087 0000857 0600678 1552863
 0439394 1706495 3642217
 0597277 1708601

 2347469
 2603362
 0439267 0331968 2699100 0205090 0684010 2603358
 0439267
 1418943

 0268596 2700624
 3642273
 0041703
 0439083 0439087 0000857 0600678 1552863
 0205090 0684010 2603358
 2347469 2347469


 0025141
 0369637 0441923
 0331964
 0439394 1706495 3642217

 0450348
 0369773 2603361

 0033727 0369286 0441932 0564385 0369637 0441923



 0201682
 0450348

 0597277 1708601
 0349590 1262865 0025141

 2603362
 0205090 0684010 2603358
 0021966 0221138
 2347469
 0029016 0025141
 0205090 0684010 2603358
 2603362
 0369718 0441922 1553036 0021966 0221138
 2347469
 0027960 0324740 0439189 1456781 1824986
 0007634 1269647 1704653 1948049

 2827734 2981698
 0557775 1511780 0369773 2603361 0337841 0597277 1708601 2347469
 0239971 2603360
 1158886 0031715 0449445 0439417 0439267 3538926
 0041740 0027976 0205314
 1706353 0369773 2603361
 1431628 2603360
 0369773 2603361
 0454671

 0369637 0441923
 0331964
 0439394 1706495 3642217
 2347379
 0025141
 0439394 1706495 3642217 0697125
 0205090 0684010 2603358 0021966 0221138


 2347469
 0369637 0441923



 0033727 0369286 0441932 0564385


 0201682


 0369637 0441923


 0450382 0450355
 0454671

 0369637 0441923
 0331964
 0439394 1706495 3642217

 0025141

 1875730
 0369773 2603361
 0003461 2939124

 0025141
 0033727 0369286 0441932 0564385

 0003461 2939124

 0025141
 0554249 2347469

 0025663 0025664 0449851 0026376 0005532 1521991 0033684 0442711 0043016 3538926
 0027971






 0025141
 0369637 0441923
 0205090 0684010 2603358 0021966 0221138
 0016327 0439133 1553038 0205090 0684010 2603358

 0013855 0025141
 0369637 0441923
 0205090 0684010 2603358 0597277 1708601
 0205090 0684010 2603358

 0016327 0439133 1553038
 0442711 1517892 1704666 3538926
 0027971
 0597277 1708601 0369637 0441923
 0331964
 0439394 1706495 3642217
 0005477 0025141

 0439267
 2603360


 0025141 0439509
 1553033

 0005477 0025141

 0369773 2603361
 0205090 0684010 2603358
 0005477 0025141


 0014095 0035150 0449468 0560268 1690016
 0740116 2827735 2981700
 0027976 0205314


 0369637 0441923


 0025141
 0205225 0205090 0684010 2603358
 1051267
 0021966 0221138 2347469


 0268596 2700624
 3642273
 0000857 0600678 1552863

 0205090 0684010 2603358


 0025141
 0369637 0441923
 0331964
 0439394 1706495 3642217

 0230716 0180459 1556138 1705229 2348299

 0369637 0441923
 0033727 0369286 0441932 0564385


 2603360 0597277 1708601 2603360 0597277 1708601 2603360 0033727 0369286 0441932 0564385


 0201682


 0369773 2603361 0369637 0441923
 2347379
 0025141
 0205090 0684010 2603358
 0597277 1708601 0205090 0684010 2603358
 0439267
 0439267 0369637 0441923

 0005767 0005768 0229664
 0016360 1424823 0033727 0369286 0441932 0564385 0205090 0684010 2603358
 0205090 0684010 2603358 0444649 2603362


 2347961


 0439509 0025141

 0335730
 0369773 2603361

 2603362
 0007634 1269647 1704653 1948049 0025141 0009993 0037455 0596070 1552856 0005477 0026376 0005532 1521991