 1825598 0025260 0700327 1706377 2587213 2985618 0557651 2603343 0025260 0700327 1706377 1704729 0021622 1272753 0009241 0012634 1704729 0004927 2707008 0205099 0025260 0700327 1706377 0006754 0041740 3146274 0282413 1704729 0021622 1272753 0009241 0012634 1416746 1862225 0022341
 0254343 0796520 3272379
 0085205 1549619 1880669
 0013849 1705961 0024492 1538057 1547565
 0423909 0443252 0025260 0205166 0700327 1515273 1705313 1706317 1706377 2826302 0007589 0025260 0205615 0700327 1706377 0561782 0025260 0700327 1706377
 0025260 0700327 1706377 0234421 0332529 1533716 0205369 1527178 1552740 1705938 1511726 3245479
 0561782 0025260 0700327 1706377 0597198 0678856 1516048 1882330 0002622 0333118

 1514811 1706462 1706907 0557651 2603343 1547282 0237607 0596545 0013463 0417614 0598851 0679857 0035280 0333117 1753315 0002395 1521724 0012634 1518422 0243148 1550141 1882979 2587213 3274648 1521761 2827422
 1947946 2948600 3540471 3540472 3540473 1883351 0022885 0039593 0392366 0683954 2825141 2607943 2926606 3539655
 0871511 0022885 0392366 0681442 0205448 1282927 1806781 2350002 0332529 1547707 0030705 1521801 0002395 1521724 0012634 0205307 0439166 2347086 0681850 1550501 1706203 2349001 2697811
 1547707 0205280 1547707 0205447 1706211 0043012 1547707 1547707 1518422
 1274040 1546471 2825142 0439799 0679062 0332272 1547707
 1883712 0439792 2348205 1515981 0243148 1550141 1882979 2587213 3274648
 1707478 1274040 1546471 2825142 1999230 0332120 0003808 2349975 0025260 0700327 1706377 0002395 1521724 0012634 1947971 0011265 0497327

 1514811 1706462 0003808 2349975 0025260 0700327 1706377 0030705 2347469
 0233794 1963167 0684336 0205099 1879652 1521970 1706388 2346469 2348519 1280500 2348382 0025260 0700327 1706377 0221423 1518422 0205170 3146287 0557651 2603343
 0150312 0030705 0002395 1521724 0012634 0545082 1512346 1947978 0013463 0417614 0679062 0013463 0040223 0417614 1709305 3541383 0332272 0024485 1552358 0024488 0028580 0917874 1551403 1881134 0011923 0079595 0231881 0459800 0557651 0563532 0684213 2603343 1705535 0015726 0598851 0035280 0333117 1753315
 0035171 2983265 2986888 0557651 1707689 2603343 1314939 0449445 0332218 0683951 0243148 0441471 1521840 1550141 1882979 2587213 2986546 3274648 3541888 1521761 2827422 1825598 0441471 0598851 0035280 0333117 1753315
 1883351 0220825 2986904 0700327 0037088 0243095 2825141 0520510 0002395 1521724 0012634 0004927 0150312 0449450 2587213 0681814 0557651 1517586 2603343

 1514811 1706462 0681850 1550501 1706203 2349001 2697811 0205540 2346845 1301820 1709701
 0678257 1442162 1550718 3244317 0681850 1550501 1706203 0080103 1511481 1554192 1301820
 0681850 1550501 1706203 2349001 2697811 0030705 0043210 0025266 0681850 1550501 1706203 2349001 2697811 0001779 0150103 1708943 0079399 0804628 1522384 0013658 0700132
 2705716 0205307 0439166 2347086 0243148 1550141 1882979 2587213 3274648 0043210 0025266 0009462 0220912 0220913 0311392
 0451306 0850338 0278060 0229992 0445542 1301808 1442792 3148680 0451306 3538742 0205307 0439166 1521801 2347086 0681850 1550501
 0030705 0184666 0019994 1510665 0243161
 0030705 0237426 0332128 0033872 0022885 0022877 0392366 3244292 0031809
 1883712 0013819 1527380 1547121 0412675 0024485 0203860 0596217 0881948 0006104 0034606 0441633 1269537 2826292 1552358 0002978 0018670 1281590 1706305 1301820
 1512693 0243161 0027765 0002395 1521724 0012634 1511978 0004083 0439849 0596306 0699792
 0680251 0243161 2827734 2981698 0235029 0009566 2362589 0683323 0221423
 0740116 2827735 2981700 0332120 0221505 0003842 0221198 0221464 1515981 1947917 0002978
 0439086 2827736 2981702 0004268 0004930 1881534 0025260 0700327 1706377 0022885 0039593 0392366 0332218
 3494652 0439793 0011265 0205210 0497327 0871208 0444499 0547040 1524031 2945599 0030705 2827734 2981698 2945599 0740116 2827735 2981700 0205081 1881878 0205450 0439086 2827736 2981702 0205082 0205447
 0451306 3538742 0542339 1264637 0450989 1521801 0681850 1550501
 0039224 1706073 1706074 0011298 0681884 1519021 1706465 1521970
 0449911 0039224 1706073 1706074 0557702 1272706 1704674 0557702 1272706 1704674 0011298 0815172 1521970 0002395 1521724 0012634 2705716 0205307 0439166 2347086 0243148 1550141 1882979 2587213 3274648 0030705 0205448 0332849 0441833 0687744 1257890 1552516 1552839 1705428 1705429 0441833 0687744 1257890 1552516 1705428 1705429 0034754 1705179 1547707 1883708 1442457 0439230 1547707
 0034754 1705179 1547707 0332283 1442457 0439230 0205087 0597484 1272460
 0441833 0687744 1257890 1552516 1552839 1705428 1705429 0079399 0804628 1522384 0013658 0700132 0449820 0449820
 0681850 1550501 1706203 2349001 2697811 2705716 0205307 0439166 2347086 0243148 1550141 1882979 2587213 3274648 0205448 0332849 0441833 0687744 1257890 1552516 1552839 1705428 1705429 2705716 0205307 0439166 2347086 0243148 1550141 1882979 2587213 3274648 0597484 1272460
 0039224 1706073 1706074 0011298 0681884 1519021 1706465 1521970 0441833 0687744 1257890 1552516 1552839 1705428 1705429
 0449911 0039224 1706073 1706074 0557702 1272706 1704674 0557702 1272706 1704674 0011298 0681884 1519021 1706465 1521970 0205450 0441833 0687744 1257890 1552516 1552839 1705428 1705429
 1514811 1706462 1273517 0681797 0947630 0022885 0039593 0392366 1261322 1516048 0025260 0700327 1706377
 0681797 0681850 1550501 1706203 2349001 2697811 0449911 0441468 1548899 0004793 0162326 0162327 1519249 1547282 1706211 1547707 1135957 1135957 1518422 1706211
 1547707 0043012 1547707 1547707 1547707 0040710 0205313 0333052 0376245 1556083 2347409 2607870 3540738 1556094
 1883357 0441468 1548899 1135957 0876929 1547707
 0441468 1548899 1719039 0003625 0009393 0030695 0150369 0181904 0205250 0439204 0449450 0475653 0596972 1095830 1299351 1514893 1521743 1550604 1704646 1705245 1706463 2346481 2348614 2699488 2700149 3257517 0871208 1521828 0441468 0457385 0031230 0333052 2587213 2607870 0449911 0041703 0032863 0453947
 0035173 0205117 0033727 0332282 0369286 0441932 0564385 0597277 1708601 1883708 0681850 1550501 1706203 2349001 2697811 0034754 1705179 1547707 0441468 1548899 1547282
 0332307 0205449 0585064 1067936
 0205435 0205450 1279901 0441468 1548899 0439559 0205390 1135957 0205280
 0205390 1547707 0037683 0545082 1512346 2826704 0015671
 0441468 1548899 0439560 0205390 1135957 1547707 1882074 2825492 0439560 0043012 0205390 1547707 1706211 0439560 0205390 1547707 1882074 2825492 1518422
 0439560 0205390 1547707 0870221 0205169 0000932 1367973 0000924 0004381 1553690 1961149 0582175 2347840 0376558
 0439560 0205390 0750519 1547707 1882074 2825492 0870221 0324815
 0441468 1548899 0439561 0205390 1135957 0205280 0439561 0205390 1547707 0026591 0019994 1510665
 0043012 1547707 0150103 0423896 0456205 1708943 0439855 1704241 0489654 0521093 0750484 1883351 0150103 1708943
 0681850 1550501 1706203 2349001 2697811 1883351 0871051 0004268 1135957 1883351 0679062 1547707
 0205548 0332282 0449450 0871208 1521828 0007961 1706211 0175659 0349674 1947916 3536777 2827734 2981698 2827734 2981698 0013987 0849912 0013987 0849912
 0871208 0007961 1706211 0886384 1442468 0439232 0700321 0702093 1282918 2347166 0681850 1550501 1706203 2349001 2697811 1442162 1550718 3244317 0022885 0039593 0392366
 1518422 0042153 0457083 1947944 0871511 0025663 0025664 0449851 0002622 0205082
 1273517 0333052 2607870
 0441468 1548899 0449450 1705175 1705176 1705177 1705178 1882348 0681850 1550501 1706203 2349001 2697811 1522634 1522634
 1706817 1522634 0449820 1552961 2347617
 1518422 1706817 0449820 1552961 2347617
 1706817 2349182 0449820 1552961 2347617
 0806909 1552615 2826546 0439559 0449820 0585064 1067936 0740116 2827735 2981700 0439086 2827736 2981702 1552961 2347617
 0449820 0205390 0439165 0806909 1549488 1552615 1561533 2826546 0237753 0449788 1522634 0205390 1442162 1550718 3244317
 1292711 0205436 0449719 0457385 0565930 1561503 1705190 1709471 0206243 0699809 0439230
 0521114 0441833 0687744 1257890 1552516 1552839 1705428 1705429 0034754 1705179 0439230 1948052 0034754 1705179 1547707 0034754 1705179 0439230 1948052 0034754 1705179 1547707
 0449820 0441833 0687744 1257890 1552516 1552839 1705428 1705429 0220825 1883357 0449820 0449820 0009932 0441833 0687744 1257890 1552516 1552839 1705428 1705429 0220825 1883357 0449820
 0871424 0002778 0936012 1524024 0871208 1524063 1710497 0002780 0002778 0936012 1524024 0871881 0079809 1879489 0205447 1521761 2827422 0441833 0687744 1257890 1552516 1705428 1705429 0205447 1547707
 0034770 1705180 2361119 0205449 0449820 0585064 1067936 1261322 1516048 0025260 0700327 1706377 1524063 0002780 0002778 0936012 1524024 0871881 0079809 1879489 0205447 1521761 2827422 0441833 0687744 1257890 1552516 1705428 1705429 0205448 1547707 0205390
 1883351 1280500 2348382 0025260 0700327 1706377 0206243 0699809 1710497 0002780 0002778 0936012 1524024 0871881 0079809 1879489 0205448 1521761 2827422 1547707 0205390 0022885 0039593 0392366
 0814896 0441889 0456079 1547707 2946261 0237881 0036849 1442518 1705195

 1514811 1706462 0871208 0871208 0349966 1337208
 2827734 2981698
 0444504 2347634 2348143 0871208 1547707 0030705 0002395 1521724 0740116 2827735 2981700
 1547707 1882074 2825492 0030705 2827734 2981698
 0043012 1547707 2705716 0205307 0439166 2347086 0243148 1550141 1882979 2587213 3274648
 1515981 1547707 1882074 2825492 2705716 0205307 0439166 2347086 0243148 1550141 1882979 2587213 3274648 0580272 1519043 2827734 2981698
 1710497 0002780 0002778 0936012 1524024 0443289 1280500 2348382 0016327 0439133 1553038 0369773 2603361
 1280500 2348382 0016327 0439133 1553038 0740116 2827735 2981700 0069877 0369773 2603361 1704675 0016327 0439133 1553038 0369773 2603361 1273937 0237881 0750502 1546944
 0030705 2705716 0205307 0439166 2347086 0243148 1550141 1882979 2587213 3274648 0871208 1547707 0013987 0849912
 0449911 0333052 2607870 0557702 1272706 1704674 0557702 1272706 1704674 0349966 1337208
 0871208 1547707 1823916 1547707 0002395 1521724 0012634 2705716 0205307 0439166 2347086 0243148 1550141 1882979 2587213 3274648
 1707156 3274014 3541345 1882932 1710181 0743559 1442989 1608199 2828392
 0025260 0700327 1706377 0022885 0039593 0392366 0456984 0585064 1067936 0043012 1547707 2705716 0205307 0439166 2347086 0243148 1550141 1882979 2587213 3274648 0349966 1337208
 0740116 2827735 2981700
 0002780 0002778 0936012 1524024 0443289 1280500 2348382 0016327 0439133 1553038 0369773 2603361 1280500 2348382 0016327 0439133 1553038 0369773 2603361 1280500 2348382 0016327 0439133 1553038 0369773 2603361 1704675 0016327 0439133 1553038 0369773 2603361
 1704675 0016327 0439133 1553038 0369773 2603361 1704675 0016327 0439133 1553038 0369773 2603361 1704675 0016327 0439133 1553038 0369773 2603361 1273937 0237881 0750502 1546944
 0449911 0333052 2607870 0557702 1272706 1704674 0557702 1272706 1704674 0349966 1337208
 0456984 0585064 1067936 0043012 1547707 0002395 1521724 0012634 2705716 0205307 0439166 2347086 0243148 1550141 1882979 2587213 3274648
 0030705 0034754 1705179 1547707
 0030705 0034754 1705179 1547707
 1823916 2705716 0205307 0439166 2347086 0243148 1550141 1882979 2587213 3274648 0034754 1705179 1547707
 2705716 0205307 0439166 2347086 0243148 1550141 1882979 2587213 3274648 0034754 1705179 1547707
 1707156 3274014 3541345 1882932 1710181 0743559 1442989 1608199 2828392
 1710497 0002780 0002778 0936012 1524024 0441833 0687744 1257890 1552516 1705428 1705429 0443289 1280500 2348382 0016327 0439133 1553038 0369773 2603361 1280500 2348382 0016327 0439133 1553038 0450387 0369773 2603361 1704675 0016327 0439133 1553038 0450387 0369773 2603361
 0022885 0039593 0392366 1547282 0034770 1705180 2361119 0439560 0205390 0449820 0332271 1279889 1457868 1547707 0369773 2603361 0034770 1705180 2361119 0439559 0449820 0585064 1067936 0205448 0439086 2827736 2981702 1547707
 0002778 0936012 1524024 0443289 1704675 0016327 0439133 1553038 0369773 2603361 1280500 2348382 0016327 0439133 1553038 0439086 2827736 2981702 0369773 2603361 1280500 2348382 0016327 0439133 1553038 2827734 2981698 0369773 2603361
 0002778 0936012 1524024 1547282 0034770 1705180 2361119 0439560 0205390 0449820 0332271 1279889 1457868 1547707 0369773 2603361 0034770 1705180 2361119 0439559 0449820 0585064 1067936 0205448 0439086 2827736 2981702 1547707

 1514811 1706462 0681797 0449445 1292724 0681814 0947630 1517586 2266643 0439045 1261322 1516048
 2587213 0681814 0557651 1517586 2603343 0243148 1550141 1882979 2587213 3274648 1521761 2827422 0598851 0035280 0333117 1753315 0423896 0456205 0439855 1704241 0489654 2348485 0040223 3541383
 1883712 0681797 0205447 1314939 0205549 2348044 0205549 2348044 0085089 0036576 0849355
 0205171 1518422 1720467 0681797 0205447 0085732 1299581 1516048 1280500 2348382 0025260 0700327 1706377 0012634 0348080 1705253 0332173 0376558 0587267
 0025260 0700327 1706377 0150312 0449450 0557651 2603343 0871208 0205250 1299351 2700149 0030705 0205307 0439166 2347086 0681850 1550501 1706203 2349001 2697811 0441833 0687744 1257890 1552516 1552839 1705428 1705429 0043012 1547707 1706211 1547707
 0030705 0002395 1521724 0034770 1705180 2361119 0439092 0547044 1547707 0205307 0439166 2347086 0681850 1550501 1706203 2349001 2697811 1547707
 0205390 1707455 1274040 1546471 2825142 0441833 0687744 1257890 1552516 1705428 1705429 1547282 1547707 0332272 0205171 1547707 1720467 1882074 2825492 0034770 1705180 2361119 0439560 0205390 1825598 0439093 0443228 1704243 0205447
 1274040 1546471 2825142 1280500 2348382 0025260 0700327 1706377 0030705 0033085 0002395 1521724 0012634 0025260 0031843 0542341 0700205 0700327 1705273 1706377 0030705 0032854 0542537 2700379 0205307 0439166 2347086 0681850 1550501 1706203 2349001 2697811
 0449286 1704240 0282411 0002708 0750591 1883351 0032214 0600138 0035820 1705810
 0231174 0680095 0025260 0700327 1706377 0030705 0010957 1883709 0002708 1524063 0681797 0869040 0521116 0557651 1273517 1705970 2603343
 0557651 2603343 0684224 0700287 3496591 0233793 0025260 0700327 1706377 0002708 0449468 1690016 1705102 1707520 2700258 0449468 1690016 1705102 2700258 0019564 0949582 1029104 1284077 0030705 0684336 0025260 0700327 1706377 0030705 0010957 0439849 0441889 0445223 0449286 0542560 1561545 1883709 2348088 0002708
 0557651 2603343 1444656 0030705 0520510 0231175 1883351 2349975 0025260 0700327 1706377
 0150312 0449450 0557651 2603343 0449286 1704240 0030705 0520510 0205170 0205307 0439166 2347086 0681850 1550501 1706203 2349001 2697811
 0392360 1705241 1705242 0681850 1550501 1706203 2349001 2697811
 0030705 0150312 0449450 0557651 2603343 0497327 2945599 0557651 2603343 0871208
 0449468 1690016 1705102 2700258 0205216 0392756 0442797 0025320 0392747 0443172 0017446 0205147 0205217 0442805 0449820
 0002708 0205172 0750492 0030705 0033085 0557651 2603343 0557651 2603343 0150312 0449450 0557651 2603343 0025260 0700327 1706377
 0392360
 0022885 0039593 0392366 1881534 0332219 0562342 1171285 1883351 1516048 0025260 0031843 0542341 0700205 0700327 1705273 1706377 1883351 1280500 2348382
 0022885 0039593 0392366 0332219 1516322 1280500 2348382 0439560 0205390 1709305 1547707 0205307 0439166 2347086 0681850 1550501 1706203 2349001 2697811 0205216 0392756 0442797 0441889 0449286 0542560 1561545 2348088 1547707 2349975 0025260 0700327 1706377
 0037088 0243095 2825141 0003808 2349975 0025260 0700327 1706377 0011265 0497327
 1947931 1705535 0332293 1522326 1638411 1883351 0013987 1527305
 0030705 0598853 0441471 3541888 0025260 0700327 1706377 0557930 0010957 1883709 0439849 1705630 1706279 3540605 1707959
 0003808 0869040 0150312 0449450 0557651 1273517 2603343 0205160 1513916 2825415 2825491 0439178 1446409 1514241 2825490 0003808 1280500
 0518609 0037088 0243095 2825141 0332120 1705535 0302828 1442085 3263700 0150600 1959633 0002395 1521724 0012634 1442162 1550718 3244317 0030705 0332219 0679062 0441472 0025080 0220819 0699733 0037640 1273517
 0037088 0243095 2825141 0679199
 0003808 2349975 0025260 0700327 1706377 0003808 1524063 0001637 0450442 1254351 1521826 2987634 0056366 1704259 1705987
 0205172 0035168 0242481 0027552 0686904 1883351 0004083 0439849 0596306 0699792 0025260 0700327 1706377 1883351 0679199

 1514811 1706462 0030705 1547707 1706211
 1280500 2348382 0025260 0700327 1706377 0030705 0033085 0002395 1521724 0012634
 2607943 2926606 3539655 0011265 0497327 1707959 1947933 0034991 0034992 1306847 0886296 1273869 1948041 2349975 0025260 0700327 1706377
 0449295 0521092 0521091 0750484
 0030705 0332257 0557651 0750554 2603343 3538986 3494623 0011265 0497327 1280500 2348382 0025260 0700327 1706377 0030705 0205081 1881878 0002395 1521724 0012634 1518422 0443211 1272684
 0023983 1280500 2348382 0025260 0700327 1706377 0030705 0002395 1521724 0012634 1518422 0332128
 1514811 1706462
 1514811 1706462 0205090 0684010 2603358 0439394 1706495 3642217 0205090 0684010 2603358 0221099 0684336 0025260 0700327 1706377 0332282 0010957 1883709
 0013621 0023185 0025260 0700327 1706377 0000857 0600678 1552863 0369637 0441923
 0369637 0441923
 0597277 1708601 0369637 0441923
 1553033 0441469 0679105 0003808
 0162443 0013621 0023185 0025260 0700327 1706377 0009240 0025141 0439394 1706495 3642217

 0439394 1706495 3642217
 0332281 0003808 0013987 0849912
 0009791 0234421 0009240 0025141 0439394 1706495 3642217

 0439394 1706495 3642217
 0441712 1706376 0025260 0700327 1706377
 0040833 1521798 0025141 0439394 1706495 3642217 0600587 2678583 2347469 0582525 1879547 0025260 0700327 1706377
 0349590 1262865 0025141 0439394 1706495 3642217 0205090 0684010 2603358
 1551604 0205177 0439167 0441655 1561536 0443252 0013987 0034770 0205166 0332296 0849912 1515273 1533716 1705180 1705313 1706317 1707520 1880497 1996904 2361119 2826302
 0369637 0441923
 0016327 0439133 1553038 2603362

 0369773 2603361
 0205090 0684010 2603358
 0278060 0229992 1301808 1442792 3148680
 0025663 0449851 0871511 0683521 1301808 1442792 1516691 3148680 0871685 1550470
 0162443 0025141 2603362
 2347469 0439394 1706495 3642217 1627358 2349975 0520510 0002622
 0013621 0023185 0025260 0700327 1706377 0000857 0600678 1552863 2603362
 2347469 0439394 1706495 3642217
 0439394 1706495 3642217
 0205090 0684010 2603358
 0030971 0025260 0700327 1706377
 0027903 0025141 2603362
 2347469 1551591 2603360
 2603362
 2603360 0205177 0439167 0441655 1561536 0025260 0439849 0445223 0700327 1706377 2349975 2987187 1510994 0234402
 0027910 1552241 1555991 0740116 2827735 2981700 0025141
 0369773 2603361
 0369773 2603361 0520511 1704711 0001792 1999167 0002395 1521724 0012634 0442824 0681850 1550501 1706203 2349001 2697811 2945599
 0003738 0027855 1554162 0450382 0016327 0439133 1553038

 0700327 0443131
 0009240 0025141 1551730
 0369773 2603361 0439394 1706495 3642217
 0439394 1706495 3642217 0175659 0349674 1947916 3536777
 0162443 0000857 0600678 1552863 3613423 0369718 0441922 1553036 0027361 0679062 0013463 0417614
 0162443 0000857 0600678 1552863 1708586
 0205090 0684010 2603358 1708595 3280986 0205090 0684010 2603358

 1553033 0333641 0001811 0002395 1521724 0012634
 0027855 0000857 0600678 1552863 0439267 0332140 0011900 0205210 1704338 1704656 0684224 0700287 3273238 0162458 0441722 0563538 3540678 0041711 0002395 1521724 0012634
 0027855 0000857 0600678 1552863 0205090 0684010 2603358

 0439267
 0597277 1708601
 0439394 1706495 3642217
 0450989 0450973 0175659 0349674 1947916 3536777
 0348000
 0025141 3613423 0369718 0441922 1553036 0449468 1690016 1705102 2700258 0025260 0700327 1706377
 0162443 0034036 0034037 0450348 1514756 1704324
 0439617 0558347 1527075 1514756
 0034036 0034037 1272684 1548435 1704324