 0392747 0443172 1705241 0006111 0004170 0004171 0006104 0012634 0032659 0205369 0369637 0441923 0442726 1257890 1269537 1511790 1527178 1552740 1705938 2652343

 0740116 2827735 2981700
 0021966 0221138





 0022877 3244292 0587475 1704729 1293097 2919030 2919031 0205099 0036375 0024015 0520510 0557061 2584313 1316572 1317574 1369612 0003617 1269000 1514811 1706462 0684224 0700287 3273238 0024779 0026045 1706473 0002395 1521724 0012634 0443289 1521970 1706388 2346469 2348519
 0449445 1292724 1273517 0332257 3538986 0205419 0205419 0449774
 2700640 0205419 0369718 0441922 1553036
 0439070 1705160 1706214 3244320 0024779 0026045 1706473 0392752 1705241 1705242
 0449468 0439661 3245488 0681850 1550501 1706203 1510829 0439234 0449820 0451306 3538742 2705716 0001792 0205307 0439166 1999167 2347086 0243148 1550141 1882979 2587213 3274648 0439234 0001779 0150103 1708943 0009253 0036864 0079399 1314687 1522384 0023114 1841691 0013658
 1511726 3245479 0427184 0700114 1706765 1707511 1883067 0001792 0032659 1257890 1999167
 0026337 0678910 3161035 0205148 1527178 1705938 1706214 0681850 1550501 1706203 2349001 2697811
 0678594 3161035 0332257 3538986 0205148 0205124 1184482 0205148 0017446 0205147
 0449445 0502371 0220784 0013126 1521970 1706388 2346469 2348519 1883708 1273517 1883351 0079809 0242485 0205419
 0079809 1879489 0007776 1176472 2700441 0017446 0205147 1881534 0681850 1550501 1706203 2349001 2697811
 0205419 0332514 0520511 1704711 0018220 1517945 1883708 0679058 2700640 0007776 1176472 1517927 2700441
 3645577 0024779 0026045 1706473 3146294
 0024779 0026045 1706473 0443289 1979963 2003903 0012634
 2987487 1517945 0369773 2603361 0030560 0442030 0007776 0024779 1176472 1706473 2700441
 0028785 1184145 0007776 1176472 2700441 1517945 0369773 2603361
 1517945 0018220 0443228 1704243 0449774 0007776 1176472 2700441
 2827666 0001613 0007776 0022655 0017446 0205147 0013935 0585064 1067936 1705242
 1979963 2003903 0332290 0392747 0443172
 2987487 0332257 3538986 0032659 0376558 1257890 0007963 0684240 1707455 0027361 0237401 0441833 0687744 1257890 1552516 1552839 1705428 1705429 0017296 0314603 3274035
 0520510 0557061 2584313 1316572 1317574 1369612 0003617 1269000 1514811 1706462 0035168 0242481 1272746 0001613 0007776 0022655 0205234 0205369 0392747 0443172 0449774 1285542 1552740 1705241 0002395 1521724 0012634 0497327 0036341 0014544 1263846 0041671 0339002 1399930 0679466 0004268 0012634 0162429 0424295 2987487 0004352 0431380 0001613 0007776 0022655 0334044 1821244 0243107 0678723 1527148
 1850496 1709305 2745955 0030560 0007776 1176472 2700441 0332290 0392747 0443172 1705241
 2987487 0181868 1706183 0449247 0040223 0750729 3541383 0442043 2362314 0596129 0007776 1176472 2700441 1272688 1280477
 0024485 1552358 0028580 0917874 1551403 0011923 0024488 0079595 0231881 0459800 0563532 0684213 0024485 1552358 0028580 0917874 1551403 0011923 0024488 0034606 0079595 0231881 0441633 0459800 0563532 0684213 2826292 1514893 1706463 2699488 0040300 1547928 1979874 1883351 0040594 1517945
 0449774 0439828 1881534 0332218 0449774 0032659 1257890
 0018599 1979963 2003903 0441833 0687744 1257890 1552516 1705428 1705429
 1979963 2003903 1707455 0332257 3538986 0596473 0011900 1704338 1704656 0392747 1554963 0441833 0687744 1257890 1552516 1705428 1705429 0392747 0443172 0002808 0007776 0163712 0700276 1176472 1384516 2700441
 0030351 1547566 0376649 1442065 1546466
 0449445 1707455 0002808 0700276 1384516 0032666 0520511 1704711
 0449445 1273517 1883351 2699488 0449775 0449774 0029237 0029246 0220885 1300196 1522486
 0024779 0026045 1706473 0205435 1279901 1706214 1881534 3244320 0004170 0004171 2652343 2700640 1533716 0032666 0520511 1704711 0402830
 0042153 0457083 1947944 0679199 0205419
 0449445 0205099 1879652
 1273517 0449445 0037640 1979963 2003903 0002808 0027361 0237401 0439849 0445223 0700276 1384516 1518422 1428114 2827666 0728990 1514575 1705542
 0079809 1879489 0681850 1550501 1706203 2349001 2697811 1881534 1883708 0007776 1176472 2700441 0017446 0205147 1510992 2825518
 0024779 0026045 1706473 0683607 0079809 1879489 0080103 0205345 1547039
 1979963 2003903 2827666 1883708 0007776 1176472 1510992 2700441 2825518 3161035 0441833 0687744 1257890 1552516 1705428 1705429
 1510992 2825518 0024779 0026045 1706473 1521970 1706388 2346469 2348519 0205170 1514893 2699488 3146287 0444504 0450429 0700364 1428114 2347634 2348143
 1979963 2003903 0086972 0443299 0687118 1705241 1705242 0449774 1881865
 1705241 1705242 1883708 0870432 1524063 0024779 0026045 1706473
 1512571 1510992 2825518 0443289 0017446 0205147 0442043 2362314 0030560 0442030 0007776 1176472 2700441 0028785 1184145 0007776 1176472 2700441
 0681842 1882327 0007776 1176472 2700441 0017446 0205147 0015272 2827666 1881534 0332218 2699488 0392747 0443172 0678594 0205250 0220784 0243148 1299351 1550141 1711260 1882979 2348152 2587213 2700149 3274648 1254472
 0449445 1292724 1707689 2983265 1883351 0683607 1283195 0242656 0449258 0012634
 1705241 1705242 0025519 0025520 0027361 0237401 1705241 1705242
 0520510 0520510 0557061 2584313 1316572 1317574 1369612 0003617 1269000 1514811 1706462 0681850 1550501 1706203 2349001 2697811 1708464 1706701 0011923 0079595 0449468 0439661 3245488 0681850 1550501 1706203 1299392 0011900 0205081 1881878 2945599 0243148 1550141 1882979 2587213 3274648 0681850 1550501 1706203 2349001 2697811
 0449468 1825026 0183115 0205210 0439661 1710020 3245488 3538705 0043193
 0034606 0441633 2826292 0018210 1704254 1704922 3542466
 0449381 0039676 2349943 3539704 0619562 2348681 0205143 1413357 3272498 0237753 0449788 2700177 0440042 1521738 2346620 2349184 3539073 1519355 0180153 0439844 1269537 0006104
 1514893 1706463 2699488 0205410 0002808 0700276 1384516
 0011900 1704338 1704656 0030705 1550543 0027765 0002395 1521724 0012634 0004083 0439849 0596306 0699792 0243161
 1883712 0030705 0205449 1314939 0332283 1719822 1880389 1883221 3541951 0023008 0025260 0700327 1706377 0678856 0009240 0013987 0003944 0031208
 0680251 0243161 0392148 0024485 1552358 0203860 0028580 0917874 1551403 0006104 0011923 0024488 0079595 0231881 0459800 0563532 0684213 1269537 0019664 0019665 0262512 0262926 1705255 2004062 0332119 0019664 0019665 0262512 0262926 1705255 2004062 1273826 1254481 1715372 0033213
 0030705 1510829 0001779 0150103 0439234 1708943 0024554 0086582 0013658 0439234 0521117 0439793 2983285 0023114 1841691 0230370 0344333
 1532985 3533236 0449820 0449820 0806909 1552615 2826546 0030705 0150103 0599755 1708943 0558058 0032659 1257890 0449450 0002424 0205265 0442592
 0243148 1550141 1882979 2587213 3274648 0681850 1550501 1706203 2349001 2697811 0030705 0150103 1708943 0001779 0009253 0036864 0079399 1314687 1522384 0013658 0023114 1841691 1510829 0439234 0024554 0086582 0439234 0230370 0344333
 1706765 1511726 3245479 0205435 1279901 0220784 0728990 1442989 1514575 1704254 1704922 1705542 1706765 2828392 3542466 2827421 1883351 0558058 0332437 0543482 0700329 0700619
 0441513 1522508 1552738 1561567
 0348078 0376315 1522492 0444669 1167518 1706352 1882467 3274653 2347469
 0728990 1514575 1705542 0412675 2827421 1883351 0332479 0348078 0522512 0237884 0456389
 0449445 1292724 1273517 1883351 0024485 1552358 0028580 0917874 1551403 0011923 0024488 0034606 0079595 0231881 0441633 0459800 0563532 0684213 2826292 2346469 0450429
 0728990 1514575 1705542 0558058 0332437 0543482 0700329 0700619 0332272 0558058 0002808 0700276 1384516 0557651 2603343 0728990 0332239 1527178 1705938 0450344 1553633 1511726 3245479 0004398 0580205 0848632
 0449911 0333052 2607870 0557702 1272706 1704674 0557702 1272706 1704674
 0728990 1514575 1705542
 0557651 2603343 0034606 0441633 2826292 0011923 0079595 0728990 1514575 1705542 1706765 0001792 0002808 0700276 1384516 1527178 1705938 1999167 2987514 1553033
 0728990 1514575 1705542 1547282 1707455 1273517 0728990 1514575 1705542 0332239 1527178 1705938
 0728990 1514575 1705542 1707531 1706214 1709558 1510992 2825518 0034606 0441633 2826292 0502371 1521970 1706388 2346469 2348519 0205170 1514893 2699488 3146287
 2827666 1882932 1524063 0205406 0205091 1552822 0376249 0439603 0871396 1561548 1705502 2700259 1514821 1553384 2697663 2700259 1707455
 0728990 1514575 1705542 2347469 0030705 0205455 2827421 0034606 0441633 2826292 1510992 2825518 0205169 1514893 2699488
 1979874 0502371 1521970 1706388 2346469 2348519 0205250 1514893 2699488 0007776 1176472 2700441 0728990 1514575 1705542 1553033 0185125 1632850 1879355 0040682 1510411 1705163 1510992 2825518
 0034606 0441633 2826292 0441835 0441833 0444504 0449830 0687744 1257890 1552516 1705428 1705429 2347634 2348143 2827597 1524063 1823652 0150103 1708943 3161035 0332257 0013879 0681850 1550501 1706203 2349001 2697811
 0522510 2700259 2700259 1882115
 0728990 1514575 1705542 0522510
 0040682 1514873 1883351 2699488 1521970 1706388 2346469 2348519 0449830 2827597 0034606 0441633 2826292 1510992 2825518 1883357 0402830
 0681873 1511726 3245479 1706765 2827421 0728990 1514575 1705542 0332272 0558058 0002808 0700276 1384516 0332239 1527178 1705938
 1511726 3245479 0728990 1514575 1705542 1706765 1524063 0037585
 0205132 0040682 1510411 1705163 0027361 0185125 0237401 0150098 0205214 0427184 0700114 1522138 1707511 1883067 3245511
 1706765 0079411 3146294
 0449468 0205202 0439827 1518422 3245505 0871362 0522510 1710082 0183115 1710020
 0002045 1553907 1441547 3245521 0024779 1706473 0332849 0440042 1521738 1710017 2346620 2349184 3539073 2349182 0743559 0441889 0456079 1547707 2946261
 0008902 0008903 0678229 1283195 0018220 0024779 0026045 0556636 1269776 1706473 0682708 0007457 0043157 0220938 0007806 0007807 0005889 0302908 0444611 1704353 3146294 0037640 0682132 1705241 1705242 0205396 1550043 1551388
 1292533 0370003 2347026 1522485 1708632 1883351 0449381 0558058 2827666
 1516050 1552601 2700259 0556636 1269776 0007457 0043157 0220938 0007806 0007807 0005889 0302908 0444611 1704353 0456387 1705943 1706907 1882932 2700259
 0205103 1548610 0347985 2347947 0449381 1552738 2347469
 0024779 0026045 1706473 0018220 0002778 0332282 0333118 0936012 1524024
 0185115 0684295 1514861 1882932 0185115 0681850 1550501 1706203 2349001 2697811 3541890 1552738
 0002045 1553907 0333067 0205148 1514893 0449774
 0085732 1883351 2828366 1514861 1882932 0682708 0018220 0007457 0043157 0220938 0556636 1269776 1708533 2698172 0392366 0332152 0947630 2826257
 3161035 0013879 0181805 0205119 0332529 1135584 1552983 2699782 0205148
 1522609 1708533 2698172 1709305 0001613 0007776 0022655 0017446 0205147 0449864 0036849 0444504 1442518 1705195 2347634 2348143
 0449864 0868928 1706255 1706256 1707455 0205250 0205396 1299351 1550043 1551388 2700149 0449468
 0870071 0449774 0017446 0205147 0007776 1176472 2700441 0006104 0678594 0442822 0681850 1524031 1550501 1706203 1883002 2349001 2697811
 0929208 0332469 1184482 0039224 1706073 1706074 0007776 0205148 0205250 1176472 1704254 1704922 2700441 3542466
 0549179 0699033 0005532 0205460 1442162 1550718 3244317 1521970 1706388 0332529 1547017 0032659 0205307 0439166 1257890 2347086
 0243161 0185125 0036849 1442518 1705195 0439787 0849355 0004170 0004171 2652343
 0205134 0013113 1883351 1882932 1282910 1282910 0037361 0439826 0228245 0459389 0442043 2362314 1184482 0228187 0332469
 0205134 0013113 1883351 1882932 0439801
 0450429 0868941 0449468 1441547 1511726 1690016 1705102 2700258 3245479 3245521 1883351 0876954 1882932 0449774
 0449911 0039224 1706073 1706074 0557702 1272706 1704674 0557702 1272706 1704674 1513822 1705739 1882071 0205148 1511726 3245479 0849355 1883720 3244314 1268722 1705241 1705242
 0007776 1176472 2700441 0021228 1705241 1705242 0333641
 1533716 0021228 0001613 0007776 0022655 0027361 0237401 1698986 1705241 1705242 0332257 3538986 1706214 3244320 3161035 1883708 0012727 0205419 1705236 1524063 0024779 0026045 1706473 0349966 1337208 2347469
 0024779 0026045 1706473 0163712 1552961 2347617 1552961 2347617 3161035
 0441513 1552738 0042789 1947903 0349966 1337208 0003617 1269000
 0449911 0333052 2607870 0557702 1272706 1704674 0557702 1272706 1704674
 1705241 1705242
 0002808 0700276 1384516 1707455 1709450 0681850 1550501 1706203 2349001 2697811 3161035 0205091 1552822 1880157 0440042 1521738 2346620 2349184 3539073 0205447 0681850 1550501 1706203 2349001 2697811 0007776 1176472 2700441 0441833 1999270 3537156
 0449774 1707494 1883351 0150103 1708943
 1883351 0002045 1553907 2828366 3161035 0359589 1999230 1283195 0332501 0946401 0444660
 0440042 1521738 2346620 2349184 3539073 0013126 1521970 1706388 2346469 2348519 0012358 1553033
 1283195 0205090 0450363 0521108 1883067 2986797 0086022 0440042 0442335 1521738 1705099 2346620 2349184 3539073 0013126 1552961 2347617 1273723 0017446 0205147 1514821 1553384 2697663 0006104 1269537
 0449774 0024908 0441835 0150103 0441833 0687744 1257890 1552516 1705428 1705429 1708943 0681850 1550501 1706203 2349001 2697811 1706214 3244320 0205148
 1553033 0024779 1706473 0449774 0444456 1706359 0205132
 1274040 1546471 2825142 0449774 0441833 0687744 1257890 1552516 1705428 1705429 1524063 0552449
 0017446 0205147 1512989 0024779 0450429 1510992 1706473 2825518 1883708 0027361 0237401 0521108 0681850 1550501 1706203 2349001 2697811 0332283 1719822
 0009219 0805701 0450429 0806140 0013126 0449774 0441833 0687744 1257890 1552516 1705428 1705429
 1720092 1948045 1272695 2746065 0681850 1550501 1706203 2349001 2697811 0007776 0027361 0237401 1176472 1552961 2347617 2700441 0521108 0439267 0450429 1515974 0681850 1550501 1706203 2349001 2697811
 1510992 2825518 0007776 0349380 1176472 1274040 1510992 1516771 1546471 2700441 2825142 2825518
 0440042 1521738 2346620 2349184 3539073 0024779 1706473 0027361 0237401 0033727 0369286 0441932 0564385 1698986 1273517 1883351 0079809 0242485 2827666
 1883351 0683607 1552961 2347617 1552961 2347617 1510992 2825518 3161035 0024779 0205324 0457933 1706473 1552738
 1883351 0218063 0024779 1706473 0004600 0205095 0460009 1995000 0086022 0442335 0024779 0205324 0457933 1706473 1882932 1524063 0009219 0805701 1552738
 0348078 0376315 1522492 1704254 1704922 3542466 1301627
 0206243 0009219 0805701 0600653 0918012 1552854 1637833 0450429 0806140 2369992 0027361 0237401 1533716 0450429 0521108 1515974 0449774 1521902 1552961 2347617 1283195 0681850 1457900 1510992 1550501 1706203 2349001 2697811 2825518
 1283195 1510992 1883357 2825518 1552961 2347617 0085639 0036849 1442518 1705195 0006104 0218063 1521970 1706388 2346469 2348519 1510992 2825518 1883357 0349966 1337208
 0017446 0205147 1547282 2827666
 1524063 0009219 0805701 1883351 0450429 0440042 1521738 2346620 2349184 3539073 0521108 1283195 0681850 1550501 1706203 2349001 2697811 0282413 0007776 1176472 2700441 0349966 1337208
 2827666 1552961 1704788 2347617 3539106 0205148 2347976 0040452 0205120 0242726 0444504 1318154 1552595 1705917 2347634 2348143 0449286 1704240 1516050 1552601 1552961 2347617 0205148 0024779 0026045 0027361 0237401 1706473 1510992 2825518 2347469
 0027361 0237401 0002808 0012727 0441833 0687744 0700276 1257890 1384516 1510992 1552516 1705428 1705429 2825518 0205419 1551359 2741673 2981730
 0449774 0009393 0234621 1550604 1705245 0009219 0805701 0024779 0349966 1337208 1706473
 0449911 0333052 2607870 0557702 1272706 1704674 0557702 1272706 1704674
 0007776 1176472 2700441
 0205148 1547282 1552846 3161035
 0086022 0442335 1510992 2369992 2825518 0449774 1521970 1706388 2346469 2348519 1518422 0681850 1550501 1706203 2349001 2697811 0007776 1176472 2700441
 0449774 0681850 1550501 1706203 2349001 2697811 1510992 2825518 0007776 1176472 2700441 1552846
 1521970 1706388 2346469 2348519 1709305 2745955 0681850 1550501 1706203 2349001 2697811 0449830 0700364 1510992 2825518 2827597
 0449911 0333052 2607870 0557702 1272706 1704674 0557702 1272706 1704674
 0150103 1708943
 0449774 0001613 0004379 0007776 0022655 0027361 0237401 0444706 0449774 3541902 0282413 3161035
 0002808 0700276 1384516 0181805 1135584 1552983 0001613 0007776 0012727 0022655 1510992 2825518 3161035 0007457 0043157 0220938 1706765
 2347469 0086022 0440042 0442335 1521738 1705099 2346620 2349184 3539073 1514873 1883351 0449774 0449830 2827597 0007776 1176472 2700441
 0040682 1510411 1705163 0440042 0806140 1521738 2346620 2349184 3539073 1547282 1515187 0002808 0700276 1384516 0181805 0205148 1135584 1260957 1552983 1547282
 1265611 0442043 1514873 2362314 0030560 0007776 0442030 1176472 2700441 0332585
 1522508 2347469 1547282
 0337174 1698986 1753314 0683607 1709793
 0449911 0333052 2607870 0557702 1272706 1704674 0557702 1272706 1704674
 0024779 1706473
 1527178 1705938 0242485 0681850 1550501 1706203 2349001 2697811 0440042 1521738 2346620 2349184 3539073 0558058 0018220 0556636 1269776 0030705 0392756 1510992 2825518 0080103 0205345 1547039 1510992 2825518
 0237881 0750502 0450429 1515974 1547282
 0301630 0441610 0039485 1268978 0234621 0442043 0796494 1428707 2362314 3539671 0030560 0007776 1176472 2700441
 1979963 2003903 0181868 1706183 0520511 1704711 0392747 0443172 1705241
 1510992 2825518 0018220 1707455 1442162 1550718 3244317 0024779 0026045 1706473 0750490 1706221 0450429 0449774 0681850 1550501 1706203 2349001 2697811 0242485 0681850 1550501 1706203 2349001 2697811 1881534 0001613 0007776 0022655 0205163 0439185 0450429 1510992
 1883351 1709793 0018220 0556636 1269776 1273517 0079809 0242485 1515273 1705313 2826302 0018220 0178587 0556636 1269776 0332152 0869040 0947630 1273517 2826257 1707455 0037775 0520511 1428114 1704711 0681850 1550501 1706203 2349001 2697811 2347469
 0079809 0242485 1879489 1709707 0017446 0205147 0034627 1279083 1306504 1552961 2347617
 0947630 3242379 0018220 0556636 1269776 0445247 0450429 1515974 1709305 2745955 0205163 0220784 0439185 0005898 0017446 0205147 0681850 1550501 1706203 2349001 2697811
 1442162 1550718 3244317 2827666 0349966 1337208 0032659 1257890 0332183
 1883351 0743559 1608199 0557351 0024779 0026045 1706473 0750490 1706221
 0085732 1299581 0017446 0205147 1274040 1546471 2825142 0349966 1337208
 0332501 0946401 1881534 0205099 1552961 2347617
 1514811 1706462 0024779 0026045 1706473 0018220 0008902 0008903 0040300 0449445 0678229 1441547 1547928 3245521 1552738 1282910 1552828 1709707 0080103 0205345 1547039 0332501 0946401 1441526 1880157 0018220 0024779 0178587 0556636 1269776 1706473 1698986 0007776 1176472 2700441
 0079809 0242485 0001613 0007776 0022655 0449234 1704772 1882133 1706765 0681850 1550501 1706203 2349001 0444504 0449774 1515981 2347634 2348143 0441833 0687744 1257890 1552516 1705428 1705429 0349966 0018220 0178587 0556636 1269776 1441526 1880157 0681850 1550501 1706203 2349001 2697811 1552961 2347617 1510992 2825518
 0024779 0026045 1706473 1707531 1706214 1707455 0024779 0026045 1706473 0009932 0243148 0441833 0687744 1257890 1550141 1552516 1552839 1705428 1705429 1882979 2587213 3274648
 1533716 2827666 1698986 0018220 0178587 0556636 1269776 0450429 0441833 0687744 1257890 1515981 1552516 1552839 1705428 1705429
 2828391 1511726 3245479 0683607 1979963 2003903 0079809 0242485 1711260 2348152 0918012 1552854 1637833
 0079809 0242485 0683607 0237881 0750502 1516048
 0038215 0600673 0205148 0231441 1510992 2825518 0441833 0687744 1257890 1552516 1705428 1705429 0237881 1709380 0038215 0750502
 0022885 0039593 0392366 0030560 0007776 1176472 2700441 0185125 1850496 1517886 2363430 0679245 0699749 0012634 0205390 1279919 1300072 1306673
 1710360 0002045 0043266 1576875 2584304 0030054 0037107 1705848 0035953 2346414 0002045 0185115 0684295 0150103 1708943 1555715 1704332 1705848 1513822 1705739 1882071
 1274040 1546471 2825142 0520510 0557061 2584313 1316572 1317574 1369612 0003617 1269000 1514811 1706462 0520511 1704711 0018220 0556636 1269776 1517945 1547282 0440042 1521738 2346620 2349184 3539073 0237881 0750502 0007776 1176472 2700441 0599755
 0332575 1260956 1273723 0006104 1269537 0017446 0205147 0918012 1552854 1637833 0009932 0243148 0441833 0687744 1257890 1550141 1552516 1705428 1705429 1882979 2587213 3274648
 1510992 2825518 1707455 0007776 0205146 1176472 2700441 0150103 0449774 1704788 1708943 3539106 0349966 1337208
 1442162 1550718 3244317 0038215 0600673 0332307 0332149 1705910 2362652
 0205435 1279901 1512571 0442043 2362314 0030560 0007776 0442030 1176472 2700441 0521093 0750484
 0332120 0205148 0442043 2362314 0228265 0228262 0442030 0369773 2603361
 0439093 0443228 1704243 0018220 0556636 1269776 0150312 1517945 0042789 1947903 0349966 1337208 0332290 0280606 0412467 0947630 1510992 2825518 0205082 0205172 0699749 0012634 0205390 0392760 1300072 1306673 1314939
 0028785 1184145 0007776 1176472 2700441 0007776 1176472 2700441 1517945 0369773 2603361
 1517945 0369773 2603361 0152297 0205146
 1517331 1292732 0017446 0205147 0558058 0301630 0392756 0441610 0349966 1337208
 1522609 1274040 1546471 2825142 0332257 3538986 0301630 0392756 0441610 0301630 0392756 0441610 0441833 0687744 1257890 1552516 1705428 1705429 0036667 0040710 0312418 0427965 0443228 1511790 1511883 1522640 1704243 2346484 2349185
 0024779 1706473 0018220 0556636 1269776 0349966 1337208 0332283 0332232 0449774 1705535 0699032 0205390 1300072 1306673 0012634 2984828 0231239 0231241 2827773 0442726
 0442043 2362314 0030560 0007776 1176472 2700441 0015272 0205082 0301630 0441610
 0205099 0449900 1282910 1879652 0205284 0229985 1269830 0228217 1517945
 1517945 0332148 0750492 0007776 0680220 1176472 1709305 2700441 2745955 0543488 0205099 1879652 0228217 1547282 0301630 0392756 0441610 0039485 0007776 0442043 1176472 2362314 2700441 0228265 0228262 0442030 0205082 0392760 1314939 1517945 0024779 0026045 1706473
 0449911 0333052 2607870 0557702 1272706 1704674 0557702 1272706 1704674
 0024779 1706473 0042295 0243148 0439165 1510992 1549488 1550141 1561533 1882979 2587213 2825518 3274648 0369718 0441922 1553036
 0024779 1706473 1511726 3245479 0301630 0392756 0441610 0242485 0018220 0556636 1269776 0017446 0205147 1510992 2825518 0030705 1707455 0243148 1550141 1882979 2587213 3274648
 0439093 0443228 1704243 0024779 1706473
 0301630 0392756 0441610 0332283 0332232 0449774 1705535 0699032 0205390 1300072 1306673 0012634 2984828 0231239 0231241 2827773 0442726
 0442043 2362314 0030560 0007776 1176472 2700441 0015272 0205082 0301630 0441610
 0205099 0449900 1282910 1879652 0205284 0229985 1269830 0228217 1517945
 2827666 0024779 0026045 1706473 0443289 0449286 1704240 0242568 1547282
 0439755 0449286 1704240 0205393 0349966 1337208
 0449286 1704240 0019409
 0243148 1550141 1882979 2587213 3274648 0681850 1550501 1706203 2349001 2697811 0369718 0441922 1553036 0349966 1337208 0042295 0035853 0995005 3495441 0026607 0007776 1176472 1513492 1705994 2700441 0444505 2827666 1710706 3496304 0016733 0596129 0007776 1176472 2700441
 0445254 0026607 0205146 1513492 1705994 1547282 0080103 0205345 1547039 0017446 0205147 0042295 0228188 1281071 0205099 1184482 1879652 0205171 0450388 1720467 0228188 1281071 1184482 0228174
 0449911 0333052 2607870 0557702 1272706 1704674 0557702 1272706 1704674
 2827666 0369718 0441922 1553036 0681850 1550501 1706203 2349001 2697811
 1979963 2003903 0007776 1176472 2700441 1547282 1705241 1705242 0029266 1704322 1704972 3539923 0456389 0849355
 0449911 1547282 0205090 0205091 1552822 1704458 1511276 1552825
 2827666 3496304 0016733 0596129 0007776 1176472 2700441 0332575 1260956 0205225 0439631 0445254 1513492 1705994 1979874 2331062 0007776 1176472 2700441 1260957
 0017446 0205147 0039485 0007776 0442043 1176472 2362314 2700441 0017446 0086418 0205146 0234621 0450429 1515974 1517892 1704666
 0205234 0205543 1879547 1524063 0427184 0700114 1707511
 1979963 2003903 2607943 2926606 3539655 0007776 0175659 0205232 0349674 0687757 1176472 1527178 1705938 1947916 2700441 3536777 0021228 0017446 0205147
 0449911 0333052 2607870 0557702 1272706 1704674 0557702 1272706 1704674
 0024779 0026045 1706473 0443289 0242568 0369718 0441922 1553036
 0024779 0026045 1706473 1273517 1883351 0449774 0007776 1176472 2700441
 0024779 0026045 1706473 0001792 0205307 0439166 0441833 0687744 1257890 1527178 1552516 1705428 1705429 1705938 1999167 2347086
 0009393 1550604 1705245 0017446 0205147 0332585 0205146 2827666 1260957
 0439755 0205393 0439755 0205419 3494476
 1882932 0024779 1706473 0681850 1550501 1706203 2349001 2697811
 1533716 1883351 1269644 0205307 0439166 2347086 1524063 0002045 0038205 0037775 0007776 1176472 2700441
 0237530 0442816 1514861 1882932
 0024779 0026045 1706473 0443289 0439755 0282413 1551359 1883727 2741673 2981730
 2827666 0205393
 0205419 0001613 0007776 0012727 0022655 0086022 0440042 0442335 1510992 1521738 1705099 2346620 2349184 2825518 3539073 1880490 0001613 0007776 0022655 1441526 1880157 0017446 0205147 0080103 0205345 1547039
 0440042 1521738 2346620 2349184 3539073 0205171 1301820 1522609
 1880490 1547282 0522507 1521761 0079809 0242485 1879489 0449286 1704240 0450429 1515974
 0042295 0035853 0599156 0995005 2700061 0026607 0017446 0205146 1513492 1705994 3496304 0016733 0596129 0007776 1176472 2700441 0042789 1947903 1553640
 0042295 3496304 0596129 0016733 0004083 0007776 0205094 0205123 0439849 0596306 0699792 1176472 1709305 2700441 0205091 1552822 0152297 0205090 1272512 2331826 0599720 0017446 0205146
 0017446 0205147 1705241 1705242 0029237 0029246 0220885 1300196 1522486
 0560560 0042295 0599156 2700061 0085639 0238715 2331062 0007776 1176472 2700441 0449774 0205250 0681850 1550501 1706203 2349001 2697811 2827666
 0205172 0016733 0007776 0205123 1176472 2700441 0332257 1301808 2983136 0006208 1269576 0017446 0205146 1548223 0870432 2827666
 0035853 0995005 0205125 1515104 1185718 0439801 1549649 2349209 0228242 1281076 0459389 0442043 0542339 0678975 1184482 2362314 0228174 1553640
 1705535 0017446 0205147 0039485 0007776 0442043 1176472 2362314 2700441 0205095 1441672
 0152305 1281014 0205143 2827666 0443228 1704243
 0439093 0443228 1704243 0228237 1281074 0459389 0442043 0870432 1184482 1282910 2362314 0228214 1281013 0262186 0228811 1185748 2700383 3538818 0439828 0043120 0017446 0043121 0205146 0205090
 2607943 2926606 3539655 0024752 1306056 1527116 0332128 0016538 0033363 0348018
 0024779 0026045 1706473 0443289 0242568 0017446 0205147 0007776 1176472 2700441 2963144 0242568 0205225 0401925 0439755 0449774 2827666 1553641 2347469
 0449774 1518422 0439755 0038205 0520511 1704711 0450429 1515974 1883067 0449738 0007776 1176472 1517927 2700441
 1883351 0205419 0001613 0007776 0012727 0022655 0086022 0440042 0442335 1510992 1521738 1705099 2346620 2349184 2825518 3539073 1880490 0001613 0007776 0022655 0733755 1441526 1880157 0017446 0205147 0080103 0205345 1547039
 1547282 0332479 0348078 0522512 0036572 0424576 1552961 2347617 2349186 0007776 1176472 2700441 0558058 0205419 0017446 0205147
 0332479 0348078 0522512 1552961 2347617 0450363 0520511 1552738 1704711 2986797
 1522609 0036849 1442518 1705195 1882932 0237530 0237529 0439801 1704725 1704726 1883067
 1880490 0522507 1521761 0042295 0332585 1882932 2827666 0205165 0042295 1260957 1882932 0017446 0205147 0332437 0543482 0700329 0700619 0205250 0681850 1550501 1706203 2349001 2697811
 0205419 3494476 0870432 0085406 0444660 1704322 0205143 0446380 0205126 0444660 0042789 1947903 0349966 1337208
 0017446 0205147 0439755 0349966 1337208
 1521798 2348205 0679133 0376590 0015127 1314792 1524003 0017446 0205147 0205094 0205091 1552822
 0017446 0205147 0030560 0007776 0392752 0442030 1176472 2700441 1518422 0231448 0439792 0205099 0687676 1704687 1879652 0205099 1879652
 1293097 2919030 2919031 0205099 0687676 1704687 1709305 1879652 2827666 0392756
 0449432 1705248 0205307 0439166 2347086 0205393 0449774 0205360 1547311 0205419
 2827666 0332298 0150103 0205148 1708943 2587213 0004170 0004171 2652343 0683607 0024779 0026045 1706473 2827421 0349966
 0001613 0007776 0022655 0332514 0449774 0449774 0040833 1521798
 0557651 2603343 0150312 0332514 0443228 1704243 0243148 1550141 1882979 2587213 3274648 0001779 0150103 1708943 0079399 0804628 1522384 0023114 1841691
 0332514 0750489 0017446 0205147 0040833 0205164 0332514 1521798 1704788 3539106 0150312 0449450 0349966 1337208
 0332514 0228187 0205095 0332469 0015272 0332269 0332514 0449900 0442030 0028785 0007776 1176472 1184145 2700441
 0002808 0700276 1384516 0349966 1337208 1547282 0228187 0332469 0011065 0231800 1704631 0205172 0369773 2603361 1704322 0205091 0205172 1552822 0205090 0242485
 0228187 0332469 1547282 0541749 1709743 0349966 1337208 1999039 0205094 0205091 1552822
 0449911 0333052 2607870 0557702 1272706 1704674 0557702 1272706 1704674
 0024779 0026045 1706473
 1510992 2825518 0681850 1550501 1706203 2349001 2697811 0369718 0441922 1553036 0243148 1550141 1882979 2587213 3274648 0443289 1521970 1706388 2346469 2348519 0007776 1176472 2700441
 0332514 0750489 1283195 0449286 1704240
 1510992 1527178 1705938 2825518 3161035 1184482 0332514 1517927 0450363 2986797 0443289 0449774 0750489
 0332514 0444686 1441506 1443182 0012725 0012727 0024779 0026045 0450363 0456080 1527178 1705938 1706473 2347509 2986797 1719767 2348589 3161035
 0332514 0549178 3496281 0037658 0007776 0205225 0439631 1176472 2700441 0039485 0007776 0442043 0542339 0678975 1176472 2362314 2700441 0349966 1337208
 2700383 3538818 0228242 1281076 0459389 0442043 0542339 0678975 2362314 1184482 0262186 0228811 1185748 2700383 3538818 0205094 0205091 1552822
 0332514 0007776 0205099 0549178 0687676 1176472 1704687 1879652 2700441 0442598 0872261 0439780 0205090 0205091 1552822 1707455 0349966 1337208
 0332514 1518422 0443228 0549177 1704243 0205091 1552822
 0017446 0205147 0180153 1707529 1999244 1301808 2983136 0228214 1281013 1548223 1282914 0262310 0262186 2700383 3538818 0228174
 1979963 2003903 0231448 0439792 0205324 2936787 0007776 0205093 1176472 1515981 2700441 1282910 0152311 1281016 0228234 0458311 0442043 0542339 0678975 2362314 0205419 0596012 2584321 0444505 0205419 0205396 1550043 1551388
 0520510 0557061 2584313 1316572 1317574 1369612 0003617 1269000 0001613 0007776 0022655 1514811 1706462 1510992 1521970 1706388 2346469 2348519 2825518 0032659 1257890 0243148 1550141 1882979 2587213 3274648 0038452 1979963 2003903 3494476 0205419 0332514 0205396 1550043 1551388
 0301630 0441610 1517945 0205093 0442043 1441672 2362314 0205148 0599755
 2987487 0150312 0442030 0030560 0007776
 0449774 1517945 0750489 1517945 1441672 2336225 1272531 0205146 0599720 0017446 0205147 0011560 1705760 0333584 0333562 1456454
 0205099 1879652 0228217 1517945 0369773 2603361
 0449774 0332290 0042789 0031843 0234621 0542341 0700205 1705273 0040223 3541383 0031001 2987487 0596129 0004083 0439849 0596306 0699792 1705175 1705176 1705177 1705178 1882348 0007776 0205250 1176472 1299351 2700149 2700441
 1705241 1705242 0449774 0684224 0700287 0031847 0277785 1299392 0042153 0032743 0032744 0040395 0040405 0233929 0444706 2349995 3541902
 0031001 0280606 0412467 0947630 1705535 0231204 2827758 0681841 1850496 0205245 0443228 0542341 1274040 1546471 1704243 2700217 2825142 2987487 0205092 0441987 0029237 0029246 0220885 1300196 1522486
 1517945 0347938 0150312 0205390 1300072 1306673 0332183
 0205234 1285542 1883351 0449774 0684224 0700287 3496591 1517945 0030560 0442030 0542339 0678975 0007776 1176472 2700441 0028785 1184145 0007776 1176472 2700441 0349966
 0333641 0332183 0039485 1268978 0442043 0684224 0700287 0796494 1428707 2362314 3496591 3539671 1442097 0080103 0205345 1547039
 0242656 0449258 0442030 3496304 0016733 0596129 0007776 1176472 2700441 1705535 0011164 1880269 1517892 1704666 1704259 1705987 0449774 0233794 1963167 0025260 0683368 0684336 0700327 1457887 1706377 0003537 0003635 0240735 0003944 0031208 0392747 0443172 2987487
 1517945 0001613 0007776 0022655 0439234 0449468 1705242 0243148 1550141 1882979 2587213 3274648
 0333641 0004781 1321510 0332283 1515926 0039727 0007610 0205263 3554171 0001613 0007776 0011164 0016538 0022655 0033363 0205146 0348018 1880269
 1979963 2003903 0442043 2362314 0030560 0442030 0007776 1176472 2700441 0015272 1517945 0454907 0017446 0205147 0007776 1176472 2700441 0700364 1883351 0205234 1301808 2983136 0349966 1337208
 1517945 1184743 1522240 1707959 1402315 0221198 1709305 2745955 0027361 0237401
 1521970 1706388 2346469 2348519 0175659 0222045 0700321 1428114 1709305 2745955 0038215 1709380 1522609 0024779 0026045 1706473 0024779 0026045 1706473
 1280500 2348382 1518422 0700364 1883351 0596130 0750572 1711260 2348152 0042295 1881065
 0678594 1521970 1706388 2346469 2348519 0547044 0700321 0439659 1883351 1514893 2699488 1511726 3245479 0332272 1706765 0681850 1550501 1706203 2349001 1521970 1706388 2346469 2348519
 1521970 1706388 2346469 2348519 1511231 0439787 0849355 0349966 1337208 0282413 1518422 1551359 1883727 2741673 2981730
 1518422 1280500 2348382 1518422 0022885 0039593 0237881 0392366 0750502
 0023981 0205127 0947630 0683607 0332272 1883351 0162340 0175659 0349674 1947916 3536777 0332529 1547017 0040223 3541383 0443289 1517945 0018220 0205219 1184743 1522240
 0024779 0026045 1706473 0018220 0556636 1269776 0745777 0449774 0038272 0205265 0205369 1552740
 1514893 0449774 0220825 1261322 0032659 0376558 1257890 1881534
 0010992 0200765 0002778 0445383 0936012 1524024 1547282 0185027 1948020 0018220 0556636 1269776 0030705 0079809 0242485 1879489 0243148 1550141 1882979 2587213 3274648 0332183 1299586 0205146 0007776 1176472 2700441
 0282416 1561607 0678594 0449468 1705417 2827666
 1514821 1553384 2697663 0150103 0332257 0681018 1708943 3538986 0024779 0026045 1706473 0037633 0525069 0242485 0018220 0556636 1269776 0040300 0079809 0205276 0242485 1547928 1711260 2348152
 1705241 1705242
 0449774 0150103 1708943 0018017 1571704 1883351 0017446 0205147 0037640 1511726 3245479 1510992 2825518 1883357 0681850 1550501 1706203 2349001 2697811
 0184661 1948041 2700391 3274430 3538935 3539779 2369992 0678594 0205447 0030351 1547566 1552738 0184661 1948041 2700391 3274430 3538935 3539779 0185125 2700259 2700259 1883067 1511726 3245479 1511726 3245479 1511726 3245479 1510992 2825518 0016733 0007776 0205123 1176472 2700441 0681850 1550501 1706203 2349001 2697811
 0184661 1948041 2700391 3274430 3538935 3539779 0033213 1518422 0205197
 0150103 1708943 1518422 1511726 3245479 1510992 2825518 1883357
 0017446 0205147 0032743 0032744 0040395 0040405 0233929 1704788 2349995 3539106 0376335 0024485 1552358 1517324 0028580 0917874 1551403 0011923 0024488 0079595 0205245 0231881 0459800 0542341 0563532 0684213 2700217 0017446 0205147 0004897 0439849 1705630 1706279 3540605
 0441889 0449286 0542560 1561545 2348088 0205419 0205245 0220825 0542341 1609982 2700217 2827666 1709793 0504075
 0682132 1705241 1705242 2349187 1283195 0205447 0018017 1571704 1883351 0150103 1708943 1513822 1705739 1882071 0013879 0332290 0002812
 0150103 1708943 2827666 0681850 1550501 1706203 2349001 2697811 0205245 0542341 2700217 1515655 0150103 1708943 0205447 0681876 0032659 0947630 1257890
 0205390 1300072 1306673 2828008 0443228 1704243 1517945 0007776 1176472 2700441 0007776 1176472 2700441
 0030705 0015272 0332514 2827666 0080103 0205345 1547039 0001779 0150103 1708943 0079399 0804628 1522384 0013658 0023114 1841691 0369773 2603361
 1705241 1705242 0520511 1704711 0018220 1705535 0027552 0686904 0332272 0558058 0002808 0700276 1384516 0933844 1880251 1517945 0032659 1257890
 0449774 0441833 0687744 1257890 1552516 1552839 1705428 1705429 0502371 1521970 1706388 2346469 2348519 1518422 0027361 0237401 1441672 1514861 1882932 2827666
 1547282 0332514 0231448 0439792 0007776 0205099 0687676 1176472 1704687 1879652 2700441
 0442598 0872261 0439780 0205090 0205091 1552822 1707455 0349966 1337208
 0332514 0231448 0439792 0205093 1282910 0039485 0007776 0442043 0542339 0678975 1176472 2362314 2700441
 0002808 0018827 0700276 1384516 1522565 3161035 0026337 1510992 1547282 2825518 1521798 0205321 0152282 0152279 0007799 0018827 0019939 0205093 1184145 0205117 1184145 1518422 0007776 1176472 2700441
 1979874 0004171 0228174 0006104 0037179 0087136 0205171 1269537 1527178 1705938 0004171 2700640 1533716 0205419 0037640 1555578 1706081 0027361 0237401 0441833 0687744 1257890 1552516 1552839 1705428 1705429 0205396 1550043 1551388
 0023866 0034036 0080103 0869014 0023114 1841691 0023008 0031843 0542341 0700205 1705273 0332514 0205146 0684224 0700287 0024779 1706473 1979963 2003903 0450363 0439534
 0449774 0332437 0543482 0700329 0700619 1521761
 0332514 0443228 1704243 0243148 1550141 1882979 2587213 3274648 0001779 0150103 1708943 0079399 0804628 1522384 0013658 0023114 1841691 0369773 2603361 1705535 0030664 0205469 0677042 0332454 0002808 0700276 1384516
 0085732 0392752 0332514 1517945 0150312 0449450 0242656 1947900 0012634 0332257 1306673 1883351 0024779 1706473 1515926 0019564 0332514 0036341
 0728990 0220784 0449445 1292724 1510992 2825518 1999230 0728990 1514575 1705542 1882932 0441833 0687744 1257890 1552516 1705428 1705429
 0947630 0150103 1708943 0449774 2699488 0502371 1521970 1706388 2346469 2348519
 0449445 1292724 0243107 0678723 1527148 1706214 3244320 1514861 1882932 0402830 0027361 0237401 0678594 1515981 0010090 0227813 0228188 1281071 0205099 1184482 1879652 1184482 0019564 0949582 1029104 1284077 0086418 1510411 1515981 1514861 1882932 0007776 1176472 2700441 0402830
 1510992 2825518 1999230 0728990
 1533716 0332256 2700400 0181090 0302614 1706050 0449445 1292724 0700276 0220784 0678594
 0004171 1707494 1883067 0681814
 0004170 0004171 2652343 0562342 1171285 0311400 1524026 2707259 2699786 1511726 3245479 0220784 0936012 0558058 0332437 0543482 0700329 0700619
 1280500 2587213
 0679199 1552738 1272460 1706839 0032659 1257890
 0677932 1335499 3539781 0012634 0205329 0441833 0687744 1257890 1552516 1705428 1705429 0557651 2603343 1707391 0001779 0150103 1708943 0013658 0205390 1300072 1306673 0012634 0030705 0150312 0205265 0220825 0449450 1261322 1279901 1555582 1705685 2347167 0032743 0032744 0040395 0040405 0233929 2349995 0034606 0040399 0441633 1830198 2826292 1522609
 0205229 0242356 0993637 0205363 2734707 2734708 0032659 1257890 0004171 1882932 0205179 1306673 0441833 0687744 1257890 1552516 1552839 1705428 1705429
 0599755 0441633 0040223 0205341 3541383 1547282 1555307 0011265 0497327
 0444504 0871208 1521828 2347634 2348143 0024485 1552358 0028580 0917874 1551403 0449468 0011923 0024488 0079595 0079809 0231881 0439175 0439810 0459800 0563532 0684213 1527178 1705938 1879489 0332185 0684224 0700287 3496591 1883351 0439234 0439508 0740116 2827735 2981700 0444499 1707455 0439234 0439508 0243148 1550141 1882979 2587213 3274648 0451306 3538742 0168634 1442488 0030705 0243148 1550141 1882979 2587213 3274648
 0871208 1521828 1517945 0205369 0678594 0750572 1552740 0332257 0019564 0949582 1029104 1284077
 0024779 0026045 1706473 1441547 1880157 3245521 0440042 1521738 2346620 2349184 3539073 0002808 0700276 1384516 0277809 0332479 0348078 0522512 0034606 0441633 2826292
 0521116 0439792 0449445 1552738 1698986 0024779 0026045 1706473 0040223 3541383 0023745 0439828 0039796 0302350 0017296 0314603 1521761 2827422 0017431
 1283195 0032659 0376558 0392747 0443172 1257890 1705241 1553387 1948035 1555307 3274035
 0332305 0012634 1514873 0085732 0205266 0872403 1947912
 0599755 0004170 0004171 2652343 1527178 1705938 0205229 1883351 0441833 0687744 1257890 1552516 1552839 1705428 1705429
 0332282 0030705 0024779 0026045 1706473 2348792 0040223 3541383 1552961 2347617 1999230 0043227 0080089 0180979 1705858 0018896 1552861 0162340 0242656 1947900 0449258 1883351 0456564 1521879 0521982 1704632 0871261 1706817 2911692 0441833 0687744 1257890 1552516 1705428 1705429
 1316572 1317574 1369612 0520510 0557061 2584313 1316572 1317574 1369612 0003617 1269000 1514811 1706462 0043227 0006104 0018173 0086418 1269537 1521721 1548284 1709701 1513822 1880171 0006117 1283195 0016820 0027466 0068218 1513899 1537039 0018173 1548284 1513889 0260206 0018173 0016617 1416578 3272365 1513889 0027466
 0282413 1547703 0683939 0205099 0022877 3244292 0587475 1704729 0036375 0024015 0041703
 0013849 1705961 0520510 0557061 2584313 1316572 1317574 1369612 0003617 1269000 1514811 1706462 2827666 0024779 0026045 1706473 0007776 1176472 2700441 1881534 0332219 1707455 0026337 3161035
 0746922 0427184 0700114 1707511 0681850 1550501 1706203 2349001 2697811 0205148 0441833 0687744 1257890 1552516 1705428 1705429
 0205148 0079613 0205148 1514811 1706462 0080103 0205345 1547039 0012727 0205148 0444706 3541902
 1533716 1883708 0012725 0012727 0024779 0086022 0442335 0456080 1705099 1706473 2347509 1698986 0681850 1550501 1706203 2349001 2697811 0012727 0002808 0700276 1384516 1510992 1517927 2825518
 0009393 1550604 1705245 0024779 0026045 1706473 2827666 0441833 0687744 1257890 1552516 1705428 1705429 1441526 1880157 0024752 1306056 1527116
 0441833 0687744 1257890 1552516 1705428 1705429 0681850 1550501 1706203 2349001 2697811 2827666 0205102 1553872 1619620 0817032 1441526 1880157 0024779 0026045 1527178 1705938 1706473 0031843 0542341 0700205 1705273 2827734 2981698 0181805 0746922 1135584 1552983 1704788 1706163 2697524 2700445 3539106 0205148
 0040452 0242726 1318154 1705917 1947971 0871420 0012727 0205419 1442989 1705236 2828392 0012751 1552961 2347617
 1522609 0237753 1552961 2347617 2347976 0012725 0012727 0040452 0086022 0205120 0242726 0442335 0444504 0449286 0450363 0456080 1318154 1442162 1550718 1552595 1704240 1705917 2347509 2347634 2348143 2986797 3244317 1516050 1552601 1552961 2347617 0205148 0024779 0026045 0027361 0237401 1706473 1510992 2825518
 0079809 0242485 0234621 1524063 0009393 1550604 1705245 0009219 0805701 1883351 1979963 2003903 0002808 0700276 1384516
 0150103 1708943 1524063 1705241 1705242 1709450 0681850 1550501 1706203 2349001 2697811 0001613 0007776 0022655 0205447 0333067 3161035 0150103 1708943
 0184661 1948041 2700391 3274430 3538935 3539779 0439844 1522508 1561567 1999244 0024752 1306056 1527116 0439812
 3161035 0333067 1301820 0205148 1521970 1706388 2346469 2348519 0024779 1706473 0004600 0205095 0460009 1995000 0444660 0349966 1337208
 1880157
 0282413 1441526 1880157 0440042 1521738 2346620 2349184 3539073 0150103 0336766 1708943 1521970 1706388 2346469 2348519 0349966 0439086 2827736 2981702
 0806140 0037633 0525069 1442162 1550718 3244317 0205134 0013126 1823652
 0004927 2707008 3161035 1524063 0552449 0376706 1441547 3245521 0552449 0443199 1705242 1705273 1705274 1705275 2827501 0402830
 1522508 1883067 0740116 2827735 2981700 0449913 1553451 1704459 0440042 0806140 1521738 2346620 2349184 3539073 0043266 1576875 2584304 0205090 0684010 2603358 0740116 2827735 2981700 0036849 1442518 1705195 0205090 0684010 2603358 0150103 1708943 0002808 0700276 1384516 0205309
 0004927 2707008 0443199 1705242 1705273 1705274 1705275 2827501 2603360 0402830
 0552449 0150103 1708943 1882071 0011546 1546937 0440042 1521738 2346620 2349184 3539073 0449445 0849355 0205309 0042153 0457083 1947944 0427184 0700114 1707511 1515273 1705313 2826302 0205309 0679214
 0007776 1176472 2700441 1704970 1273517 0552449
 0376209 0456081 0683269 1881534 0205148 0150103 1708943 0332291 0085862 1299583 0205148 0016203
 1705313 0184661 1948041 2700391 3274430 3538935 3539779
 0443199 0552449 0728938 1550516 1705242 0740116 2827735 2981700 1554078 3539687
 0439394 1706495 3642217 0243072 1299987 0243072 0559956
 0243072 0205148 0679133 0699680 1704788 1880389 1883221 3539106 3541951 1441506 0884358
 1527240 0086022 0440042 0442335 1521738 1705099 2346620 2349184 3539073 0597277 1421312 1421537 1539924 1704788 1708601 2349022 3539106 0679214 1539924 0243072 0449432 0699680 1441526 1880157 0439086 2827736 2981702 1515273 1705313 2826302 1883708 0040682 0681018 1273517 1510411 1705163 1273517 1883351 0150103 1708943 0007776 1176472 2700441
 0733755 0009393 0679058 1550604 1705245 2700640 0024779 0026045 1706473 0040682 1510411 1705163 0450363 0521108 2986797 1283195 0013126 0007776 1176472 2700441
 0009219 0805701 0450429 0806140 0013126 0449774 0441833 0687744 1257890 1552516 1705428 1705429
 1720092 1948045 1272695 2746065 0450429 0681850 1515974 1550501 1706203 2349001 2697811 0007776 0027361 0237401 1176472 1552961 2347617 2700441 0521108 0450429 1515974 0681850 1550501 1706203 2349001 2697811
 1510992 2825518 0007776 0349380 1176472 1274040 1510992 1516771 1546471 2700441 2825142 2825518 0349966 1337208 1552846
 0012725 0012727 0456080 2347509 0001613 0007776 0022655 0521108 3161035
 0012725 0012727 0456080 2347509 0150103 0336766 1708943 1513822 1705739 1882071 1547699 2700640
 0449911 0333052 2607870 0557702 1272706 1704674 0557702 1272706 1704674
 2827666 0369718 0441922 1553036 0030705
 1979963 2003903 0007776 1176472 2700441 1547282 1705241 1705242 0456389 0849355
 0449911 1547282 0205090 0205091 1552822 1704458 1511276 1552825
 2827666 3496304 0016733 0596129 0007776 1176472 2700441 0332575 1260956 0205225 0439631 0445254 1513492 1705994 1979874 2331062 0007776 1176472 2700441 1260957
 3161035 0016538 0427184 0700114 1415284 1707511 2348395 2825313 1707455 0205245 0542341 2700217 0280606 0412467 0947630
 2825232 0332257 3538986 0439801 1549649 2349209 1184145 0262311 0228224 1184482
 0439801 1549649 2349209 0677535 0228174 0262311 0228224 1184482 0010090 0227813
 0439070 1705160 1184145 0228188 1281071 0205099 1184482 1879652
 0439801 1549649 2349209 0228188 1281071 0205099 1184482 1879652 1710425 3282898 0694583 1184482
 0694583 1184482 0028429 1278896 1710425 3282898 0152335 1289546 0205094 1185742
 0456948 0814896 0237881 0441889 0750502
 1512571 0442043 1517001 2362314 0030560 0007776 1176472 2700441 1705565 1947976 1881534
 0449864 0036849 0441889 0456079 1442518 1547707 1705195 2946261 0013879 0038215 0237753 0440042 0449788 1280519 1441547 1514893 1521738 1704419 1706463 2346620 2349184 2699488 3245521 3539073
 1709380 1522609 0026348 0038215 0725813 1609982 3161035 0205148 0750572 1511726 3245479 1524063 0449445 0016203 0038215 0205309
 1514811 1706462 0520510 0557061 2584313 1316572 1317574 1369612 0003617 1269000 1514811 1706462 2951520 0033727 0369286 0441932 0564385 0369637 0441923 0439267 0022337 0200760 0039798 0087111 1522326 1533734 1705169 3538994
 0450382 1315013 0025141 0597277 1708601
 0030351
 0040710 0597277 1708601 0475264 1744691 0007776 1176472 2700441

 0020898 0021764 0022271
 0439255 0449829 2603360 0205120 1552595 0440042 1521738 2346620 2349184 3539073 1511790 0392747 0443172

 0036493 0018387 1517945 0557651 2603343 1524063 0520510
 0025141 3642216 0439267 0205090 0684010 2603358 1412573 2350443 3539770 0443288 2986806 0175631 2827662 0017480
 0376683 0599726 0009622 0036397 1316572 1317574 1369612 0006797 0205090 0684010 2603358

 0005125
 0439254 0031831 1707664 2348314 3540849 0597277 1708601 0022337 0002778 0936012 1524024 0034606 0441633 0028580 0917874 1551403 0014544 3538926

 0027976 0205314
 0006121 1306665 0007765 1707522 0000768 0000769
 0025141 0369637 0441923 0402830 0200760 0006117 1283195
 0041703 0268596 1418943 2700624 3642273 0016327 0439133 1553038 0016327 0439133 1553038 0333641 0681829 0024485 0024488 0028580 0917874 1551403 0231881 0459800 0557651 0563532 0684213 2603343
 0230467 0741204 0000857 0600678 1552863 0011265 0497327
 0868928 1533148 1550452 1704788 3539107 0282443 1552617
 0000857 0600678 1552863 0012836 1880177
 0268596 2700624

 1882115 1524063 3161035


 0018896 0557034 0025141 0369637 0441923 0036154 3540639 0449445


 0018896 0557034 0025141 0597277 1708601 0332514

 0011198 0017480 0023031 0036154 3541240 1709793 1709630 0205210 0332152 0740175 2257086 0205088
 0025141 3274766 0039676 2349943 3539704 1538326 3541325 0282379 0332281 0006104 1269537 1704254 1704922 3542466 1519941
 0018896 0557034 0025141 0557775 0558024 0002778 0936012 1524024 0007776 1176472 2700441 1524063 0004170 0004171 2652343
 0024779 1706473 0025141 0402830 0002778 0936012 1524024 1707455 1524063

 1412999 0027971 1708595 3280986 0439267 1412573 2350443 3539770 0504075 0002778 0392762 0936012 1524024
 0007776 1176472 2700441
 0006413 1552663 2827109

 0332516 2825575 2946465 0332514 0021966 0221138
 0002778 0936012 1524024
 0230467 0741204 0000857 0600678 1552863 1412573 2350443 3539770 3642216 0369637 0441923 0887832 0185125
 3178877 0679575 0016617 0035978 2700310 0369637 0441923 0369637 0441923

 0021966 0029939 0221138 0227898 1278992 1517945 0036341
 0683946 0557651 2603343
 2347379 0025141 3541314 1333964 1707618 1708595 3280986 1506978 1705538 0200760 0412675 0243107 0678723 1527148 0185125 1947919 2347934 3539080
 0025141 1510992 2825518 0427184 0449913 0700114 1553451 1704459 1707511
 0006104 0024779 1269537 1706473 0025141 0279759 0279766 1418864 3538934 3538935 0278060 0229992 1301808 1442792 3148680 0025663 0449851 0871511 0683521 1301808 1442792 1516691 3148680 0871685 1550470
 2347379 0025141 0027964 0028407 0067895 3541314 0175631 2827662 1709793
 0777169 0025141 0027964 0028407 0067895 0205090 0684010 2603358 1524063 0024485 0203860 1552358 0028580 0917874 1551403 0006104 0011923 0024488 0079595 0231881 0459800 0563532 0684213 1269537 0079809 0242485 0242656 1947900 0449258 1441506 0242618 0370003 0456389 0750572 2347026 0442726 1518681 0039798 0087111 1280500 1522326 1533734 1705169 3538994
 0230467 0741204 1261082 1551056 2981682 0268060 1415529 0449468 0870071 0237884 0237849 0392757 0441833 0456389 0687744 1257890 1552516 1705428 1705429 1947916 1704254 1704922 3542466
 0006104 0024779 1269537 1706473 0025141 1538326 3541325 0679575 0011265 0497327
 0679575 0449468 0560268 1690016
 2349143 3538926

 0027976 0205314 1508741 2247545
 1527178 1874451
 0332514 0597277 1708601


 0332514 0006104 1269537
 0001483 0025141 0022337 2951520 2697663 1514821 1553384 1524063 0001613 0007776 0022655
 0037455
 0031831 1707664 2348314 3540849 0205090 0684010 2603358 0449445 0035172 0021622 1272753 0282419 0376542 0036397 0449851 0684224 0700287 1516691 3273238
 0006104 1269537 1184320 1184321 0205090 0205091 1552822 0332514
 0036397 0025141 0033727 0369286 0441932 0564385 0597277 1708601 0450365 1706097 3496281 0037658 0007776 0086418 0205225 0439631 1176472 2700441 2827734 2981698
 0025141 1428813 0005005 1412573 2350443 3539770 0332437 0543482 0700329 0700619 1263846 0041671 0339002 1399930 0679466 0004268 0012634 0162429 0424295 2987487
 0000857 0600678 1552863 0402830 0002808 0700276 1384516 0237070 0282419 0684224 0700287 3273238 1704729 0041740 0678579
 3538705 0369637 0441923 0024548 0026385 0556966 0200760 0004170 0004171 2652343
 0034599 0043299 0807679 1962945 0000857 0600678 1552863 0282379 0332281 1412573 2350443 3539770 0441602 0520893 1882308 0234621
 0332030 1418943
 0022337 0557651 2603343 0231337 1999167 0002395 0011268 0011265 0392079 0497327
 3642273 0025141 1708595 3280986 1419366 3540812 3538705 0013715 1705651 0871208 1521828 0001811 0002395 1521724 0012634
 0027855 0000857 0600678 1552863 0439267 0033727 0369286 0441932 0564385 0332514
 0025141
 0242202 0678594 0392747 0443172 0020179 2919056 0012634
 0025141 0597277 1708601 0006413 1552663 2827109 3541314 0039676 2349943 3539704 0681842 1524063 0040399 1830198
 0027855 0000857 0600678 1552863 0449829 1113661 0332479 0348078 0522512
 0063789 0449774 3272375 0205090 0684010 2603358 0369637 0441923 0439267 1517945 0039485 1268978 0442043 0796494 1428707 2362314 3539671 1883351 0011265 0497327
 0027855 0000857 0600678 1552863 1333964 1707618 1708595 3280986 0200765 0002778 0936012 1524024 1711260 2348152
 0007776 1176472 2700441 0000857 0600678 1552863 0205090 0684010 2603358 0439267 0033727 0369286 0441932 0564385 0006409 1824728 0054868 3540479 0035978 2700310 0000769 0681829 0557651 2603343
 0027910 1552241 1555991 0025141 0597277 1708601 0031831 1707664 2348314 3540849 0449468 1690016 1705102 2700258 0557651 2603343 1524063 0200760 0024485 1552358 0205148 1269765
 0000857 0600678 1552863 0369637 0441923 0597277 1708601 0033727 0369286 0441932 0564385 0019564 0949582 1029104 1284077 0016441 0024485 0024488 1552358 0028580 0917874 1551403 1881134 0011923 0079595 0231881 0459800 0557651 0563532 0684213 2603343
 0025141 0439267 0369637 0441923 0441635 0700381 1524109 2697664 1524063 3161035
 0037455 0011923 0079595
 0205419 0007776 1176472 2700441 0028263 1710082
 0679575 1283195 1160340 0243107 0678723 1527148 0004927 2707008 0035978 2700310 0439267


 1861696 0016327 0439133 1553038 0205090 0684010 2603358 0031847 0277785
 0230467 0741204
 0000857 0600678 1552863 0025663 0449851 0871511 1253948 1704254 1704922 3542466 0450363 0039828 0041740 0006823
 1412573 2350443 3539770
 0086047 0021420 0700301 1709694 0011923 0025086 0079595
 1412573 2350443 3539770 0020792 0205396 0150103 1708943
 0037455
 0205090 0684010 2603358 0369637 0441923 1412573 2350443 3539770 0004170 0004171 2652343

 0205090 0684010 2603358 0332514 0024554 0025266 0086418
 0025141 3540639 0026348 3161035 0185125 1947919 2347934 3539080
 0018896 0557034 0025141 0016327 0439133 1553038 0021966 0221138 1253948 1704254 1704922 3542466 1514861 1882932 0205627 0392918 0870781 1522605 1524063
 0011923 0024934 0042789 0079595 2707266
 0282379 0332281 1412573 2350443 3539770 0004170 0004171 2652343 0871935 0392360 2699007
 0025141 0439267 0369637 0441923 0205090 0684010 2603358 0332140 0011900 0205210 1704338 1704656 0684224 0700287 3273238 0018684 0162458 0441722 0563538 3540678
 0027855 0000857 0600678 1552863 0039676 2349943 3539704 1538326 3541325 0039247 0033727 0369286 0441932 0564385 0018387 0030664 0205469 0677042 0032743 0032744 0040395 0040405 0233929 2349995
 0025141 0039676 2349943 3539704 0546866 0872169 0032743 0032744 0040395 0040405 0233929 0872172 2349995 0085255 0178587 0205202 1420554 2825879
 0039676 2349943 3539704 0596019 0018387 0282379 0332281 2827666 1707520
 0027855 0000857 0600678 1552863 0039676 2349943 3539704 0282379 0332281 0006117 1283195
 0006117 1283195 0012634 0282379 0332281

 0039676 2349943 3539704 0600091 0282379 0332281 0004170 0004171 2652343 1709701 0678594 0185125
 0043038
 0449774
 0025141 2986463 0024485 1552358 0028580 0917874 1551403 0011923 0024488 0079595 0231881 0459800 0563532 0684213 0011265 0497327 0332307 1547052 1707520
 0025141 2827666 0228177 0459389 1184482

 0369637 0441923 0004170 0004171 2652343

 0016327 0439133 1553038 0369637 0441923 0205090 0684010 2603358 1412573 2350443 3539770 0086418 1184482 0449774 2827666 0332514 0024779 1706473
 0007776 1176472 2700441 0000857 0600678 1552863 1570708 0282379 0332281 0150103 1708943
 2826298 0449774
 1708595 3280986 0033727 0369286 0441932 0564385 0205419 0006117 1283195 0027817
 0007776 1176472 2700441 0000857 0600678 1552863 0439267 1550452 1704788 3539107 0007776 1176472 2700441
 2827666 0439849 1705630 1706279 3540605
 0007776 1176472 2700441 0000857 0600678 1552863 0018387 3539925 3541307 0031831 1707664 2348314 3540849 0012634 0558269 1552984 2827734 2981698
 1709767
 0369637 0441923

 1412573 2350443 3539770 0025663 0449851 0871511 1511726 3245479 0024485 1552358
 0011923 0079595 0025141 0439267 0016327 0439133 1553038 0369637 0441923 0013819 0443310 2346469 1521970 1706388 2348519
 0027855 0000857 0600678 1552863 0205090 0684010 2603358 0001779 0392747 0439849 0443172 0445223 0231335 0001578 1524063 0038215 1283195
 0025141 0242656 0449258 0006104 1269537 2981279 0376558 0332120 0678723 0870861 1254042
 0349590 1262865 0025141 0033727 0369286 0441932 0564385 0439267 0033727 0369286 0441932 0564385 0475264 1744691 0185125 1947919 2347934 3539080 1519941 2347167 0011923 0079595
 0018896 0557034 0450318 0025141 0033727 0369286 0441932 0564385 0439267 0033727 0369286 0441932 0564385 0205419 3178884
 0000857 0600678 1552863 1527178 1874451
 0282443 1552617
 0025141 0004170 0004171 2652343
 0027976 0205314
 0871424 0002778 0936012 1524024 1704254 1704922 3542466
 1704254 1704922 3542466 0003461 2939124
 0282379 0332281 1511790 0175631 2827662 0376650 0004170 0004171 2652343 0034656 0040682 0086022 0439605 0440042 0442335 1521738 1527178 1705099 1705938 2346620 2349184 3539073
 0003461 1704254 1704922 2939124 3542466 0025141 0282379 0332281 0013126 0679199 1511790
 0006104 1269537 1823652 0282379 0332281 3538926


 0002045 0817868 0004170 0004171 2652343
 0025141 1235746 1882141 0871424 0002778 0936012 1524024 0006104 1269537
 0039676 2349943 3539704 1412573 2350443 3539770 0282379 0332281 1511790 0006117 1283195 0004170 0004171 2652343 0205148
 0056167 1456376 0018896 0557034 0025141 1235746 1882141 0039676 2349943 3539704 0018387 0282379 0332281 2827666 0332514 0002395 1521724 0012634
 0007776 1176472 2700441 0000857 0600678 1552863 1538326 3541325 0039676 2349943 3539704 0805586
 0006104 0024779 1269537 1706473 0025141 1428813 1538326 3541325 1412573 2350443 3539770 1156245 0442726 1511790 1524063 1283195
 0349590 1262865 0025141 0039676 2349943 3539704 0442726 0729333 0450377 2986754 1979963 2003903 0030705 1524063 1283195 0004170 0004171 2652343

 0039676 2349943 3539704 1366480 1416656 2986904 0200765 0002778 0936012 1524024 0441513
 0037455 0200765 1704254 0002778 0936012 1524024 1704922 3542466 0369637 0441923 3538926
 0037455
 0282379 0332281 0004171
 0725066 3538926

 0678594 0558024 0002778 0936012 1524024 1524063 0004170 0004171 2652343
 1549972 0205090 0684010 2603358 3539879 1538326 3541325 2349105 0332120 1524063 0032743 0032744 0040395 0040405 0233929 2349995 0024485 1552358 0028580 0917874 1551403 0011923 0024488 0079595 0231881 0459800 0563532 0684213
 0007776 1176472 2700441 0000857 0600678 1552863 3642216 0332437 0543482 0700329 0700619 0228187 0332514 0043210 1705241 1705242 0025266
 0056167 1456376 0025141 1538326 3541325 0330657 0770609 0936039
 0018896 0557034 0025141 1538326 3541325 3272372 0027778 0560008
 2697663 0205554 1514821 1553384 1704254 1704922 3542466
 1519941 0206165 3161035
 0018896 0557034 0025141 0439255 0806909 1552615 2826546 1521970 1552646 0036849 1442518 1705195 1720589 0205120 1552595 0016327 0439133 1553038 0440042 1521738 2346620 2349184 3539073
 0001483 1858559 0439255 0369637 0441923 1412573 2350443 3539770 0392747 0443172
 0006104 0024779 1269537 1706473 0025141 0036243 1539696 1825840 3539736 0039138 1706466 1510992 2825518 0024779 0026045 1706473 0681850 1550501 1706203 2349001 2697811 0086047 1826357 0039711
 1523731 0441635 0700381 1524109 2697664 1511790
 0332030 2347961 0025141