 0235914 0871261 1704632 1706817 2911692 0030705 0441729 0332307 1547052 0011860 1320657 0441730 0011847 0011849 0332307 1547052 0205470 1704729 0587466 1704729 0005532 0005477 0041740 0021622 1272753 0017398 0017399 0041740 0445432 0035171 0035168 0242481 1707689 2983265 0557061 2584313 1514811 1706462 1256369 0021641 0036536 0036537 1533581 1579433 0205447 0086597 0127400 0034800 0699040 0007634 0205148 0597357 1269647 1704653 1948049
 0567416 3272920 1521840 2986546 0004358 0030705 0241863 0442726 1511790
 0032659 1257890 1413221 0017337 0002085 2347469 0026882 1705285 0030705 0205396 0241863 1550043 1551388 1556094
 1292732 0439849 1705630 1706279 3540605 0011847 0011849 0004358 0033105 0220900 0031843 0542341 0700205 1705273 0205177 0439167 0441655 1561536 1515981
 0020980 0021060 1524063 0075742 1413221 2827388 0002778 0936012 1524024 0475208
 0229671 1151254 0441730 1550335 0030705 0241863 0332307 1547052 0439178 1446409 1514241 2825490
 0680220 0870432 0871161 1292721 0683454 0021966 0221138 2698977 0032930 1444748 0030685 0391871 0439180 0680255 1283071 1963578
 0680240 1521970 1706388 2346469 2348519 0392148 0030705 0202100 0006558 0332281 0021641 1533581 1579433 1707455
 0206243 0026882 1705285 0004083 0439849 0596306 0699792 0449438 0002085 2348561
 1274040 1546471 2825142 1547282 0237881 0750502 0004368 0011847 0011849
 0205177 0439167 0441655 1561536 1705535 0086597 1280500 0185112 0300926
 0004358
 0036774 0036773 0728877 0001924 0007452 0229671 1140701 1546774 1550100 0036774 0036773 0728877 0001924 0007452 0229671 1140701 1546774 1550100
 0596235 0021966 0221138 0441889 0456079 1547707 2946261
 0056693 0001461 0035549 0439596 0523452 1511572 0056693 0001461 0035549 0439596 0523452 1511572
 0020980 0021060 0020980 0021060
 0015965 0229671 0230445 0521457 1305418 1546774 1550100 0015965 0229671 0230445 0521457 1305418 1546774 1550100
 0021764 1527200 0021764 1527200
 0205734 0271650 0011847 0011849 0205275 0443146 0205734 0271650 0011847 0011849 0205275 0443146
 0003250 0003241 0021027 0746619 0003250 0003241 0021027 0746619
 0439164 1268822 0178587 0042789 2707266 0439164 1268822 0178587 0042789 2707266
 1321301 1321301 0005773 0229664 0806987
 0991865 0006353 0031603 0031701 0036082 1601799 0991865 0006353 0031603 0031701 0036082 1601799
 0032520 0337112 0443286 1114821 1335439 1524075 0032520 0337112 0443286 1114821 1335439 1524075


 0041175 0006353 0036082 0077281 0814229
 0043237 0043236 0920545 0018684 0029237 0029246 0220885 1300196 1522486 2700280 0035171 0035168 0242481 1707689 2983265 0557061 2584313 1514811 1706462 1256369 0021641 0036536 0036537 1533581 1579433 0013879 1705248
 0332453 0522501 0599156 2700061 0011860 1320657 0441730 0011847 0011849 0332307 1547052
 0684224 0700287 1705535 0032214 0600138 0035820 1705810
 0014442 1424158 3273663 0034800 0037083 0699040 0007634 0205148 0597357 1269647 1704653 1948049 0150312 1883351 0018957 0229601 1881379 0205172 0332185 0040300
 2267219 0441655 0023175 0033268 1442948 1522538 2348269 3275067 1158076 0243125 0699900 0034693 0034721 0734999 1522528 0022131
 1719133 1256369 0021641 0036536 0036537 1533581 1579433 0025936 0003069 0025914 0025929 0026809 2349975 1514559 0945928 0206745 0025914 0025929 0026809 0332161 0560617 0599946 1522225
 0017296 0314603 1521970 1706388 2346469 2348519 1314939 0332281 0011847 0011849 0086418
 0557651 2603343 0551718 0012634 0563597 1413221 0017337 0030705 0241889 1705495 0015576 0019664 0019665 0262512 0262926 1704727 1705255 2004062 0012634
 0751455 0033684 1704222 1514468 1704444 0392747 2267219 0441655 2362652 0056693 0001461 0033268 0035549 0205216 0332152 0392756 0439596 0442797 0523452 1511572 1522538 0021641 0030685 0391871 0439180 0680255 1283071 1533581 1579433 1963578 1515655
 0004358 0004358 0150312 0229671 1151254 0030705 0441730 0007457 0043157 0332307 1547052 0441729 0332307 1547052 0681850 1550501 1706203 2349001 2697811
 1274040 1546471 2825142 1301820 2699424 0695468 1998319 1516240 0030685 0391871 0439180 0680255 1283071 1963578 0021641 1533581 1579433 1547282 0871161 1292721 0557651 2603343 1521970 1706388 2346469 2348519
 1290905 1524063 0034693 0034721 0042153 0457083 1274040 1546471 1947944 2825142 0868928 1706255 1706256
 0032529 0678951 1882417 2347469 0002085 1708335 0007457 0043157 1552738 0681850 1550501 1706203 2349001 2697811
 2347946 0030664 1521733 0012634 0348080 1705253 0683454 0021966 0221138 0002085 0205214 1522138 3245511 1518422 0443211 1272684
 0032529 0017296 0314603 1882417 1414407 1418599 0014442 0439849 0445223 1424158 1552738 3273663 3540812 0150312 1883351 0021655 0332281 2700570 0021641 0237834 1514892 1533581 1579433
 0376249 0439603 0871396 1561548 1705502 0002085 0024861 1538279 1845191 0004083 0439849 0596306 0699792
 0026882 1705285 1518422 0007457 0030705 0043157
 1947946 2948600 3540471 3540472 0332283 1719822 2827734 2981698 1883351 0033105 0220900 0681850 1550501 1706203 2349001 2697811 1524063 0086231 0005507 0243073 1510438
 0740116 2827735 2981700 1883351 0695584 0441655 0205396 1550043 1551388 0004083 0439849 0596306 0699792
 0439086 2827736 2981702 1883351 0237881 0750502
 1274040 1546471 2825142 1301820 0004366 0443146 0871261 1704632 1706817 2911692 1882932 0441729 0205171 0332307 1518422 1547052 1720467 0441730 1550335 0030705 0241863 0332307 1547052 0003241 0449381 0332128 1518422 0700364 1883351 2347946
 0035171 0035168 0242481 1707689 2983265 0086912 0035171 0035168 0242481 1707689 2983265 0557061 2584313 1514811 1706462 0242802 0036576
 0439175 0439810 0441729 0332307 1547052 0441730 0332307 1547052 0029921 1547429 1999232 0587906 0002424 0442592 0022277
 1550351 0011900 1704338 1704656 0011860 1320657 0441730 0011847 0011849 0332307 1547052 1705019 0004083 0011847 0011849 0439849 0596070 0596306 0680240 0699792 1881534 0243161 0043237
 2986479 0243148 1550141 1882979 2587213 3274648 0018684 0031206 0241889 1705495 0011847 0011849 0015576 0019664 0019665 0262512 0262926 0681850 1550501 1704727 1705255 1706203 2004062 2349001 2697811 0522082 0455280 0428548 0009253 0036864 0079399 1314687 1522384 0001779 0520511 1704711 0005770 1547977 0005767 0005768 0205276 0229664 0442598 0872261 1707391
 0178913 0370003 2347026 0332170 1301820 0015663 1550565
 0021430 1511481 1522154 1554192 0679646 1301820 2698741 0557651 2603343 0019994 0205540 0282443 0972401 1510665 1552617 1826357 1948070 0085546 2699414
 0002778 0936012 1524024 0020980 0021060
 0033727 0369286 0441932 0564385 1514756 0026183 0041740 0003320 1273517 1521840 2986546 0020980 0021060
 0033684 2700289 0007634 0031874 0036025 0043392 0043393 0717551 1301820 3282337 1882932 1517050 0521119 1880389 1883221 3541951
 1139930 1439852 0439583 0450376 0991865 0006353 0031603 0031701 0036082 1601799
 0441648 0991865 0006353 0031603 0031701 0036082 1601799 0205170 3146287 0011682 0026131 0205222 0349374 0444318 0522534 1512080 1705188 2825079 0991865 0006353 0031603 0031701 0036082 1601799 1548982 0041415 0074721 0004492
 0229671 1151254 1720119 1948037 2827734 2981698 0084084 1335278 1524062 0011744 0033727 0369286 0441932 0564385 1439852
 1139930 0084084 1335278 1548982 0003242 2754943 0003250 0946139 0003241 0021027 0746619 0331880 0454851 0027964 0028407 0067895 0011744 0947272 0033727 0369286 0441932 0564385 1524062
 0441648 0084084 1335278 0052799 0439294 0439526 0024472 0074721 0004492 0020283 0450407 0450408 0450409 1524062 1268822 2825050 0034754 0312860 1705179 0702093
 2346801 0003242 0003250 0003241 0021027 0746619 0020857 1883676 0243148 0439178 1273517 1446409 1514241 1550141 1882979 2587213 2825490 3274648
 0370003 2347026 0205174 0005507 0243073 1510438 0681814
 0444504 2347634 2348143 0332282 1273517
 0205134 0332257 0229671 1546774 1550100
 0439164 1268822 0178587 0042789 2707266 0229671 1301820 1546774 1550100 0079240 1948037 0205163 1549782 1704788 3539106 0439148 1264693 1519795 0439183 0370003 2347026 0444686 1441506 1443182 1709707 0450348 0489829 1705501 1639518 1947986 0205160 0243148 1513916 1550141 1882979 2587213 2825415 2825491 3274648 1301820 1514798 1749467 1948047 0003250 0003241 0021027 0746619 0205171 0439044 0679994
 1519815 0442816 1265570 0439801 1282910 1549649 2349209 0042295 0444504 1704788 2347634 2348143 3539106 2986479 1708335 0229671 0243148 1151254 1301820 1550141 1882979 2587213 3274648 0681850
 0229671 1151254 2348421 0439526 1720119 1948037 0740116 2827735 2981700 0441889
 1148554 2827666 0337051 1509144 2349200 0205332 0042295 1442160 2348421 0439526 0392366 0040223 1632851
 2827666 0337051 1509144 2349200 0205453 0392366 1705242
 0002778 0936012 1524024 0005863 0949466 1705493
 0681814 1550369 0205250 0205332 0229671 0884358 1151254 2348421 0086045 0439526 0439583 0522534 0229671 1546774 1550100 2827734 2981698 1265611 0019691 1504071 0991865 0006353 0031603 0031701 0036082 1601799 0205171 0439044 0679994
 0949466 0005863 0002778 0936012 1524024 1705493 1708715 0060916 0086376 0439267 1708639
 0033684 1883708 0025255 0348011 0596901 1706182 0243111 1947951 0331955 0036152 1826357 0332256 2700400 0001963
 0180860 0011682 0026131 0205222 0349374 0444318 0522534 1512080 1705188 2825079 0036774 0036773 0728877 0041420 0041175 0077281 0814229 2678549 1882074 0020283 0450407 0450408 0450409 0037494 1959973 0041415 0030705 0229671 1151254 1439852 1720119 1948037 2827734 2981698 0450316 0026131 0349374 0444318 2825079 2827734 2981698 0036774
 0441648 0003242 2754943 0003250 0946139 0003241 0021027 0746619 1524062 0332283 0075278 0330510 0939835 1110641 0022277
 0443286 1114821 0234621 1524063 0034760 0868115 0332157 0274281
 0558024 0002778 0936012 1524024 0030685 0391871 0439180 0680255 1283071 1963578
 0002778 0936012 1524024 0004358 0086597 0127400 1961099 0023449 1961102 3542401 0023492 0007600 0023448 0085669 0280141 0376448 0007634 0023418 0205132 0205178 0229613 0884358 1269647 1550648 1552960 1704653 1948049 1517806 0009013 0079240 0439801 1948037 1328924 0051979 0024488 0025914 0025929 0026809 0563532 0991566 1522408 0449913 1553451 1704459 0017480 1883351 1301820 1706701 0032659 1257890
 0007634 3282337 0010454 0009458 0030842 0220892 0332256 0439536 1705217 2700400 3244283 0010453 0220814 0430400 2242979 0038425 0017797 0015965 0229671 0230445 0521457 1305418 1546774 1550100 0205543 1691010 1883351 0009458 0439536 1705217 3244283
 0007634 3282337 0060505 0385473 1708715 1719918 3538743 0016320 0013343
 0007634 3282337 1548982 1720725 1948050 1423529 0205415 0036140 0037494 0037633 0206136 0525069 1882074 0020283 0450407 0450408 0450409 0015965 0229671 0230445 0521457 1305418 1546774 1550100 0006353 0445247 0086045 1446561 2699156 0439526 0456693 1442458 0702093 1439852 0060505 0385473 0032253 0011740 0016327 0032251 0392148 0439133 1553038 1719918
 0007634 3282337 1883708 1548982 1720725 1948050 2699156 0007634 0086045 0439526 1446561 3282337 0700308 0033727 0369286 0441932 0564385 1273517
 0006751 0441889 0229671 1546774 1550100 0376448 0007634 0038960 1382107 1524062 1705537 3282337 2699156 1635169 0439526
 1280500 0596235 0021966 0221138 0936012 0331782 0022277 0037585
 0007634 3282337 0086972 0443299 0456389 0687118 0439742 0441987 0440266 0007634 3282337
 0243148 1550141 1882979 2587213 3274648 0007634 3282337 0332293 0022022 0878412 1517596 1522326 1719918 1883351 0218063 0060505 0385473 1708715 0229671 1151254 0205160 1513916 2825415 2825491
 0392747 1554963 0021966 0221138 0332283 0034869 0016315 0060505 0333051 0385473 2347509 0449247 0040223 0702093 0750729 3541383 0178587 1882932
 1883351 0871161 1292721 1518422 1521970 1706388 2346469 2348519 0030685 0391871 0439180 0680255 1283071 1963578 0681814 1550369 0884358 0229671 1151254 0332283 0086045 1883712 2984009 0439275 0439526 2346801 0003242 0003250 0003241 0021027 0746619
 0879551 0003242 0003250 0003241 0021027 0746619 3542405 0020857 0243148 1524062 1550141 1882979 2587213 3274648
 0681814 0229671 1151254 0060916 0522534 1265611 1514798 1749467 1948047 0229671 1546774 1550100 2348935 1524063 0521116 0596235 1148554 1273517 1552738
 0449450 1301820 0060505 0385473 0016315 0522510
 1442160 0036849 0042295 0444504 1442518 1705195 2347634 2348143 0030705 0205160 0229671 0241863 1151254 1301820 1513916 2825415 2825491 0020980 0021060
 0205210 0449381
 0005910 0043100 0444686 1305866 1441506 1443182 1705104 0439209 0205120 0332849 0489786 1552595 0441074
 0005802 0726398 0005767 0005768 0017725 0229664 0243148 1550141 1882979 2587213 3274648 0583513 0455280 0202042 0428548 0015663 0017725 0032105 0441889 1516048 1550098 1550565 1704970 0017735 0017725 0242417 0444706 0449851 3541902 0017853 0019046 0008562 0687276 1579831 0008565 0008550 0205250 0302908 0444706 0597198 1299351 1304698 1546699 1561501 1882330 2700149 3541902
 0006558 0030956 0202098 0428405 0021641 0441889 1533581 1579433 0034580 0444706 3541902 0024015 0035831 0022277
 0444706 3541902 0441730 1550335 0030705 0205171 0241863 0332293 0332307 1522326 1547052 1720467 0521102
 1883351 1301820 1706701 0549193 1704769 2350001 0011860 1320657 0441730 0011847 0011849 0332307 1547052 0030705 1516050 1552601 0205447 2945654 0359086 0020616 0442027 0450442 1254351 1521826 0021641 1533581 1579433 2348042 2826345 0242656 0750729
 0030705 0750591 0020538 1963138 2827774 0039798 0087111 0521116 1363945 1705970 0003364 0450442 1254351 1521826 0449450 0439475 0043237 0043236 0920545 0018684 0029237 0029246 0162791 0220845 0220885 0282423 1300196 1522486 2700280
 0796357 0002778 0936012 1524024 0032520 0337112 0443286 1114821 1335439 1524075
 0439175 0439810 0026882 1705285 0220908 1305399 1705053
 0681850 1550501 1706203 2349001 2697811 0444502 0205435 0441889 0449286 0542560 1279901 1561545 2348088 0681850 1550501 1706203 2349001 2697811 1519210 0080103 0012634 0392760 1314939 0027361 0237401 0243148 0332257 1550141 1882979 2587213 3274648 3538986 0681850 1550501
 3272453 0012854 0017428 0887950 1321301 0005773 2347293 0229664 0806987 0005767 0005768 0007634 0205100 1513475 3282337 0025663 0449851 0871511
 0032520 0337112 0443286 1114821 1273517 1335439 1524075
 0205419 0015295 0205449 1524063 0206415 0205369 1552740 0439084 0728893 0021920 0205449 0439084 0728893
 0449381 0332283 1719822 0301642 0702093 0332283 1511572 0702093 1261552 1704379 1705117 2825408 0702093
 0032931 0032932 1642401 2584299 0012854 0868946 0012906 0014442 0439583 0443288 0027965
 0004793 0162326 0162327 1519249 0332257 1552866 2700399 0009221 1095825 1864172 1518422 0000925 1883724 0205419
 0868946 0013855 0086972 0443299 0687118 1706746 0017243 1382104 0175723 0439645 1521913 0332255 0486805
 1285573 0032520 0337112 0443286 1114821 1335439 1524075
 0205265 1510844 1521827 1552738 0868946 0014230 0439583 0035831 0022277
 0868946 0013855 0086972 0443299 0687118 1706746 0017243 0025255 0028736 0348011 0740034
 0182400 1704681 2347609 3536729 0006556 0332255 1708096 0442726 0332255 1708096 0332255 1708096 2347469 0684224 0700287 3496591
 0422392 0025663 0449851 0871511 1883351 0017215 0017428 0017446 0205147 0887950 0332256 2700400 0205145 1515974 2825164
 0032520 0337112 0443286 1114821 1335439 1524075 0449468 1690016 1705102 2700258 3272453 0012854 0017428 0887950 0332529 0006353 1532563 1953382 0206415 0439084 0728893 1953384 0206415 0439084 0728893 1335439 0027965
 0012634 0348080 1705253 0332283 1719822 0301642 0702093 0332283 1511572 0702093 0231448 1880641 0702093
 0231448 1880641 0917903 1709697 2728259 3484370
 1510844 0868946 0439583 0013855 0936012 0017243 1382104
 0871424 0002778 0936012 1524024
 0042295 0444504 2347634 2348143
 1707455 0022885 0039593 0392366 1881534 1708064 0022885 0039593 0392366 1548787
 1707455 0441833 0687744 1257890 1552516 1552839 1705428 1705429 0022885 0038492 0039593 0392366 0884358 0439828 0242927 1708930 0022885 0039593 0392366
 1705241 1705242 0750591 0237881 1273936 0038215 0750502 1546944
 0035171 0035168 0242481 1707689 2983265 0557061 2584313 1514811 1706462 0815172 1521970 0441729 0332307 1547052 0441730 0332307 1547052 0557651 2603343 1707391 0039224 1706074 1547282 0740116 2827735 2981700
 0680251 0243161 0242802 1524063 0030705 0036576 1273517 1705175 1705176 1705177 1705178 1882348 1301820 1706701 1882932 0031437
 0449911 0039224 1706073 1706074 0557702 1272706 1704674 0557702 1272706 1704674 0815172 3645613 1521970 1708335 0681850 1550501 1706203 2349001 2697811 2986479 0449911 0039224 1706073 1706074 0557702 1272706 1704674 0557702 1272706 1704674 0815172 3645613 1521970 2986479 0243148 1550141 1882979 2587213 3274648 0018684 0031206 0681850 1550501 1706203 2349001 2697811 0020980 0021060 1514863 0037791 1511884 0036667 0312418 0427965 1511883 1522640 2346484 2349185
 0025663 0449851 0871511 1524063 0075742 1413221 1883351 1272321 0004358 0022885 0039593 0205369 0229671 0392148 0392366 1546774 1550100 1552740
 1547282 0034754 1705179 0439164 1268822 0205448 0229671 1151254 1301820 1882932 0030705 0205447 0205332 0243122 1145667 1167622
 0205332 0229671 1151254 1301820 0439659 0439084 0728893 1547282 0243122 1145667 1167622 1512045
 0229671 1151254 0015272 0243122 1145667 1167622 0079240 1708760 0004093 2827734 2981698 0079240 0745777 1948037
 1705241 1705242 0205160 1513916 2825415 2825491 0370003 2347026 0745777 0442804 0079240 0205171 0205250 0442824 1299351 1720467 2700149 2827734 2981698
 0347985 2827666
 1274040 1546471 2825142 1301820 1524063 0444263 0444266 0370003 2347026 0021027 0305052 0360506 3541296 0003250 0003241 0021027 0746619
 0449911 0333052 2607870 0557702 1272706 1704674 0557702 1272706 1704674 0349966 1337208
 2827734 2981698
 0597879 0030705 0020980 0021060
 0229671 1151254 0079240 0205250 1299351 1720119 1948037 2700149 1514798 1749467 1948047 0182400 1704681 2347609 3536729
 1274040 1546471 2825142 0205250 1299351 2700149 0205251 1299352 1550472 0205332 1547282
 0681814 0884358 1883351 0521093 0750484 1456348 0037791 1511884 0349966 1337208
 0229671 1151254 0522534 1265611 1514798 1749467 1948047 0870432 0392756 0547047 0243122 1145667 1167622 0075742 1413221 0567416 0205112 0229671 1151254 1707455 0991865 0006353 0031603 0031701 0036082 1601799 0205171 0439044 0679994 0019691 0019682 0019699 0033684
 0086231 0005507 0243073 1510438 0884358 1524063 0205170 3146287 0019691 1522408 0205332 0229671 0442726 1151254 1511790 0392366 1511726 3245479 1518422 1547282
 0449911 0333052 2607870 0557702 1272706 1704674 0557702 1272706 1704674 0349966 1337208
 0740116 2827735 2981700
 1280500 0205332
 0205332 0229671 1151254 0441729 0332307 1547052 0011860 1320657 0441730 0011847 0011849 0332307 1547052 0991865 0006353 0031603 0031701 0036082 1601799 0205171 0439044 0679994 0019691 0522534 1265611 1514798 1749467 1948047 0020980 0021060 0392366 1524063 0567416
 1628982 0021467 0021469 3463820 1444656 1707156 3274014 3541345
 1705241 1705242 1273937 0237881
 1442162 1550718 3244317 0037791 1511884 0005863 0949466 1705493 1707455 0425382 1283174 0370003 2347026 0005863 0949466 1705493 0349966 1337208 0229671 1151254 1720119 1948037 2827734 2981698 2827734 2981698 1552738
 0175723 0439645 1521913 1705242 0370003 2347026 1708639 0870432 0026385 0005910 0043100 1305866 1521991 1705104 1514798 1749467 1948047 0020980 0021060 1273517
 1710082 0444266 0432616 0229671 0370003 0442726 1511790 1546774 1550100 1882932 2347026 1708639
 0175631 2827662 1514798 1749467 1948047 0205447 0030705 0229671 1151254 0332197 1689985 1710082 1277697 0445247 1301820 0370003 0033684 1511726 3245479 1518422 1547282 0521093 0750484 0037791 1511884
 0681814 1550369 0884358 0229671 1151254 0005863 0949466 1705493 1710082 1511726 3245479 1518422 1547282
 1442162 1550718 3244317 2718050 0439801 1549649 2349209 0079240 1948037 0020980 0021060 0449851 0870432 1707455 0079240 1948037 0005863 0949466 1273517 1705493 0043227 0150312 0238767 0449450 1706086 0205156 1515981 1552607 0205447 0020980 0021060 1883351 0332324 1550474
 0449911 0333052 2607870 0557702 1272706 1704674 0557702 1272706 1704674 0349966 1337208
 0439086 2827736 2981702
 0002778 0936012 1524024 0241863 0439178 1446409 1514241 2825490 0205160 1513916 2825415 2825491 0229671 1151254
 0175723 0439645 1521913 0026385 0005910 0043100 1305866 1514798 1521991 1705104 1749467 1948047 0075742 1413221
 0475208
 0444266 0370003 2347026 0349966 1337208 1547282
 2827734 2981698 1514721 2348147 3542016 0229671 1151254 1301820 0030705
 0205134 0205172 0086972 0443299 0687118 1524063 2827734 2981698 0079240 1948037 0349966 1337208 1707391 2986490 0039593 0392366
 1883351 0332849 0030705 0683312 0441889 1442160 0079809 0444504 1704788 1879489 2347634 2348143 3539106 2986479 1708335 0243148 1301820 1550141 1882979 2587213 3274648 0681850 1550501 1706203
 0042295 1301820 2348421 0439526 0441729 0150103 0332307 1547052 1708943 2348421 0128666 0439526 0441730 0150103 0241863 0332307 1547052 1708943 0681850 1550501 1706203 2349001 2697811
 0475208 0441729 1550335 0030705 0241863 0332307 1301820 1547052 0349966 1337208 1547282

 0205332 0439183 0439148 1264693 1519795 0439242 1524063 0229671 1546774 1550100 0349966 1337208 1547282
 1442989 1514811 1706462 2827734 2828392 2981698
 0520511 1704711 1547282 1711300 2700613
 0680220 0241863 0018684 0031206 1547282 0205332 2348421 0439526
 0681850 1550501 1706203 2349001 2697811 0557651 2603343 1442160 1522609 1707391
 0205171 0243148 1550141 1720467 1882979 2587213 3274648 0681850 1550501 1706203 2349001 2697811 0740116 2827735 2981700 1880022 0369773 2603361
 0205332 0439178 0699794 1446409 1511276 1514241 1514721 1552825 2348147 2825407 2825490 3542016
 0520511 1704711 0441730 1550335 0030705 0241863 0332307 1441672 1547052 0349966 1337208
 1442160 1522609 0150103 0243148 1301820 1550141 1708943 1882979 2587213 3274648 0681850 1550501 1706203 0205250 1299351 2700149 0237753 0449788 1707391 0681850 1550501 1706203 2349001 2697811 0369773 1707455 2603361 0681850 1550501 1706203 2349001 2697811
 0205171 0243148 1550141 1720467 1882979 2587213 3274648 0681850 1550501 1706203 2349001 2697811 0332257 3538986 0439178 1446409 1514241 2825490 0369773 2603361 0475208
 0449911 0333052 2607870 0557702 1272706 1704674 0557702 1272706 1704674 0349966 1337208

 0441729 0241863 0332307 1547052 0030705
 0042295 0439183 0439148 1264693 1519795 0439242
 1442160 1522609
 1709707 0520511 1444656 1704711
 0369773 1707455 2603361 0439165 1549488 1561533 0027361 0237401 0243148 1550141 1882979 2587213 3274648 0681850 1550501 1706203 2349001 2697811
 0449911 0333052 2607870 0557702 1272706 1704674 0557702 1272706 1704674 0349966 1337208
 0439084 0728893
 0441730 0241863 0332307 1547052 0030705
 0042295 0439183 0439148 1264693 1519795 0439242
 1442160 1522609
 1709707 0520511 1444656 1704711
 0369773 1707455 2603361 0439165 1549488 1561533 0027361 0237401 0243148 1550141 1882979 2587213 3274648 0681850 1550501 1706203 2349001 2697811
 0392366 1524063 0444266 0370003 2347026 0205448 0443299 1301820 0546816 0439092 0547044 0872291 0040223 1272706 3541383 0439231 0936012 1511726 3245479 1518422 1547282
 0871161 1292721 0030685 0391871 0439180 0680255 1283071 1963578
 0205117 0332282 1883708 0205177 0439167 0441655 1561536 0220825
 0003250 0205396 1550043 1551388 0243122 1145667 1167622 0725813 0449719 0033684 0032930 1444748
 1280500 2348382 0030685 0391871 0439180 0680255 1283071 1963578 0682523 0007600 0039194 0376448 0427861 0007634 0086418 0205132 0936012 1269647 1550648 1552960 1704653 1948049 0858451 0020835 2825347 0021027 0202081
 0449774 0229671 1151254 0030705 0349966 0449450 1337208

 0349966 1337208
 1553638 1547282 0229671 1546774 1550100 0870432 0205177 0439167 0441655 1561536 0332290 0333051 1301725 1609436 2347509 0596235 0021966 0221138
 0229671 1151254 1518422 1280500 2348382 0205396 1550043 1551388
 0449774 0229671 1151254 2348205 0229671 1151254 0332120
 0681814 0205447 0349966 0449450 1337208
 2346801 0884358 1883351 0332196 2828389 0332268 0043194 0229671 0258432 1151254 1421478 0020980 0021060
 0003250 0003241 0021027 0243122 0746619 1145667 1167622 0205171 0439044 0679994 0332283 0185112 0300926 0522501 0596235 0229671 1151254 0392756 0547047
 1979874 0243148 1550141 1882979 2587213 3274648 0229671 1151254 1518422 0521102 0032930 1444748 1280500 2348382
 1274040 1546471 2825142 0229671 1151254 0085732 1299581 1518422 0205263 0030685 0391871 0439180 0680255 1283071 1963578 1517001 0018790 0237477 0392351 0521111 1280500 2348382 0003250 0003241 0021027 0086597 0127400 0746619 0679932 0521093 0750484 0037791 1511884 0020980 0021060 0205396 1550043 1551388
 0449911 0333052 2607870 0557702 1272706 1704674 0557702 1272706 1704674 0349966 1337208

 0205177 0439167 0441655 1561536 0030685 0391871 0439180 0680255 1283071 1963578 0376448 0007634 3282337
 0229671 1546774 1550100
 2347469 0229671 1546774 1550100
 0229671 1546774 1550100
 0073187 2346801 0205171 0439044 0679994
 0229671 1546774 1550100 0003250 0332283 0003241 0021027 0746619
 0016327 0439133 1553038 0229671 1546774 1550100 0003250 0332283 0003241 0021027 0746619
 0439267 0229671 1546774 1550100
 0033727 0369286 0441932 0564385 0229671 1546774 1550100 1514798 1749467 1948047
 1511726 3245479 0178587 0449450 1514721 0221205 0332583 0440277 0475654 1313858 0333051 2347509 0060505 0385473 0016315 0004457 0999597 1522496 0449247 0040223 0750729 3541383 0004457 0999597 1522496
 1274040 1546471 2825142 0205543 0681814 1706386 1882932 0205174 0884358
 0681814 0884358 1883351 0521093 0750484 1456348 0037791 1511884 0678226 0004358 3146286
 0015252 0728940 0229671 1151254 1550147 2709094 3539075 3539076 0023175 0332290 0392756 0547047 1442948 1522538 2348269 3275067 0185112 0300926 1314939 1280500 2348382
 0003241 0205369 1552740 0229671 1151254 0522534 1265611 1514798 1749467 1948047 0032930 1444748 0521116 1292428
 0991865 0006353 0031603 0031701 0036082 1601799 0019691 1518422 1511726 3245479 1518422 1547282
 0033105 0220900 0004358 0205117 0332282 1883708 0220825 0060505 0385473 0016315 0522510 0205447 0349966 1337208

 1442160 0444504 1704788 2347634 2348143 3539106 0042295 0229671 0241863 1151254 1301820
 0349966 1337208 1547282
 0229671 1151254 0750591 0870432 0871161 1292721 0205171 0229671 1151254 1720467 0369773 2603361
 0449911 0333052 2607870 0557702 1272706 1704674 0557702 1272706 1704674 0349966 1337208

 0033105 0220900 0229671 1151254
 0042295 0060505 0385473 0016315 0522510 0022702 0030685 0220865 0391871 0439180 0596235 0680255 1283071 1963578 2825046 1979963 2003903
 0205132 1550648 1552960 1442160 1522609
 1709707 0243148 1550141 1882979 2587213 3274648 0229671 1151254 0870432 0871161 1292721 0520511 1444656 1704711
 0369773 1707455 2603361 0441833 0687744 1257890 1552516 1552839 1705428 1705429
 1707520 0205210 0449381
 0681850 1550501 1706203 2349001 2697811 0205210 1707455 2347946 1521970
 0681850 1550501 1706203 2349001 2697811 0004083 0439849 0596306 0699792 0150312 0449381 0750591 0039224 1706073 1706074
 0681850 1550501 1706203 2349001 2697811 0870432 0006558 0030956 0202098 0428405 0021641 0441889 1533581 1579433 0039224 1706073 1706074 0871161 1292721 0684224 0700287 3496591 1275890 0004358 0021641 1327616 1515981 1516240 1533581 1552738 1579433
 0042295 0376249 0439603 0871396 1561548 1705502 0441730 0241863 0332307 1547052 0681850 1316572 1317574 1369612 1550501 1706203 2349001 2697811 0237881 1709380 0038215 0750502 1518422 2584321
 0449911 0039224 1706073 1706074 0557702 1272706 1704674 0557702 1272706 1704674 1707455 0815172 3645613 1521970 0205160 1513916 2825415 2825491 0004358 0449911 0039224 1706073 1706074 0557702 1272706 1704674 0557702 1272706 1704674 1707455 0815172 3645613 1521970 0205160 1513916 2825415 2825491 0017296 0314603 1706907
 0870432 1705417 0242960 0026882 0017296 0019409 0314603 0233324 0551758 0205419 0032659 1257890
 0392148 0441730 0241863 0332307 1547052 1552738 1556094 0027361 0237401 0205435 1279901 0220825 1524063 0032520 0005507 0243073 0337112 0443286 1114821 1335439 1510438 1524075
 0030705 0220908 1305399 1705053 0205435 1279901 1519210 0080103 0392760 1314939 0206243 0026882 1705285 0150312
 0205171 1720467 0681850 1550501 1706203 2349001 2697811 0439178 1446409 1514241 2825490 2986479 1708335 0150312 0243148 1550141 1882979 2587213 3274648
 0681850 1550501 1706203 2349001 2697811 0522082 0455280 0428548 0455678 0332123 0332122 0241889 0557086 1705495 0015576 0019664 0019665 0262512 0262926 1704727 1705255 2004062
 0392148 1301808 1442792 3148680 0162802 0162326 0162801 0521093 3272453 0200898 0002778 0004793 0012854 0017428 0162327 0750484 0887950 0936012 1519249 1524024 1511726 3245479 1518422 1547282
 0032529 0017296 0314603 1882417 0332185 0007457 0032659 0043157 1257890 1552738 3242284 0036849 1442518 1705195 0439787 0849355 0002085 0332281 0012634 0241863 0348080 1705253
 2347029 0370003 2347026 0936012 0443228 0549177 1704243 1442162 1550718 3244317 0814287 0441833 0687744 1257890 1552516 1705428 1705429 0740116 2827735 2981700
 1274040 1546471 2825142 0039224 1706073 1706074
 0520511 1704711 0237580 0002085 0017431 0441729 1550335 0030705 0241863 0332307 1547052 0030705 1708335 0681850 1550501 1706203 2349001 2697811 2986479
 1707520 0002085 1441672 0449438 1511726 3245479 1518422 1547282
 1300203 3245470 0019425 1518422 1705417 0241889 1705495 0015576 0019664 0019665 0262512 0262926 1704727 1705255 2004062
 0449911 0039224 1706073 1706074 0557702 1272706 1704674 0557702 1272706 1704674 0002085 0439603 2986479 0243148 1550141 1707455 1882979 2587213 3274648 0681850 1550501 1706203 2349001 2697811 0035171 0035168 0242481 1707689 2983265 0557061 2584313 1514811 1706462 0596610 1704675 0014406 1511545 0012634
 0011847 0011849 0205447 0017296 0314603 0870392 1883351 0439855 1704241
 0075742 1413221 0567416 0205435 1279901 0332147 0750491 1883351 1363844 0042764 2267219 0441655 1710548 0220781 0332152 1522538 1883254 1158076 0243125 0699900
 1711239 1883708 0004268 0031842 0031843 0333051 0030664 0205469 0677042 0032659 1257890 0441730 0332307 1547052 0439792 0441729 0332307 1547052 1883351 0206243 0699809 1413221 0079429 0017337 0003241 1521840 0567416
 1947946 2948600 3540471 3540472 1883351 0205470 0033213 1706387 2699424 0027361 0237401 1948052 0220825 0205171 1720467 1515273 1705313 2826302
 1947946 2948600 3540471 3540472 0243107 0678723 1527148 0004358
 1524063 0449851 0441729 0332307 1547052 0441730 1550335 0030705 0241863 0332307 1547052 0870432 1624602 0332269 1709707 1708335 0681850 1550501 1706203 2349001 2697811 2986479
 0033105 0020980 0021060 0449851 1301820 2348205 1709908 0684224 0700287 3496591
 0681850 1550501 1706203 2349001 2697811 1515981
 0441730 0007457 0043157 0332307 1547052 0441729 0332307 1547052 0030705 1441604 0036667 0312418 0427965 1511883 1522640 2346484 2349185 0205102 0439674 0005863 0949466 1705493 1707455 1947971 1709707 0557651 2603343
 0005507 0243073 1510438 0037791 1511884 0681814 1516048 0005863 0949466 0439858 0449445 1515981 1705493
 0020980 0025663 0449851 0871511 0150312 0449450 0075742 1413221 0033684 0013855
 0004358 0003316 1145667 1167622 1518422 0868928 1706255 1706256 0003316
 1441604 0036667 0312418 0427965 1511883 1522640 2346484 2349185 0020980 0021060 0005863 0949466 1705493 0869040 0205156 0205448 0947630 1273517 1552607 0004358 0033105 0220900 1708698
 3245505 0075742 1413221 0567416 1514798 1521840 1749467 1948047 2986546 1513403 1273517 0020980 0021060 2945843 0017982 0205145 0376322 0005863 0949466 1705493 0162768 0332466 1293131 0025664 0449851
 0017982 0376322
 0376322 0017982 1705242 1709915 1882936 0026385 0005910 0043100 1305866 1521991 1551359 1705104 2741673 2981730
 0026385 0005910 0043100 1305866 1521991 1705104 0075742 1413221 0022131 0427861 1532717 2362652 0017982 0376322 0449774 0678226 1523987 0038164 1317658 1518918 0023175 0033684 0449774 0524637 1442948 1522538 1705242 2348269 3275067 0678894 1291777 0040300 1547928 0694746 0369637 0441923 0302523 0700325 3244290
 0237876 0449445 1292724 1522138 1515655 0004358 0243122 1145667 1167622 0348078 0376315 0450355
 1705920 1159372 0033684 1521840 2986546 1273517 0005507
 0449851 0557651 2603343 0871311 1272321 0022885 0039593 0392366
 1707504 1879930 0243148 1550141 1882979 2587213 3274648 0681850 1550501 1706203 2349001 2697811 2698651 0750558 1710571 0242568 1504315
 0033105 0220900 0442805 0028296 0205847
 0442805 1948036 2987518 0205238 1705241 1705242 2360554 0030705 0241863 1316572 1317574 1369612 0243148 1550141 1882979 2587213 3274648 0681850 1550501 1706203 2349001 2697811 0237881 0750502 1546944
 1548161 1274040 1546471 2825142 0022877 1301820 3244292 0033105 0220900 0028296 0205250 1299351 2700149 0027361 0237401
 0037088 0243095 2825141 1709707 0441729 0205171 0332307 1518422 1547052 1720467 0441730 0241863 0332307 1547052 0681850 1550501 1706203 2349001 2697811
 0030705 1079230 1515021 2348205 0031437 1285572 0205210 1518422 1521970
 0004083 0439849 0596306 0699792 0006558 0030956 0202098 0428405 0021641 0441889 1533581 1579433 1705535 0205734 0271650 0001675 0011847 0011849 0031437 0205275 0443146 1285572 1521805 1706450
 0002778 0936012 1524024 0030705 1517331 2986669 0033213 1706387
 0376554 2607943 2926606 3539655 0237881 0750502 0443252 0342257 1707704 0009566 0011847 0011849 0205166 0220825 0549178 1171258 1274040 1515273 1546471 1705313 1706317 2825142 2826302
 0557651 2603343 1999230 0332120 1511876 0005516 0011847 0011849 0011900 0205171 0205352 0348026 1518422 1720467 1521970 1706388 2346469 2348519 0220901 0549193 1704769 2350001 0750729 0012634
 1883727 1883357 1274040 1546471 2825142 1705535 0683579 0011860 1320657 0441730 0011847 0011849 0332307 1547052 0019409
 0679560 0796344 0002778 0936012 1524024 1518422 0004083 0439849 0596306 0699792 0002085 0007457 0043157 0205396 1550043 1551388 0027361 0237401 0011847 0011849 0681850 1550501 1706203 2349001 2697811 0004358
 0026882 1705285 0441730 1550335 0030705 0241863 0332307 1547052 1552738 1556094 1518422 0030705 0442726 1511790 0220908 1305399 1705053 2986479 1708335 0205396 0205447 0243148 0681850 1550043 1550141 1550501 1551388 1706203 1882979 2349001 2587213 2697811 3274648
 1290905 2362652 0242960 0011847 0011849 0017296 0019409 0314603 1706907 0015031
 0026882 1705285 0521114 0522498 1514917 0750492 1511545 1518422 0007457 0043157
 1521761 2827422 0332452 0348078 0376315 0524637 1523987 0678894 0075742 1413221 2827388
 0205419 0015264 1280500 0026882 1705285
 0681797 2348205 0332185 0034155 0034153 0857305 0034150 0087086 1552738 3463943 1281611 0011155 0162429 1623416 1273518 0026882 0678226 0017296 0314603 2987476 3146286 0004358
 1511726 3245479 1554077 2828389 0439092 0547044 0032659 1257890
 1261552 1704379 1705117 2825408 0557651 2603343 0243192 2987634 0205177 0439167 0441655 1561536
 0444930 2746065 0002778 0936012 1524024 0030685 0391871 0439180 0596235 0680255 1283071 1963578 0032930 1444748 1707391 1511545 0007613 0542341
 0680220 0004358 1880022 0243192 2987634
 1550452 1704788 3539107 0080103 0205345 1547039 1709707 0021027 0202081 0004359 0023175 0033105 0181586 0220900 1442948 1522538 2348269 3275067 1280500 0018213 0332120 0012634 1707959 0677607 0040147 0439509
 1552961 2347617 2347946 0871161 1292721 0020459 0442805 1947931 0022131 0427861
 1512571 0006558 0030956 0202098 0428405 0021641 0441889 1533581 1579433 0441730 1550335 0030705 0241863 0332307 1441672 1547052
 0521115 1521798 0376249 0439603 0871396 1561548 1705502 1316572 1317574 1369612
 1705241 1705242 0150312 0030705 0332148 0750492 0007634 0205197 0392674 0725685 1269647 1704653 1948049 2987476
 1280500 2348382 1256369 0030281 1327616 0021641 0036536 0036537 1533581 1579433 2362652 0332152 1522538 0443252 0205166 1515273 1705313 1706317 2826302 0231174 0680095 1292856 1948023
 0040300 0237753 0449788 0178587
 0332149 1705910 2362652 1280500 1518422 0439801 3542948 0007634 3282337
 0040300 1321301 0005773 0229664 0806987 0518609 0004358
 1321301 0005773 0229664 0806987 0243122 1145667 1167622 0003250 0205263 0030685 0391871 0439180 0680255 1283071 1963578 0683454 0021966 0221138 0021755 1522428 0021764 1527200 0021760 1527132 0021764 1527200 0041368 1323304 1456820 0333516 0027540 0027651 1334928 1521761 1578706 2827422 3273930 1280500 1444748 0004358 0032930
 0030685 0391871 0439180 0680255 1283071 1963578 1880177 1273518 0011860 1301774 0441730 1320657 0011847 0011849 0205132 0332185 0332307 1441414 1547052 1550648 1552960 1553874 1578820 2987476 3161035 0012634 0020962 1291764 0439662 0449913 1553451 1704459
 0004358 0004368 0205734 0063900 0022131 1522529 0003241 0007634 1269647 1704653 1948049 0270549 1414925 0663193 0004358 0205245 0542341 0871161 1292721 2700217
 0449911 0039224 1706073 1706074 0557702 1272706 1704674 0557702 1272706 1704674 0002085 0439603 2986479 0243148 1550141 1707455 1882979 2587213 3274648 0681850 1550501 1706203 2349001 2697811 0043227 0449719 1521721 1709471 0018173 0035831 0022277
 0035831 0022277
 1418256 0022277
 0001175 1845118 0035831 0022277
 0016617 1999230 1138437 1880177
 2986676 0034754 1705179 0600659 0557061 1515981 2584313
 2986676 0031831 1707664 2348314 3540849
 0031831 1707664 2348314 3540849

 0205090 0684010 2603358 0439267 2603362 0038492 0041740 0022277
 0043227 0025260 0700327 1706377
 0282413 3273171 0686900 1272683 1522634 0022877 3244292 0587466 1704729 0005532 0005477 0022277
 0013849 1705961 0024492 1538057 1547565 0521116 1321164 1555789 0022877 0205480 0278627 1510825 1510826 3244292 0587450 1704729 0041740 0022277
 0034036 0034037 1514756 1704324 0348078 0376315 1272684 1522492 1527075 1548435
 1514811 1706462 0035171 0035168 0242481 1707689 2983265 0557061 2584313 1514811 1706462 3538806 1419366 0543483 0699748 0011860 2697407 0814812
 0011847 0011849 1947933 0000857 0600678 1552863 3541894 3539617 0006037 0011860 2697407 0011849 0011847 0851827 1701901 3244310 0231174 0680095 0021655 2700570 0021641 0205432 0237834 1514892 1533581 1579433
 0369718 0441922 1414400 1553036 0021655 2700570 0021641 0237834 1514892 1533581 1579433 0011155 0162429 1623416 1546466
 2347961 0033727 0369286 0441932 0564385 0597277 1708601 0449913 1553451 1704459 1853126 1527178 1874451
 0439509 0025141 0369637 0441923 0369637 0441923 0016327 0439133 1553038 0851827 1701901 3244310 0427861 0039194 0007634 3282337
 0033727 0369286 0441932 0564385 0369637 0441923 0016327 0439133 1553038 0037083 1160185 1710082
 0205263 0857127 1879547 0031715 1158886 0044602
 1517844 0000857 0600678 1552863 0205090 0684010 2603358 0016327 0439133 1553038 0026473 0086418 0567416
 0041703 0268596 0439073 0439082 1418943 2700624 3642273 0597277 1708601 0016327 0439133 1553038
 0331779 0039021 0369637 0441923 2346593 2951520 0020268 1413512 0220781 0439634 1522492 0020291 0075742 0023158 1267915 1413221 2827388 0003320 0024264
 0036397 0025141 0369637 0441923 0542341 1148560 0035820 0037083 3537152
 0597277 1708601 0033727 0369286 0441932 0564385 0033727 0369286 0441932 0564385 0056693 0001461 0035549 0439596 0523452 1511572 0007634 3282337
 0036397 0025141 0021966 0221138 0033727 0369286 0441932 0564385 0597277 1708601 0033727 0369286 0441932 0564385 0033727 0369286 0441932 0564385 0035820 1705810 1413221 0217585 0020289 0001461 1256369 0021641 0036536 0036537 1533581 1579433 0007634 3282337 1256369 0021641 0036536 0036537 1533581 1579433 0025936 0003069 0025914 0025929 0026809
 0201682 0021966 0221138 0369637 0441923 0033727 0369286 0441932 0564385 0332453 0442805 0596235 0021966 0221138 1256369 0021641 0036536 0036537 1533581 1579433
 0201682 0597277 1708601 0016327 0439133 1553038 0369637 0441923 0597277 1708601 0016327 0439133 1553038 0033727 0369286 0441932 0564385 0033727 0369286 0441932 0564385 0599155 0596611 0026882 1705285 0050325 0960756 1521761 2827422 3645563 0004083 0439849 0596306 0699792 0011860 2984301 0681850 1550501 1706203 2349001 2697811 0332120 0021135 1533691 2827718
 0025141 0016327 0439133 1553038 0597277 1708601 0021966 0221138 0033727 0369286 0441932 0564385 0004358 1413221 0217585 0020289 0001461 0011854 1256369 1719133 0021641 0036536 0036537 1533581 1579433
 1315013 0205090 0684010 2603358 0016327 0439133 1553038 0033727 0369286 0441932 0564385 0004358 1413221 0217585 0020289 0001461 0030705 0011847 0011849 1280500
 0011847 0011849 0000857 0600678 1552863 0016327 0439133 1553038 0016327 0439133 1553038 0314604 1413221 0017337 0032529 1882417 0282523 0022130 0023745 0017337
 0021005 0025141 0205090 0684010 2603358 0600091 0369637 0441923 0439267 0205090 0684010 2603358 0032529 1882417 0314604 1418288 0079941 0009219 0017337 0017446 0205147 0021655 0332281 2700570 0021641 0237834 1514892 1533581 1579433
 0011847 0011849 0000857 0600678 1552863 2699414 0008902 0008903 0678229 0684224 0700287 3273238 0011900 1704338 1704656 0008902 0008903 0678229
 0011847 0011849 1947933 0025141 1418952 1550452 1704788 3539107 0011900 1704338 1704656 0008902 0008903 0678229 0009566 1171258
 0021966 0221138
 0011900 1704338 1704656 0008902 0008903 0678229 1269802 0684224 0700287 3273238
 0378666 0025141 0020268 1413512 0019202 0332135 1862191 3538902 0033268 0036025 0043392 0043393 0717551 0015852
 0025663 0025664 0449851 0025141 0016327 0439133 1553038 0016327 0439133 1553038 1880022 0205369 1552740
 1517844 0025141 0439267 0439267 0205090 0684010 2603358 0439267 1552950 0016327 0439133 1553038 0003316 0229671 0680220 1151254 0030705 0024141 2984317 0409974 0024131 0024138 0205373
 1315013 0016327 0439133 1553038 0201925 0242485 0020205 1524063 0060505 0385473 0597607 1999216 1159606
 0025663 0025664 0449851 1517844 0025141 3541314 0201925 0242485 1518997 0039194 0024264 0060505 0385473 0596234 0021212 1235732 1522602
 0025663 0025664 0449851 1517844 0025141 0016327 0439133 1553038 0075172 0036681 0038164 1273517 1883351 0079809 0242485 0523720
 0201682 1315013 0162791 0220845 0282423 0020538 1963138
 0025141 0242397 0597277 1708601 0205090 0684010 2603358 0204727 0184661 1948041 2700391 3274430 3538935 3539779
 0028606 0001128 0007610 2347379 0025141 0021966 0221138 0597277 1708601 0016327 0439133 1553038 0007382 1283195 2945843 0205145 1880389 1883221 3541951 0596260
 1517844 0000857 0600678 1552863 0369637 0441923 0369637 0441923 0016327 0439133 1553038 0075742 1413221 0567416 0678594 0002778 0936012 1524024 0814999 0032112 0007634 0032105 1550098 3282337
 1517844 0369637 0441923 1538326 3541325 0016327 0439133 1553038 0020792 0205396 1880022 0205307 0439166 2347086 0005889 0302908 1521806
 0063789 1517844 3272375 0000857 0600678 1552863 0205090 0684010 2603358 0369637 0441923 0597277 1708601 0016327 0439133 1553038 1880022 0033684 0004561 0007600 0007634 0205132 0391871 1269647 1283071 1704653 1948049 0030705 1441547 3245521 0221026 0241764 0001768 1517892 1704666
 1315013 0205090 0684010 2603358 0016327 0439133 1553038 2347167 0442805
 0777169 0016703 1551081 0063900 0022131 1522529 0003241 0007634 1269647 1704653 1948049 0011854 0441729 0271650 1320657 1550335 0011847 0011849 0021966 0221138 0332307 1547052 0001779 0001792 1999167 0439234
 0011847 0011849 0000857 0600678 1552863 1418952 0439254 0022065 0022071 0034818 0443891 3272934 0003241 0443289 1960272 0259741 0011849 0332162 0012634
 0011847 0011849 0000857 0600678 1552863 0033727 0369286 0441932 0564385 0369637 0441923 0597277 1708601 2347167 0205210 3645613 1521970 3272934 0003241 0270549 1414925 1515981
 0011847 0011849 0000857 0600678 1552863 0043287 0814812 0011860 2697407 1257890 0441833 0687744 1552516 1552839 1705428 1705429
 0369637 0441923 0205090 0684010 2603358 0369637 0441923 0439267 3541314 0369637 0441923 0021966 0221138 0369637 0441923 0389918 1413036 0042971 1336938 0042974 0030946 1521761 1947941 2827422 0019061 0302810 0039082 0312853 2945560
 0369718 0441922 1414400 1553036 1836672 0037083 3537152
 1517844 2347961 0025141 0178468 2984319 0004364 0040128 0012634 0040132 0443146 0178566 0677607 0012634
 0205329
 1422839 0025141 0016327 0439133 1553038 0016327 0439133 1553038 3156720 0036536 0036537 0021760 1527132 0021764 1527200 0079460 0376563 1149401 1332791 0079784 1524095 0079459 0009392 0018183 0024432 0439158 1521761 1947989 1948023 2827422 1511613 0079189 1524094 1998793 0039194 1267915 0024264
 0007634 1269647 1517844 1704653 1948049 0025141 0011860 2984301 1320657 0011849 0441730 0011847 0332307 1547052 0021053 0012634 0442893
 0025141 0369637 0441923 0369637 0441923 0332120 0030705 0011860 1320657 0441730 0011847 0011849 0332307 1547052
 0011847 0011849 0000857 0600678 1552863