 1523817 0243125 0699900 2745878 0014442 0079284 0002716 0011560 0611285

 0016253 0034036 0034037 1514756 1704324 0348078 0376315 1515981 1522492 1527075 0557061 2584313 1514811 1706462 0011560 1705760 0002716 0030956 0611285 1279919 1521970 1706388 2346469 2348519 0002395 1521724 0012634 0348078 0376315 1522492
 0033684 1327616 0086045 1446561 0033268 0205171 1518422 1720467 0543484 0699900 1516314
 0205234 1285542 1273518
 0205309 0441712 1273518 0006104 1269537
 0684224 0700287 3273238 0020792 0205396 0014442
 1547282 0039798 0087111 1522326 1533734 1705169 3538994 0070915 1152589 0015127 1314792 1524003 0439775 0702240 0700364 1883351 0678226 0002716 0011560 0021467 0021469 0175996 0178719 0243125 0611285 0699900 1628982 2987476 3146286 3463820
 1547282 1514559 0085080 0018555 0007634 0008120 0018557 0029939 0152035 0227898 1278992 3282337 0332268 0205177 0439167 0441655 1561536 0086045 1446561 0439083 0439087 1280500 2348382 0205197 0007634 0039798 0087111 1522326 1533734 1705169 3282337 3538994 0070915
 1547282 0014442 1514798 1749467 1948047 0021135 1533691 2827718
 0557061 2584313 1514811 1706462 0002395 1521724 0012634 0015127 1524003 0001792 1999167 1880022 0002716 0011560 0030956 0611285 0006104 1269537 0348078 0376315 1522492 0333463 0392079
 0002716 0011560 0611285 0085151 3538722 0033665 1456454 0002716 0011560 0033684 0611285 1709634 0171484 1883708 0521119 1327616 2827734 2981698 0740116 2827735 2981700
 0441889 0449286 0542560 1561545 2348088 0851827 1701901 3244310 0033268 0205171 1518422 1720467 0441712 1273518
 0015264 0439851 1947931 0014442 0014445 1704259 1705987 0002716 0011560 0033268 0611285 1880177 0205309 0543484 0699900 1516314
 0543484 0699900 1516314 0332148 0750492 0030940 0030946 1947941 0175996 0178719 0521119
 0030940 0030946 1947941 2945843 0002716 0011560 0079411 0205145 0611285 1515974 2825164 3146294 0079613 1159342 1706528 1327616 1515981 1704259 1705987 0030956 0439801 1265611 0470187
 0086045 1446561 1517331 0243125 0439851 0699900 0851285 1947931 0030940 0030946 1947941 0597361 0014139 0086597 0127400 0597357 1515981 2984285 0031308 0332283 0243125 0521450 0699900
 1523817 0543484 0699900 1516314 1261552 0439801 1549649 2349209 0332453 0035648 0050325 0960756 0035647 1521761 2827422
 0020792 0205396 0002716 0011560 0611285 0023175 0039796 0205314 0243107 0678723 0679622 0723712 1442948 1522538 1527148 2348269 3275067 1522647 0002716 0011560 0086045 0392756 0611285 1446561 1947946 2948600 3540471 3540472 2349975 0015252 0728940
 0684224 0700287 1705535 0035820 1705810 0025250 1366499 0439086 2827736 2981702
 0165519 1334523 0623362 0025543 1704640 1706515 0024188 0020289 1704241 0684224 0700287 3496591 1883351 0032214 0600138 0035820 1705810
 0684224 0700287 3273238 0020792 0205396 0014442 0014442
 2745878 0014442 0014445 0079284 0441886 2698968 0456387 1705943 0205681 0205145 0205177 1515974 2825164 0524462 0027365 0085732 0015576 1704727 0053571 0079284 2984383 0042285 1883351 0348078 0376315 1522492 0079284 2984383
 0441471 0014442 0684224 0700287 3496591 1883351 0030956 0021135 1533691 2827718 0332257 0006100 1537501 0027930 1417869 0038585 1420563 0439861 3179172 0021641 0337112 1524075 1533581 1579433 0441987 1709915 1882936
 2745878 0014442 0014445 0079284 0009013
 0205435 1279901 0205396 1550043 1551388 0014442 1257792 0225336 0005847 0007634 0014257 0178784 1558950 1801960 3282337 0014261 0005773 0007634 0040300 3282337 0332257 0024109 0819757 1278908 0030274 1278931 0039597 1278981 0029939 0227898 1278992 0001625 1268989 1515890 1285092
 0332128 2004054 0205177 0439167 0441655 1561536 0185117 1518422 0684224 0700287 3496591
 0947630 0597879 0085103 1184743 1522240 0599444 1166657
 0034693 0034721 0597879 0206441 0007634 0019564 0442726 0949582 1029104 1284077 1511790 3282337 0004112 0205225 0439631 1515981
 0597298 1511625 0010834 0039259 0205171 0521449 1720467 0017337 0037179 0087136 0205171 0008651 0008633 1520972 0042153 0457083 1947944 0086860 0450347
 0597298 0053571 0079284 2984383 0475264 1744691 0040287 0220927 0040300 0520511 1547928 1704711
 0450344 1553633 0392752 0007603 0025255 0032105 0596901 1550098 1706182
 1414244 1416886 1442449 0684224 0700287 3496591 1883351 0392752 0007603 0025255 0032105 0596901 1550098 1706182 0185117 0442726 1511790
 1979874 0450345 0700364 1883351 0392752
 0947630 1550369 0884358
 0427861 0085080 0007634 3282337 0392148 0887838 1179875 1513822 1705739 1882071
 0450345 0175996 0178719 1185625 2986730 0598829 0553257 0007634 0012984 0022646 0227665 1278978 1280551 1514845 3282337
 1514562 1273518
 0450345 0007600 0007634 0205132 1269647 1550648 1552960 1704653 1948049 0597879 0018042 0175996 0178719 0442726 1511790 0678594 0699040 0007634 0205148 0205170 1269647 1704653 1948049 3146287
 0450345 0086418 1414244 0392752 0007603 0025255 0032105 0596901 1550098 1706182
 0450344 1553633 0450344 1553633 1547282 1883351 0024369 1521840 2984253
 1705241 1705242 0450344 1553633 0678226 2987476 3146286 0017446 0205088 0205147 1705314 1705315 0205169 1705920

 1710082 0450344 1553633 1518422 0086418 0450344 1414244 1553633
 1567265 1414244 0243102 0014442 2348205
 1567265 1414244 0009013 0017337 0443299 0679058 2700640 0014442
 0004793 0162326 0162327 1519249 0450429 1515974 1518422 0684224 0700287 3496591

 0332185 0684224 0700287 3496591 0525049 0009015 1421917 0237876 0424215 2003939 0008643 0008666 0008633 0086418
 1442162 1550718 3244317 2348205 0006556 1882932 1567265 1414244
 1567265 1414244 0392752 2698651
 0002778 0936012 1524024 0443289 0449778 0449774 0332290 0333262 1159343 1159342 1704259 1705987 0450355
 0005861 0002778 0936012 1524024 0443289 1567265 1414244 0205393 0027757 0332257 0007776 1176472 2700441 0007765 1268981 1707522 0001629 0025148 1269575 1305694 2698825 0185117 0442726 1511790 0040300
 1521713 0006104 1269537 1567265 1414244 0019409 0027882 0032659 1257890 0086833 0039729 1269896 0020663 1280712 0002708 0152314 1281026
 0014442 1567265 1414244 0053571 0079281 1413561 1414260 0079284 0205449 0549177 2984383
 0086282 1611821 0680022 2698041 1414244 0332185 0007452 0022077 0026029 1001362 1140701 1278891 1998793 2314880 0205369 1552740
 0014442 1273518 1518422 0009013
 0035820 1705810 1414244 0002395 1521724 0012634 0032214 0600138 1518422
 0150312 0449450 0031330 0205464 0332120 0014442 0002716 0011560 0611285 0021135 1533691 2827718 1515655
 1511726 3245479 0680074 0035820 1705810 0543484 0699900 1516314
 0557061 2584313 1514811 1706462 0002778 0936012 1524024 0002716 0011560 0611285 0014441 0444706 3541902 1552738 1524063 0449913 1553451 1704459 1883351 0442726
 0002716 0011560 0611285 0085080 0007634 1441547 3245521 3282337 0444706 3541902 1524063 0449913 1553451 1704459
 0003241 0021027 0002520 0392747 0030956
 0086045 1446561 0042295 1277697 1301820 0370003 1301820 1883254 0038137 0175675
 0525049 0009015 0450345 0450344 1553633 0450345 0814037 0032520 0035380 0009013 0040649 0337112 0443286 1114821 1335439 1524075 1555029 0332255 0486805 0205145 1515974 1710548 2825164 0427861 0041637 0221313 0225336 1280193 0007634 0014257 0041638 0042449 0086418 1179027 1269647 1278960 1704653 1948049 0035668 1524063 0206415 1882940 0205145 0443288 2827734 2981698 0439780 0450344 1414244 1553633
 0740116 2827735 2981700 0439780 0450345 1414244
 0439086 2827736 2981702 0014442 1555029
 0014442 0439780
 0439084 0728893 0014442 1555029
 0035668 3179121 0007634 3282337 1524063 0812225 1150635 1705212 1705213 3273202 1555029 1524063 0035379 0040646 1555029 2257077 0206415 0069417 0205474
 0332255 1708096 1524063 0206415
 0332255 1708096 1524063 0206415
 0332255 1708096 0205214 1522138 3245511 1524063 0136227 1335439 1273517
 0439084 0728893 0332255 0486805 0205145 1515974 1883357 2825164 1883178 1524063 0011516 0205145
 0162326 0521093 0750484 1553778 1561491 1511521 1547538
 0007585 0007634 0010453 0220814 0430400 1269647 1704653 1948049 2242979 0040669 1316572 1317574 1369612 0034760 0007585 0039421 0376558 0869011 0007600 0007634 0205132 1269647 1704653 1948049 0598079 0869011
 0010454 0009458 0439536 1705217 3244283 0010453 0220814 0430400 2242979 0598079 0007452 0015965 0229671 0521457 1140701 1546774 1550100 0242295 1947943 2348609 0019134 0770546 0007595 0225336 0007634 0014257 0018270 0220844 0242295 1269647 1621966 1704653 1947943 1948049 2348609 2911660 1719918 0030842 0220892 0038425
 0085080 0007634 3282337 0117953 0010454 0009458 0016327 0439133 0439536 1553038 1705217 3244283 0010453 0220814 0430400 2242979 0021289 0229671 0230445 1305418 1546774 1550100 2239178 2939425 0242295 1947943 2348609 0030842 0220892 0038425
 0007634 3282337 0086418 0079946 0439659 1550512 0010453 0220814 0430400 2242979 0007452 0015965 0229671 0521457 1140701 1546774 1550100 0242295 1947943 2348609 0030842 0220892 0038425
 0007634 3282337 0681814 0205177 0439167 0441655 1561536 1883351 0444706 3541902 0041236 1719918 0037633 0525069 1273517
 0085080 0007634 3282337 0916399 0205474 0439755 0947322 1705426
 0205132 0007634 3146294 3282337 0450344 1553633 0450345 0119053 0007634 3282337 0537913
 0242485 0805525 1264633 1521827 1552738

 0427716 1304757 0086045 1446561 0005507 0243073 1332420 1510438 0025255 0041175 0006353 0077281 0814229 2678549 1882074 0020283 0450407 0450408 0450409 0332256 2700400 0038636 1161331 0025255 0006353 0332256 2700400 1313055 0450346 0137840 0770623 0014994 0014996 1161324 1719918
 0242485 0205177 0439167 0441655 1561536 1264633 0060916 0086376 0439267 1439852 1413561 0079281 0549177 2827734 2981698 0020283 0450407 0450408 0450409 0332256 2700400 0037494 1959973 0031493 0016327 0064858 0070329
 0205173 3539942 0443286 1114821 0206243 0699809 0442722 0442723 0442724 0442725 2724205 2724207 2724208 0070915 0392148 0439787 0849355
 0443286 1114821 0013618 1272691 1883712 0079281 2827734 2981698 0030956 0014441 0331955
 0039798 0087111 1522326 1533734 1705169 3538994 1152589 0243077 0007634 3282337 0005971 1139930 3537155 0205200
 0205174 0205170 3146287 1548982 0120742 0543134 0036140 0037494 0037633 0205415 0206136 0525069 1720725 1948050 1423529 1883708 0033727 0369286 0441932 0564385 1439852 0070915 0205474 0039945 1719918 0006938 1719918 0086045
 0007634 0243148 1550141 1882979 2587213 3274648 3282337 1439852 0010454 0009458 0439536 1705217 3244283 0332256 2700400 0086045 1446561 0991865 0006353 0031603 0031701 0036082 1601799
 0039798 0087111 1522326 1533734 1705169 3538994 0010454 0009458 0010453 0220814 0430400 0439536 1705217 2242979 3244283 1512335 1446863 1550101 0936012 1552738 0085151 3538722 0033665 1456454 0002716 0011560 0033684 0611285 1327616 1515981 1709634 0005863 0949466 1705493
 1883351 1516048 0040539 0600688 2986858 0005507 0243073 1510438 0072149 0079809 0242485 0439836 0007634 3282337 0007634 0884358 3282337 2348792 0040223 3541383 1552961 2347617
 0010454 0009458 0010453 0220814 0430400 0439536 1705217 2242979 3244283 0013855 0681850 1550501 1706203 2349001 2697811 0017243 0123400 0063412 0348011 0683758
 0949466 0884358 1524063 0003241 0021027 0205474 1883351 0442726 0085151 3538722 1456454 0033665 0002716 0011560 0033684 0611285 1327616 1709634
 0003241 0021027 0442726 1511790 0003241 0021027 0331955 0005863 0332283 0331955 0868115 0332157 0274281
 0185117 0243114 1998793 2827421 1547699 2700640 0348078 0376315 1522492 1552738

 3146294 1517050 0521119 1880389 1883221 3541951 1524063 0206415 0439780
 1555029
 2827421 1883178 1524063 0011516 0205145 0037081 0002518 0004793 0162326 0162327 1519249 0036536 0036537 1512977 0007634 3282337 1505208 1139855 1511790 0243114 1998793
 0004793 0162326 0162327 1519249 0521093 0750484 1553778 1561491 1511521 1547538
 0598091 0007600 0007634 0205132 1269647 1550648 1552960 1704653 1948049 3146294 2827421 1707391 0439526
 0205200 0007634 3282337 1548982 0120742 0543134 0036140 0037494 0037633 0205415 0206136 0525069 1720725 1948050 1423529 1883708 1442464 0010453 0220814 0430400 2242979 0009458 0229671 0332296 0439536 1546774 1550100 1705217 1880497 1996904 3244283 0142812 0006521 0037473 0220802 0597484
 0162518 0009458 0439536 1705217 3244283 0369637 0441923 0180860 0581406 1522664 1704449 1704684 1875155 0006353 0243122 1145667 1167622 0074757 0031603 0031701 0037473 0597484 1601799 0020283 0450407 0450408 0450409 0037494 1959973 0243114 1998793 1505208 0037293 0181496 1710492 1524063 0036681
 0033684 0028132 0001128 0036681 0202406 2347351 0020923 0020924
 0205265 0750572 1883351 2247561 0600209 0013862 0071500 0596607 0487602 1704680 1511726 3245479 1518422 1547282
 0086045 1446561 1517331 0750572 0871208 1521828 0332849 0871208 1521828
 1413561 0079281 0549177 0470296 0265215 1417092 0020283 0450407 0450408 0450409 0332256 2700400 0037494 1959973 0036774 0036773 0728877 0001924 0007452 0229671 1140701 1546774 1550100 0031493 0016327 0064858 0070329
 0443286 1114821 0013618 1272691 1883712 0030956 0014441 0331955 0444706 3541902
 0871208 1521828 2986811 0597277 0750489 0871208 1521828 1547014 1708601 1948059 0552449 1264633 1554103 2603360 0040223 3541383
 0597277 1708601 1883708 1709908 0332849 0684224 0700287 3496591 0020291 1413561 1414297 1883351 0086045 1446561
 0086045 1446561 0025663 0449851 0750572 0871511 0684224 0700287 3273238 0441994 1548802 2003888 0427716 1304757 0033684 0086045 0750572 1446561 0017243 1382104 1705535 0680844 0681916 0750572 0487602 1704680 0680220 0043194 0205254 0258432 0348078 0376315 1421478 1522492
 1883351 0243148 0392148 1550141 1882979 2587213 3274648 1998793 0033684 0162518 1183428 0009458 0229671 0332296 0439536 1546774 1550100 1705217 1880497 1996904 3244283 1998793 0033684 0009932 0243148 0681814 1273517 1550141 1882979 2587213 3274648
 0002778 0936012 1524024 0243125 0699900 2348236 0005903 0039476 1547703 0671712 0025663 0025664 0034037 0449851 0680240 1704324 1883254 1511521 1547538 0070915 0449468 1690016 1705102 2700258 0991865 0006353 0031603 0031701 0036082 1601799 0265215 1417092 0020283 0450407 0450408 0450409 0332256 2700400 1313055 0031493 0016327 0064858 0070329
 1265611 0443286 1114821 1273517 0750572 1883351 0312860
 0243148 1550141 1882979 2587213 3274648 0002716 0011560 0611285 0028132 0001128 0033684 0202406 1439852 1998793 2347351 0085080 0007634 3282337 0006353 0443286 1114821 0205171 0439044 0679994
 0332282 2348792 0040223 3541383 1552961 2347617 0443286 1114821 0013618 1272691 1883712
 0086045 1446561 1883708 0936012 1524063 0014441 0002716 0011560 0611285 0442726 0030956 0439509 0444930 0733755 2746065
 0002716 0011560 0611285 0205242 0333853 1518422 0005507 0243073 0442726 1510438 1511790
 0002778 0936012 1524024 1517331 1883351 0243125 0699900 0014442 1439852 1512024 1634619
 2603360

 0002716 0011560 0030956 0611285 0332255 0486805 0008562 0205390 1514893 2699488 1555029 1185738 1706132 1524063 0439182 0812409 0006353 0040982 0001128 0202406 0006353 0040982 0001128 0202406
 1264633 1516695 1516698 0677601 1705206 0750480 1705566
 1880022 0008562 0037813 0436196 0577559 1306372 3152252 1553778 1561491 0312860 1439852
 0370003 2347026 0035953 0600140 1704688 2346414 0449913 1553451 1704459 0008848 0242298 0344349 3262831 1524063 1185738 1706132 0006463
 0030956 0439182 0812409 0439531 1948053 0006353 0040982 0001128 0202406 0006353 0050456 0043047 0599638 1550678 0040982 0001128 0202406
 2826285 0806140 0871208 1521828 0702093 1268822 2825050 0030695 0150369 0181904 0596972 1521743 1704646
 1264633 1516695 1516698 0444505 0037813 0436196 0577559 0936012 1306372 3152252 1553778 1561491
 0577559 1306372 3152252 0183396 1518101 0011198 0017480 0039685 0183395 0282597 0577559 1306372 1538326 1710143 1825291 2348791 3152252 3541240 3541325 3166866 0185115 0205421 0684295 3272602 3242339 1513371 1705738 2347637 2348146 1524063 0001128 0202406
 0002520 0001128 1524063
 0022702 0220865 2825046 1516084 1439852 0014442 0312860 0439086 2827736 2981702 1292428 0006353 0020283 0450407 0450408 0450409 0332256 2700400 0036774 0036773 0728877 0001924 0007452 0229671 1140701 1546774 1550100 0031493 0016327 0064858 0070329
 0443286 1114821 0206243 0699809 0014442 0332197 0439787 0849355 1689985 0392148 0070915 0311403
 0443286 1114821 0013618 1272691 1883712 0086045 1446561 0014441 1524063 0449913 1553451 1704459
 0871208 1521828 0005507 0243073 1510438 0205132 1148554 1710637
 0205117 0332282 1883708 2986811 0205436 0457385 0565930 0871208 1521828 1547014 1561503 1705175 1705176 1705177 1705178 1705190 1882348 1948059 0020291 0080103 0205345 1547039 0020291 1413561
 0871208 1521828 0086045 0205170 1710236 3146287
 1413561 0079281 0549177 0470296 1439852 0205174 0205171 0439044 0679994 1328200 0312860 0037494 1959973 0036774 0036773 0728877 0001924 0007452 0229671 1140701 1546774 1550100 0031493 0016327 0064858 0070329
 0443286 1114821 0013618 1272691 1883712
 1527428 0014441 1265611 3146294 0079281 0014441 0331955 0444706 3541902
 0597277 1708601 0552449
 0012634 0348080 1705253 0030956 0332197 1689985 3146294
 1441672 1517945 0332197 1689985 0014442 0678226 0001674 3146286 0175730 1547937 1561954 1704730 0441712 1706376
 0871208 1521828 0332197 1689985 0014442 0871208 1521828 1719767 2348589 0392148
 1441506 0020291 0020283 0450407 0450408 0450409 0205449 0681814 0443286 1114821 0681814 1706386
 0020291 1413561 0597277 1708601 1510992 2825518 0443286 1114821 0681814 1706386
 0086045 1446561 0597277 1708601 1413561 0079281 0549177 0552449 1413561 0079281 0549177
 0557061 2584313 1514811 1706462 0070915 0039945 0006938 0442805 0441833 0687744 1257890 1552516 1705428 1705429 1955473 1547282 0039798 0087111 1522326 1533734 1705169 3538994 0070915 0332462 0439831 0442805 1274040 1546471 1880834 2825142 0086045 1446561 0392760 1314939 0427716 1304757 0086045 1446561 0439509
 0442805 0549177 0443228 0549177 1704243 0007634 0205397 3282337 0026882 0740116 2827735 2981700
 0014442 1273518 0002716 0011560 0611285 1518422 0684224 0700287 3496591
 0070915 0205309 1883351 0018790 0237477 0392351 0521111 0025543 0332257 0025250 1366499 0022709 0003018 0014442 0014442 0600495 1567265 1414244 1518422 0018790 0237477 0392351 0521111 0021669 1415875 0014442 0021641 1533581 1579433
 0035820 1705810 0543484 0699900 1516314 0332185 0684224 0700287 3273238
 0574032 1827465 0019564 0949582 1029104 1284077 0034693 0034721 0237881 0442805 0750502 1546944 1274040 1546471 2825142 1265611 0002716 0011560 0611285 0333562 0348078 0376315 1515981 1522492 0205166 1706317 0002716 0011560 0021467 0021469 0243125 0611285 0699900 1628982 3463820 0025250 1366499
 0025250 1366499 0684224 0700287 3496591 1883351 2982691 0699040 0007634 0205148 1269647 1704653 1948049 0348078 0376315 1522492 0150312 0229671 0449450 1546774 1550100 0007806 0005889 0302908 0444611 0521329 1704353
 1826261 0025255 0238767 0332297 0596901 1145667 1167622 1689898 1706086 1706182 2349209 0030946 1947941
 0220825 0035820 1705810 1524063 0014432 1152555 0039945 0006938
 1518422 0085732 1299581 1414244 1999216 1548671 0470187
 0039798 0087111 1522326 1533734 1705169 3538994 0070915 0443228 1704243 0439775 0702240 0349966 1337208 0205289 0806909 1280500 2348382 2825407 0178602 0869039 1114758 1709305 2745955 1511726 3245479 1518422 1547282
 0039798 0087111 1522326 1533734 1705169 3538994 0006938 0439093 0443228 1704243 0600495 0681828 0947630 0439092 0547044 1514873 1883351 0018790 0237477 0392351 0521111 1414244 0231175 1883351 0442805 1274040 1546471 2825142 0002716 0011560 0611285 0349966 1337208 1280500 2348382 0332148 0750492 1518422 0678226 0021467 0021469 0025250 1366499 1628982 2987476 3146286 3463820
 1274040 1546471 2825142 1301820 1511726 3245479 1518422 1547282
 0025250 1366499 0392752 0699040 0007634 0205148 1269647 1704653 1948049 0007605 0031164 2347946 0805874 0870077 1446409 0439787 0849355 0392148 1527178 1705938
 0805874 0870077 1446409 0439787 0849355 1280500 2348382 0678226 0014442 0205427 3146286 0237677 0039945 0006938
 0243095 0596897 0205177 0439167 0441655 1561536 1524063 0005507 0243073 1510438 1511726 3245479 1518422 1547282
 1511726 3245479 1708698 1883351 1292732 1414244
 0449911 0333052 2607870 0557702 1272706 1704674 0557702 1272706 1704674 0349966 1337208
 2827734 2981698
 1280500 2348382 0086045 1446561 0010454 0009458 0010453 0220814 0430400 0439536 1705217 2242979 3244283 0007634 3282337
 2347578 0205170 3146287 0332293 0070915 1522326 0006938 0003015 1999216 0039945 1999216 0456696 1442770 0086045
 0086045 1446561 1524063 0014441
 1511726 3245479 0205174 1704970 0205170
 0596290 2986858 0007634 0334094 1269647 1514485 1704653 1948049 0005507 0243073 1510438 1518422 0443289 0040539 0600688
 1514559 0392756 0547047 0086045 1446561 0205197 0039798 0087111 1522326 1533734 1705169 3538994 1555029 0070915 0332120 0035820 1705810 0086045 1446561 0302523 0700325 1517331 1964257 0085080 0007634 3282337 0205177 0439167 0441655 1561536 0441889 1707455 0231175 1883351 0070915 0042789 1947903 0349966 1337208
 0441889 0002716 0011560 0611285 0332293 0070915 0086045 0205250 1299351 1522326 2700149 1511726 3245479 1518422 1547282
 1517331 1883351 1292732 0035820 1705810 0009013 0085080 0427861 0007634 3282337 0450344 1553633
 0205177 0439167 0441655 1561536 1524063 0005507 0243073 1510438 0521093 0750484 1883351 0150312 0449450 0007634 3282337 0332197 2699517 1511726 3245479 1518422 1547282
 1265611 0205132 2348205
 1514559 0450345 0332268 0205177 0439167 0441655 1561536 0038452 0301630 0392756 0439083 0439087 0441610 1274040 1546471 2825142 0301630 0392756 0441610 0349966 1337208
 0392747 0443172 1265611 1327616 1441672 3538722 0007634 3282337 0031249 0086022 0442335 1705099 1707455 0243148 1550141 1882979 2587213 3274648 0007634 3282337 0443348 0036536 0036537 1518422 0014442 0392760 1314939 1514559
 0301630 0392756 0441610 0450344 1553633 0007634 3282337 0205197 0039798 0087111 1522326 1533734 1705169 3538994 1555029 0070915 0031437 1285572 0678226 2267219 0243102 0014442 0205177 0439167 0441655 0750492 1561536 3146286 1514559
 0449911 0333052 2607870 0557702 1272706 1704674 0557702 1272706 1704674 0349966 1337208
 0740116 2827735 2981700
 1514559 0450345 0086045 1446561
 0086045 1446561 0007600 0205132 0014441 0332282 0070915
 1511726 3245479 0205174 1704970 0205170
 0949466 0005863 0002778 0936012 1524024 1705493 1553033 0162518 0007634 0009458 0009647 0162867 0884358 1254021 3282337 1439852 0070915 1524063 0003241 0021027 0442726 3538722
 0015252 0728940 0007634 0205171 0450344 0750489 1414244 1553633 1720467 3282337 0441712 1706376 0086045 1446561 0007634 3282337 0439673 1705535 1274040 1546471 2825142 0439509
 0332290 0039798 0087111 1522326 1533734 1705169 3538994 0684224 0700287 3496591 1883351 0332462 0442805 1274040 1546471 1880834 2825142 0086045 1446561 0002716 0011560 0611285 0007634 3282337 0332293 0205198 1522326 1706082 0439509
 1547282 0039798 0087111 1522326 1533734 1705169 3538994 0070915 0237881 0442805 0750502 1274040 1546471 1546944 2825142 0086045 1446561 0042789 1947903 0349966 1337208
 1883351 0442805 0332148 0750492 0699040 0678226 0007634 0021467 0021469 0205148 1269647 1628982 1704653 1948049 2987476 3146286 3463820 0030946 1947941 0884358 0681814 1706386 0007634 0009458 0150141 0439536 0518460 0541747 1524062 1705217 3244283 3282337 0332197 1689985 0392148
 0349966 1337208 1547282
 0439086 2827736 2981702 0849355 0205170 0392148 3146287 0332197 1689985
 1547282 1274040 1546471 2825142 0002716 0010453 0011560 0036849 0220814 0430400 0611285 1442518 1705195 1883254 2242979 0205170 3146287 1518422 1524062 0070915 0033414
 1511726 3245479 1301820 1524063 1511726 3245479 1518422 1547282
 0449911 0333052 2607870 0557702 1272706 1704674 0557702 1272706 1704674 0349966 1337208
 0439086 2827736 2981702
 1280500 2348382 0015252 0728940 0002716 0011560 0611285 0007634 3282337
 0007634 0205200 1524062 3282337 0392148 0679214 0332197 1689985 0679214 0070915 0456696 1439852 1442770
 0002716 0011560 0611285 0205436 0457385 0565930 1561503 1705190 0007634 0036849 0243148 1442518 1550141 1705195 1882979 2587213 3274648 3282337 1439852 0070915 0439582 0040223 0439531 1948053 3541383
 0444706 3541902 2348792 0036849 0040223 1442518 1444656 1705195 3541383 1552961 2347617 1524063 0014441 0086045 1446561 0042295 0243148 1301820 1550141 1882979 2587213 3274648 0205227 0007634 3282337 0007634 1301820 3282337 1439852 0002716 0011560 0611285
 0681493 2698021 1547282 0162518 0009458 0439536 1705217 3244283 0007634 3282337 0456696 1442770 0039798 0087111 1522326 1533734 1705169 3538994 0070915
 1511726 3245479 0205174 1704970 0205170
 1883351 0015252 0728940 1551359 2741673 2981730 0439092 0547044 0449719 1709471 0392756 0547047 0086045 1446561 0007600 0007634 0205132 1269647 1704653 1948049 0392148 0332197 1689985 0439165 1549488 1561533 0014441 0456696 1442770
 0015252 0728940 2348205 0085080 0007634 3282337 0450373 1553636 1518422 0039798 0070915 0087111 0392760 1314939 1522326 1533734 1705169 3538994 1511726 3245479 1518422 1547282 0205217 0442805 0332462 1880834 0450375
 0449911 0333052 2607870 0557702 1272706 1704674 0557702 1272706 1704674 0349966 1337208

 0015252 0728940 0085080 0007634 3282337
 0085080 0007634 0205200 1524062 3282337 0450344 1414244 1553633 0450345 0031249 0086022 0442335 1705099 0456696 1439852 1442770
 2348792 0040223 0444706 1444656 3541383 3541902 1524063 0014441 1518422 0442726 0002716 0011560 0611285
 1511726 3245479 1547282 1882932 0205170 3146287 1439852 1883254
 0086045 1446561 0456696 1442770 0441994 1548802 2003888 0031249 0086022 0442335 1705099 0243148 1550141 1882979 2587213 3274648 0369773 2603361
 0681493 2698021 1547282 0439165 1549488 1561533 0450344 0849355 1414244 1553633 0007634 3282337 0392148 0070915
 2347469 0205436 0457385 0565930 1561503 1705190 0007634 0036849 1442518 1705195 3282337 1439852 0070915 0439582 0040223 0439531 1948053 3541383
 2348792 0040223 0444706 1444656 3541383 3541902 1524063 0014441
 1511726 3245479 0205174 1704970 0205170
 1442162 1550718 3244317 0002520 0001128 0002716 0011560 0442818 0611285 0005507 0243073 1510438 0442726 0030956 0023175 0443225 1442948 1444754 1522538 1706316 2348269 3275067
 0332282 0442805 0369773 2603361 0015252 0728940 0002716 0011560 0611285 0009458 0439536 1705217 3244283 0007634 3282337 0031249 0086022 0442335 1705099 1707455 0243148 1550141 1882979 2587213 3274648 0450373 1553636
 0442739 1548568 0392747 0443172 1705241 0007634 1441672 3282337 0450345
 0442805 0205197 0039798 0070915 0087111 0332161 0599946 1522326 1533734 1705169 3538994 1280500 2348382 0678226 2267219 0205177 0439167 0441655 0450344 0750492 1414244 1553633 1561536 3146286 0450373 1553636
 0007634 3282337 0039798 0087111 1522326 1533734 1705169 3538994 0442805 1274040 1546471 2825142 2348792 0040223 1552961 2347617 3541383 0450375
 1998793 0002716 0011560 0611285 0021135 1533691 2827718 0348078 0376315 0332268 0175996 0178719 1519623 1167322 2752508 1880389 1883221 3541951 0684224 0700287 3496591 1883351 0079281 1413561 0549177
 0360722 0455052 1521827 1552738
 0205177 2698651 0020283 0450407 0450408 0450409 1413561 0079281 0549177
 0012634 0348080 1705253 0005507 0243073 1510438
 0150312 0360722 0455052 1521827 2698651 0020283 0450407 0450408 0450409 1413561 0079281 0549177 0442749 0014442 3146294 2348205 1552738
 1274040 1546471 2825142 0205197 1517945 0014441 0349966 0442726 1337208 1511790
 0301630 0392756 0441610 0205197 0028778 0332206 2983591 0070915 0014432 0919438 1418824 0014442 1999216 0671712
 1999216 0869040 0947630
 1883351 0521093 0750484 1456348 1517945 0678226 0002716 0011560 0543484 0611285 0699900 1516314 3146286 0002716 0011560 0243122 0611285 1145667 1167622 1518422 1882365 0936012 1280500 2348382 0002716 0011560 0611285 0008562 0567416
 0030956 0443225 1444754 1517945 1706316 1274040 1546471 2825142 0220781 0439634 1522492 0444505 0597410 0008550 0205390 0442726 1511790 1555029 0349966 1337208
 0220781 0439634 1522492 0205197 0028778 0039798 0087111 0332206 1522326 1533734 1705169 2983591 3538994 0671712
 0449911 0333052 2607870 0557702 1272706 1704674 0557702 1272706 1704674 0349966 1337208
 0439084 0728893
 0243125 0699900
 0014442 1749467 1948047 0312860 0085080 0007634 0009458 0439536 1269647 1704653 1705217 1948049 1998793 3244283 0456696 1439852 1442770 2347469
 0243148 1550141 1882979 2587213 3274648 0014442 0671712 0070915 1883712
 1707156 3274014 3541345 1999216
 1707156 3274014 3541345 1999216
 0443286 1114821 0206243 0699809 0439787 0849355 1998793 0033684 0085080 0007634 0205409 1548221 3282337 0243148 1550141 1882979 2587213 3274648
 0002716 0011560 0611285 0442726 1511790 1524063 0449913 1553451 1704459 0442726 0030956
 1511726 3245479 0205174 1704970 0443286
 0449911 0333052 2607870 0557702 1272706 1704674 0557702 1272706 1704674 0349966 1337208

 0002778 0936012 1524024 0014442 1749467 1948047
 0014442 1749467 1948047 0312860 0456696 1439852 1442770 1512024 1634619
 0243148 1550141 1882979 2587213 3274648 0014442 0671712 1883712 0002716 0011560 0611285
 0030956 0597410 0008550 0086972 0205390 0443299 0687118 1555029 1185738 1706132
 1264633 1516695 1516698 1512024 1634619 0036406 0302908 0678573 1304698 1546699 1561501 0750480 1705566
 1285529 0002716 0011560 0611285 0205171 0439044 0679994 0037179 0087136 0205171 0444505 1264633 1554103 0205280 0002716 0011560 0611285 1441672 1439852 0392148 0671712 1511726 3245479 1518422 1547282
 1148554 0014442 1547282 1883351 0237753 0449788 0441987 1709915 1882936 0205145
 1883351 2945843 0205145 0597551 0030956 0868946 0010813 0596311 1330957 1514468 0008562 0086972 0205390 0443299 0687118 1555029
 0012238 2349986 0681814 1706386 0205164 0205450 0220781 0439634 0444505 1514468 1522492 1704444 1274040 1546471 2825142 2348205 0030956 1441672 1442460 1708632
 0444505 1517331 0037813 0436196 0577559 0936012 1306372 3152252 1553778 1561491 0002508 0020792 0025033 0205088 0205396 0205449 0332152 0332255 0486805 1522538 1705314 1705315 0002716 0011560 0611285 2827734 2981698 0002716 0011560 0611285 2827734 2981698 0002716 0011560 0611285 2827734 2981698
 1707271 0205088 0332255 1705314 1705315 1708096 1441672 0002716 0011560 0611285 0439509 0349966 1337208 0021966 0221138
 0449911 0333052 2607870 0557702 1272706 1704674 0557702 1272706 1704674 0349966 1337208

 1148554
 0868946 0312860
 0010813 0596311 1330957 1514468 0008562 0086972 0205390 0443299 0687118 1555029 1524063 1185738 1706132
 1264633 1516695 1516698 1268822 2825050 0030695 0150369 0181904 0596972 1521743 1704646
 2347469 0002518 0002520 2917660 0001128 0004793 0162326 0162327 0202406 1519249 1547282 0205145
 0424215 0444505 0450316 2827734 2981698 0037813 0436196 0577559 1306372 3152252 1553778 1561491 0042789 1947903 0021966 0221138
 0336721 0205145
 0449911 0039224 1706073 1706074 0557702 1272706 1704674 0557702 1272706 1704674 0020792 0205396 0868946 0030956 0008562 0086972 0443299 0687118 0349966 1337208 1547282
 1571602
 0444505 0450316 2827734 2981698 1516695 1516698 1517331 0037813 0436196 0577559 0936012 1306372 3152252 1553778 1561491
 0002778 0936012 1524024 0684224 0700287 3496591 1883351 0913440 0079281 0079282 0217843 1413561 1413562 0549177 0006100 1537501
 0013682 0079281 1413561 0549177 2986811 0205436 0457385 0565930 0871208 1521828 1547014 1561503 1705175 1705176 1705177 1705178 1705190 1882348 1948059 0006100 1537501 1707455 1413561 0079281 0549177 0020283 0450407 0450408 0450409
 1883351 1516084 1883351 0205265 0332128 0871208 1521828 0086045 2698651 0010813 0596311 1330957 1413561
 0871208 1521828 0205132 1511726 3245479 1518422 1547282
 2699424 1524063 0042153 0457083 1947944 0681814 0231242 0242485 0030956 0033422 0205418 1882443
 1299582 1710637
 0085732 1299581 1883351 1441506 0871208 1521828 0012634 0348080 1705253
 0012634 0348080 1705253 0086045 1446561 0205170 3146287 0871208 1521828 0205163 1549782 0014442 0086045 1446561 1719797 2911648 0025664 0184661 2700391
 1524063 0025663 0449851 0871511 1883351 2827734 2981698 1414297
 1522609 0441994 1548802 2003888 0020291 1413561 0012634 0348080 1705253
 0332185 0684224 0700287 3273238 0006100 1537501 0038585 1420563 0439861 0079281 1413561 0020283 0450407 0450408 0450409 0549177 1707455 2698651 0205117 0332282 1883708 1707455 0013682 0079281 1413561 0549177
 2348205 0038585 1420563 0439861 0020283 0450407 0450408 0450409 1883351 0450346 0740116 2827735 2981700 0040223 1632851 0439093 0443228 1704243 0020283 0450407 0450408 0450409
 0455052 1521827 0012634 0348080 1705253 1883351 1414297 0439093 0443228 1704243 0020283 0450407 0450408 0450409
 1522609 0020291 1413561 0332462 1880834 0601906 0439093 0443228 1704243 0020283 0450407 0450408 0450409
 1316572 1317574 1369612 0042295 0684224 0700287 3496591 0014442 0086045 1148554 1446561 0079281 1413561 0020291 0549177 0684224 0700287 1527178 1705938 3496591 0020283 0450407 0450408 0450409 0025664 0184661 2700391 0205344 0042295 1527178 1705938 0086045 1446561 0750572
 0020291 1413561 0681814 1518422 0392747 0443172 1705241 0086045 1446561 1705242
 1514811 1706462 0332185 0870392 0014442 0014445 1880177 0002716 0011560 0205393 0543484 0611285 0699900 1516314 0006104 1269537
 0021669 1415875 0014442 0021641 1533581 1579433 0025250 1366499 1883351 0030940 0030946 1947941 0002716 0011560 0243125 0611285 0699900 1314939 1327616 0439084 0728893
 1511726 3245479 0470187 0030940 0030946 1947941 1880177 0002716 0011560 0205393 0243125 0611285 0699900 0683213 0006104 1269537
 0332148 0750492 0030940 0030946 1947941 0175996 0178719 0521119 0032214 0600138 0035820 1705810
 1880177 0441712 1273723 0006104 1269537 1705242 0017446 0205147
 0392756 0547047 0205164 0026193 0205165 0002716 0011560 0205217 0442805 0611285 1274040 1546471 2825142 0243107 0678723 1527148
 0442805 0030956 0205216 0392756 0442797 1274040 1546471 2825142 0392756 0035647
 1883727 1883357 1511726 3245479 0449450 0684224 0700287 3273238 0243102 0205177 0439167 0441655 1561536 0001721 0086045 1446561 1523817 0030956 0243125 0439851 0699900 0750492 1947931
 0014442 1514798 1749467 1948047 0038592 0037791 1511884 1710236 0205370 2348205 0010813 0596311 1330957 0441987 1709915 1882936
 0025250 1366499 0014442 0700364 1518422 0030956 0547044 0700321 1444754 1706316
 1442162 1550718 3244317 0037791 1511884 0205145
 0205451 0439092 0547044 0205145 0684224 0700287 3496591 1883351 0025250 0205242 0333853 1366499 1514798 0021135 1533691 2827718
 1524063 0008562 0037813 0436196 0577559 1306372 3152252 0162801 0002778 0004793 0162326 0162327 0936012 1519249 1524024 0014442 1749467 1948047 0332294 0002716 0011560 0220781 0439634 0611285 0678226 1522492 0332255 0486805 1708096 2827734 2981698 2827734 2981698 2827734 2981698 0439509
 0332290 1441672 1457900 0010813 0596311 1330957 0441987 0598629 1709305 1709915 1882936
 1442162 1550718 3244317 1567265 1414244 1334043 0237876 0243102 1264638 1547012 0205177 0439167 0441655 1561536 1567265 1414244
 1567265 1414244 0927232 1269563 0027763 0422837 1269560 0027769 0205099 0449913 0599851 1553451 1704459 1879652 0205177 0439167 0441655 1561536 2347946 0006104 1269537
 0243102 0205177 0439167 0441655 1561536 0392752 0699040 0007634 0205148 1269647 1515981 1704653 1948049 0449475 1567265 1414244 0700364 1883351 2982691 0007634 1269647 1704653 1948049
 0085080 0007634 3282337 1514559 0450344 1553633 1441672 0015252 0728940 0456696 1442770 0450344 1553633 1880177 1523817 0030956 0243125 0521119 0699900 0750482
 0085080 0007634 3282337 1514559 0450345 0007634 1515981 3282337 1414244 0243125 0699900 0332324 1550474
 1274040 1546471 2825142 0442805 0007634 3282337 0392148 0070915 0678226 1523817 0021467 0021469 0030956 0175996 0178719 0243125 0699900 1628982 2987476 3146286 3463820
 0085080 0007634 0450344 1414244 1553633 3282337 0442805 0039798 0087111 1522326 1533734 1705169 3538994 0070915 1518422 0700364 1883351 1551359 2741673 2981730 0442805 0243125 0699900
 0805874 0870077 1446409 0439787 0849355 0699040 0205148 0036536 0036537 0002716 0011560 0611285 1518422 0030956 1720119 1948037 0010454 0009458 0010453 0220814 0430400 0439536 1705217 1947931 2242979 3244283
 0450344 1553633 0684224 0700287 3496591 1883351 0392752 0699040 0007634 0205148 1269647 1704653 1948049 0597298 0079281 1413561 0549177 1184743 1522240 1547282 0085080 0007634 3282337 0750501 0332148 0750492 0699040 0007634 0205148 0205170 1269647 1704653 1948049 3146287
 0450344 1553633 0002716 0011560 0611285 0699040 0007634 0205148 0599896 1269647 1704653 1948049
 0947630 1518422 0884358 0947630 1414244 0002716 0011560 0611285 0150312 0449450
 0450345 0684224 0700287 3496591 1883351 0150312 0449450 2945843 0205145 1515974 2825164 0007634 3282337 0450382
 0150312 0020283 0450407 0450408 0450409 0020283 0450407 0450408 0450409 0332462 1880834 0601906 0441994 1548802 2003888 1710236 1413561 0079281 0549177
 1274040 1546471 2825142 2347946 0887838 1179875 1513822 1705739 1882071 0450345 0700364 1883351 0020283 0450407 0450408 0450409
 1567265 1414244 0332148 0750492 0150312 0449450 0886515 0333262 0450355
 0332290 0070915 0018790 0237477 0392351 0521111 0243125 0699900
 0439509 0684224 0700287 3496591 0039798 0087111 1522326 1533734 1705169 3538994 0699040 0002716 0007634 0011560 0332281 0442805 0611285 1269647 1274040 1546471 1704653 1948049 2825142
 1518422 0085732 1299581 0442726 0002716 0011560 0611285 0392148 0332197 1689985 0678226 1819802 0030956 0036536 0036537 0439831 3146286
 0015252 0728940 0007634 3282337 0237677 1705535 0205198 1706082 0015264 1280500 2348382 0441471
 0070915 0813983 0678594 0700364 1883351 1881534
 0205198 1706082 1547282 1883351 0085732 1299581 0018790 0237477 0392351 0521111 0439836 0079284
 0332149 1705910 2362652 0070915 0205250 1414244 0699040 0699040 0007634 0185117 0205148 1269647 1704653 1948049 0725813 1414244
 0442805 0007600 0007634 0205132 1269647 1704653 1948049 0332293 0070915 1522326 0549177 0443228 0549177 1704243 0007634 0205397 3282337 0026882 0740116 2827735 2981700 1705535 0332453 0035648 0050325 0960756 0035647 1521761 2827422
 1521761 2827422 0079284 0441889 1880177 1274040 1546471 2825142 0680243 0547047 0007806 0747307 0005889 0030705 0302908 0444611 0521329 0684224 0700287 1704353 3496591 0243148 1550141 1707455 1882979 2587213 3274648 0027361 0237401
 0022885 0039593 0392366 0030946 1947941 1883351 1280500 2348382 0456148
 0206745 0025914 0025929 0026809 0596392 0018798 0000768 0000769 0332294 0013935 0678226 0206745 0025914 0025929 0026809 0443348
 1265611 0205132 0442726 1511790
 0206745 0025914 0025929 0026809 0741916 0243067 0205082
 0030956 0442726 1511790 0152057 0152058 0220808 0030940 0030946 1947941
 1313915 0439801 1549649 2349209 0582205 1880177 1515655
 0681814 1999230 0233820 0006104 1269537
 0439792 0035820 1705810 1515655 0205177 0439167 0441655 1561536 1265611 0006104 1269537 1274040 1546471 2825142 1299395 0237881 0750502 1546944
 0205435 1279901 0243077 1514756 1265611 3245505 0013227
 0243125 0699900 1414244 0011389 0030956 0086045 0205431 0332461 0333463 0521119 1446561 1522492 1880177 0006104 1269537 3463820 0205177 0439167 0441655 1561536 0023175 0243107 0678723 1442948 1522538 1527148 2348269 3275067 0521110 0012634
 1414244 0243077 0018790 0237477 0392351 0521111 0014442 0014445 1524063 0242510 0042153 0457083 1947944 0035647 1414244 0025250 1366499 0032214 0600138 0035820 0006104 1269537
 0597357 1521840 2986546 0449913 1553451 1704459 0020538 1963138
 0851285 1327622 0039798 0087111 1522326 1533734 1705169 3538994 1524063
 2699424 0030705 0857121
 0041904 0162493 0547043 0851285 1282911 1327622 0025914 0025929 0026809 2827421 1720154 0442805 0185117 1518422 0700364 1883351 0079284 0175630 0205217 0441889 0442805 1274040 1546471 2825142 1414244 0332148 0750492 1518422 0439801 0871208 1521828
 1517331 0474395 0205177 0439167 0441655 1561536 0205217 0441889 2266875 1442162 1550718 3244317 0150312 0332285 2348042 2826345 0028778 0332206 1533157 1706084 2828370 0595938 1280500 2348382
 0205437 0026882 0205396 1550043 1551388 0027361 0237401
 1316572 1317574 1369612 0085801 0679560 0796344 2825412 0002778 0936012 1524024 0205087 0332162 1880177 1518422 1554077 2828389 1953345 0017446 0205147 1333402 0017337
 0027361 0237401 0035647 0392756 1551058 0012634
 0556570 0002778 0936012 1524024 0027361 0237401 0439792 0243107 0678723 1527148
 2986676 0031831 1707664 2348314 3540849
 0220825 1261322
 2986676 0031831 1707664 2348314 3540849
 0018896 0022702 1552861 0002778 0936012 1524024 0220825 0600659 1261322 1511545 1515981
 2986676 0031831 1707664 2348314 3540849
 0021267 0031831 1707664 2348314 3540849
 0031831 1707664 2348314 3540849

 2986676 0031831 1707664 2348314 3540849
 0475264 1744691 0597298
 2825232 0043227 0015770 0554249 1521721 1553033 0015770 0016617 0454788 1077578 1515981 0013631 0013621 0013622 0013658 0039401 0035168 0242481
 0010186 0220812 0449719 1709471 0220808 0680264 0007961
 1706852 0522501 1706089 0949214

 0282413 0376649 1442065
 2951520
 0254343 0796520 3272379

 0085205 1549619 1880669
 0013849 1705961 0024492 1538057 1547565 0059804
 0034037 1704324 0030351
 0302523 0700325 1964257
 0000723 0000723 1273517 0002395 1521724 0012634
 0002716 0011560 0611285 0002716 0011560 0611285
 1414244 2745878 0014442 0079284
 0018555 0008120 0018557 0029939 0152035 0227898 1278992
 0085151 3538722 1456454 0033665 0002716 0011560 0033684 0611285 1709634 0085151 3538722 1456454 0033665 0002716 0011560 0033684 0611285 1709634
 0085151 3538722 1456454 0033665 0002716 0011560 0033684 0611285 1709634 0085151 3538722 1456454 0033665 0002716 0011560 0033684 0611285 1709634
 3538722 0085151 3538722 1456454 0033665 0002716 0011560 0033684 0611285 1327616 1709634
 0025250 1366499 0025250 1366499
 0079284
 0887838 1179875 1513822 1705739 1882071 0887838 1179875 1513822 1705739 1882071
 0427861 0041637 0221313 0225336 1280193 0007634 0014257 0041638 0042449 0086418 1179027 1269647 1278960 1704653 1948049
 0014442 1749467 1948047
 0022709 0003018 0014442
 0014441 0014441 2717977 0005507 0014442 0021075 0243073 1510438 1517892 1704666
 0031493 0016327 0031493 0016327
 0077068 0369718 0441922 0700307 1553036 0556985 2247301 3540495 0017890 0522461
 0265215 1417092 0001128 0202406
 0008562 0008562 0008565 0008550 0033095 0205250 0302908 0460139 1299351 1304698 1306345 1546699 1561501 2700149
 0439086 2827736 2981702 0439084 0728893 0740116 2827735 2981700 0039704 0036140 0037494 0206136
 1514811 1706462 0557061 2584313 1514811 1706462 2827734 2981698
 0016327 0439133 1553038


 0450385 0025141 0740116 2827735 2981700
 2603360

 2347469 2603362
 0439267


 0025141 0439086 2827736 2981702
 0021966 0221138
 2603362

 0025141


 0043402 0597277 1708601 0369637 0441923
 2347469 0369637 0441923
 0205090 0684010 2603358 0439394 1706495 3642217
 2347469



 0201682
 0439084 0728893
 0597277 1708601 0043402
 0324525 0369637 0441923
 0205090 0684010 2603358




 0439394 1706495 3642217
 1553033
 0369637 0441923

 2347379
 0025141
 0597277 1708601 0369637 0441923
 0205090 0684010 2603358



 0025141
 0369773 2603361
 0030956 0025141
 0369718 0441922 1553036 0597277 1708601 0033727 0369286 0441932 0564385
 1291910 1295018 3541258 2603360



 0025141
 0369718 0441922 1553036 0024171 0024176 2697939 2347469 0369718 0441922 1553036
 0369773 2603361 1553033 0033727 0369286 0441932 0564385
 0597277 1708601 2603360



 0040371 0000857 0600678 1552863

 0205090 0684010 2603358 0449205 1538613 0439267
 0369773 2603361 1051267 0369637 0441923





 0205090 0684010 2603358
 0439267

 2603360 0442982
 0205090 0684010 2603358


 0201682


 0043402 1553033
 2347469



 0201682


 0439394 1706495 3642217



 0025141
 0369637 0441923




 0450348 0025141
 0439267
 2603360 0597277 1708601


 0201682

 0369718 0441922 1553036 1553033 1551965 1555246 0369637 0441923
 0007634 1269647 1704653 1948049 0025141

 0369773 2603361 0205090 0684010 2603358
 1553033
 0369773 2603361
 0369718 0441922 1553036
 2603362



 0369773 2603361 0205090 0684010 2603358
 0369773 2603361 0016327 0439133 1553038




 0597277 1708601 2347469
 2603360
 1553033



 0450387 0025141
 0439114 0369637 0441923
 0439267


 0201682

 0597277 1708601 3613423 0597277 1708601

 0025141 0450348
 1589613 2347469 0033727 0369286 0441932 0564385 2603360 0029903 0205090 0684010 2603358 2603360 0439267 0033727 0369286 0441932 0564385

 0025141
 0439114 0369773 2603361
 2347469
 0439267 2347469
 0369637 0441923


 0025141
 0439114 0439267 0205090 0684010 2603358 1553033
 2347469




 0439267 0369773 2603361


 0025141
 0016327 0439133 1553038
 0369773 2603361 0439267 0369773 2603361


 0025141
 0369718 0441922 1553036 0033727 0369286 0441932 0564385 2603360 0369637 0441923


 0201682

 0369718 0441922 1553036 0369637 0441923


 0201682

 0001057 3538752 2603360 0597277 1708601 0369718 0441922 1553036 0033727 0369286 0441932 0564385 0369718 0441922 1553036 0439114
 2347379
 0439084 0728893 0450355 0025141 0450355
 1979971 0016327 0439133 1553038

 0369773 2603361
 0332520 2347774
 2347379

 0033727 0369286 0441932 0564385 0181107 0205090 0684010 2603358
 0443048
 0369718 0441922 1553036 2603362

 0369637 0441923

 1315013


 0033727 0369286 0441932 0564385 0597277 1708601 2603360 2603360 1461631 2603360

 0025141
 0998924 0369718 0441922 1553036 2603360
 2603360 0064494
 0439394 1706495 3642217 1708595 3280986 1553033 2603360
 2603362
 0439267
 0036397 0025141
 2603360 1553033 0998924 0369718 0441922 1553036
 0005477 0025141
 0597277 1708601 2603362
 2347469

 0230467 0741204


 0025141
 0369773 2603361 0439267 1553033
 0369773 2603361 0016327 0439133 1553038

 0025141
 0597277 1708601
 2603362
 2347469 0085999 2603362
 1553033

 0205090 0684010 2603358
 2603362
 1551965 1555246 0369718 0441922 1553036 0369637 0441923


 2347379

 0025141

 2347469 1553033 2603362
 0439267
 0037455 1826357 0439509
 2603362
 3495095
 0554249
 0021966 0221138 0597277 1708601 0444649
 0439394 1706495 3642217
 0005477 0025141
 0369773 2603361
 0331893 0369773 2603361 0005135 0982158 3495134
 0369718 0441922 1553036
 0205090 0684010 2603358





 0025141
 0369773 2603361 0033727 0369286 0441932 0564385 2347469
 0332030

 0025141

 0597277 1708601


 0369773 2603361 2603360
 0016327 0439133 1553038

 0025141
 0369637 0441923
 0439267 0016327 0439133 1553038 0036110 0327949 0459210 2347469


 0025141

 1553033
 0439267 2347469
 0369773 2603361

 1315013

 0450317 0025141
 3613423 0597277 1708601 0369718 0441922 1553036 2603362
 2347469 0597277 1708601 0369637 0441923


 0201682

 0439267
 0016327 0439133 1553038 0369718 0441922 1553036
 0439267 0369773 2603361 0439394 1706495 3642217 0439267


 0025141
 0439114 0369773 2603361 0035853 0995005 1553033 0369637 0441923
 1332652 1705593 1553033



 2347379

 0025141
 2347469
 0369773 2603361
 0040833 1521798
 3642273
 0025141
 1553033 0016327 0439133 1553038

 1315013
 0022877

 0439509 0025141
 0597277 1708601 0085999 0597277 1708601
 3642273
 0025141

 0439267
 0597277 1708601



 1419727 1549916 0025141
 1553033
 0337580 1610173 0369637 0441923
 0369773 2603361 0016327 0439133 1553038
 0020538 1963138 0450382
 2603360 2603362
 2347469 0369773 2603361
 0020789 0063555 2275731 0369718 0441922 1553036 0331964 0439267
 0444649

 0439267 0597277 1708601 0597277 1708601


 0439086 2827736 2981702 0025141
 0597277 1708601 0439114 2603360

 2827734 2981698 0439073 0439082
 2603360 0998924 0369718 0441922 1553036 0439114 0369718 0441922 1553036 0597277 1708601 1461631 2603360 2603362


 2347379

 0025141
 2603360 0033727 0369286 0441932 0564385 0033727 0369286 0441932 0564385 0998924 0369718 0441922 1553036 0033727 0369286 0441932 0564385 0021966 0221138
 0027895 0025141
 0033727 0369286 0441932 0564385 1024808 0205090 0684010 2603358
 0369773 2603361 0443048
 2603362

 0043197 0369718 0441922 1553036 0181107 0205090 0684010 2603358

 0243107 0678723 1527148
 0556636 1269776 0439267




 0025141
 0369718 0441922 1553036 0369637 0441923



 0450355 0025141
 0369773 2603361 0016327 0439133 1553038 0205090 0684010 2603358 1431628
 0369773 2603361 0021966 0221138 0439267 0369718 0441922 1553036 0033727 0369286 0441932 0564385 0369718 0441922 1553036 0369637 0441923
 0175735 0597277 1708601 0369637 0441923


 0027960 0324740 0439189 1456781 1824986
 0325074
 0009993 0037455 0596070 1552856 0005477 0026376 0005532 1521991