 0021641 1533581 1579433 0018790 0237477 0392351 0521111 1158366 0015684 0001128 0030011 0202406
 0439267

 1282911
 0557854 2825316 3245478 0560020 0033727 0369286 0441932 0564385 3496098 0565990 1549054 1552471 0042610 0205099 0205476 1704729 1551450 0027523
 1704729 0560020 0033727 0369286 0441932 0564385 0205090 0439267 0684010 2603358 2347469 1704729 0439267 0033727 0369286 0441932 0564385 0000872 0565990 1552471 0027523 0041740 0205099 0205476 1551450 0027523

 0565990 1552471 0205099 0205476 3496098 1549054 0042610 1704729 0331993 1080696 0003787 0376649 1442065 0282413 0686900 1272683 1522634 3273171 0439267
 1512022 0020283 0450407 0450408 0450409 3496098 0565990 1549054 1552471 0042610 0205099 0205476 1704729 1551450 0027523
 0520510 0557061 2584313 1514811 1706462 2250059 0021467 0021469 1628982 3463820 0026237 0086597 0127400 0449719 1709471 0441889 0018790 0237477 0392351 0521111 0085966 2258044 0007262 0729572 0007258 0021966 0040676 0087163 0221138
 0021641 1533581 1579433 0392747 0030011 1518422 0557651 2603343
 0150312 0449450 1511726 3245479 1547282 0021641 1533581 1579433 0018790 0237477 0392351 0521111 0030011 0752063 0600495 0019932 0086045 0332462 0369637 0441923 1880834 0021467 0021469 0026237 0027552 0521451 0686904 1628982 3463820 0600495
 1273517 0455052 1521827 0557651 2603343 0031327 1524059 0441712 1706376
 0021641 1533581 1579433 1280500 2348382 0392756 0547047 0030055 1305742 0009830 0030054 1947907 0205177 0439167 0441655 1561536 0050690 1412128 2984960 0001374 0242417
 0021669 1415875 0014442 0021641 1533581 1579433 0242210 0033684 1623517 0205309 1883351 0752063 2987476 0557651 2603343 1280500 2348382 0085732 0021641 1533581 1579433 0018790 0237477 0392351 0521111 0449913 1553451 1704459
 0003241 0021027 0849355 1280500 2348382
 0917903 0021641 1533581 1579433 0018790 0237477 0392351 0521111 1158366 0015684 0001128 0030011 0202406
 0520510 0557061 2584313 1514811 1706462 0011860 2984301 1320657 0011849 0441730 0011847 0332307 1547052 0205166 1706317 0205397 0149670 0012634 2827734 2981698 0740116 2827735 2981700
 0598783 1517898 0023779 0025519 0025520 0015688 0032214 0600138 0035820 1705810 2827734 2981698 0439086 2827736 2981702
 1704675 0596620 0025519 0025520 0205435 1279901 0441833 0687744 1257890 1552516 1705428 1705429 1316572 1317574 1369612 0681755 0439084 0728893 0679006 1947967 1511572
 0470187 1260953 0030011
 0030011 0001026 0205217 0442805 1274040 1546471 2825142 0008857 0376259 0018790 0237477 0392351 0521111 0034343 0030016 0034354 0244104 0031651 0969688 1150453 0162449
 0947630 0521093 0750484 0015688 1708011 0015127 1524003 2612546 0023779 0030011 1160589 0042153
 0243148 1550141 1882979 2587213 3274648 0050325 0960756 1521761 2827422
 0021641 1533581 1579433 0392756 0547047 1158366 0015684 0001128 0030011 0202406 0449719 1709471 1157922 0443161 0699900 1265875 0392756 0470187
 0021641 1533581 1579433 1280500
 0015684 0001128 0026237 1524026 0752063
 0522095 0015684 0001128 0205166 0337112 1524075 1706317 0007258 0087163 1948027 0005528 1317949 3495449 1704640 1706515 0030011
 1948027 0085966 2258044 0007262 0729572 0007258 0021966 0040676 0087163 0221138
 0024645 0017725 1514468 1704444 1999216 0085966 2258044 0007262 0729572 0007258 0021966 0040676 0087163 0221138
 0085732 0392756 0547047 1158366 0015684 0001128 0030011 0202406 0039869 1883351 0086597 0127400 0441712 1706376
 0021641 0205309 0441712 1533581 1579433 1706376 0030011
 0752063 0030011 1883525 2346866 0030011 0332257 0009458 0439536 1705217 3244283 0205166 0337112 1524075 1706317 0443566 1253959 2700384 0015684 0001128 0012063 0001128 0033554 0005390 0523530
 1158366 0030011 0443566 0030011 1709305 2745955
 0030011 2348205 0030011 1518422 2244392 0013846 1550030 0005528 0013852 0337112 1317949 1524075 1948027 3463986 3495449
 0006539 1514468 0018837 0044036 0020281
 0332128 1280500 2348382 0227525
 1517331 0947630 0441712 1706376
 1274040 1546471 2825142 0030011 0332298 0021641 1533581 1579433 2587213 1705242
 0520510 0520510 0557061 2584313 1514811 1706462 0724601 0770206 0021641 0444626 1533581 1579433 0021641 1533581 1551432 1551969 1579433 1709915 1882936 0237506 1136188 0331851 0238767 1706086

 0030234 0001128 0202406 0331955 0869011 1551491 0027971
 0054616 0001128 0202406 0003695 2316832 0001128 0202406 0220806 0596070 0869011 1527121
 3538743
 0070386 0043194 0258432 0331955 1421478
 0030896 0740116 2827735 2981700 0369114 0026381 0043194 0182400 0258432 1421478 1521991

 0043194 0258432 1421478 1719918 3538743
 0220806 0441800 0919553 3244287 0332272
 1264633 1554103 0039798 0087111 1522326 1533734 1705169 3538994 0001275 0007955 1879547 0012634 0348080 1705253 1552738
 0455052 1521827 0034715 2699239 0024554 0034693 0034721 0086582 0205409 1548221 1706180 1706428 1706429 0015663 0022877 1619828 0439267 1524063 0392747 1554963

 0005507 0243073 1510438 0007634 3282337 2699156 0439526 0184511 0332272 1561611 0006353 0456693 1442458 0702093 1439852 0806140 0030054 2347816
 0217843 0025663 0392747 0444706 0449851 0871511 1554963 3541902

 0227525 0439526 0700308 0033727 0369286 0441932 0564385 1439852 0184301 1533199 0184511 0332272 1561611 0006353 1316572 1317574 1369612 0015684 0001128 0202406 0027960 0324740 0439189 1456781 1824986
 0021641 1533581 1579433 0086045 0332257 0440102 3538986 1547282
 1820046 0449432 1705248 1883712 0184301 1533199 0018790 0237477 0392351 0521111 0030011
 2347816 0205099 1516695 1516698 0205170 3146287 0180859 0030351 0180860 0581406 1522664 1547566 1704449 1704684 1875155 0001963
 0444930 2746065 1524062 1883351 2347816 0037633 0525069 1439852 0456693 1442458 0702093
 0205170 3146287 1883708 0184301 0678573 1533199 0442504 1704765 0439526 1524062 0677601 1705206 0750480 1705566
 0023899 0455052 1521827 0439267 0015663 0456962 0439583 0152232 0162388 0413398 0023884 0849355 0752063 1552738 1521827
 0023884 1656251 0016640 0524811 3161031 0884358 1883351 1979928 0369773 2603361 1383501 1264633
 1264633 1554103 0332256 2700400 0026237 0024369 0752063 1517331 0007704 0430994 0007703 0070386 0178587 0439182 0812409 1998793
 1264633 0332256 2700400 0205177 0439167 0441655 1561536 1709595 2349200 0070386 0007703 0849355
 0752063 2984308 1264633 0869040 1524063 0030011 0947630 1273517 1517331 3546463 1280500 2348382
 0007367 1413138 0449913 1553451 1704459 0050690 1412128 2984960 0001374 0242417 0752063 0001109 0001128 0031678 0202406 1149880 0024369 0022917 0022924 0030016 0376261 1383501 0010760 0010749 0010754 0653778 1153524 1426584 0010798 0242417 1325304 0026237 0000530 0312402 0028625 0220883 0450348 0007603 0025255 0032105 0596901 1550098 1706182 0017755 0031678 1149880 0450348 0014239 0035295 0598268 0284655 0018042 0444706 3541902 1552738
 0030055 1305742 0009830 0030054 1947907 0884358 1552738 0013812 1705652 1524063 0030239
 3547574 0243125 0699900 0444706 1552738 3541902
 0033684 0025663 0444706 0449851 0871511 3541902
 0205392 0947630 3540770 1273517 0450344 1553633 1547282 0018790 0237477 0392351 0521111 0021669 1415875 0014442 0021641 1533581 1579433
 1709320 0022885 0039593 0392366 0687676 1704687 1709450 1707391 0871472 0022885 0039593 0392366 2603360 1548787 0884358 1524063 0037585
 0333052 0557702 0814195 2607870 1826357
 0036572 0205134 0441548 3161035 0814195 1272695 2746065
 0042295 1547282
 0237753 0449788 1444656 2729544
 1274040 1546471 2825142 0520510 0557061 2584313 1514811 1706462 0021641 1533581 1579433 0311403 0030011 0369637 0441923 2347813 0086045 1446561 0392366 0600495 2827734 2981698 0349966 1337208 0441833 1999270 3537156
 0021467 0021469 1628982 3463820 0332324 1550474 0369637 0441923
 0030011 0311403 1882932 0392756 0547047
 3546463 0030011 0021641 0392760 1314939 1533581 1579433
 0021641 1533581 1579433 1301751 1280500 2348382 0030011 0054616 0001128 0202406 0349966 1337208 0441833 1999270 3537156 1518422 1156924 0007258 0087163 0026237 1518422 0752063 1524026
 0449911 0333052 2607870 0557702 1272706 1704674 0557702 1272706 1704674
 1280500 2348382 1158366 0015684 0001128 0030011 0202406
 0681493 1547282 1265611 2347816 0030011 0080103 0205345 1547039 0455052 1521827 0086045
 1145751 0441655 1707455 0021641 1533581 1579433 1705242 1444656 0369773 2603361 0369773 2603361
 0441833 1999270 3537156 1552961 2347617 1882932 0681814 0030234 0001128 0202406
 1704970 0036572 0205134 0205145 0205447 0424576 0679932 1515974 2349186 2825164 0439175 0439810 1547282 0205132 1550648 1552960 3546463 0205132 1550648 1552960 0030011
 0441833 1999270 3537156 1552961 2347617 1882932 0681814 0054616 0001128 0202406 1305854
 0441833 1999270 3537156 1552961 2347617 1882932 0681814 0003695 2316832 0001128 0202406
 1704970 0036572 0205134 0205145 0205447 0424576 0679932 1515974 2349186 2825164 0439175 0439810 1547282 0205132 1550648 1552960 3546463 0205132 1550648 1552960 0030011
 0332128 1280500 2348382 0030011 0032615 0015684 0001128 0202406
 0030011 2347816 0021641 0311403 1533581 1579433 1512045 2347813 0086045 1446561 0392366 0369637 0441923 0600495 2827734 2981698 0349966 1337208 0441994 1548802 2003888 0441833 1999270 3537156 0332462 1880834 0030233 3503116
 0030011 2984079 0392760 1314939 0086045 1446561 1515981 2348205 0600495
 0392360 0030233 1707455 3503116 1518422 2963144 0015684 0001128 0080103 0086045 0205227 0205345 0439849 0445223 1547039 1291081 0311400 1524026 1704259 1705987 2707259 0033551 0389003 1565860
 1883351 0441712 1521827 0752063 0039224 1706073 1706074
 0005516 0332462 0359583 1880834 2348205
 0021669 1415875 0014442 0021641 1533581 1579433 0004793 0162326 0162327 1519249 0684224 0700287 3496591 1883351 0150312 0449450
 0005863 0949466 1705493 0349966 1337208 0521093 0750484 1456348 0392148
 0449911 0039224 1706073 1706074 0557702 1272706 1704674 0557702 1272706 1704674 0039224 1706073 1706074
 0752063 0449911 0333052 2607870 0557702 1272706 1704674 0557702 1272706 1704674
 0005863 0949466 1705493
 0033684 0600209 1704732 0949466 0005863 0002778 0936012 1524024 1705493 0003241 0021027 0884358
 0230715 0175723 0439645 1521913 0150312 0449450 3152252 0577559 1306372
 0031843 0542341 0700205 1705273 0009830 0030054 0444706 0449770 1516048 1947907 0558058 2612546 0023779 0030011
 1883712 0752063 0392756 0009830 0030054 1947907 0021467 0021469 1628982 3463820 0349966 1337208
 0021641 1533581 1579433 0311403 0541394 0050690 1412128 2984960 0443562 0001374 0242417 0441655 0007367 1413138 0349966 1337208
 2267219 0441655 0021641 1533581 1579433 1518422 0441472 3266814
 0449911 0333052 2607870 0557702 1272706 1704674 0557702 1272706 1704674
 0021641 1533581 1579433 0018790 0237477 0392351 0521111 0009830 0030054 1947907
 0441889 0443211 1272684 0030239 1524062 1444656
 0871208 1521828 0009830 0030054 1947907 0443211 1272684 0021641 1533581 1579433 2827734 2981698 1524062 1444656
 1511726 3245479 0030054 0150312 0439191 0449450 0935616 0040223 3541383 0439232 0700321 0702093 1282918 2347166
 0871208 1521828 0444686 0807955 1441506 1443182 1441672
 0449911 0333052 2607870 0557702 1272706 1704674 0557702 1272706 1704674
 1280500 2348382 0441655
 1158366 0015684 0015695 0001128 0030011 0202406 0050690 1412128 2984960 0001374 0242417 0444706 3541902 0369718 0441922 1553036 0449913 1553451 1704459 0369718 0441922 1553036 0009830 0030054 1947907 0129575 0369718 0441922 1553036 0392148 0332197 1689985
 0243148 1550141 1882979 2587213 3274648 1280500 2348382 0129575 0369718 0441922 1553036
 1511726 3245479 0243102 0014442 0205177 0439167 0441655 1561536 1883712 0042444 0348005
 0369773 2603361
 0369773 2603361 0022885 0039593 0392366 1707455 1280500 2348382 0007367 1413138
 1883351 0035820 1705810 0086597 1280500 2348382 0021644 0003242 0003250 0003241 0021027 0746619 0018790 0237477 0392351 0521111 3547574 0243125 0699900 0029219 1524062 1280500 2348382 1516048 0349966 1337208
 0003241 0021027 0205217 0442805 0205177 0439167 0441655 1561536 0028778 0332206 2983591 1280500 2348382 0205177 0439167 0441655 1561536
 0681814 1706386 0007367 1272695 1413138 2746065 1547282 1301751 1280500 2348382 0243102 0014442 0205177 0439167 0441655 1561536 1511726 3245479 1518422 1547282
 0449911 0333052 2607870 0557702 1272706 1704674 0557702 1272706 1704674
 0021644 0003242 0003241 0021027 0021669 1415875 0028778 0332206 1533157 1706084 2828370 0021467 0021469 1628982 3463820
 0205177 0439167 0441655 1561536 0392148 0444706 3541902 0332197 1689985 1707156 3274014 3541345 1515981 1707156 3274014 3541345 0021641 1533581 1579433
 1511726 3245479 0205177 0439167 0441655 1561536 0022885 0039593 0392366 1707455 1883712 0042444 0348005
 0369773 2603361
 0369718 0441922 1553036
 0520510 0557061 2584313 1514811 1706462 0021641 1533581 1579433 0015264 2587213 0243148 1550141 1882979 3274648 0332257 0017725 0033684 0598783 1517898 0023779 0025519 0025520
 0004268 0017725 0031227 0205234 0243127 0443331 1285542 0011860 0332281 0441730 1320657 0011847 0011849 0332307 1547052 1515926 0598783 1517898 0023779 0025519 0025520 0726398 0017725 0243148 1550141 1882979 2587213 3274648 2827734 2981698 0740116 2827735 2981700
 1280500 2348382 1883351 0392756 0547047 1158366 0015684 0001128 0030011 0202406
 0449719 1080058 1709471 1157922 0443161 0699900 1265875 0442797 0470187 0596620 0025519 0025520
 0596620 0025519 0025520 0860803 0442805 1274040 1546471 2825142 0024645 1999216 0085966 2258044 0007262 0729572 0007258 0021966 0040676 0087163 0221138 0522095 1158366 0015684 0001128 0030011 0202406 0205166 0337112 1514873 1524075 1706317 0026237
 0205166 1706317 0443566 0752063 1524026
 1274040 1546471 2825142 1547282 1158366 0015684 0001128 0030011 0202406 0021641 0086045 0311403 0441994 1446561 1533581 1548802 1579433 2003888 0030011
 1705535 0441712 1706376
 0030011 1518422 0441472 3266814 0085966 2258044 0007262 0729572 0007258 0021966 0040676 0087163 0221138 0005528 1317949 3495449 1704640 1706515
 0025519 0025520 2986417
 0031843 0542341 0700205 1705273 1518422 0021641 0392747 1533581 1579433
 0030011 0026237 0392760 1314939 0752063
 0030011 0332324 1550474 1521761 2827422 1518422 0043227 0441712 0445247 1706376 0029219
 0021467 0021469 1628982 3463820 0750492 0024645 0021467 0021469 0086597 0127400 1628982 3463820 0085966 2258044 0007262 0729572 0007258 0021966 0040676 0087163 0221138
 1158360 1879725 0596480 0025519 0025520 0003695 2316832 0021641 0392760 1314939 1533581 1579433 1280500 2348382 0026237 0030011 0521451 1280500 2348382 0030011 1515981 1705242 0600495 0030233 3503116
 0021669 1415875 0014442 0021641 1533581 1579433 0021669 1415875 0014442 0021641 1533581 1579433 0004793 0162326 0162327 1519249 0450355 1511726 3245479 1705535 0029219 1880165
 0005863 0949466 1705493 0349966 1337208 0392148
 1511726 3245479 1547282 0021669 1415875 0014442 0021641 1533581 1579433 0035820 1705810
 0021641 1533581 1579433 0752063 1439852 1998793 0311403 0030011 0009830 0030054 1947907
 0021644 0003242 0003241 0021027 1280500 2348382
 0021669 1415875 0014442 0021641 1533581 1579433 1280500 1514873 2348382
 0014442 1314939 1947931 0021641 1514468 1514873
 0031843 0542341 0700205 1705273 0205447 1552738 1704675 0208355 1325620 1752727
 0449913 1553451 1704459 0021641 1533581 1579433 0021669 1415875 1149286 1623517 0014442 0021641 0243122 1145667 1167622 1533581 1579433 0311403 1622946 0441655
 1274040 1546471 2825142 0392756 0547047
 0021669 1415875 0014442 0021641 0150312 1533581 1579433 1704675 0034809
 0449913 1553451 1704459 0021641 0441472 1533581 1579433 3266814 0205216 0392756 0442797 1158366 0015684 0001128 0030011 0202406 0021641 1533581 1579433 0021669 1415875 0014442 0021641 1533581 1579433 0004083 0439849 0596306 0699792 0029219
 0021669 1415875 0014442 0021641 1533581 1579433 0086597 1280500 0175996 0178719 0597357 0079613 0019932
 1512612 0021669 1415875 0014442 0020792 0021641 0023693 0205396 0332185 0543488 1306462 1533581 1579433 1881376 1332838 0919453 0017337 0034693 0034721 3161035 0439509
 0441712 1706376 1883351 0021641 1533581 1579433 0021644 1624602 1280500 0021669 1415875 0014442 0021641 1533581 1579433 1518422 0596564 0015684 0001128 0005528 0043227 0202406 1317949 3495449 0752063 0439851 0441472 1947931 3266814
 0015684 0001128 0597572 0001374 0205309 1883351 0023688 1621296 0166418 0040648 0040649 1521761 2827422 1883351 0392747 0017262 0017337 0185117
 0015684 0001128 0597572 0001374 0205309 1883351 0392747 0237753 0449788 0001022 0001026 0007064 0055817 0007294 0560175 1706209 3273162 0066604 0949610 0033684
 1706449 0243148 1550141 1882979 2587213 3274648 0025320 0152254 0392747 0443172 0237881 0750502 1274040 1515926 1546471 1546944 2825142 1524026 0025519 0025520 0443303 1282927 1515273 1705313 1806781 2350002 2826302 0243102 0014442 0205177 0439167 0441655 1561536 0443252 0205166 1515273 1705313 1706317 2826302 0040649
 0441472 3266814 0086045 0439851 1947931 0486616 1555710 1158366 0030011
 0152254 0392747 0443172 0037083 0021641 0043227 0441712 1160185 1533581 1579433 1706376 1710082 0392209 0449438 1947931 0001721 0021641 0441472 1533581 1579433 3266814
 2348264 0015684 0001128 0442805 1281901 0015684 0001128 0202406 0441889 0392747 0486616 1555710 0243148 1550141 1882979 2587213 3274648
 0392747 0443172 0021655 2700570 0332325 0021641 0237834 1514892 1533581 1579433 1880177 2705716 0243148 1550141 1882979 2587213 3274648 0166418
 1257987 0079613 1883351 1555029 0392747 0443172
 1552616 1706244 0021641 1533581 1579433 0392756 0547047 1158366 0015684 0001128 0030011 0202406
 0441472 3266814 0021669 1415875 0014442 0021641 1533581 1579433 0042153 0457083 1947944 0441712 1706376 0392756 0547047 1158366 0015684 0001128 0030011 0202406 0871261 1704632 1706817 2911692 0021641 1533581 1579433
 0021467 0021469 1628982 3463820 0085966 2258044 0007262 0729572 0007258 0021966 0040676 0087163 0221138
 1280500 2348382 0752063 1158366 0030011 0007634 1269647 1704653 1948049 0026193 0205165 0025320 0152254 0392747 0443172 1705241 0470187 0220905 0243148 1550141 1704735 1882979 2587213 3274648 1999230 0441712 1706376
 0221193 2986676

 2825232 0043227 3496098 1568415 0079816 1549054 1556038 0035176 0199168 0587450 0587569 1546531 0035168 0042610 0205476 0242481 0557854 1521721 1704729 2825316 3245478 0681805 0016820 0000872 0565990 1552471 0027523 0041740 0205099 0205476
 0740116 2827735 2981700 0221193 1880177 0043227
 1514756
 1514811 1706462 0520510 0557061 2584313 1514811 1706462 0376683 0546866
 0035820 1705810 0012634
 0011847 0011849 0000857 0600678 1552863 1549972 2364111
 0205143
 0036397 0025141 1704675 0025519 0025520
 0011847 0011849 2347961 0025141 0035820 1705810 0543483 0699748 0021655 2700570 0021641 0237834 1514892 1533581 1579433 0282417 0011847 0011849 0700364 0439086 2827736 2981702
 0011847 0011849 0000857 0600678 1552863 0014963 1457900 1511572 0011860 0011849
 0027976 0268596 1879958 2700624 3642273 0025141 3538806 0597277 1708601 1280500 2348382 0596620 0025519 0025520 0024554 0025266 0086418
 0025519 0025520 0450355 0025141 0205090 0684010 2603358 0439267 0016327 0439133 1553038 0439775 0702240 0021655 2700570 0332325 0021641 0023175 0181586 0205054 0237834 1442948 1514892 1522538 1533581 1579433 2348269 3275067 0681850 1550501 1706203 2349001 2697811
 0025519 0025520 0025141 1718783 0006409 1824728 1280500 2348382 0030011 0086418
 0025519 0025520 0025141 0439267 0205090 0684010 2603358 0369637 0441923 0369637 0441923 0543467 3241922 0030705 0011860 3273872
 0011847 0011849 0000857 0600678 1552863 1549972 0678579 0449913 1553451 1704459
 0178566 1513380 0002778 0936012 1524024
 0000857 0600678 1552863 0522487 0004457 0999597 1522496 0001374 0024501 0007613 1512977 0007634 0031843 0542341 0700205 1269647 1704653 1705273 1948049
 1515149 0919442 1705347 0001905 1412243 0024645 0036658 0021655 2700570 0021641 0237834 1514892 1533581 1579433
 1549972 0016703 1551081 0007262 0085966 2258044 0007258 0021966 0087163 0221138 0729572
 2945843 0205145 1515974 2825164 0024645
 0201682 0025141 1420098 0598783 1517898 0023779 0025519 0025520
 2347961 0025141 0015252 0728940 0036773 0728877 0001924 0229671 1546774 1550100 0039798 0087111 1522326 1533734 1705169 3538994
 0201682 0011198 0017480 3541240 1280500 0021641 0441472 1533581 1579433 3266814 0227525
 0014137 0000857 0600678 1552863 0026237 0521451 1158366 0015684 0015695 0001128 0030011 0202406 0227525 0034693 0034721
 0201682 0000857 0600678 1552863 0204727 0205409 0220862 0007704 0007703 0178587 0439182 0812409
 0752063 0027976 0205314 0204727 0205409 0220862
 0025663 0025664 0449851 0025141 0005507 0243073 1510438
 0025663 0025664 0449851 0025141 0546866 0597277 1708601 0439254 0005507 0243073 1510438
 0025141 0001109 0001128 0031678 0202406 1149880
 2707190 0025663 0025664 0449851
 0016253 1850406 2247585 0204727 0205409 0220862 0038636 0332255 0486805 1161331 1708096
 0025663 0025664 0449851 0450355 0025141 0027964 0028407 0067895 0369637 0441923 2265875 1511790
 0025141 0013123 2825512 0021641 1533581 1579433 0678637 0243125 0699900
 0011847 0011849 0450348 0025141 0439831 1547724 0025663 0449851 0871511
 0003461 2939124 0025141 1412999 0439214 2348814 0020792 0205396 0204727 0205409 0220862 0208355 2258865 0030946 1622131 1947941
 2347379 0025141 0013123 2825512 1412999 0021641 1533581 1579433 0079613 0208355 0021669 1415875 0014442 0021641 1533581 1579433
 2347379 0025141 0011860 0441730 1320657 1554124 0011847 0011849 0332307 1547052 0243148 1550141 1882979 2587213 3274648
 0025141 0015688 0015684 0021655 2700570 0021641 0237834 1514892 1533581 1579433 0011860 2984301 1320657 0011849 0441730 0011847 0332307 1547052
 0031831 0025141 0033727 0369286 0441932 0564385 0369637 0441923 0021669 1415875 0014442 0021641 1533581 1579433
 0009017 0009015 1880022
 0025141 2347167 0185117 1660642 0475264 1744691 0007600 0007634 0205132 1269647 1550648 1552960 1704653 1948049
 0201682 1515101 2986905 0237886 0700314 1947906 0033684
 0007634 1269647 1704653 1948049 0000857 0600678 1552863 0016327 0439133 1553038 3538806 0597304 0025543 0445356 1704623
 0201682 0439214 2348814 1412999 3541894 1514526 0021467 0021469 1628982 3463820 0682538 0007634 3282337
 2347379 0025141 1412999 0439214 2348814 0021641 1533581 1579433 0018790 0237477 0392351 0521111 1325411 1622946 0205177 0439167 0441655 1561536
 0014137 1412999 0439214 2348814 1880022 0026741 0439855 1704241 0021669 1415875 0282417 0011847 0011849 0700364 1418664 1419968 1826261
 0011847 0011849 0000857 0600678 1552863 1521761 2827422 2349975 1148673 1148623 0012854 0243122 1145667 1167622 0034809
 0201682 0002844 3536949 0034809 0021669 1415875 0014442 0021641 1533581 1579433
 0201682 0033727 0369286 0441932 0564385 0369637 0441923 1708595 3280986 0033727 0369286 0441932 0564385 0021669 1415875 0014442 0021641 1533581 1579433 0919453 1332838 0011847 0011849 0012655 0017337 0205396 0220898 1264642 1547045 1550043 1551388 0034693 0034721
 0027960 0324740 0325074 0439189 1456781 1824986 0166418 0233820
 2347379 0025141 0039462 1705540 3539059 0205090 0684010 2603358 1515101 2986905 1514873 0449475 0007634 1326120 0037791 0332307 1269647 1511884 1547052 1704653 1948049 1514760
 2346604 0027960 0038317 0324740 0439189 1456781 1824986 0025141 1419337 3539667 1515101 2986905 0036154 0369637 0441923 0020792 0205396 1709305 2745955 0040649 0182953
 0023779 0450355 0025141 0021966 0221138 0030233 3503116 0133788 0220884 0205263 1415884 0206256 0030281 0007600 0007634 0030274 0205132 0330390 0439096 1269647 1550648 1552960 1704653 1948049 2004068 2827734 2981698
 0011847 0011849 0000857 0600678 1552863 0205090 0684010 2603358 0021966 0221138 0597572 0023688
 0349590 1262865 0025141 0600785 3539925 3541307 0027971 0851285 1327622 0017262 0017337 0185117 0004611 1510439 2347473 0036025 0043392 0043393 0717551 0024660
 0027971 0035820 1705810 0851285 1327622 0025519 0025520 3537152
 0025141 0001374 0023688 1524026 0025519 0025520
