 0006784 0032214 0600138 0035820 1705810 0597277 1708601
 0332197 1689985
 0369637 0441923
 1426579 1426662 1427798 0369637 0441923
 0439084 0728893
 0389003 0445467
 0016327 0439133 1553038

 1419304 0021966 0221138
 0439086 2827736 2981702 0439084 0728893
 0027817 0031330 1524059 0005477 0026376 0005532 1521991 0020124 0017398 0017399 0086418 0021622 0205476 1272753 1551730 0008044 0041740 0008044 1704729 0815266 0683757 0020124 0017398 0017399 0086418 0205099 0475309 0018684 0036397 0039711 0041740 0205099 1704729 0041740 0043038 3272372
 0035171 0035168 0242481 1707689 2983265 1514811 1706462 0011860 0441730 0035171 1320657 2827447 2985227 0011847 0011849 0017296 0314603 0332307 0557651 0947630 1527178 1547052 1874451 2603343 0260581 1705535 0205419 0001721 0012655 0220898 1264642 1547045 1704259 1705987 0032214 0600138 0035820 1705810 1256369 0021641 0036536 0036537 1533581 1579433 0441472 3266814
 0006784 2717970 0039869 1883351 1883525 2346866
 0684224 0700287 3273238 0443303 1282927 1515273 1705313 1806781 2350002 2826302 0274281 0332157 0006786 0058882 0442805 0871261 1704632 1706817 2911692 1522528 0022131 0030274
 1280500 2348382 1512045 0427743 1287281 0017725 0086045 1441672 1532563
 1280500 2348382 0054533 0006784 0205397 0243077 0441712 0441472 3266814 0007428 0243077 1518422 0033607
 1627358 2349975 0274281 0332157 0443303 0054533 0243077 1518422 0870868 0086597 0127400 0205217 0442805 0871261 0596235 0596620 0025519 0025520 0010837 0015283 0021641 0233535 0521110 0993609 1533581 1579433
 1321564 0206131 0332157 0274281 0058882 0392756 2984428 0178666 0005528 0017725 1317949 3495449
 0243126 0017911 0026845 0392756
 1274040 1546471 2825142 0332290 0006784 0851285 1327622 1256369 0021641 0036536 0036537 1533581 1579433 0021641 0441472 1533581 1579433 3266814
 0035171 0035168 0242481 1707689 2983265 0557061 2584313 1514811 1706462 0011860 1320657 0441730 0011847 0011849 0332307 1547052 0025517 0012634 0243067 1880022 1256369 0021641 0036536 0036537 1533581 1579433 0021641 0441472 1533581 1579433 3266814 2827734 2981698
 0205195 1947911 1516998 0243107 0678723 1527148
 0947630 1547282 0205419 0011860 0332281 0441730 1320657 0011847 0011849 0332307 1547052 0740116 2827735 2981700
 1883712 0678951 0032529 1882417 0332281 0961737 1413110 0006784 0035696 0205216 0392756 0441889 0442797 0242692 1280260 0026845 0037253 0521324 0021655 2700570 0021641 0237834 1514892 1533581 1579433 0439086 2827736 2981702 1705535 0441712 1706376 0442805 0012655 0220898 1264642 1547045
 0006784 0006784 0006675 0006726 0030940 0030946 1879547 1882074 1947941 2825492 2936886 0015576 1704727 0007382 0010813 0596311 1330957 1704259 1705987 0001721 0037083 3537152 0334094 1514485 0007589 1511938 2945687 0439084 0728893
 0243123 0332298 0961737 1413110 0006784 2587213 0006784 0332128 1280500 1256369 0021641 0036536 0036537 1533581 1579433 0021641 0441472 1533581 1579433 3266814 1321564 0206131
 0035171 0035168 0242481 1707689 2983265 0086912 0035171 0035168 0242481 1707689 2983265 0557061 2584313 1514811 1706462 0003062
 0022131 0030274 0205409 1548221 0025921 0025914 0025929 0026809 0475311
 1321564 0242694 0206131 0205409 1548221 0034716 0034693 0034721 2700262
 0947630 0178478 0003062 0205540 1947933 2699414

 0204727 0205409 0220862 1552738
 0009458 0439536 1705217 3244283 0017725 0332157 0243077 0009458 0439536 1705217 3244283 0033727 0369286 0441932 0564385
 0033607 1273517 0006786 0054533 0901518 0006785 0021966 0221138 0054533 0081446 1826357 0058882 1552116 1552117 0439086 2827736 2981702 0439086 2827736 2981702 3541314 0331885 0910208
 0061355 1999257 3539623 3539624 0018301 1422069 1425391 2697611 0002482 0022877 0043194 0258432 1421478 3244292
 0034760 1719918 0220806 3272558 3538743
 0054533 0243077 0012403 1549535 1524062 1883351 0243148 1550141 1882979 2587213 3274648 1416480
 0006353 1875730 0332256 2700400 0017725 0086045 0702093
 0205174 0441833 0687744 1257890 1552516 1552839 1705428 1705429 0175730 1439852 1547937 1704474 0332256 2700400 0439526 0086045 1446561 1999216 0043047 0150141 0599638 1550678
 0086045 0006353 0444706 3541902 0034580
 1256369 0021641 0036536 0036537 1533581 1579433
 1256369 0021641 0036536 0036537 1533581 1579433 0444706 3541902 1524063 0392747 1554963
 0242485 0596235 0021966 0221138 0027303 1150129 0205177 0439167 0441655 1561536
 0596235 0021966 0221138 0871261 1150129 0205177 0439167 0441655 1561536 0444706 3541902 0017596 1947936 0005971 1139930 3537155 0010453 0220814 0430400 2242979 0439228 0683607 0231441 0039798 0087111 1522326 1533734 1705169 3538994 0054533 0243077
 0444706 3541902 0596235 0871261 1524063 0079389 1552738
 0871261 0392747 0443172 0030695 0150369 0181904 0596972 1521743 1704646 0544711 0312860
 0242485 1150129 0205177 0439167 0441655 1561536 1708715 0347982 0026381 0182400 0006353 0006353 0017725
 0016315 0597304 1514468 1704444 1947941 0162676 1623049 0205195 0444706 1947911 3541902 0312860 0023693 1306462 1881376 0312860
 0681814 0033727 0369286 0441932 0564385 0884358 0392148 0439428 0042444 0348005
 0242485 0006353 0009458 0439536 1705217 3244283 1875730 0332256 2700400 0243077
 0009622 0013126 0011923 0079595 0449913 1553451 1704459 3541314 1273517 1883351 1704254 1704922 3542466
 0042153 0030011 0871208 1521828
 0042153 0030011 0871208 1521828 0444706 3541902 1522528 0392148 0010453 0220814 0430400 2242979 0332197 1689985 0033727 0369286 0441932 0564385

 0007634 0037179 0087136 0205171 0332624 3282337 0885614 0596235 0991865 0006353 0031603 0031701 0036082 1601799 0332256 2700400 0013618
 0007634 3282337 0017596 1947936 0005971 1139930 3537155 0010453 0220814 0430400 1314677 2242979 0332256 2700400 0017725 0332293 0243077 1522326
 0201925 0242485 0920630 0007634 0175721 0332461 0444667 0445403 0449830 0991556 1269647 1301820 1305400 1533128 1704653 1705942 1706366 1707974 1883710 1948049 2827597
 0521116 1261552 1704379 1705117 1879547 2825408 0039676 2349943 3539704
 0034869 1548330 1553414 0205202 0332234 1608322 1881366 0242264
 1511726 3245479 0180860 0581406 1522664 1704449 1704684 1875155 0556965 1883708 0441621 0870078
 0237834 1514892 0369637 0441923 0450316
 0205549 0237834 1514892 2348044 0205432 1524063
 0007634 3282337 0033727 0369286 0441932 0564385 1439852 0012403 0243148 1550141 1882979 2587213 3274648 1883708 0033727 0348011 0369286 0441932 0564385 1524062 0006353 0332256 2700400 0086045
 0007634 3282337 0037633 0150141 0525069 0332256 2700400 0037494 1959973 0024472 0017725 0019215 0601906 1882074 0020283 0450407 0450408 0450409 0456081 0012403
 0449830 2827597 0443211 1272684 0037633 0525069 0009458 0076252 0439536 1527178 1705217 1705938 3244283 0332256 2700400 0596019 0017725 0019215 0039705 0601906 1882074 0020283 0450407 0450408 0450409 0076252 0220853 0456081 0012403
 0037633 0525069 0332285 0024472 0019215 0013714 0018353 0018330 0146894 0031634 0010286 0031603 0031701 1601799 0601906 1882074 0020283 0450407 0450408 0450409 0456081
 0242485
 0025255 0242264 0596901 1706182 0007634 0030274 0332624 0392747 0443172 1705241 3282337 1273517 1883351 1516048 0015283 0206243 0699809 0007634 0439787 0444667 0449830 0549099 0849355 1269647 1704653 1948049 2827597
 0681814 0449851 1273517 0445259 0600477 0678544 1421479 3245505 1553387 1948035 1552738
 0007634 3282337 0336809 1552514 1948023 3245505 1553387 1948035
 1517741 0039676 2349943 3539704 0039676 0086972 0443299 0449238 0687118 2349943 2926735 3539704
 1511726 3245479 0441621 0870078 0871208 1516695 1516698 1521828 0556965 0180860 0581406 1522664 1704449 1704684 1875155

 0152057 0152058 0220808 0185125
 0037633 0525069 0332256 2700400 0037494 1959973 0017725 0019215 0024472 0601906 1882074 0020283 0450407 0450408 0450409
 0037633 0525069 0332256 2700400 0017789 0220839 0019215 0037494 1959973 0596019 0444499 0601906 1882074 0020283 0450407 0450408 0450409
 0182301 0037633 0205280 0525069 0002679 0086045 1446561 0439526 1524062 1883708
 0037633 0525069 0439269 1960952 2346927 0439526 0333118 0016701 0677542 0332174 0439230 1273517
 1550147 2709094 3539075 3539076
 0206243 0699809 2348236 0005903 0039476 0439787 0849355 1547703
 0871208 1521828
 0201785 0242485 0884358 1524063 0392747 1554963
 1321564 0242694 0024554 0034693 0034721 0086582 0205409 1548221 1706180 1706428 1706429 1532563 1960955 0019215 0439190 1439852 0332197 1689985 0439428 0042444 0348005
 0243144 0347980 0001527 0040300 1547928 0028754 1563743
 0243144 0347980 0024554 0034693 0034721 0086582 1321564 1706180 1706428 1706429 0444706 3541902 1524063 0392747 1554963
 0456693 1442458 0006353 0332256 2700400 0017725 0034354 0244104 0019215 0439428 1321564 0009458 0205280 0348011 0439536 1705217 3244283 0332256 2700400 0069851 0740116 2827735 2981700 1442460 0017725 0444499 0439526 0038636 1161331 0439526 0456693 1442458 0702093 1439852
 0243144 0347980 0444686 1441506 1443182 1552738
 0206131 0154270 0935625 0014533 0182158 0205409 0332568 0424612 1548221 1706529 3540603
 0242485 0205112 0178666 0005528 1317949 3495449 1510844 2699156 0439526 0702093 1439852 0006353 0086045 0021641 1533581 1579433 0347982 0027960 0324740 0439189 1456781 1824986 0058882
 1883708 0332256 2700400 0011501 0069851 0740116 2827735 2981700 1442460 0017725 1524062 0007634 3282337 0702093 1439852 1524062
 0005528 1317949 3495449 0010737 0010739 1272691 1883712 0347982 0007634 3282337 0028908 0136960 0220894 1446863 1517288 3541314
 0007634 3282337 0184301 0348011 0678573 1533199 0750480 1705566
 0242485 1159527 0017725 0243144 0347980
 0026845 1995013 0034693 0034721 0205409 0439583 1548221 0015663 0700308 0033727 0369286 0441932 0564385 1439852 0439526 0167250 0006353 1532563 0017725 0439190 0242295 1947943 2348609 0024730 0347982 0027960 0324740 0439189 1456781 1824986
 0026845 1321564 1883708 0009458 0162867 0205280 1254021 1439852 0021641 0439191 1533581 1579433 0167250 0006353 0009458 0348011 0439536 1705217 3244283 2347816 0017110 0596601 0702093
 0231484 0205177 0439167 0441655 1561536 0444706 3541902 1524063 0392747 1554963
 0026845 1995013 0702093 1548982 0439526 0167250 0006353 0332256 2700400 0024730 0849355 1883720 3244314 0017725
 0026845 1995013 0167250 0006353 0348011 0439526 0332256 2700400 1442460 0017725 0439269 1960952 2346927 2348025 0439526 0024730 2348025 0439526 0456692 0702093
 0150312 0449450 0021641 1533581 1579433 0009458 0162867 1254021 1524062 1261552 1704379 1705117 2825408 0005507 0243073 1510438
 0015352 1883067 0086045 1552738
 0871424 0002778 0936012 1524024
 1511726 3245479 0444504 2347634 2348143
 0237881 1709380 0038215 0750502 0456951 0441889 0456079 1516048 1547707 2946261
 1705241 1705242 0392366 1524063 0022885 0038492 0039593 0392366 1511726 3245479 1704711 0242928 0242931 0871608 0022885 0039593 0392366 0699794 1515051 1511726 3245479 1518422 1704711
 0332197 1689985 1709450 0871472 0022885 0039593 0392366 2603360 1273517 1705241 1705242 1510844 0025914 0025929 0026809 1439852 1705242 0012634 0348080 1705253 0392366
 0002780 0002778 0936012 1524024 1273517 1883351 0022885 0039593 0392366 1705241 1705242 0441833 0687744 1257890 1552516 1552839 1705428 1705429
 0035171 0035168 0242481 1707689 2983265 0557061 2584313 1514811 1706462 0332157 0274281 1256369 0021641 0036536 0036537 1533581 1579433
 0332157 0274281 0347982 0058882 0347982 2349975 0871261 0332462 1880834 0129575 0369718 0441922 1553036 0369773 2603361 1709451 0022885 0039593 0392366 0332462 1880834 0369718 0441922 1553036 0369773 2603361 1707455 0332157 1532563 0017725 0439190 0243077
 1280500 2348382 0650607 1256369 0021641 0036536 0036537 0205112 1441672 1533581 1579433 0017725
 1280500 0017725 0086045 0205397 1999216 0450344 1553633 2347469 0039224 1706073 1706074
 1550147 2709094 3539075 3539076 0901518 0006785 0347982 0332462 0442805 1880834 1274040 1546471 2825142 0001128 0202406 1515981 1527240 0054533 1999216 1522609 0006784 0040223 1632851 0699919 1332804 0007428 2717970 0086792 0009452 0332462 0442805 1880834 1274040 1546471 2825142 0871261 1704632 1706817 2911692 0017725 0009932 0243148 0681814 1550141 1707455 1882979 2587213 3274648 0243077 0332197 0884358 1689985 0039224 1706073 1706074
 1627358 2349975 0017725 1441672 0427743 1287281 0017725 0086045 0205171 1720467 0449913 0729333 1441672 1553451 1704459 1416886 1442449
 0021641 0423896 0456205 1533581 1579433 0442739 2346711 0392148 0017725
 0243148 1550141 1882979 2587213 3274648
 0017725
 1425576
 0449911 0333052 2607870 0557702 1272706 1704674 0557702 1272706 1704674 0349966 1337208
 2827734 2981698
 1280500 2348382 0871261 1704632 1706817 2911692 0017725 1522528 0022131 0030274
 0332197 1689985 2347469 1280500 2348382 0347982 0332197 1689985 0291665 2347469 0017725 0017725
 1274040 1546471 2825142 0681814 0441833 0687744 1257890 1552516 1705428 1705429
 0369773 2603361 1707455 0054533 0006784 0243077 0332197 1439852 1689985
 1256369 0021641 0036536 0036537 1533581 1579433 0427743 1287281 0017725 0086045 0440102 1439852 0332197 1689985 0392148
 1274040 1546471 2825142 0681814 0441833 0687744 1257890 1552516 1705428 1705429
 0369773 2603361 1707455 0332197 1439852 1689985 1524063 2825412 1511726 3245479 0392148 1439852 0332197 1439852 1689985 1999216 0427743 1287281 0086045 1446561
 0073187 1256369 0021641 0036536 0036537 1533581 1579433 0871261 1704632 1706817 2911692 1292856 1948023 0017725
 0332256 2700400 0017725 1547282
 0033727 0369286 0441932 0564385
 0681814 1314939 0243077 0347982 0150312 0449450 0058882 0347982 0054533 1999216 0150312 0449450 0205171 1720467
 1274040 1546471 2825142 0441833 0687744 1257890 1552516 1705428 1705429
 0376690 0017446 0205146 0441833 0687744 1257890 1552516 1552839 1705428 1705429 1707455 1524063 0002780 0002778 0936012 1524024 0022885 0039593 0392366
 0871261 0332462 1880834 0443228 1704243 0243148 1550141 1707455 1882979 2587213 3274648 0369773 2603361 0376690 0017446 0205146 0332462 1880834 0205250 1299351 2700149 1705241 1705242 1273937 0237881
 0449911 0039224 1706073 1706074 0557702 1272706 1704674 0557702 1272706 1704674 1280500 2348382 0871261 1704632 1706817 2911692 1522528 0369718 0441922 1553036 0369773 2603361 1709451 0022885 0039593 0392366 0020459 0021641 0442805 0871261 1327616 1533581 1579433 1704632 1706817 2911692 0061355 1999257 3539623 3539624 0018301 1422069 1425391 2697611 0450442 1254351 1521826 0033414 1256369 0021641 0036536 0036537 1533581 1579433 0001492 0442805
 1518422 0442805 0871261 0450442 1254351 1521826 1947931 0007634 1269647 1704653 1948049 0006945 0185112 0578718 0596235 1698986 1511726 3245479 1518422 1547282
 0332128 1280500 1256369 0021641 0036536 0036537 1533581 1579433
 0871261 1518422 0070329 0332197 0392148 0392747 1689985 1709643 0347982 0033607 0078989 2717969 3536890 0030946 1947941 1999216 0347982 0033607 0758959 0769345 2717970 3536890 0030946 1947941 1999216 1280500 0205369 1552740 0039224 1706073 1706074
 0332157 0274281 1518422 0001721 0042153 0441889
 0274281 0332157 0054533 0243077 0033727 0369286 0441932 0564385 1518422 1158774 1280500 0030011 0871208 1521828 0242485
 0871208 1521828 0205112 0017725 0427743 1287281 0086045 0439190 3539687 0347982 0027960 0324740 0439189 1456781 1824986 1705242 0332197 1439852 1689985 0369718 0441922 0868928 1553036 1706255 1706256
 1705241 1705242 0205112 0427743 1287281 0086045 0058882 0439084 0728893 1707455 0332197 0444706 1689985 1999216 3541902 0369718 0441922 0868928 1553036 1706255 1706256
 0332290 0596620 0025519 0025520 0871261 1704632 1706817 2911692 0427743 1287281 0086045 1446561 0740116 2827735 2981700 1532563 0392148 0442805 0369718 0441922 1553036 0442805 0369718 0441922 1553036 1705242 0442805 0369718 0441922 1553036
 0332157 0274281 1518422 0442805 0596235 0021966 0221138 0178587
 1280500 0871261 1704632 1706817 2911692 0860803 0017725 1518422 0332281 0442805 0596235 2347469
 0521116 2348205 0007634 3282337
 1705241 1705242 0022702 0220865 2825046 0750489
 1883712 0333051 1441672 1511726 3245479 1518422 1547282 0178587 0243148 1301820 1550141 1882979 2587213 3274648 0007634 3282337 1705052 2986796
 0449911 0333052 2607870 0557702 1272706 1704674 0557702 1272706 1704674 0349966 1337208
 0740116 2827735 2981700
 1280500 2348382 0021966 0221138 0521116 0871261
 0332197 1689985 2347469 0596235 0871261 1710661 2986829 0017725 1292856 1948023 0392148 0017725
 0456603 1547037 0596235 0021966 0221138
 0033727 0369286 0441932 0564385 0332197 1689985 0392148 2347469
 0205146 0205134 0017725 0441833 0687744 1257890 1552516 1552839 1705428 1705429 1707455 1705242 0392148 0010453 0220814 0430400 2242979 0332197 1689985 0441848 0441876 0369718 0441833 0441922 0687744 1257890 1552516 1553036 1705428 1705429
 1274040 1546471 2825142 1301820 1511726 3245479 1518422 1547282
 1550147 2709094 3539075 3539076 1518422 0392747 0521116 0034869 0007634 3282337
 0007634 0243148 1269647 1301820 1550141 1704653 1882979 1948049 2587213 3274648 0012403 1704458 0007634 1269647 1515981 1704653 1948049 0347982 1511276 1552825 1547282
 0073187 0178587 0369718 0441922 1553036 1515981 1441340 0347982 0022827 0007634 3282337 0369718 0441922 1553036 0369773 2603361 1524063 0022885 0039593 0392366
 0178587 0332849 0444505 0521116 1301820 1705970 2346753 0007603 3161472 0007634 0025255 0242264 0444667 0596901 1269647 1704653 1706182 1948049 3541314 1882115 1511726 3245479
 0016327 0439133 1553038 0242485 0007634 3282337
 0242485 0443289 0020459 0442805 1550147 2709094 3539075 3539076 0347982
 0042153 0457083 1947944 0449830 2827597 0242624 0007634 3282337 0336809 1552514 1948023 3245505 1553387 1948035
 1517741 0039676 2349943 3539704 0039676 0086972 0443299 0449238 0687118 2349943 2926735 3539704
 0442822 1524031 1883002 0007634 0243148 1269647 1301820 1550141 1704653 1882979 1948049 2587213 3274648 1704458 0007634 1269647 1515981 1704653 1948049 0347982 1511276 1552825 1547282 0025320 0392747 0443172 1705241 3539653 0040223 3541383
 0016327 0439133 1553038 0392747 0443172 1705241 0449265 0336809 1552514 0243148 1550141 1882979 2587213 3274648 0369718 0441922 1553036 1441340 0347982 0022827 0007634 3282337 0369718 0441922 1553036
 1511726 3245479 0369773 2603361 1524063 0022885 0039593 0392366
 0332157 0274281 0001721 0007603 3161472 0007634 0025255 0242264 0596901 1269647 1704653 1706182 1948049
 0242485 0521093 0750484 1627358 2349975 1441672 1550147 2709094 3539075 3539076 0016327 0439133 1553038
 0392747 0443172 0243148 1550141 1882979 2587213 3274648 1704458 0007634 3282337 1511276 1552825 0349966 1337208 1547282

 1292856 1948023 0205263 0392747 0443172 0007634 3282337 1707455 0007634 0243148 1550141 1882979 2587213 3274648 3282337
 0332157 0274281 0332281 0301630 0392756 0441610 1150129 0205177 0439167 0441655 1561536 0022131 0030274
 1883351 1301746 1547673 0058882 0006784 2717970 0444706 3541902 1150129 0205177 0439167 0441655 1561536 1524063 1413113 0016349 0639683 0006784 0023401 0205369 0349966 1337208 1552740 1710236 1826625
 0205198 1706082 1518422 0006784 0022173 1705242 1883351 0205369 1552740 0030940 0030946 0521450 1518422 1947941 0012634 0348080 1705253
 0347982 0027960 0324740 0392148 0439189 1439852 1456781 1824986 0439428 0871208 1521828 0441994 1548802 2003888 0054533 0006784 0243077 0332197 1439852 1689985
 0376690 0017446 0205146 0079809 0242485 0392756 0369718 0441922 1553036 0369773 2603361 0369718 0441922 1553036 0369773 2603361 1524063 0002780 0002778 0936012 1524024 0022885 0039593 0392366 0042295 0243148 1550141 1882979 2587213 3274648 0392148 0347982 1515981 0347982 0027960 0324740 0439189 1456781 1824986 0450365 1706097
 0449911 0333052 2607870 0557702 1272706 1704674 0557702 1272706 1704674 0349966 1337208
 0439086 2827736 2981702
 1280500 1150129 0205177 0439167 0441655 1561536
 0332197 1689985 1522528 0033727 0369286 0441932 0564385 0332197 1689985 0392148
 0006353 1439852 1875730 0332256 2700400 0016315 0006784 0597304 1514468 1704444 1947941 0162676 1623049 0444706 0549255 3541902 0023693 1306462 1881376 0312860
 1511726 3245479 1882932
 2347469 0376690 0017446 0205146 0332197 1689985 0392148 0369718 0441922 1553036
 0369773 2603361 1707455 0332197 1439852 1689985 1999216 1524063 0002780 0002778 0936012 1524024 0022885 0039593 0392366
 0054533 0243077 0001721 0920875 0021641 0441472 1533581 1579433 3266814 0206131
 0444706 3541902 0021641 1533581 1579433 1948023 0243144 0347980 0026845 0347982 0027960 0324740 0392148 0439189 1321564 1456781 1824986 0439428
 0206131 0021641 1533581 1579433 0243144 0347980 3272448 3272448 0450316 0369773 2603361 0369718 0441922 1553036 1709451 0022885 0039593 0392366 0450373 1553636
 0392148 0021641 1533581 1579433 0205217 0442805 0243144 0347980 3272448
 0392747 0443172 1705241 1882932 0301630 0392756 0441610 0243144 0347980 0011501 0871261 1704632 1706817 2911692 0021641 1533581 1579433 0369773 2603361 0681814 1707455 0054533 0006784 0243077 0332197 0884358 1689985
 0392148 0058882 0243144 0347980 0011501 3272448 0392148 0369718 0441922 1553036 0301630 0392756 0441610 1948023 0243144 0347980 0011501 0369773 2603361
 0449911 0333052 2607870 1413114 0557702 1272706 1704674 0557702 1272706 1704674 0349966 1337208

 1280500 0021641 0441472 1533581 1579433 3266814 0206131 0242692 1280260 0026845 0037253 0521324
 0332197 1689985 1280500 0205171 0439044 0679994 0021643 0021669 0021641 1533581 1579433 0243144 0347980 0011501 0206131
 0369773 2603361 0007634 1707455 3282337 0332197 1439852 1689985 1999216
 2347469 1280500 2348382 0347982 0058882 0347982 0242692 1280260 0026845 0037253 0521324
 0242694 0026845 1305356 0001675 0024554 0034693 0034721 0086582 0205307 0439166 1321564 1706180 1706428 1706429 1706450 2347086 0332197 1439852 1689985 0392148 0332197 1515981 1689985 0392148 1547282
 1274040 1546471 2825142
 0369773 2603361 0026845 1707455 1995013 0021641 0332197 1439852 1533581 1579433 1689985 1524063 0002780 0002778 0936012 1524024 0022885 0039593 0392366
 1280500 2348382 0347982 1948023 0243144 0347980
 0026845 1995013 2827898 0347982 0560025 0009458 0027960 0324740 0332256 0439189 0439536 0702093 1439852 1456781 1705217 1824986 2700400 3244283 1883708 0439282 0021641 0439191 1533581 1579433 1948023 0456693 1442458 0702093 0444706 0449770 0243144 0347980
 1511726 3245479
 0369773 2603361 0021641 1533581 1579433 1707455 0205171 0439044 0679994
 0073187 1280500 2348382 0347982 1948023 0243144 0347980
 1321564 2827898 0347982 0560025 0009458 0027960 0324740 0332256 0439189 0439536 0702093 1439852 1456781 1705217 1824986 2700400 3244283 1883708 1439852 0009458 0439536 1517331 1705217 2348205 3244283 0441960 2347816 0017110 0596601 0702093 0444706 0449770 0243144 0347980
 1511726 3245479
 0369773 2603361 1707455
 0021641 1533581 1579433 0086597 0127400 0005528 1317949 3495449 0347982 0027960 0324740 0392756 0439189 1456781 1824986 0347982 0027960 0324740 0439189 1456781 1824986 0450375
 0021641 1533581 1579433 0439191 0439394 1706495 3642217 0205217 0442805 0243144 0347980 1321564 3272448 0369773 2603361 0129575 0369718 0441922 1553036 1709451 0022885 0039593 0392366
 0392148 0243144 0347980 0011501 3272448 0392148 0129575 0369718 0441922 1553036 0392148 0243144 0347980 0011501 0450355 3272448 0392148 0129575 0369718 0441922 1553036
 0449286 1704240 0243144 0347980 0011501 0871261 1704632 1706817 2911692 0021641 1533581 1579433 0392756 0450389 0392148 0058882 0369773 0868928 1706255 1706256 2603361 1524063 0002780 0002778 0936012 1524024 0022885 0039593 0392366
 1274040 1546471 2825142 0201807 0242485 0243144 0347980 0439269 1441672 1960952 2346927 0026845 1995013 0450376
 0039798 0087111 1522326 1533734 1705169 3538994 0871208 1521828 0439282 0021641 0439191 1533581 1579433 1948023 0392756 3272448 1995013 0441833 0687744 1257890 1552516 1705428 1705429 0369773 2603361
 1883351 1280500 0205369 1552740 1273517 0910208 1999216 0681814
 1159527 0017725 0243144 0347980 0021641 1533581 1579433 1321564 3272448 0369718 0441922 1553036 0332197 1689985 3272448 0369718 0441922 1553036 0392148 0910208
 0311403 0242184 1963140 0205263 0243144 0347980 0450377 2986754
 0012634 0348080 1705253 0015127 1524003 0442805 0332197 1689985 3272448 1260953 0242184 1963140 0205263 0243144 0347980 3272448 1995013 0441833 0687744 1257890 1552516 1705428 1705429 0369773 2603361
 1648294 0243144 0347980 0871208 1521828 0311403 3272448 1995013 0441833 0687744 1257890 1552516 1705428 1705429 0369773 2603361
 0021641 1533581 1579433 0439191 0439394 1706495 3642217 0205217 0442805 0871208 1521828 0242694 0026845 1305356 1321564 0369718 0441922 1553036 0369773 2603361 1524063 1709451 0022885 0039593 0392366 0349966 1337208
 0392148 0871208 1521828 1157202 1415384 0392148 0369718 0441922 1553036 0392148 0439428 0871208 1521828 1157202 1415384 0392148 0369718 0441922 1553036
 0449286 1704240 1157202 0220781 1883254 0871261 1704632 1706817 2911692 0021641 1533581 1579433 0441994 1548802 2003888 0058882 0369773 0868928 1706255 1706256 2603361 1524063 0002780 0002778 0936012 1524024 0022885 0039593 0392366
 0449911 0333052 2607870 0557702 1272706 1704674 0557702 1272706 1704674 0349966 1337208
 0439084 0728893
 1280500 2348382 0242692 1280260 0026845 0037253 0521324
 1321564 0332197 1439852 1689985 0392148 0332197 1515981 1689985 0392148 1547282
 1274040 1546471 2825142
 0369773 2603361 0026845 1707455 1995013 0021641 0332197 1439852 1533581 1579433 1689985
 0369773 2603361 0026845 1707455 1995013 0332197 1439852 1689985 1999216 1524063 0002780 0002778 0936012 1524024 0022885 0039593 0392366
 0035171 0035168 0242481 1707689 2983265 0557061 2584313 1514811 1706462 2827447 0947630 1547282 0205419 0011860 0332281 0441730 1320657 0011847 0011849 0332307 1547052 0740116 2827735 2981700
 0441889 0242692 1280260 0026845 0037253 0521324 0021655 0332281 2700570 0021641 0237834 1514892 1533581 1579433 1705535 0961737 1413110 0006784 0035820 1705810 0871261 1704632 1706817 2911692 1280500 0021641 1533581 1579433 0439086 2827736 2981702
 0392148 0022131 0030274 0026845 0023884 0736268 1278929 2346688 0040300 0243148 1550141 1882979 2587213 3274648 0428554 0005802 0428548 1705535 0961737 1413110 0006784 1704259 1705987 0001721 1256369 0021641 0036536 0036537 1533581 1579433 0021641 0441472 1533581 1579433 3266814 0017725 0033268 0205054 1457900 0030705 0392747 0011860 1320657 0441730 0011847 0011849 0332307 1547052
 0243123 0961737 1413110 0006784 0851285 0006784 0557651 2603343 1280500 0871261 0017725 0920875 0021641 0441472 1533581 1579433 3266814 0206131
 0150312 0449450 0947630 1999230 0233820 0058882 0392747 0871261
 0274281 0332157 0054533 0243077 0020459 0442805 1518422 0332281 0205217 0442805 0596235 0021966 0221138 0871208 1521828 0042153 0079411 3146294
 1704259 1705987 1273518 0596620 0025519 0025520 2986417
 0449695 0205145 1515974 2825164 0006784 0441472 2603362 3266814 0851285 1327622 1256369 0021641 0036536 0036537 1533581 1579433 1704259 1705987 2987476 0026649 0332466 1293131 0007603 0025255 0032105 0596901 1550098 1706182
 1512571 0302523 0700325 1521721 1964257 0025255 0242264 0596901 1706182 0205217 0442805 0274281 0332157 0443303 0332197 1689985 1280500 0596620 0025519 0025520 0031843 0542341 0700205 1705273
 0178666 0005528 0017725 1317949 3495449 1261552 1704379 1705117 2825408 0596620 0025519 0025520 0026845 0001527 0040300 1547928 1159527 0017725 0243144 0347980 1521970 1706388 2346469 2348519
 0039798 0087111 1522326 1533734 1705169 3538994 1321564 0058882 0237881 0301630 0392756 0441610 0750502 1546944 1274040 1546471 2825142 0871208 1521828 1159527 0017725 0243144 0347980 0205448 0444706 1705242 3541902 0005507 0011501 0243144 0347980 0243126 0017911
 0054533 0243077 0311403 0243144 0347980 0011501 0206131
 0006784 1512804 2984300 0037080 0027552 0686904 0557651 2603343 1274040 1546471 2825142 0242184 1963140 0205263 0243144 0347980 0023693 1306462 1881376
 0442805 1518422 0044602 0034818 1334133 0070807 0217461
 0021467 0021469 1628982 3463820 1705535 1261552 1704379 1705117 2825408 0205108
 0022173 0758959 0769345 2717970 0030946 1947941 1256369 0021641 0036536 0036537 0243148 1533581 1550141 1579433 1882979 2587213 3274648 2986485 0021641 0441472 1533581 1579433 3266814 1552738 1282910 1552828 0439673
 0054533 0243077 1548671 0470187 0332149 1518422 1705910 2362652 0392747 1150129 0205177 0439167 0441655 1561536 1524063 0243077
 0058882 0054533 0243077
 0018790 0237477 0392351 0521111 0007428 1515981 0392360 0205423 1704787 1280500 0006784 0021467 0021469 1628982 3463820 0449234 1704772 1882133 0678226 0021467 0021469 0030940 0030946 1551058 1628982 1947941 3146286 3463820
 0237753 0449788 1552961 2347617 0006784 0021467 0021469 1628982 3463820 0441712 1706376 1280500 1441672
 0205435 1279901 0021467 0021469 1628982 3463820 0332290 0058882 0001721 1256369 1145751 0021641 0036536 0036537 1533581 1579433 2717970
 0054533 0243077 0043227 0441712 1705242 1706376 0054533 0006784 0205369 1552740 1999216 1158774 1280500 0058882
 0205437 0243077 0332197 1689985 1547282 1301751 1280500 2348382
 0020792 0205396 1314939 0243107 0678723 1527148 0599779 0003062 3161035 0205217 0442805 0185117 1554102 0040300 0332257 0007634 1269647 1704653 1948049 0026845 0040300 1547928 1883351 0006784 0021641 0441472 0851285 1314939 1327622 1533581 1579433 3266814 1256369 0021641 0036536 0036537 1533581 1579433
 1627358 2349975 1441672 0054533 0332157 0006784 0243077 0054533 0006784 0205370 0243077 0600688 0750540 1274040 1280500 1407029 1546471 2825142 0750591
 1518422 0441712 1706376
 0205435 1279901 1280500 0054533 0006784 0205397 0243077 0678594 1705242 0079613 0441712 1705242
 0600688 1280500 1407029 1517001 1883351 0021641 0030685 0205370 0391871 0439180 0680255 0750540 1274040 1283071 1533581 1546471 1579433 1963578 2825142 0650607 1256369 0021641 0036536 0036537 1533581 1579433 0021641 0423896 0456205 1533581 1579433 2986417 0054533 0243077
 0150312 0449450 0947630 1627358 2349975 0022131 0030274 0054533 0332157 0006784 0243077 0033727 0369286 0441932 0564385
 0441712 1706376 1273518 1883351 0332257 1552866 2700399 1280500 1273518 0007594 0025246 1261468 0332466 1293131
 0021467 0021469 1628982 3463820 1159527 1719133 0017725 0021641 0243144 0347980 0392756 1274040 1533581 1546471 1579433 1948023 2825142 0206131 0026845 0871208 1521828
 1274040 1546471 2825142 0332290 0681850 1550501 1706203 2349001 2697811 0441889 0035696 0961737 1413110 0021655 0332281 2700570 0021641 0237834 1514892 1533581 1579433 0439086 2827736 2981702
 1883727 1883357 0681828 0947630 0449450 1515655 2349001 0178693 0681850 0086418 0557651 0947630 2603343 1550501 1706203 2697811 0439086 2827736 2981702 0183683 1521721 1512571 0006784 1325895 1523071 1256369 0021641 0036536 0036537 0851285 1314939 1327622 1533581 1579433 0021641 0441472 1533581 1579433 3266814
 0043227 0018173 1521721 0041703
 0041734 0699943 0018747 0034019 3244304 0018684 0557854 2825316 3245478 0011318 0011318 0011318 0011318 0011318 0021622 0205476 1272753 1515981 1551730
 0597277 1708601 0597277 1708601 1880177 0004927 0557651 2603343
 2986676 0597277 1708601
 0016633
 0282413 3273171 0686900 1272683 1522634
 1704729 0041740 0043038
 0179400 1533124 3272372
 3538743
 0013849 1705961 0024492 1538057 1547565 0059804 0034036 0034037 1514756 1704324 0348078 0376315 1272684 1522492 1527075 1548435
 0521116 0587463 0014137 1510825 1510826 1704729 0557806 0582175 0019994 1510665 0454777 0022067
 0033727 0369286 0441932 0564385 0521116 0086345 0017398 0017399 0022877 1510825 1510826 1521991 3244292 0021622 1272753 0596286 0851285 1327622 0041740 0022341
 0002780 0002778 0936012 1524024 0002778 0936012 1524024
 0376690 0017446 0205146 0376690 0017446 0205146
 0011501 0011501
 0167250 0006353 0167250 0006353
 0006353 0006353
 0439269 1960952 2346927 1442460 0017725
 0076252 0076252
 1514811 1706462 0035171 0035168 0242481 1707689 2983265 0557061 2584313 1514811 1706462 3538806 0543483 0699748 0311400 1524026 2707259
 0011847 0011849 2347961 0027971 0369637 0441923 0369637 0441923 0039725 0039738 1420718 0033727 0369286 0441932 0564385 0021966 0221138 3541894 0596019 3539617 0042333 0205419 0011860 0332281 0441730 1320657 0011847 0011849 0332307 1547052
 0325074 0025141 2986904 1419337 3539667 0013123 2825512 0027971 3539617 0678951 0032529 1882417 0332281 0026845 0035696 0392756 0441889 0021655 2700570 0021641 0237834 1514892 1533581 1579433
 1315013 0025141 0369637 0441923 0006784 0030946 1947941
 2347379 0025141 0033727 0369286 0441932 0564385 0597277 1708601 0678594 0031843 0542341 0700205 1705273
 0025141 0369637 0441923 0369637 0441923 0332197 1689985 0230613 0332197 1689985 0439267 0369637 0441923 3539617 0369637 0441923 3541894 1256369 0021641 0036536 0036537 1533581 1579433
 1315013 1412573 2350443 3539770 0369637 0441923 0332197 1689985 3539617 1506978 1705538 0024548 0026385 0556966 3541894 0000934 0392673 2349975 1256369 0021641 0036536 0036537 1533581 1579433
 0011847 0011849 0000857 0600678 1552863 0600091 0024548 0026385 0556966 0369637 0441923 3539617 0369637 0441923 0369637 0441923 3541894 0037083 3537152 0025914 0025929 0026809 0065110 1420631
 0201682 1150129 0205177 0439167 0441655 1561536 0227525 0442805 0332282 1883712
 0201682 0042469 0015663 1550565 0020580 1880261 2348085 0036667 0312418 0427965 1511883 1522640 2346484 2349185 0035820 1705810
 0022337 0242485 2986798 0002778 0936012 1524024 1273517 1883351 0557651 2603343 0015283 0014139 2984285
 0000857 0600678 1552863 0332197 1689985 0392747 0443172 0036536 0036537 1441672 2349975 0012634 0348080 1705253 0376604 0007634 3282337
 0041703 0268596 0332197 1418943 1689985 2700624 3642273 0000857 0600678 1552863 0201975 3539604 0331762 0332307 1280519 1707887 0376604 0007634 3282337
 0349590 1262865 0025141 3539059 0439269 1960952 2346927 0021655 2700570 0021641 0237834 1514892 1533581 1579433 3161035
 0369637 0441923 0598783 0025519 0025520
 2827734 2981698
 1280500 0596620 0025519 0025520 0023796
 0201682 0022418 2259159 1879547 0026845 0274281 0332157 0439590 0021641 1533581 1579433 1158774 1280500 0086045
 0201682 1325897 1523071 0596286 0920552 0851285 1327622 0061355 1333664 0014361 0017687 0030956 0876232
 0230467 0741204 0025141 0039247 0031843 0542341 0700205 1705273 0146894
 0201682 3541314 0012836 1515101 2986905 0332197 1689985 0369637 0441923 3537067 1371283 0021467 0021469 1628982 3463820 2717970 0010654 0030940 0030946
 0007634 1269647 1704653 1948049 0025141 3539617 1522618 0441712
 1315013 3541314 0022418 0078517 0018790 0237477 0392351 0521111 1948023 0205177 0439167 0441655 1561536 0005529 0231484
 0025141 0014963 1457900 0439254 1280500 1882854 0242692 1280260 0026845 0037253 0521324 0086168 0021641 1533581 1579433 1159521 0005528 1317949 3495449
 0201682