 0033684 0039062 0521390 1521840 0039065 0333262 1554077 2828389 0027468 0021622 1272753 1704729 0179400 0442027 1533124 0016132 0020028 0019994 0041740 1510665 0016132 1514756
 1527075 1272684 1548435
 0520510 0025663 0025664 0449851 1514811 1706462 0751383 0012634 0751383 1413495 0027877 0007831 0268279 0521390 0751383 1413495 0524851 0012634 0026882 0015127 1524003 1413495 0017337 1547699 2700640 0021699 0033684 1167322 2752508
 0031843 0542341 0700205 1705273 0439673 1547282 1883351 0027836 2349967 2330755 2336292 0007634 0392752 0521390 0521450 1185625 1382196 1518422 3282337 1948049
 1883712 0439064 0443302 1660749 0475264 1441414 1553874 1578820 0680243 1705535 0751383 1413495 1660749 1660153 0475264 1744691
 0751383 0012634 0001721 0007634 3282337 0242724 0178784 2986417 0449445 0441712 1706376 0185117 0475264 1744691 0006104 1269537 0007634 3282337
 0751383 1413495 1524063 0162788 0444498 0020202 1300517 0487602 1441616 1704680 0949466 0005863 0002778 0936012 1524024 1705493
 0868945 0010453 0751383 1413495 0475264 1744691 1524063 0487602 1704680 0242842 0026018
 0751383 1413495 0007634 0521390 3282337 0007776 1176472 2700441 0019564 0949582 1029104 1284077 1522278 1707522 0007765 1268981
 1274040 1546471 2825142 0027882 0751383 1413495 1518422 0033684
 0039067 0392752 1518422 0039065 0333262 1521840
 0475264 1744691 0439851 1947931 0004268 0039062
 0751383 0012634
 0520510 0025663 0025664 0449851 1514811 1706462 0751383 0012634 0751383 1413495 0027877 0007831 0268279 0521390 0012634 0524851 0012634 0021149 0220856 2827734 2981698
 0019247 0012634 0439660 0026882 0015127 1524003 1413495 0017337 0205396 1550043 1551388 0740116 2827735 2981700
 0441835 0441833 0687744 1257890 1552516 1705428 1705429 0019247 0524851 0677932 1335499 3539781 0012634 0679006 1947967 0027877 0007831 0521390 0268279 0282443 1552617 0042789 1947903 0042789 1947903 0140145 1332102 1425988 0439086 2827736 2981702
 0012634 0205448 0522501 1706089 2607943 2926606 3539655 0428093 0027746 0333467 0011164 1880269 0007776 1176472 2700441 0599851 0040300
 0751383 0012634 0520510 0949692 0026237 0132555 0205396 0521451 1550043 1551388 1711351
 1521970 1706388 2346469 2348519 0332257 1552866 2700399 0231174 0680095 0014544 0036572 0743039 0011265 0497327 1855073 0011065 0023175 0205252 1306577 1442948 1522538 2348269 3275067 0001779 0439234
 0030705 0206243 0699809 0079941 0009219 0017446 0028630 0205147 0751383 1413495 1442161 1511760 1880274
 1883712 0026882 0032529 1880022 0439086 2827736 2981702
 0033684 0021699 0162808
 0178849 1705242 1705920 0025519 0025520
 0947630 1524063 0080194 0456178 1518614 2987481 1444656 0033684 0035820 1705810
 0037088 0243095 2825141 0087031 0751383 0012634 0030664 0163712 0205469 0677042
 0597704 1159772 0475264 1744691 1819332 1819354 0027836 0007634 3282337
 1883712 0439064 0443302 1660749 0475264 0751383 1413495 1441414 1553874 1578820
 0014239 0035295 0598268 0018042 0007603 0007610 0027836 0007634 3282337
 0475264 1744691 0332128 0033684 0231448 0599851 0599896 0684224 0700287 3273238 1657244 1660153 0475264 1744691 0442726 1511790 0002778 0936012 1524024
 0684224 0700287 0680243 1705535 0751383 1413495 1660749 1660153 0475264 1744691
 0751383 0012634 0001721 0007634 3282337 0242724 0178784 2986417 0449445 0441712 1706376 0185117 0475264 1744691 0006104 1269537 0007634 3282337
 0751383 1413495 1524063 0162788 0444498 0020202 1300517 0487602 1441616 1704680 0949466 0005863 0002778 0936012 1524024 1705493
 0868945 0012634 0010453 0751383 1413495 0475264 1744691 1524063 0487602 1704680 0242842 0026018
 1274040 1546471 2825142 0751383 1413495 1523987 0599896 0449444 0007634 0449475 0332307 1269647 1547052 1704653 1948049 0725813
 0751383 1413495 1518422 0024369 1521840 0012173 1337615 0150312 1264633 1554103
 0033684 1518422 0039065 0333262 1521840 0380804 1418854 0030238 1185625 2986730 0027882
 0520510 0025663 0025664 0449851 1514811 1706462 0751383 1413495 1521713 0596208 0027882 0006104 0007634 0025914 0025929 0026809 0599851 1269537 3282337 1514123 0205435 1279901 0557651 2603343 0185117 0008630 0475264 1744691 0531443 1334805 0033684 0450346 0740116 2827735 2981700 0003062 1524063 0162788 0444498 0020202 1300517 0021044
 0025663 0025664 0449851 0449775 0442824 0449774 0520511 1704711 2348205 1274040 1546471 2825142 1547282 0185117 0007634 0521390 1880165 3282337
 1705241 1705242 0025914 0025929 0026809 0442726 0522510 1511790 1515273 1705313 2826302 0520511 1704711 1274040 1546471 2825142 1547282
 0035696 0033684 0006104 0442726 1269537 1511790 1707959 0007776 1176472 2700441 0019564 0949582 1029104 1284077 0007765 1268981 1707522 0458265 0007610 0349966 0740116 2827735 2981700
 0007776 1176472 2700441 0439178 0007634 3282337 0001613 0007776 0022655 0150312 0934502 1518422 0027882 0181496 2827499 0450344 1553633
 0019564 0949582 1029104 1284077 0185117 0010837 0152314 1281026 0206441 0007634 0450345 2347469
 1710082 0010837 0205248 0442726 1511790 0934502 1521991 0228470 0034143 0007634 0934502 1269647 1515981 1522408 1561599 1704653 1948049
 1660749 0475264 1744691 0027882 0228072 0027882 0549177 2986582 0085103 0205397 0349966 1337208 1705052 2986796
 0449911 0333052 2607870 0557702 1272706 1704674 0557702 1272706 1704674
 0002778 0936012 1524024 0006104 1269537 0205155 1293097 1522472 1552923 1705191 0025914 0025929 0026809
 0185117 0007776 0205397 1176472 2700441
 2347469 0751383 1413495 0007634 0205225 0401925 3282337 0206441 0007634 0010837 0205248 3282337
 1553033 0007765 1268981 1707522 0751383 1413495 0205250 0228470 0034143 0007634 0934502 1269647 1522408 1561599 1704653 1948049 0221923 0010837 0205248 0934502 1515981 1522408 1561599
 0185117
 1710082 0005680 0027567 0085756 0439541 0439542 1547282
 0369637 0441923
 0449911 0333052 2607870 0557702 1272706 1704674 0557702 1272706 1704674
 0520511 1704711 0006104 1269537 0205155 1293097 1522472 1552923 1705191 0025914 0025929 0026809
 0751383 1413495 0019564 0949582 1029104 1284077 0206441
 0001613 0007776 0022655 0205146 0007776 1176472 2700441 0019564 0949582 1029104 1284077 1547282 0027882 0007634 3282337
 0017446 0205147
 0442821 0228470 0034143 0007634 0934502 1269647 1522408 1561599 1704653 1948049 0221923 0010837 0205248 0934502 1522408 1561599 0221923 0010837 0205248 0934502 1522408 1561599 0934502 1521991 1522408 1561599
 0020663 1280712 1547282 0085103 0205170 3146287 1080898
 0439178 1446409 1514241 2825490 0205402
 0597879 0205397 0678579
 0369637 0441923
 2347469 0369637 0441923
 0751383 1413495 0033684 0392752 2338017 0007634 3282337 1705175 1705176 1705177 1705178 1882348 0475264 1744691 0443640 0003241 0010453 0884358
 0751383 1413495 0205379 0013935 0025914 0025929 0026809 0332173 0439228 0439505 1521827
 1279901 0033684 0205397 0392752 0005516 0205369 0521390 1552740 0597298
 0205172 0033684 0205397 0231448 0599851 0206181 0205088 1705314 1705315
 0237881 0441889 0449286 0475264 0542560 0750502 1521721 1546944 1561545 1744691 2348088 1427005 0450365 1706097 1420554 2348205 1511726 3245479 1518422 1547282
 1178981 0449719 1709471 0027882 0033684 0205397 0392752 0332281 0018270 0033684 0220844 1621966 2911660 0068563 1414967 0018270 0033684 0220844 0332281 1621966 2911660
 0068563 1414967 0018270 0033684 0220844 0332281 1621966 2911660 0038164 0033684 0206181 0205088 1705314 1705315 1749784 0018270 0220844 1621966 2911660 0678558
 0442301 0016538 0033363 0348018 0751383 1413495 0068563 1414967 0018270 0033684 0220844 0332281 1621966 2911660 1518422 0392752 0445247 1185625 2986730 0441587 1743766 1883719
 0018563 1281583 1552914 0475264 1744691 1416788 3540818 0450366
 0333262 0751383 1413495 0150312 0231448 0599851
 0599444 0702216 0751383 1413495 0205397 1883351 0007603 0025255 0032105 0392752 0596901 1550098 1706182
 0751383 1413495 1511726 3245479 1518422 1547282 1517331 0010453 1999230 3161035 0599896
 0449911 0333052 2607870 0557702 1272706 1704674 0557702 1272706 1704674
 0002778 0936012 1524024 0005516
 0027882 0205173 1705764 1705765 0312586 1979003 0003241 0021027 0034493 0751383 1413495 0332575 1260956 0359168 0003250 0003241 1427005 0068563 1414967 0018270 0033684 0220844 0332281 1621966 2911660 0003242 0003241 0021027 0332583
 0751383 1413495 0041348 2937342 1547282 0475264 1744691 0221205
 0751383 1413495 1547282 0475264 1744691 0453107 1080898
 0751383 1413495 1416788 3540818 1547282 0475264 1744691 0599444 2752549 0007634 0333118 0702216 1269647 1704653 1948049 0751383 1413495 0205397 0231448 0599851
 0751383 1413495 0068563 1414967 1547282 0475264 1744691
 0441587 1743766 1883719 1547282 0016538 0033363 0348018 0068563 1414967 0018270 0033684 0220844 0332281 1621966 2911660 0751383 1413495 1518422 0392752 0445247 1185625 2986730
 2346751 0369637 0441923
 0369637 0441923
 1517331 1516048 0475264 1744691 0010453 1524063 0185117
 1274040 1546471 2825142 0443640 0003241 0021027 0005516 2348205 0025914 0025929 0026809 0205227 0205397 0487602 0751383 1413495 1704680
 0033684 0150312 0449450 0487602 1704680
 0475264 1744691 1427005 2348205
 0205197 1518422 0185027 1948020 1705535 0033684 1518422 0150312 0445247 1185625 2986730
 1416788 3540818 0475264 1744691 0150312
 0449911 0333052 2607870 0557702 1272706 1704674 0557702 1272706 1704674
 0002778 0936012 1524024 0005516
 0751383 1413495 1979003 0312586 0003241 0021027 0034493 2986582 0751383 1413495 0751383 1413495 0332575 1260956 0005516 0041348 2937342 1427005 0003242 0003241 0021027 0332583
 0751383 1413495 0150312 0449450
 0487602 1704680
 2347469 1547282 0728938 1550516 0027882 0185027 1948020 0221205

 0332173 0439228 0439505
 0332173 0439228 0439505 1547282 0475264 1744691 1427005 1080898
 0487602 1704680 1416788 3540818 0429562
 0475264 1744691 3540818 0392223 1705111 3539922 0205397
 1412573 2350443 3539770 0369637 0441923
 0369637 0441923
 0016640 0524811 3161031 0475264 1744691 0242842 0026018 0443289 0751383 1413495 0150312 0449450 0005516 0392752 1427005
 0332185 0380804 1418854 0030238 0033684 0027964 0231330 0348078 0376315 0543483 0699748 1314939 1417613 1522492 2939166 0039065 0333262 0392752 1264633 1554103 1622418
 1517331 1883351 0475264 1744691 1656251 0016640 0524811 3161031 0884358
 0597879 0439267 0442726 1511790 1550101 0439267 1515981 1550101 1553637
 1264633 1554103 0150312 0439267 0441436 0449450 0993610 1998480
 1264633 1554103 1517331 0007703 0439267 0681850 1550501 1706203 2349001 2697811 0449719 0441436 0442726 0993610 1511790 1998480 1384585 1419693 1539372
 1264633 1554103 0038636 0439182 0439599 0812409 1161331 1444662 1998793 1301820 1706701 1264633 1554103 0039067
 0039065 0333262 1264633 1554103 1998793
 0949466 0005863 0002778 0936012 1524024 1705493 1444656 0751383 1413495 0150312 0449450 0033684 0039065 0333262 0442726 1264633 1511790 1554103 1622418 0085255 1420554 0359583
 0085255 1420554 0150312 0349966 1337208 1384585 1419693 1539372 1553637
 0085255 1420554 0751383 1413495 0150312 0439855 1704241
 0751383 1413495 0085255 1420554 0348078 0376315 1522492 1704241
 1416788 3540818 1547282 0751383 1413495 1707455 0033684 0205393 0521450 2982691
 0065400 0033684 0150312 0070386 0359583 0439182 0812409 1261552 1704379 1705117 2825408 0024369 0033684 0150312 0449450 1264633 1554103 0439394 1706495 3642217
 0449911 0333052 2607870 0557702 1272706 1704674 0557702 1272706 1704674
 0949466 0005863 0002778 0936012 1524024 1705493
 0020960 0751383 0884358 1413495 1416788 3540818 0025914 0025929 0026809 0746619 0884358 0003241
 0520511 1704711 1416788 3540818 1179705 1419032 1419718 1384585 1419693 1539372 1547282 0751383 1413495 1532717 0332849 1264633 1416788 3540818 0175723 0439645 1521913 0205369 1552740 0750554 0205397 1420554 0332849 1264633 1550101 1384585 1419693 1539372
 1707455 1420554 1532717 0039067 0039065 0333262 1547282 0751383 1413495 0150312 0449450 0332197 2699517 0180860 0581406 1522664 1704449 1704684 1875155 0229671 0751383 1413495 1546774 1550100 0243148 1550141 1882979 2587213 3274648
 1707455 1416788 3540818 1547282 0751383 1413495 1518422
 0949466 0005863 0002778 0936012 1524024 1705493 1547282 0449775 0449774 1416788 3540818
 0751383 1413495 0205280
 0016640 0524811 3161031 0001675 0025914 0025929 0026809 0557651 0947630 1706450 2603343 1547282 0033684 0150312 0449450 1264633 1515981 1554103
 0039065 0333262 0033684 1518422 0359583 1707455 1550101
 0751383 1413495 1518422 0033684 0031843 0542341 0700205 1705273
 0520510 0025663 0025664 0449851 1554218 1514811 1705175 1705176 1705177 1705178 1706462 1882348 0033684 0332452 1292732 0035820 1705810
 0456909 1457887 0205214 1522138 3245511 0007585 2338017 0007634 0010453 1269647 1704653 1948049 1999230 0699956 3161035
 0475264 1744691 0751383 1413495 0027882 0007634 0599851 3282337
 1883712 0016318 0079603 0016640 0524811 3161031 0557651 0947630 2603343 0750490 1706221 0033684 0039067
 0205156 0947630 1552607 1979874 0027882 0007634 3282337 0751383 1413495 0150312 1279919 1166848 0034850 0024369 1511726 3245479
 0024369 0442726 1511790 0599444 2752549 0007634 0702216 1269647 1704653 1948049 0348078 0376315 1522492 0449774 0039065 0333262 0442726 1511790 0231448
 0751383 1413495 2350331 0205397 1883351 0042345 0521390 2348205 0068563 1414967 0018270 0033684 0220844 0332281 1621966 2911660 1521840
 1521840 0085103 0751383 1413495 0014139 0521390 1314939 2984285 0015283
 0751383 1413495 1518422 0039065 0237400 0333262 0359583 1705535 0035820 1705810 1705242
 0441436 0993610 0025252 0230812 0125271 0025255 0033684 0521450 0596901 1416788 1706182 3540818 0751383 1413495 0150312 0449450 0039067 0441436 0993610 1998480 1384585 1419693 1539372 1550101 1179705 1419032 1419718
 0037088 0243095 2825141 0392148
 0332197 1689985 0039065 0333262 0392148 0035820 1705810 1517331 0205156 0751383 1413495 1521721 1552607 2607943 2926606 3539655 1185625 1382196 0027836 0007634 3282337
 0815043 1527118 0031843 0542341 0700205 1705273 0005528 1317949 3495449 0039065 0333262 1705822
 0005495 0220781 0086597 0127400 1704259 1705987 0205171 0332185 1720467
 1704259 1705987 0332256 2700400 0012173 1337615
 1261552 0013153 0449444 1879941 1883727 0887827 1710082
 1518422 0700364 1883351 0001721 1521840
 0002520 0332256 2700400 1514562 1518422 1883351 0205245 0542341 2700217
 0041485 0002520 2917660 0001128 0202406 0002520 2917660 0001128 0202406 0150312 0449450
 0205108 1518422 1883351 0205245 0542341 2700217
 1710082 0542341
 0086597 0871786 1521840 1660641 0475264 1744691 0011209 0559563 1705822 1154481 1550030 0887882
 0543488 0549177 1704243 2987476 1292732 0033684 0453946 1522408 2987482
 1707455 0380804 1418854 0030238 0033684 0027964 0231330 0348078 0376315 1417613 1522492 1705285 2939166 0684224 0700287 3496591 1883351 0150312 0449450 0039067 0392752 0039065 0205170 0237400 0333262 3146287
 0380804 1418854 0030238 0033684 0024369 0392752 0751383 1413495 0033684 1660153 0475264 1744691
 0380804 1418854 0030238 0033684 1657987 0243107 0521390 0678723 1527148 2986575 0597545
 0597704 1159772 0475264 1744691 0027836 0007634 0521390 1518422 3282337 0557651 0205170 3146287 0684224 0700287 3496591 0033684 1540042 0017337 0679058 1876161 2700640 0077246 0661884 0030940 1947941 0450348
 1707455 1413500 1838570 0025252 0025255 0033684 0596901 1706182 0599896 0205103 1185625 1550465 2827755 2986730
 0543488 0549177 1704243 2987476 0042789 1947903 0599895 1159772 0033684 0599896 0007634 3282337 1705242 0027836 0007634 3282337
 1137947 0036849 1442518 1705195 0013153 0449444 1879941
 0006119 0006104 0030664 0205469 0677042 1269537 0030705 0751383 1301725 1609436 0221198 0598940 1517945 0598940 1517945 0007776 1176472 2700441
 0021044 1547282 0487602 1704680 0019564 0949582 1029104 1284077 0007765 1268981 1707522
 1880022 0030705 1518422 0004927
 1274040 1546471 2825142 0039062 2945843 0205145 1515974 2825164
 0002778 0936012 1524024 0030705 0751383 1518422 1301725 1609436
 3161035 0751383 0277561 0012634 0598940 0039062 0007765 1268981 1707522
 0031843 0542341 0700205 1705273 0332324 1550474 0441889 0597357 0022009 0439799 1706095 0596902 0033684 1273518 0027746
 0205170 3146287 0002395 0012634 0392756 0547047
 0332185 2986594 0683033 0684309 3161035 0543488 0549177 1704243 2987476 1457869 1861101
 1314939 0751383 0012634 0947630 1524063 1520210 3161035
 0036025 0043392 0043393 0717551 0332197 1689985 3463810 1171362 0033684 0181209 0185117 0392747 0443172 1705241 1979963 2003903 0392747 0443172 1705241
 0302523 0700325 1964257 0439851 1947931 0558024 1514534 0002778 0936012 1524024 0024369 2984542 1704259 1705987
 1515926 1709305 2745955 0010957 1883709
 0520510 0520510 0025663 0025664 0449851 1514811 1706462 1292533 0370003 2347026 1273517 0231441 0443218 2827483 0370003 2347026
 0040300 1547928 1440942 0000925 0369637 0441923 1883724 0205155 1293097 1522472 1552923 1705191 0449878 0017596 1947936
 0162788 0444498 0020202 1300517 0332255 1708096 0006556 0025914 0025929 0026809 0028630 0751383 1413495 0009013 0086022 0442335 1705099
 0036658 0182400 3146294 1524063 0302828 1442085 3263700
 0004793 0028630 0162326 0521093 0750484 1553778 1561491 0814195 1328319
 0162788 0444498 0020202 1300517 0884358 1552738
 0182400 1704681 2347609 3536729 1639518 1947986 0205160 0243148 1273517 1513916 1550141 1882979 2587213 2825415 2825491 3274648
 0003241 0312586 1979003 0003241 0021027 0002518 0002520 2917660 0001128 0004793 0006556 0086418 0162326 0162327 0202406 0443225 0751383 1413495 1444754 1519249 1706316 1552738
 0751383 1413495 0002518 0002520 2917660 0001128 0004793 0025914 0025929 0026809 0162326 0162327 0202406 0751383 1413495 1519249
 0020971 0439267 0016712 0001551 0001552 0205197 0725685 1522673 1720154 0205145 0439064
 0021485 1533685 1828121 0332174 0439230 0884358 1272706 0439175 0439810
 0020960 0376702 0016318 0079603 0392366 0454802 0487602 0751383 1413495 1704680 0018873 0007634 3282337
 1883712 0949466 1257857 0005863 0376702 0002778 0007634 0039593 0392366 0454802 0751383 0936012 1413495 1524024 1705493 3282337 0884358 1524063 0020960 0229671 1546774 1550100
 0487602 1441616 1704680 0043367 0205549 2348044 0020281 0028778 0332206 2983591 0702093
 0243122 1145667 1167622 0015965 0028778 0229671 0230445 0332206 0521457 1305418 1546774 1550100 2983591 1412820 0700308 0033727 0369286 0441932 0564385
 0233660 0332206 0439962 2827734 2981698 0205155 1293097 1522472 1552923 1705191 1439852 0439583 0450376
 0205155 1293097 1522472 1552923 1705191 1548982 0040223 1632851 0041175 0006353 0036082 0077281 0814229 0051979 0018019 0034493 1265549 1439852 1510458 0086022 0442335 1705099
 2827734 2981698 0700308 0033727 0369286 0441932 0564385 2348236 0005903 0039476 1547703 0332283 0439855 1704241 0034760 0086022 0442335 1705099 2827734 2981698 0041175 0006353 0036082 0077281 0814229 0702093
 0205369 0243122 1145667 1167622 1552740 0442726 1511790 1524063 0812225 1150635 1705212 1705213 3273202 1719918 0052799 0020281
 0065758 0037633 0525069 0201879
 0012737 0010453 0220814 0430400 2242979 0013935 0025914 0025929 0026809 0332173 0439228 0439505 0580836 0025921 0332283 1719822 0015392 0849355 0456963 0991865 0006353 0009264 0009443 0020746 0031603 0031701 0036082 0234192 0348011 0369637 0441923 1601799 0596235 2678549 1882074 0020283 0450407 0450408 0450409 1417500 2346927 0017725 0242295 1947943 2348609 1439852 0702093 1705175 1705176 1705177 1705178 1882348 1704675 0035322 0035323 1519082 0014609 0031916 0035298
 0015392 1280202 0035322 0035323 1519082 0014609 0031916 0035298 0042905 0229096 0020168 0597811 0441602 1882308 0023317 0023318 0996842 1278892 0849355
 0035298 0444499 0991865 0006353 0031603 0031701 0036082 0439526 1601799 1709595 2349200 0011519 1148702 0011522 0021966 0221138 1883712 0013618 0332283 0702093
 0243102 0014442 0205177 0439167 0441655 1561536 0311403 0086045 1446561 0040300 1547928 1517331 0040223 0205239 1632851
 0370003 2347026 1883708 1446863 1638411 0441436 0993610 1998480 0009458 0439536 1705217 3244283 0180860 0581406 1522664 1704449 1704684 1875155 0332529 0392747 0009458 0439536 1705217 3244283 1412820 0003232 0017797 0061472 0523665 0001128 0202406 0019215 2678549 1882074 0020283 0450407 0450408 0450409 1537935 1412820
 0007634 3282337 0065749 1522408 0005971 2827734 2981698
 0331782 0020498
 1442765 0439228 0010453 0220814 0430400 2242979 0009458 0439536 0549178 1705217 3244283 0061472 0523665 0001128 0202406 1515981 0003379 0450442 1254351 1521826 0010711 0369637 0441923 1719918
 0036636 0597363 0042776 0086312 0319157 0009450 0036636 0597363 0042776 0086312 0319157 0751383 1413495 0036636 2827421 1521827 1552738
 0009450 0037633 0521026 0525069 0884358 1720119 1948037 0009458 0150312 0332285 0439536 1705217 3244283 0009458 0205224 0325564 0439536 0547040 1524031 1705217 2945599 3244283 0332529 0036774 0036773 0728877 0001924 0007452 0229671 1140701 1546774 1550100 0017797 0019215
 2338017 0007634 3282337 0439663 0010453 0220814 0430400 1314677 2242979 0439228
 0009450 0206243 0699809 0700308 0033727 0369286 0439787 0441932 0564385 0849355 2347816 1883708 0009458 0439536 1705217 3244283 0849355 0033727 0369286 0441932 0549178 0564385
 0487602 1704680 2338017 0007634 3282337 0070066 0231441 0443218 0443224 2827483 2827486 0991865 0006353 0031603 0031701 0036082 1601799 0702093 2348236 0005903 0039476 1547703 0991865 0006353 0031603 0031701 0036082 1548982 1601799 0146951 0133689 0242759 1719918 0036774 0036773 0728877 0001924 0007452 0229671 1140701 1546774 1550100 1719918 0991865 0006353 0031603 0031701 0036082 1601799
 0243122 1145667 1167622 0036774 0036773 0444499 0728877 0991865 0006353 0031603 0031701 0036082 1601799 0456693 1442458 0702093
 2338017 0007634 3282337 0312586 0205195 0025914 0025929 0026809 0041348 0439070 0597298 1705160 2937342 0079240 1948037 1416788 3540818 0036375 0041740 0004716
 2827734 2981698 0039065 0333262 1427005 0369637 0441923 0597277 1708601
 0036378 0036375 0006037
 2827734 2981698 0025914 0025929 0026809 0068563 1414967 0018270 0220844 1621966 2911660
 2827734 2981698
 1416788 3540818 1427005 0020204 0442598 0458003 0678723 0872261 0947630 1301820 0022037 0041740 1555231 1704729 0008848 0022037 1555231 3262831 1947960 0041703
 0751383 1413495 0036636 0439663 2338017 0007634 3282337 0205173 1705764 1705765 2827734 2981698 0025914 0025929 0026809 0041348 0205195 0439070 0597298 1705160 2937342 1416788 3540818 1427005
 0003241 0006353 0233660 0332206 0700308 0033727 0369286 0441932 0564385 1439852 2348236 0005903 0039476 1547703
 0076308 0332575 0600322 0884358 1260956 0051979 0034493
 2827734 2981698 0205195 0051979 0051980 0018019 0025914 0025929 0026809 0060520 0124209 0206359 0522529 1265549 1510458 0022877 1619828
 2827734 2981698 0051979 0034693 0034721
 2827734 2981698
 0449878 0683758 1626420 0181839 1426317 1706379 0449911 0037585 0181839 1706379 0441833 0687744 1257890 1552516 1705428 1705429
 1704254 1704922 3542466 0037585 0205197
 0016640 0524811 3161031 1999230 0007776 1176472 2700441 1638411 0006353 0439526 0038636 1161331 2678549 1882074 0019215 0020283 0450407 0450408 0450409 0597484 1272460 0038454 0694746 0369637 0441923 0181200
 0179834 0439267 0702093
 0002778 0936012 1524024 1550101 0439267 0179834 0702093
 1550101 0333118 0441436 0993610 1998480 1548982 0439267 0700308 0033727 0369286 0441932 0564385 1720725 1948050 2827734 2981698 1999230 1384585 1419693 1539372 1179705 1419032 1419718
 0993610 2678549 1882074 0019215 0020283 0450407 0450408 0450409
 0204727 0205409 0220862 0884358 0439230 1552738 0450355
 1550101 0179834 0439267 1720725 1948050 1264633 1554103 0006353
 0370003 2347026 0806243 0038636 0439182 0439599 0812409 0934502 1161331 1444662 2827734 2981698 0369637 0441923
 0007703 0011744 0033727 0369286 0441932 0564385 0439267 0039067 0021798 1516695 1516698 3171718 0064411 0037633 0525069 0037494 1959973 0740116 2827735 2981700 0024472 0017725 0206794 0001128 0202406
 0039065 0333262 0205409 1548221 1552738
 0007776 1176472 2700441 0439526 0006353 0038636 1161331 0019215 0038636 0597484 1161331 1272460
 1264633 1554103 0007703 0443199 1301820 1705242 0038636 0439509 1161331 0038636 0205132 0439182 0549178 0812409 0934502 1161331
 0812409 0033727 0369286 0441932 0564385 0179834 0439267
 0812409 0439526 1264633 1516695 1516698 0034952 0918012 1552854 1637833 0332128
 1264633 0808397 0205088 0439526 0449468 1546485 1690016 1705102 1709595 2349200 2700258 0439526 1882074 2678549 0019215 0020283 0450407 0450408 0450409 0597484 1272460 0037494 1959973 0007703 1550099 0033727 0369286 0441932 0564385 0439267
 0993610 0064411 0037633 0525069 1549535
 0024369 0025914 0025929 0026809 0205409 0205448 0439231 0439507 0580836 1548221 0007776 0038636 1161331 0442757 2678549 1882074 0020283 0020923 0020924 0439086 0450407 0450408 0450409 2827736 2981702 3640175 0027551 0456564 1521879 1704318 1882041
 0179834 1550101 0439182 0486616 0812409 0934502 1261552 1555710 1704379 1704458 1705117 2825408 0332283 0038636 1161331 0070386 0178587 1300565 0720544 1300565 0720544
 0007703 0450385 0884358 0702093 0439267 0337108 1272691
 1264633 1516695 1516698
 1882508 0020985 1516048 0005516
 0949466 0005863 0002778 0936012 1524024 1705493 0427716 1304757 0086045 1446561 0249069 0005507 0033684 0243073 0444706 0449913 1510438 1553451 1704459 3541902 0022877 1619828 0439267 0013855
 0033684 0348011 0025255 0596901 1706182 0331955
 0003241 1273517 0020960 2827734 2981698 0633763 0085255 1420554 1420554
 2827734 2981698 1416788 3540818 1639518 1947986 0205160 0243148 1513916 1550141 1882979 2587213 2825415 2825491 3274648 0229671 1546774 1550100 2827734 2981698
 0003241 0025914 0025929 0026809 0021027 0202081 2827734 2981698

 1883351 0024100 0001128 0202406 1719918 1273517
 2986676
 2986676 0018896 1552861 0018896 1552861 1521827 0600659
 0557651 2603343 0000876 0016132 1521721 0205099 0017398 0017399 0018173 0016820 0016617 1709697 2728259 3484370
 2825232 0282413 0376649 1442065
 0254343 0796520 3272379
 0085205 1549619 1880669
 0013849 1705961 1514811 1706462 0520510 0025663 0025664 0449851 1514811 1706462 0369773 2603361 0439394 1706495 3642217 0332173 0439228 0439505 0439394 1706495 3642217 0597277 1708601 2603360
 0027877 0007831 0521390 0268279

 3642273 0025141 0740116 2827735 2981700 1513822 1880171
 0204727 0205409 0220862 0751383 1413495
 0007634 1269647 1704653 1948049 0025141 0027960 0324740 0439189 1456781 1824986 0039067 0369637 0441923
 0086345 0017398 0017399 1521991
 0014544 0439509 0025141
 0011900 1704338 1704656
 0025141 0021966 0221138 0369637 0441923 0043016 0456647 0332173 0439228 0439505 0369718 0441922 1553036 0337049 1036400 2347469 0039067 0205090 0684010 2603358 0205090 0684010 2603358
 0337174 1698986 1753314 0751383 0012634



 0325074 0025141 0369773 2603361
 0027877 0007831 0521390 0268279
 0025141 1539794 0033727 0369286 0441932 0564385 0205090 0684010 2603358 0027960 0324740 0439189 1456781 1824986 0332173 0439228 0439505 0331925 2347469
 0683033 0684309 3161035 0026882
 0025141 0718133 0073187 0039067 0016327 0439133 1553038
 1156284 0020283 0450407 0450408 0450409 0557651 0851285 0947630 1327622 2603343 1334043
 0027960 0324740 0439189 1456781 1824986
 0325074
 0025141 0021966 0221138 2603360 2349138 0369637 0441923 0950238 0439114 0439394 1706495 3642217
 0005572 0220781 1159372 1521840 0332452

 0027960 0324740 0439189 1456781 1824986
 0325074 0332173 0439228 0439505 0369637 0441923 0332173 0439228 0439505
 0002778 0936012 1524024 0599895 1159772 0033684 0599896 0751383 1413495 0332466 1293131 0120285 0033684 0303920 0332583 0021135 1533691 2827718
 0027960 0324740 0439189 1456781 1824986
 0325074
 0025141 0439267 0205090 0684010 2603358 0332173 0439228 0439505 0597277 1708601 0205090 0684010 2603358 0016327 0439133 1553038
 0033684 1704222 1416989 0017337 1514468 1704444 1166861 0021699 1423498 0230764 0025252 0025255 0033684 0443238 0596901 1706182

 0027960 0324740 0439189 1456781 1824986
 0325074 0205090 0684010 2603358 0205090 0684010 2603358 0021966 0221138 0439394 1706495 3642217
 0185117 0475264 1744691 0033684 0751383
 0027960 0324740 0439189 1456781 1824986
 0325074
 0025141 0021966 0221138 0205090 0684010 2603358
 0599814 0005528 1317949 3495449 1853126 1527178 1874451 0751383 1413495

 0027960 0324740 0439189 1456781 1824986
 0325074 0369637 0441923 1553033 0033727 0369286 0441932 0564385 0369773 2603361 0039067
 0475264 1744691 0751383 1413495 0033684


 1571809
 3642273 0000857 0600678 1552863 0439114
 0380804 1418854 0030238 0033684 0039067 0392752 0039065 0333262 0268281

 0027960 0324740 0439189 1456781 1824986
 0325074 1539794 0033727 0369286 0441932 0564385 2346751 0369637 0441923 0205090 0684010 2603358 0332173 0439228 0439505 0369718 0441922 1553036 0033727 0369286 0441932 0564385
 1883073 2827424 1416989 0017337 0751383 0751383 1413495



 0325074 0025141 0369718 0441922 1553036
 1506158 0183362 0300824 1153540 0039065 1749557 0220781 0333262 0439634 1522492 1622418 0086597 0127400 0439855 1704241 1706710

 2827734 2981698 0025141 0332173 0439228 0439505 0718133 0073187
 0751383 0012634 0220825 1261322 0597704 1159772 0475264 1744691 0031843 0542341 0700205 1705273

 0027960 0324740 0439189 1456781 1824986
 0325074 0039067
 1853126 0178499 1626935

 0332173 0439228 0439505 2349138 0369637 0441923 0439394 1706495 3642217
 0380804 1418854 0030238 1142652 0033684 0332120 0013153 0449444 1879941
 0000857 0600678 1552863 0439114 0369718 0441922 1553036 0033727 0369286 0441932 0564385 0439394 1706495 3642217
 1171362 0185117 0025914 0025929 0026809
 2347379

 2347379
 0439114 0332173 0439228 0439505 2603360 0439394 1706495 3642217
 1171362 0185117 0027882
 0027960 0324740 0439189 1456781 1824986
 0325074
 0450388 0025141 0861352 0439394 1706495 3642217 0021966 0221138 0033727 0369286 0441932 0564385 0369773 2603361
 1430948 0661884 1540042 0087044 0103404 0077246 0021966 0030940 0221138 1947941 0001128 0020283 0450407 0450408 0450409


 0201682 0439394 1706495 3642217 0039067 0332173 0439228 0439505
 0025252 0025255 0033684 0596901 1706182 1320928 1549439 2347958

 0027960 0324740 0439189 1456781 1824986
 0325074 0033727 0369286 0441932 0564385
 1517945 1515926 0751383 1413495 0027877 0007831 0268279 0521390
 0025141 0033727 0369286 0441932 0564385
 0030664 0205469 0677042 0751383 1413495 0027877 0007831 0268279 0521390 0020564 1517945
 0025141 0369773 2603361 0039067
 1260954 1515926 0815002 0027882 0682702



 0325074 0025141
 0035820 1705810 0002395 0012634

 0369718 0441922 1553036

 0268596 2700624
 3642273 0033727 0369286 0441932 0564385 0073187 0369718 0441922 1553036 0335912 0369637 0441923 0597277 1708601 0369718 0441922 1553036 0033727 0369286 0441932 0564385
 0332453 0359589 1999230 2986594 0683033 0684309 3161035
 1513822 1880171

 0451119 1444662 0025141 0439267 0033727 0369286 0441932 0564385 0033727 0369286 0441932 0564385 0205090 0684010 2603358 0369637 0441923
 0679199 0018790 0237477 0392351 0521111 3146300 0220781 1883254 1417228 3266851 0129439
 2347379
 0027960 0324740 0439189 1456781 1824986
 2347379 0025141 0439230 0205090 0369773 0684010 2603358 2603361
 0010853
 0027910 1552241 1555991 0025141 0439230 0205090 0369773 0684010 2603358 2603361
 0204727 0205409 0220862 0596632 0018270 0206428 0220844 1621966 2911660 0449432
 1510707 0039067
 0027820 0699841
 0449445
 1419408

 0369773 2603361 0369773 2603361
 0087044 1420543 0021966 0085252 0221138 0087044 0103404 0021966 0033684 0221138 0031689
 0439070 1705160
 0004083 0439849 0596306 0699792 0205250 0557651 2603343 1998793 0455052 1521827 0039065

 0000857 0600678 1552863 1553033 1305702 1547134 2355574 0205090 0684010 2603358 0332173 0439228 0439505 0444649 1553033 0597277 1708601 0439267
 0332255 0486805 0150312 0449450 2245784 0025255

 0025141 0439114 0016327 0439133 1553038
 0597301 0243114 1998793 0032043 1278988 1550656


 0450388 0025141 0597277 1708601
 0597304 0010813 0596311 1330957 1706853 1879748 0018670 1281590 1706305 0162570
 0349590 1262865 0025141