 1517945 0025914 0025929 0026809 0017262 0017337 0023175 0181586 0185117 0205161 1442948 1522538 2347472 2348269 2699333 3275067 0022131 0030274 0243107 0678723 1314939 1527148


 0439086 2827736 2981702 1557169 0022877 3244292 0041740 0027976 0205314 1704729 0036375 0008044 0030561 0331677 1824032 1704729 0036375 3272372
 0035171 0035168 0242481 1707689 2983265 0557061 2584313 1514811 1706462 0026882 0011860 0011847 0011849 0332162 0449989 0700597 0441731 0332239 0332307 1547052 1274040 1546471 2825142 0871261 1704632 1706817 2911692 0007634 3282337
 0017262 0185117 0205224 0557651 2603343 0332272 1883351 0441712 1706376 1457869 1861101
 0150312 0683927 0035696 0441889 1547699 2700640 1420172 0017742 0017725 0596902 1420122 0301715 1882074 2825492 0034348 0023884 0031727 0034354 0244104 0736268 1278929 2346688 0021641 1533581 1579433
 1883712 0185117 0332257 1826562 0332134 0879404 0330390 0439096 1416886 2004068 0025914 0025929 0026809 0392756
 0392747 0443172 0750489 1705535 1517945 0342300 0020456 0015127 0205225 0439631 1524003
 1979963 2003903 0150312 0185117 0034348 0023884 0031727 0034354 0244104 0736268 1278929 2346688 0025914 0025929 0026809
 0185117 0597357 0018790 0237477 0392351 0521111 0205177 0439167 0441655 1561536 1416480 0392756
 1880022 0086860 0185117 0013081 0086597 0127400
 1517331 1547282 1334896 1335142 0682323 0700321 0162493 1321099 1879547 0443211 0419518 0445022
 1274040 1546471 2825142 1517945 0017262 0017337 0023175 0181586 0185117 0392747 1442948 1522538 2348269 3275067 1256369 1719133 0017725 0021641 0036536 0036537 1314939 1533581 1579433 1948023 0220781 1883254 0007589 1511938 2945687
 0035171 0035168 0242481 1707689 2983265 0557061 2584313 1514811 1706462 0342276 2984262 0011860 0011847 0011849 0332162 0449989 0700597 0443147 0678942 0678944 0242538 0596142 0728826 1527180 1880022 0206132 3274945 0332162 0871261 1704632 1706817 2911692 2827734 2981698
 2827447 0947630 0026882 0017337 0342276 2984262 0011860 0332281 0011847 0011849 0332162 0332239 0348078 0376315 0449989 0700597 1705242
 0017337 2700640 0017713 1415014 0342276 2984262 0011860 0011847 0011849 0332162 0449989 0700597 0439086 2827736 2981702 0439084 0728893 0026882 0015127 1524003 0084821 1415629 1420639 0872184 0227525 0521447 0669372 2827734 2981698 1826562 0332134 0879404 0065110 1420631 0069116 0872184 0227525 0521447 0669372 1521761 2827422 0297513 1417683 3273872 0330390 0439096 2004068 0740116 2827735 2981700 0439086 2827736 2981702 0439084 0728893
 1883712 0030705 1337112 0017337 0271650 0178665 0013220 0017725 0020963 0220929 0221099 0231197 0231203 0684336 1704410
 0442808 0332120 1705535 1720950 1513822 1705739 1882071
 0681828 0947630 1547282 1336596 1336780 0872184 0227525 0521447 0669372 1336776 1419349 0084821 1415629 0872184 0227525 0521447 0669372 1521761 2827422 0065110 1420631 0069116 0872184 0227525 0521447 0669372 1521761 2827422 1705535 0872184 0227525 0521447 0669372 1521761 2827422 0182953 1704734 1704735
 0086860 0065110 1420631 0069116 0872184 0332256 2700400 1149367 0005456 0205145 0243122 1145667 1167622 0872184 0227525 0521447 0669372 1521761 2827422
 0392148 1515655 0021135 1533691 2827718
 0185117 1183500 0007634 0014144 0442045 3282337 0182953 1704734 1704735 0017337
 1533716 0470187 0040648 0040649 1521761 2827422
 0065110 1420631 0069116 0872184 0227525 0521447 0669372 1521761 2827422 0040648 0040649 1521761 2827422 0002508 0025033 0205088 0376525 1705314 1705315 1880389 1883221 3541951 1518803 1511662 1148673 0012854 0243122 1145667 1167622 1880389 1883221 3541951 0040624 1880389 1883221 3541951
 0065110 1420631 0069116 0872184 0227525 0521447 0669372 1521761 2827422 0023884 0736268 1278929 2346688 0022646 0227665 1278978 1514845 0021853 1708548 0022131 0030274
 0025914 0025929 0026809 0017337 0205307 0439166 2347086
 0026882 1547282 1883351 0011860 1320657 0441730 0011847 0011849 0332307 1547052 0013336 0341703 0015624 0015625 1857395 0039082 0020443 1522133 0450348
 0008972 0178693 0205210 0947630 1547282 0026882 0007613 0332281 0232786 0699040 1292719 0007634 0030274 0031843 0221099 0542341 0684336 0700205 1269647 1704653 1705273 1948049 1256369 0021641 0036536 0036537 0221099 0684336 1533581 1579433 1880022
 0680220 0017337 0065110 1420631 0069116 0872184 0205396 1550043 1551388 0027361 0237401 1838100 3273648 0681842 1882327 1883351 0031843 0542341 0700205 1274040 1517945 1546471 1705273 2825142 0026882 0015272 0205177 0439167 0441655 1561536
 1883073 2827424 0441587 1880274 0035687 2610186 1705535 0441712 1706376 0178655 1273518
 0456947 0441889 0332148 0750492 0065110 1420631 0069116 0872184 1332838 0017337 0040624 0227525 0392756 0521447 0669372 1274040 1521761 1521840 1546471 2825142 2827422 2986546
 0205463 0947630 1524063 0022131 1522528 0030274 1547282 0031847 0277785 0332148 0750492 0037083 0332452 1274040 1546471 2825142 3537152 0205107
 1707478 1527178 1705938 2607943 2926606 3539655 2827734 2981698 1256369 0021641 0036536 0036537 1533581 1579433 0871261 0017854 0392756
 0740116 2827735 2981700 2348693 0079411 3146294 0027289 0205216 0392756 0442797
 0439086 2827736 2981702 0521116 0007634 3282337 1518422 0017725 1260953 0332324 1550474
 1710236 1260953 2349182 1457869 1861101
 1274040 1546471 2825142 0332185 0947630 1521721 1547282 0185117 0034348 0023884 0031727 0034354 0244104 0736268 1278929 2346688 1420172 0017742 0017725 0596902 1420172 0017742 0017725 0596902 0025914 0025929 0026809 0013081 0034348 0023884 0031727 0034354 0244104 0736268 1278929 2346688 0007600 0205132 1512032 0205160 0348078 0376315 1513916 1522492 1527180 2825415 2825491
 0684224 0700287 0681828 0557651 2603343 1705535 1457869 1861101 0007634 1269647 1457869 1704653 1861101 1880177 1948049 0011847 0011849 0872184 0450355
 0684224 0700287 3273238 1512032 0205160 1513916 1527180 2825415 2825491 0065110 1420631 0069116 0872184 0021670 0007634 3282337 0022626 1417943 1419450 0026237 0030016 0185117 0392756 0441889 0521451 1711351 0456948 3244092 1171362 0185117 0026237 0030011 0221099 0332152 0521451 0684336 1522538 0871261 1704632 1706817 2911692 0450355
 2607943 2926606 3539655 1514893 2699488
 0557651 2603343 1853126 1527178 1874451 0015127 1314792 1524003 0031847 0277785 1883559 0332307 0445392 1547052 0025914 0025929 0026809 1515655
 1274040 1546471 2825142 0011155 0162429 1623416 1274040 1457869 1546471 1861101 2825142 0332257 1552866 2700399 0040648 0040649 1720950 1521761 2827422
 1274040 1546471 2825142 0392752 1457869 1861101 1512233 1704259 1705987 1999230 0332120 0851285 1327622 0040648 0040649 1521761 2827422 1511545
 0035171 0035168 0242481 1707689 2983265 0086912 0035171 0035168 0242481 1707689 2983265 0557061 2584313 1514811 1706462 0086022 0442335
 0441513 1552738
 0086022 0442335 1705099 0009015 3146294 0332255 1708096 0041740 0332256 2700400 0079941 0004793 0009219 0162326 0162327 1519249
 0599566 0086022 0442335 1705099 0032520 0025914 0025929 0026809 0337112 0443286 1114821 1334896 1335142 1335439 1517480 1521871 1524075 1705299 1705759 2827421 0332255 1708096 0332256 2700400 0079941 0080089 0034754 0175566 0180979 1705179 1705858 1524063 0006556
 0332255 1708096 2945843 0009013 0011516 0205145 1515974 2825164
 0032136 0335038 1522485 1705915 1709908 1866552 3273616 0032520 1335283 1705637 0086418 0086860 0337112 0443286 1114821 1334896 1335142 1335439 1517480 1521871 1524075 1705299 1705759 2827421 1510755 1706078 1524063 1335283 1705637 1441094 0028953 1334896 1335142 1705299 0439084 0728893 0656342 1335280 1706044 1334896 1335142 1705299 0439084 0728893 0009015 0032136
 0332255 1708096 0441587 1743766 1883719 0314621 0086860
 0032520 0337112 0443286 1114821 1335439 1524075 3146294 1524063 0016327 0028953 0439133 1553038 0656342 1335280 1706044 1334896 1335142 1705299
 0332255 1708096 0332256 2700400 0005456 0682969 0205145 0243122 1145667 1167622 1515974 2825164 0084821 1415629 0009013 0021107 0441587 1512796 1883719 1866552 3273616
 0162326 0521093 0599651 0750484 1553778 1561491
 0022131 0030274 0204727 0205409 0220862
 0022131 0030274 0205409 1548221 0025914 0025929 0026809 0019425 1883559 0332307 0445392 1547052
 1273517 0012238 2349986 0007703 0443199 1705242 0392747 1554963 0025664 0184661 2700391 1552738
 0010453 0220814 0430400 2242979 0009458 0439536 0439583 1705217 3244283 0015965 0229671 0230445 0521457 1305418 1546774 1550100 0242295 1947943 2348609 0017725
 0030274 1278931 0021289 0025914 0025929 0026809 0849355 2239178 2939425
 0035668 1883708 0185115 3541890 1524063 0034760 1412820 0332282 0302828 1442085 3263700
 0205279 3272453 0012854 0017428 0887950 0849355 1524063 0035541 0011519 1148702 0011522 0021966 0221138 0035668 0439267

 0012634 0348080 1705253 0599161 0032520 0035379 0040646 0337112 0443286 1114821 1273517 1335439 1524075 1555029 2257077 0332283 0025663 0449851 0871511 0392747 1554963
 0006556 1883254 1524063 0035379 0040646 1555029 2257077 0206415
 0006556 1999230 0728990 1524063 0206415 0392148 0075813 1335439
 1511572 1273517 1517480 1521871 1705759 1514721 2348147 3542016
 0162326 1524063 1273517 1517480 1521871 1705759 0006556 0470187 0439493 1513009 0369637 0441923
 0021044
 0016318 0079603 1440942 0369637 0441923 0884358 0205155 1293097 1522472 1552923 1705191 0332174 0439230 0580836 0025914 0025929 0026809 1521827 1552738
 0205155 1293097 1522472 1552923 1705191 0456693 1442458 0028778 0332206 0702093 2983591 0034493 0205307 0229671 0439166 1546774 1550100 2347086 0086045 1446561 2827734 2981698 0991865 0006353 0031603 0031701 0036082 1601799
 0205155 1293097 1522472 1552923 1705191 1420172 0017742 0003242 1979003 0003241 0017725 0021027 0025914 0025929 0026809 0034493 0596902 2986582 1555271 0079240 1948037 2827734 2981698
 0003241 0021027 0051979 0034493 0086045 0185125 1446561 0991865 0006353 0031603 0031701 0036082 1601799
 0205155 1293097 1522472 1552923 1705191 1548982 0991865 0006353 0031603 0031701 0036082 1601799 1720725 1948050 1261552 1704379 1705117 2825408 0003241 0021027 0027627 0175668 0185125 0205436 1515981 1947919 2347934 3539080 0991865 0006353 0031603 0031701 0036082 0449878 1601799 0017861 2827734 2981698
 0373716 0302278 0242485
 0427509 1150423 0243102 0014442 0205177 0439167 0441655 1561536 0444706 3541902 0025914 0025929 0026809 0205409 0205450 1548221
 0010453 0220814 0430400 2242979 0332256 2700400 0017725 0018563 1281583 1552914 1707391 1548982 0991865 0006353 0031603 0031701 0036082 1601799 1720725 1948050 0006353 0348011 1532563 0024730 0439190 0332529 0038636 1161331 0006353 1882074 0020283 0450407 0450408 0450409 0012789
 1548982 0006353 1720725 1948050 0332256 2700400 0013714 0006353 1720725 1883708 1948050 0013714
 1883708 0016327 0439133 1553038 0449913 1553451 1704459 0027976 1879958 0439267 0179834 0702093 0450376
 0033684 0423896 0456205 0444706 3541902 0205177 0439167 0441655 1561536 0033684 0205163 0439185 0444706 1265611 3541902 0025914 0025929 0026809
 0427509 1150423 0243102 0014442 0205177 0439167 0441655 1561536 0006353 0443286 0444706 1114821 3541902 1532563 0006353 0008203 0077089 0439190 0596019 0332529 1882074 0020283 0450407 0450408 0450409 2348935 0523452 0027289 0012789 0031642 0439148 1519795 0034760 0869011 1719918 3538743
 0443286 1114821 0206243 0699809 0205088 0439526 0439787 0449468 0849355 1546485 1690016 1705102 2700258 1272689 1883712 2828366
 0441889 0016315 0444706 3541902 0312860 0162676 1623049 0871261 1704632 1706817 2911692 0549255 0312860 0456692 0450355 0702093
 0871208 1521828 2348205 0369718 0441922 1553036 0129575 0369718 0441922 1553036 0369718 0441922 1553036 0025914 0025929 0026809
 0002778 0936012 1524024
 0033684 0007592 1518434 2828366 0028952 0028953 0182400 1439852 1553631 1708632 0332256 2700400 1883559 0332307 0445392 1547052 0005456 0205145 0243122 1145667 1167622 0439084 0728893 0439084 0728893
 0439962 0332256 2700400 0006353 1882074 0020283 0450407 0450408 0450409 0024472 0013714 0012789 0016071 0032411 0439267 0702093
 0002778 0936012 1524024 1550369 0884358 1439852 1445860 0003241 0021027 1518434 0521447 2828366 0020746 1883712 0182400 1704681 2347609 3536729
 0439962 0071500 0017243 0071499 1382104 1708715 0332256 2700400 0146923 0006353 0006007 0041175 0077281 0814229 0013618 0035953 0600140 1704688 2346414
 1518434 0521447 2828366 1552738 1521827
 0040284 0010453 0040300 0220814 0430400 1547928 2242979 0040669 0005507 0243073 1510438
 2717940 0007634 3282337 0009458 0205224 0439536 1524031 1552614 1705217 2826545 3244283 0015965 0229671 0230445 0521457 1305418 1546774 1550100 0242295 1947943 2348609 0015965 0229671 0230445 0521457 1305418 1546774 1550100 0242295 1947943 2348609
 0007634 3282337 0009458 0325564 0392747 0439536 1705217 3244283 0015965 0229671 0230445 0521457 1305418 1546774 1550100 0242295 1947943 2348609 1518416 0019944 0229671 0242616 1265527 1546774 1550100
 0184661 1948041 2700391 3274430 3538935 3539779 0040669 0040704 0205374 1273517
 0439526 1882443 0332256 2700400 0022959 2827421 1265611 0012854 0439267 0020498 1524062
 0024075 0013682 0040669 1882115 1150051 0205177 0439167 0441655 1561536
 0871424 0002778 0936012 1524024
 1274040 1546471 2825142 0444504 1442162 1550718 2347634 2348143 3244317
 0871424 0002778 0936012 1524024 1550369 0884358 1524063 0022885 0038492 0039593 0392366 0456148 1512571 0441889 0456079 1547707 1548437 2946261
 0035171 0035168 0242481 1707689 2983265 0557061 2584313 1514811 1706462 0017262 0185117 1256369 1719133 0017725 0021641 0036536 0036537 1314939 1533581 1579433 1948023
 0871261 0522501 0025914 0025929 0026809 0392756 1707455 0243148 1550141 1882979 2587213 3274648
 0021641 1533581 1579433 1879743 0596952 0025255 0596901 1706182 1260953 1153410 0205177 0439167 0441655 1561536 0022131 0030274 1705535 1457869 1861101 0596620 0017725 0025519 0025520 0026237 0521451 0522505
 1883351 0022885 0039593 0392366 0017337 0596620 0017725 0025519 0025520 1314939 0332453 0392760 1314939 0444706 3541902 0428548 0949771 0596902 0002520 2917660 0014442 0014445 0017952
 0444706 3541902 0014442 0014445 0332257 0449432 0034342 0007054 0034354 0244104 0023783 1414063 0030016 0001156 0022157 0022160 0030016 0220861 0022626 2755851 0439855 1704241 0599061 0022626 1291208 1417943 0030016 0040676 0023783 1414063 0030016 0536847 1421314 0033684
 0456947 0035696 0441889 0439799 0597277 0851827 1701901 1706095 1708601 3244310 1416578 0083957 1258132 0301817 0439086 2827736 2981702 2677316 0020239 1824492 1418296 0021641 1533581 1579433 0017687 0876232 0037659 1881011 0030298 1418856 0030274 1305923 0030298 0030956
 3244092 0185117 0441889 1883351 1547282 1265611
 1514468 0035379 0040646 0332197 1555029 1689985 2257077 0332197 1689985 0370003 2347026
 0006556 0003062 0205447 1441547 3245521 0003062 0017431 0205451 0205452 0557651 2603343
 0035668 1547699 2700640 0034348 0023884 0031727 0034354 0244104 0736268 1278929 2346688 1415014 1417019 1420172 0017742 0017725 0596902 1882074 2825492 1420122 0301715 1882074 2825492 0021641 1533581 1579433 0017687 0876232 1418296 0392756 0450344 1553633
 0332197 1689985 0025914 0025929 0026809 0332268 0521093 0021044 0030274 0750484 0205155 1293097 0349966 1337208
 0185117 1335837 1504631 1705603 0002520 2917660 0001128 0202406 1420122 0949771 0596902 0301715 0596902 0442739 2346711 1511726 3245479 1518422 1547282
 0185117 0332257 0017759 1333690 0022202 0031651 0162449 0001999 1412347 0016762 0041078 0022202 0370101 0017757 0017761 0030016 0031656 0031727 0597219 0031659 0524938 0597219 0740116 2827735 2981700 0005651 1412816 0524938 0031691 2348205 0003062 0450345 1511726 3245479 1518422 1547282
 0017262 0185117 0008858 0041405 0085758 1314939 1415587 1511572 3536819 0022626 1417943 0030016 1416578 0075586 1412082 0038766 0597357 3536898 2677316 0442739 2346711 0450345 1511726 3245479 1518422 1547282
 0185117 0063684 1415831 0037659 1881011 0017337 1518422 1705535 0449475 1880177 1883559 0332307 0445392 1547052 0003062 1511726 3245479 1518422 1547282
 1517001 0185117 0750482 0162418 0025914 0025929 0026809 0392756 0450344 1553633
 0449911 0333052 2607870 0557702 1272706 1704674 0557702 1272706 1704674 0349966 1337208
 2827734 2981698
 0683927 0035696 0441889 0022131 1416480 0030274 0025914 0025929 0026809
 0599161 0814037 0200931 0032520 0035379 0035380 0085801 0002778 0040646 0337112 0443286 0936012 1114821 1335439 1524024 1524075 1555029 2257077 1332838 0017337 1417166
 2347469 0599161 0200931 0032520 0035379 0002778 0040646 0337112 0443286 0936012 1114821 1335439 1524024 1524075 1555029 2257077 0066598 0035696 0441889
 0003062 0017431 0599161 0032520 0035379 0040646 0337112 0443286 0444706 1114821 1335439 1524075 1555029 2257077 3541902 1524063 1553631 0045191 3244092 0185117 0441889 0017431 1547282
 1514468 0086972 0443299 0687118 1704732 0175723 0004400 0234621
 0242485 0011321 1301820
 1417504 0456603 1547037 0456148 0025914 0025929 0026809 0369718 0441922 1553036
 0369773 2603361
 0369773 2603361
 0369773 2603361
 0449911 0333052 2607870 0557702 1272706 1704674 0557702 1272706 1704674 0349966 1337208
 0740116 2827735 2981700
 0487602 1704680 2599779 0007292 0033684 1420172
 2316368 0205155 1293097 1522472 1552923 1705191 1547282 1416480 0025914 0025929 0026809 1547282
 0205155 1293097 1522472 1552923 1705191 0003241 2986582 1420172 0017742 0017725 0596902 0035171 0035168 0242481 1552738 1707689 2983265 0025663 0025664 0449851
 0205155 1293097 1522472 1552923 1705191 0487602 1704680 0025255 0007634 3282337 0205099 0022131 0030274 0392148 0025255 0007634 3282337
 1979874 0025914 0025929 0026809
 0487602 1704680 2348205 1520150 1883559 0025914 0025929 0026809 0332307 0445392 1547052 1511726 3245479 1518422 1547282
 0020456 0175668 0023175 0027627 0205436 0392747 0443172 1442948 1522538 2348269 3275067 0017262 0017337 0185117 0017262 0185117 0003065 0003062 0021289 2239178 2939425 0683949 0030274 0557651 1278931 2603343 1518422 0332157 0342300 0020456 0205191
 0150312 0185117 0034348 0023884 0031727 0034354 0244104 0736268 1278929 2346688 1418296 0021641 1533581 1579433 0205216 0392756 0442797 0005615 1550722 3245487 0450344 1553633 1705535 0011155 0162429 1623416 0017262 0017337 0023175 0181586 0185117 0392756 1442948 1522538 2348269 3275067
 1979874 0017687 0876232 0035696 0441889 1518422 0021289 0392747 2239178 2939425 0030274 1278931 0450344 1553633 0185117 0678226 0020456 0332148 0750492 3146286
 0150312 0185117 0522501 0001675 0392756 1706450 0003065 0003062
 1457869 1861101 0205369 1552740 3244092 0185117 0441889 0442739 2346711
 1883351 0750572 1280500 2348382 0427509 1150423 0205177 0439167 0441655 1561536 0444706 3541902 0427509 1150423 0205177 0439167 0441655 1561536 0025914 0025929 0026809 1511726 3245479 1518422 1547282
 1705241 1705242 0427509 0034348 1150423 0031727 0034354 0205177 0244104 0439167 0439175 0439810 0441655 0442726 1511790 1561536 0183683 1521721 2607943 2926606 3539655 0597298
 0812327 0017262 0040649 0017337 0185117 0025914 0025929 0026809
 1280500 2348382 0185117 0040648 0040649 1521761 2827422 0332174 0439230 0580836 0599161 0032520 0035379 0040646 0337112 0443286 1114821 1335439 1524075 1555029 2257077
 0456950 0683927 0035696 0441889 0182953 1704734 1704735 1416480 1522528 0025914 0025929 0026809 0392756 1705535 1511545 0022131 0030274 0450344 1553633
 0150312 3244092 0185117 0441889 0040648 0040649 1521761 2827422 0332257 1826562 0332134 0879404 1416886 1334896 1335142 0682323 0700321 0392756 0740116 2827735 2981700 0332462 1880834 0025914 0025929 0026809 0450344 1553633
 1979874 0456947 3244092 0185117 0441889 0439086 2827736 2981702 0439086 2827736 2981702 0439086 2827736 2981702 3542477 3542477 1416480 0020750 1334337 1705893 0449205 1538613 1518422 0025914 0025929 0026809 0450344 1553633 1511726 3245479 1518422 1547282
 0683927 0035696 0441889 0021289 0025914 0025929 0026809 0444706 2239178 2939425 3541902 1518865 0030274
 0456947 3244092 0185117 0441889 1416886 0021289 0025914 0025929 0026809 0392756 2239178 2939425 0450344 1553633
 0011155 0162429 1623416 1280500 1273518 1416886
 1956267 0025914 0025929 0026809
 1883351 0022885 0039593 0392366 0025320 0392747 0443172 0003062 0023884 0150312 0449450 0736268 1278929 2346688 0444706 3541902 0086045 0017337 1520150 1883559 0025914 0025929 0026809 0332307 0445392 1547052
 0022131 0030274 0185117 1420172 0017742 0017725 0596902 0034348 0023884 0031727 0034354 0244104 0736268 1278929 2346688 0025914 0025929 0026809 0205217 0442805 0349966 1337208
 0185117 1563761 0017337 2348205 1511726 3245479 1518422 1547282
 0332290 0456947 0441889 1519595 0205217 0442805 0035696 0021665 0037657 0023884 0392756 0456148 0736268 1278929 2346688 0349966 1337208
 0185117 0439086 2827736 2981702 0439086 2827736 2981702 0442739 2346711 1417951 0392756 1883559 0332307 0445392 1547052 1707455 0349966 1337208
 0392366 0017337 0332257 1445865 0017337 0002520 2917660 0001128 0202406 0598783 1517898 0023779 0025519 0025520
 0150312 1517914 0023884 0025914 0025929 0026809 0736268 1278929 2346688 0035696 0441889 0392756 0332462 1880834 1883559 0332307 0445392 1547052 1707455 0349966 1337208
 1552616 1706244 1511726 3245479 1705241 1705242 1956267 1517914 0023884 0736268 1278929 2346688
 0023884 0736268 1278929 2346688 0441712 1515877 1879547 1332838 0017337 1420172 0017742 0017725 0596902 0034348 0023884 0031727 0034354 0244104 0736268 1278929 2346688 0031843 0205432 0542341 0700205 1517945 1705273 1882154
 0449911 0333052 2607870 0557702 1272706 1704674 0557702 1272706 1704674 0349966 1337208
 0439086 2827736 2981702
 0035696 0441889 0456947 0683927 0023884 0332174 0439230 0580836 0025914 0025929 0026809
 0599161 0032520 0035379 0040646 0337112 0443286 1114821 1335439 1524075 1555029 2257077 0017431 0035668 0205449 0443299 0884358 0370003 2347026 0035171 0035168 0242481 1552738 1707689 2983265 0025663 0025664 0449851
 1417504 0456603 1547037 0456148 0025914 0025929 0026809
 0369773 2603361
 0369773 2603361
 0369773 2603361
 1705241 1705242 0185117 0023884 2584321 0237881 0750502 0369773 2603361
 0162493 1879547 0021467 0021469 1628982 3463820 1334896 1335142 0682323 0700321 0086597 0127400 0021135 1533691 2827718
 1334896 1335142 0682323 0700321 0206588 0521447 0597357 0887829 0332257
 1511726 3245479 0185117 1334896 1335142 0206745 1416480 1522528 0001675 0025914 0025929 0026809 0392756 0456148 1706450 0021289 1518422 2239178 2939425 0349966 1337208
 1883708 0936012 0033413 0086860 0017446 0205147 1334896 1335142 0682323 0700321 0150312 0005456 0439509
 1979874 0079160 0004793 0162326 0162327 0243122 0376298 1145667 1167622 1519249 0205396 0733755 1550043 1551388 0086860
 0005456 0682969 0205145 0243122 1145667 1167622 1515974 2825164 0450429 1515974 2348205 0086860 1334896 1335142 1518425 0026809 0591833 0162326
 0013081 0678226 0392756 0470166 2987476 3146286 0025914 0025929 0026809
 1517331 1883351 0557651 2603343 1158770 0851285 1327622 0009013 0628295 2984182 0332256 2700400 0005456 0682969 0205145 0243122 1145667 1167622 1515974 2825164 0084821 1415629 1517892 1704666 0206414 1334435 0017337 0024075 0335038 1522485 1705915 1709908 1866552 3273616
 0599566 0086022 0442335 1705099 0084821 1415629 1547282 0205448 1879547 0086860 1335283 1705637 0007600 0007634 0205132 1269647 1704653 1948049
 1979874 0185117 0065110 1420631 0069116 0872184 1518422 0162493 0040649 0335038 1274040 1522485 1546471 1705915 1709908 1879547 2825142 2827421
 1883351 0521093 0750484 1456348 0084821 1415629 0872184 0227525 0521447 0669372 1521761 2827422 1947931 1515877 1879547 0086860 1335283 1705637 1705285 2825407 0032136 0335038 1522485 1705915 1709908 1866552 3273616
 0162493 1879547 0032136 0005456 0682969 0205145 0243122 1145667 1167622 1515974 2825164
 0449911 0333052 2607870 0557702 1272706 1704674 0557702 1272706 1704674 0349966 1337208

 0185117 1148759 3537021 0205177 0439167 0441655 1561536 1524063 0032136 0332256 2700400 0314621 0086860
 0007634 3282337
 0005456 0682969 0205145 0243122 1145667 1167622 1515974 2825164 1705285 1866552 3273616
 3539617 1265611 0392148
 0007634 3282337 1512335 0033727 0369286 0441932 0564385 0024075 0005507 0243073 1510438 1150051 0441655
 0857127 0205173 1272695 2746065 3539942 1882115 1150051 0205177 0439167 0441655 1561536 1547282
 1707156 3274014 3541345
 0949632 0333051 0425245 0449580 2347509 0005507 0243073 1510438 0013855 0884358 1883351 1292732 0084821 1415629 0872184 0227525 0521447 0669372 1521761 2827422 0084821 1415629 0872184 0005456 0682969 0205145 0227525 0243122 0521447 0669372 1145667 1167622 1515974 1521761 2825164 2827422 0086860 1335283 1705637
 2246376 1180347 1523872 0033684 0439855 1704241 0028953 0442726 1511790 1553631 1708632 0332256 2700400 0005456 0682969 0205145 0243122 1145667 1167622 1515974 2825164 0084821 1415629 0349966 1337208 1708639
 2266866 0205177 0439167 0441655 1561536 0084821 1415629 0872184 0009264 0009443 0028953 0227525 0234192 0243122 0521447 0669372 1145667 1167622 1521761 1979886 2827422 0349966 1337208 1708639
 1441672 2828366 0020960 0003241 1518422 0349966 1337208 1708639 0439084 0728893 0084821 1415629 0872184 0227525 0521447 0669372 1521761 2827422 0084821 1415629 0872184 0205145 0227525 0521447 0669372 1145667 1167622 1515974 1521761 2825164 2827422 0086860 1335283 1705637
 1517001 0084821 1415629 0872184 0227525 0521447 0669372 1521761 2827422 0085732 1299581 1518422 0084821 1415629 0872184 0205145 0227525 0521447 0669372 1145667 1167622 1515974 1521761 1705285 2825164 2827422 0349966 1337208 1708639
 0449911 0333052 2607870 0557702 1272706 1704674 0557702 1272706 1704674 0349966 1337208
 0439084 0728893
 0085801 0002778 0936012 1524024 0086860
 2266866 0205177 0439167 0441655 1561536 1148673 0444706 3541902 1524063 0028953 0332256 2700400 0005456 0682969 0449996 0205145 0243122 1145667 1167622 1515974 2825164 0007592 1518434 0521447 2828366
 0679932 0206243 0699809 0009264 0009443 0182400 0234192 0332462 0439787 0849355 1704681 1880834 1979886 2347609 3536729 1708639 0020960 0884358 0020960 1708639 0439084 0728893
 2266866 0205177 0439167 0441655 1561536 0182400 0442726 1511790 1704681 2347609 3536729 0332256 2700400 0005456 0682969 0205145 0243122 1145667 1167622 1515974 2825164 0084821 1415629 1708639
 0182400 1704681 2347609 3536729 1518422 1547282
 1883351 0022885 0039593 0392366 1335283 1705637 1334896 1335142 1705299 0018790 0237477 0392351 0521111 0162493 1879547 0599566 1335283 1705637 0086022 0185117 0442335 1265611 1334896 1335142 1547014 1705099 1705299 1948059 1866552 3273616 2717940 0007634 3282337
 1151115 0205177 0439167 0441655 1561536 1512045 0178602 0205216 0392756 0442797 0851827 0869039 1114758 1701901 3244310 1265611 0084821 1415629 0872184 0227525 0521447 0669372 1521761 2827422
 1511726 3245479 1705535 1335283 1705637 1334896 1335142 1705299 0018790 0237477 0392351 0521111 0040649 0419518 0445022 0084821 1415629 0872184 0086597 0127400 0227525 0521447 0669372 1521761 2827422 0349966 1337208
 0449911 0333052 2607870 0557702 1272706 1704674 0557702 1272706 1704674 0349966 1337208

 3161035 0022131 0030274
 0681494 1547282 1710463 1158770 0017263 0851285 1327622 0205224 0872184 0521447 1521761 2827422
 0336721 1547282 0851285 1327622
 0336721 1158770 0851285 1327622 0557651 1552738 2603343
 0237753 0449788 0205117 1514811 1706462 0681829 0947630
 0035171 0035168 0242481 1707689 2983265 0557061 2584313 1514811 1706462 0947630 0871261 0025914 0025929 0026809 0221099 0684336
 0205463 0947630 1547282 0007634 3282337 0237677 0017725 0017854 0332324 1550474
 2348693 0017952 0025914 0025929 0026809 0392756 1710236 0018790 0237477 0392351 0521111 0205250 0596235 1457869 1861101 1256369
 1274040 1546471 2825142 1256369 0021641 0036536 0036537 1533581 1579433 0221099 0684336 1457869 1861101 0205107 0037083 0086982
 0681828 0557651 2603343 1547282 1512032 0205160 0348078 0376315 1513916 1522492 1527180 2825415 2825491 0065110 0069116 0021670 0007634 3282337 0001721 0031843 0542341 0700205 1705273 0185117 0442808 1171362 0185117 0450355
 1274040 1546471 2825142 1883351 0030011 0031843 0542341 0700205 1705273 0079411 3146294 1883351 1720920 0025251 0596952 0025255 0026237 0521451 0596901 1706182 3245505 1371675 0860801 1256369
 2607943 2926606 3539655 1518422 1514893 2699488
 1883712 1853126 1527178 1874451 0015127 1314792 1524003 1719133 1256369 0021641 0036536 0036537 1533581 1579433 0205169 0162340
 0557651 2603343 1292732 1457869 1861101 0011155 0162429 0678226 1623416
 0557651 2603343 0683927 0035696 0441889 1511545
 0441889 1519595 0003065 0449768 0003062 0021289 0030274 0444706 1278931 2239178 2939425 3541902 0027627 0175668 0205436 0243148 1280500 1550141 1882979 2587213 3274648 0020456 1956267 0025914 0025929 0026809 0065110 1420631 0069116 0872184
 0025914 0025929 0026809 0580545 0439269 0025914 0025929 0026809 0065110 1420631 0428554 0005802 0428548 0456947 0005767 0005768 0017725 0229664 0441889 0332174 0439230 0032961 3484365 0439269 0025914 0025929 0026809 0065110 1420631
 1416480 1522528 1518422 0332157 0342300 0020456 0205191
 0150312 0017262 0185117 0037083 0086982 1420172 0017742 0017725 0596902 1415014 1417019 1418609 0034348 1517914 0023884 0031727 0034354 0244104 0736268 1278929 2346688 0450344 1553633
 1883712 0150312 1420122 0301714 0949771 0301715 0002520 2917660 0001128 0185117 0202406 0205216 0596902 1527178 1882074 2825492 0949771 0596902 0002520 2917660 0005528 1317949 3495449 1882074 2825492 0301714 0002520 0450344 1553633
 0185117 1415014 1417019 1420122 0301715 1882074 2825492 0332148 0750492 1457869 1861101 1880177 1719133 1256369 0021641 0036536 0036537 1533581 1579433 0025914 0025929 0026809 0332268 1420172 0017742 0017725 0596902 1415014 1417019
 1420122 0301714 0949771 0301715 0002520 2917660 0001128 0013081 0202406 0596902 1527178 1882074 2825492 0005528 1317949 3495449 0301715 0002520
 1420122 0301714 0949771 0301715 0002520 2917660 0001128 0185117 0202406 0392756 0596902 1527178 1882074 2825492 0681841 0871261 1704632 1706817 2911692 0023401 0007634 3282337 1512032 0205160 0348078 0376315 1513916 1522492 1527180 2825415 2825491 0450355
 1979874 0750558 1710571 0185117 0441889 3244092 1880177 0007634 1269647 1457869 1704653 1861101 1948049 0025914 0025929 0026809 0065110 1420631 0069116 0872184 1518422 2267000 0301630 0392756 0441610 0025914 0025929 0026809
 2607943 2926606 3539655 0205156 0947630 1552607 3641827 1444656 0597298
 1511726 3245479 1705535 1883708 0332268 1415014 1417019 1420122 0301715 1882074 2825492 1518422 0205432 3244092 0185117 0441889 0017725 0949771 0596902 0002520 2917660 0017725 0205216 1880177 0871208 1521828 0003062 0065110 1420631 0069116 0872184
 1883351 0557651 2603343 0011155 0162429 1623416 0017262 0185117 1511545 0444706 3541902 0066598 0035696 0441889 0332257 0022626 1417943 0030016 0536847 1421314 0033684
 0022626 1417943 0030016 0014442 0536847 1421314 0033684 0035203 0282636 1160636 0018790 0237477 0392351 0521111 0013682
 0684224 0700287 3273238 0450355 0185117 0536847 1421314 0033684 1518422 0332197 0392747 0443172 1689985 0450345
 1518422 0243095 0185117 0008858 0041405 0085758 1314939 1415587 1511572 3536819 0011155 0162429 0392760 1314939 1623416 0450345
 0392360 1290905 1551359 2741673 2981730
 0205435 1279901 0557651 2603343 1292732 0686907 1524063 1512032 0205160 0205263 0669372 1513916 1527180 2825415 2825491
 1547282 1883351 0677881 1511636 0392747 0007634 3282337
 0205436 0457385 0565930 1561503 1705190 1512032 0205160 1513916 1527180 2825415 2825491 0869040 0205156 0557651 1273517 1552607 2603343 0018790 0237477 0392351 0521111 0031843 0542341 0700205 1705273
 1274040 1546471 2825142 0022626 1417943 0030016 0205217 0442805 1171362 0185117 0536847 1421314 0678226 0031843 0221099 0542341 0684336 0700205 1705273 2987476 3146286 1518422
 0557651 2603343 0007601 0007600 0007634 0021670 0205132 1269647 1272695 1510411 1550648 1552960 1704653 1948049 2746065 2827734 2981698 1705241 1705242 0007600 0007634 0205132 1269647 1550648 1552960 1704653 1948049 0869040 0150312 0449450 0557651 1273517 2603343 1705241 1705242 0026237
 1457869 1861101 0017337 0037083 3537152 0150312 3244092 0185117 0441889 0040648 0040649 1521761 2827422 0025914 0025929 0026809 0392756 0011155 0162429 1623416
 0035696 1826562 0332134 0879404 0330390 0439096 1416886 2004068 1418296 0392756 0005615 1550722 3245487 1705535 0392747 0443172 0065110 1420631 0069116 0872184 0011155 0162429 0227525 0521447 0669372 1521761 1623416 2827422 0015127 1524003 0332148 0750492 0243067 1521991 1880177
 0017262 0185117 0086597 0127400 1947931
 1550608 0005456 0682969 0205145 0243122 1145667 1167622 1515974 2825164 0065110 1420631 0205396 1550043 1551388 0084821 1415629 0872184 0086860 0227525 0332185 0521447 0669372 1384585 1419693 1521761 1539372 2827422 0086860
 0040649 1273518 0007634 3282337 0065110 1420631 0069116 0872184 0227525 0521447 0669372 1521761 2827422 1336776 0086860 0021135 1533691 2827718
 0037088 0243095 2825141 1705535 0022131 0030274 0348078 0376315 1522492 0419518 0445022 2936267 0015127 1314792 1524003 0281825 0394006 0349966 1337208
 0302523 0700325 1964257 0441712 1706376 1852093 0030705
 0543488 0185117 1512045 1707814 0178602 0392756 0851827 0869039 1114758 1701901 3244310 0025914 0025929 0026809
 1826562 0332134 0879404 0040648 0040649 1521761 2827422 0007613 0007634 0031843 0542341 0700205 1269647 1704653 1705273 1948049 0332257 0040649 1337112
 0456947 3244092 0185117 0441889 0392756 0450344 1553633
 0301630 0392756 0441610 0205410 1415014 1417019 0021641 1533581 1579433
 0205245 0542341 2700217 0005456 0014290 1826562 0013879 0086222 0086860 0332134 0684224 0700287 0879404 3496591
 0185117 1274040 1546471 2825142 0017262 0017337 0185117 0084821 1415629
 0150312 0035696 0441889 0040648 0040649 1521761 2827422 0282642 1515877 1879547 0040649 1337112 0021135 1533691 2827718 0450382 0392756 0025914 0025929 0026809
 0185117 1826562 0332134 0879404 1416886 0035696 0441889 0740116 2827735 2981700 0025914 0025929 0026809 0065110 1420631 0069116 0872184 0450344 1553633
 0037088 0243095 2825141 0680240 0684224 0700287 1518422 0243095 0202098 0428405 0035696 0441889 0456947 0152057 0152058 0220808 1336776 1337112 0017337 1417735 1416480 0020750 1418275
 1979874 0150312 0185117 0392756 0025914 0025929 0026809 0065110 1420631 0069116 0872184 0450344 1553633
 0301630 0392756 0441610 0750501 0205393 0332148 0750492 1280500 2348382 0013879 0086597 0127400 0243122 1145667 1167622 1705248 0086860 0026809 0332268 0591833 0086860
 1316572 1317574 1369612 0185117 0441889 3244092 0007589 1511938 2945687 0040649 1337112 0332257 0439086 2827736 2981702 0439086 2827736 2981702 0439086 2827736 2981702 0285590 1417735 1416480 0020750 1418275 1418276 0442739 2346711
 2607943 2926606 3539655 0183683 1521721 1512571 1517945 0015127 1314792 1524003 1457869 1861101 0205224
 0543488 1158770 0243148 1550141 1882979 2587213 3274648 0017263 0851285 1327622 0023884 0736268 1278929 1515981 2346688
 1550608 0185117 1415014 1417019 0034348 0023884 0031727 0034354 0244104 0736268 1278929 2346688 0205307 0439166 2347086 0023884 0205217 0442805 0736268 1278929 2346688 1416480 1522528 0025914 0025929 0026809 0205216 0392756 0442797 1883559 0332307 0445392 1547052 1707455
 1705241 1705242 0040649 0041904 0162493 0182953 0231186 0023884 0736268 1278929 2346688 0185117 0332197 2699517 1417951 1158770 0851285 1327622 1521840 2986546 1415014 1417019
 0681828 0947630 1705535 1335283 1705637 1334896 1335142 1705299 0084821 1415629 0872184 0227525 0521447 0669372 1521761 2827422 0018790 0237477 0392351 0521111 0205177 0439167 0441655 1561536
 0026882 0086418 0205396 1550043 1551388 0332281 0028754 1963185 2945599 0681850 1550501 1706203 2349001 2697811
 0185117 1334896 1335142 0522501 1416480 1522528 0001675 0025914 0025929 0026809 0392756 1706450 1705535 1334896 1335142 0682323 0700321 0851285 1826562 0332134 0879404 0297513 1417683 3273872
 0332272 1883351 0162340 1853126 1527178 1874451 0557651 2603343 0086860 1334896 1335142
 0314642 0004793 0162326 0162327 0220905 1519249 1704735 1826562 0332134 0879404 0297513 1417683 3273872 0332256 2700400 0205145 1515974 2825164
 1880022 0681828 0947630 1336776 0035696 0441889 0025914 0025929 0026809 0065110 1420631 0084821 1415629 0872184 0678226 0185117 0227525 0392756 0521447 0669372 1521761 1551058 2827422 3146286
 1883712 1511726 3245479 1334896 1335142 0682323 0700321 0185117 0205431 1522492 0015744 0205160 0419518 0445022 1513916 2825415 2825491 2911691 0205177 0439167 0441655 1561536 1826562 0332134 0879404 0297513 1417683 3273872 0349966 1337208
 0947630 0332257 0079866 3146302 0025914 0025929 0026809 0027552 0686904 1883351 0023693 1306462 1881376 0597166 0232786 0031843 0542341 0700205 1705273
 0043227 0449719 1521721 1709471 1705019 0004083 0011847 0011849 0439849 0596070 0596306 0699792 0027468 0011318 0018173 0018684 0021622 1548284 1549838 3245503 0439493 1513009 0369637 0441923 0260206 0018173 1548284 0369773 2603361 0439493 1513009 0369637 0441923 0402112 0027468 0040607 0220931 2673163 1699029
 0439493 1513009 0369637 0441923 0684017 0684017 0599518
 0369637 0441923 1521721 1709697 2728259 3484370
 0282413 3273171 0686900 1272683 1522634 1557169 0022877 3244292 0041740 0108844 0179400 1533124 0027976 0205314 0027976 1879958
 0013849 1705961 0024492 1538057 1547565 0059804 0034036 0034037 1514756 1704324 0348078 0376315 1272684 1522492 1527075 1548435
 1699029 2603362 1880177 0043227

 1420172 1420172 0017742 0017725 0596902
 1719133 1256369 0021641 0036536 0036537 1533581 1579433 1719133 1256369 0021641 0036536 0036537 1533581 1579433
 0065110 1420631 0069116 0872184 0227525 0521447 0669372 1521761 2827422 0065110 1420631 0069116 0872184 0227525 0521447 0669372 1521761 2827422
 0332134 0879404 1800706 0248419 1826562 0021641 0086860 1521761 1533581 1579433 2827422
 0034348 0023884 0031727 0034354 0244104 0736268 1278929 2346688 0034348 0023884 0031727 0034354 0244104 0736268 1278929 2346688
 0342276 2984262 0332239
 0022626 1417943 0030016 0022626 1291208 1417943 0030016
 0991865 0006353 0031603 0031701 0036082 1601799 0991865 0006353 0031603 0031701 0036082 1601799
 0599161 0032520 0035379 0040646 0337112 0443286 1114821 1335439 1524075 1555029 2257077 0337112 0443286 1114821 1524075
 1334896 1335142 1705299 1334896 1335142 0682323 0700321
 0536847 1421314 0033684 0536847 1421314 0033684
 1514811 1706462 0035171 0035168 0242481 1707689 2983265 0557061 2584313 1514811 1706462 0342276 2984262 0011860 0011847 0011849 0332162 0449989 0700597 0342276 2984262 0011860 0011847 0011849 0332162 0449989 0700597
 0011847 0011849 2347961 0025141 0369637 0441923 0597277 1708601 3539617 0033727 0369286 0441932 0564385 0439267 0016327 0439133 1553038 0544885 0596611 0026882 0746939 1705285 0015127 1314792 1524003 0011860 2697407 0011854 0011849 0011847 0021641 0851827 1518422 1533581 1579433 1701901 3244310
 0349590 1262865 0025141 0597277 1708601 0033727 0369286 0441932 0564385 0027971 0369637 0441923 3539617 0596611 0026882 0011860 0011847 0011849 0332162 0449989 0700597 0332239
 0349590 1262865 0025141 0597277 1708601 0033727 0369286 0441932 0564385 0369637 0441923 0546866 0027971 0033727 0369286 0441932 0564385 0033727 0369286 0441932 0564385 3541894 3539617 0596611 0026882 0011860 0011847 0011849 0332162 0449989 0700597 0332239
 0349590 1262865 0025141 0011860 2984301 1320657 0011849 0441730 0011847 0332307 1547052 1826562 1833382 1826562 1517892 1704666
 0325074 0025141 0369637 0441923 0033727 0369286 0441932 0564385 0597277 1708601 0369637 0441923 0033727 0369286 0441932 0564385 3539617 0596611 0026882 1705285 0126037 1420636 1420636 2348633 0342276 2984262 0011860 0332281 0011847 0011849 0332162 0332239 0449989 0700597
 0325074 0025141 0369637 0441923 0268060 1415529 0369637 0441923 0026882 0011860 2984301 0011849 0332281 0441730 1320657 0011847 0243107 0332307 0678723 1527148 1547052
 0325074 0450348 0025141 1515101 2986905 0597277 1708601 1836672 0026376 0596611 1337112 0005532 0017337 0021641 0023185 0026882 1521991 1533581 1579433
 0011847 0011849 1947933 0000857 0600678 1552863 0036243 1539696 1825840 3539736 0369637 0441923 1158770 0851285 1327622 0007589 1511938 1514873 2945687 0025519 0025520
 0036397 1366480 1416656 0369637 0441923 0369637 0441923 0369637 0441923 0522501 1415842 3538987 0205090 0684010 2603358 0121471 0872184 0030281 0007634 0030274 0040649 0205369 0330390 0439096 1269647 1314939 1552740 1704653 1948049 2004068 0017337 1826562
 0007634 0027960 0324740 0439189 1269647 1456781 1704653 1824986 1948049 0000857 0600678 1552863 0597277 1708601 0369637 0441923 0369637 0441923 3538987 0205090 0684010 2603358 0040649 0035820 1705810 0205145
 0201682 0369637 0441923 0086222 0872184 0227525 0521447 0669372 0851285 1521761 2827422 0065110 1420631 0069116 0872184 0227525 0521447 0669372 1521761 2827422 0040648 0040649 1521761 2827422
 0201682 3540627 1708595 3280986 1552950 0699032 0007634 0449475 1512977 0024660 0332307 1269647 1314939 1547052 1704653 1948049 2348235
 0349590 1262865 0025141 0036243 1539696 1825840 3539736 0259902 0017262 0017337 0185117 0013935
 0243107 0678723 1527148 0369637 0441923 0036243 1539696 1825840 3539736 0342276 2984262 0011860 0011847 0011849 0332162 0449989 0700597 1852093 0040648 0017262 0185117 0178666 0005528 0017725 1317949 1514873 3495449 0025519 0025520
 0041703 0268596 1418943 2700624 3642273 0016327 0439133 1553038 0439267 3539617 0342276 2984262 0011860 0011847 0011849 0332162 0449989 0700597 0026882 1705285 0005456 0682969 0205145 0243122 1145667 1167622 1515974 2825164 1415629 1565829 0084821 0086860 1537647 2985256 0017337 0209278 1420631 0065110
 0011847 0011849 0000857 0600678 1552863 0369637 0441923 0369637 0441923 0016327 0439133 1553038 0065110 1420631 0069116 0872184 0227525 0521447 0669372 1521761 2827422 0014144 0442045 1514873 2348235
 0243107 0678723 1527148 0369637 0441923 0035820 1705810 1707910 0007589 1511938 2945687
 0243107 0678723 1527148 1552950 0680022 2698041
 0201682 0369637 0441923 0369637 0441923 0369637 0441923 0033727 0369286 0441932 0564385 0065110 0069116 0521447 1521761 2827422 1547282 0680977 0520511 1704711 0025914 0025929 0026809
 0243107 0678723 1527148 0000857 0600678 1552863 0369637 0441923 0369637 0441923 0369637 0441923 0544461 0065110 1420631 0069116 0872184 0086565 0031847 0205054 0277785 1274040 1546471 2825142 0031485 0751434 2720373 0341703 0015624 0015625 1857395 0039082
 0007634 1269647 1704653 1948049 0025141 0016080 0271568 0013336 0011860 2697407 0011854 0011849 0011847 0021641 0851827 1518422 1533581 1579433 1701901 3244310 0206745 0025914 0025929 0026809
 0007634 0027960 0324740 0439189 1269647 1456781 1704653 1824986 1948049 0369637 0441923 0369637 0441923 0006413 1552663 2827109 0016080 1552154 0016080 0369637 0441923 0209278 1420631 0872184 0227525 0521447 0669372 1521761 2827422 0182953 1704734 1704735 1373181 1156530 0025519 0025520 0858034
 0325074 0025141 0369637 0441923 0369637 0441923 0369637 0441923 0369637 0441923 1419366 0439267 2347167 1880022 1833334 0011847 0011849 0332162 1279919 1256369 0021641 0036536 0036537 1457869 1533581 1579433 1861101 0015127 1524003
 1315013 0439254 0439267 3539617 3541894 0871261 1704632 1706817 2911692 0241863 0681850 1550501 1706203 2349001 2697811 1838100 3273648 0008654 0008633
 0011847 0011849 0450339 0597277 1708601 2945617 0597277 1708601 0033727 0369286 0441932 0564385 0597277 1708601 0021966 0221138 0033727 0369286 0441932 0564385 0369637 0441923 1512032 0205160 1513916 1527180 2825415 2825491
 0011847 0011849 0000857 0600678 1552863 0369637 0441923 0369637 0441923 0230613 0439267 0369637 0441923 3539617 0369637 0441923 3541894 1256369 0021641 0036536 0036537 1533581 1579433
 0600091 0024548 0026385 0556966 0369637 0441923 1520214 3539617 0369637 0441923 0369637 0441923 3541894 0037083 3537152 0025914 0025929 0026809 0209278 1420631
 0369637 0441923 0205090 0684010 2603358 0205090 0684010 2603358 0016327 0439133 1553038 0065110 0069116 0521447 1521761 2827422 0439851 1947931
 0007634 0027960 0324740 0439189 1269647 1456781 1704653 1824986 1948049 0033727 0369286 0441932 0564385 0221103 0301625 0439181 0728721 0040649 1948027
 0033727 0369286 0441932 0564385 3541314 1513403 1521840 2986546 1273518
 3541894 1659987 0199176 1706420 2700409 0205197 1518422 0309872 0243067
 3541314 0007582 0007634 0009452 0027627 0175668 0205436 0725813 1269647 1704653 1948049
 0025141 0206414 0017337 0185125 1947919 2347934 3539080
 0003461 2939124 0025141 3537453 0039676 2349943 3539704 1513400 1979963 2003903 0851285 1327622 0017337 1291081
 0439254 0332120 2349975 0031715 1158886 0022131 0030274
 0439254 0332120
 0025519 0025520 0025141 3538867 0887829 1753269 0206588 0019929 1367453 0019932 0521447 0597357 0332268 1511662 1880389 1883221 3541951 0597357
 0036397 0000857 0600678 1552863 0033727 0369286 0441932 0564385 1832586 0369637 0441923 3538867 1335142 1334896 1705299 0018790 0237477 0392351 0521111 0084821 1415629 0872184 0227525 0521447 0669372 1521761 2827422 3158809 0040624 0140283 0140278 0441712
 0007634 0027960 0324740 0439189 1269647 1456781 1704653 1824986 1948049 0019907 2681927 2987742 0038108 0019046 3538867 0678594 0017262 0597360 0185117
 0201682 0369637 0441923 1506978 1705538 0443289 1514873 1326961 0019868
 0007634 1269647 1704653 1948049 0025141 0439254 0016327 0439133 1553038 0011847 0011849 0000768 1135598 0243107 0678723 1527148 0332268 1420172 1335837 1705603
 0325074 0025141 0205148 0596402
 0025141 0073187 2951520 0017262 1861886 0017337 0185117 0025936 0003069 0025914 0025929 0026809
 0025141 0369637 0441923 0021966 0221138 0369637 0441923 1880389 1883221 3541951 0205224 0598306 0065110
 0028606 0001128 0007610 2347379 0000857 0600678 1552863 0369637 0441923 0439267 3541314
 0014137 0000857 0600678 1552863 0033727 0369286 0441932 0564385 0597277 1708601 0145779 3540468 2985438 0026882 1705285 0342276 2984262 0011860 0011847 0011849 0332162 0332239 0449989 0700597
 0016080 0369637 0441923 0439254 3539617 1550751 3541894 0871261 0681850 1550501 1706203 2349001 2697811 0026882 1705285 0017337 0008663 0008633
 0011847 0011849 0000857 0600678 1552863 0262500 1512358 3538713 0369637 0441923 0439267 0369637 0441923 0439849
 2936267 0332281 0003591 0392756 0003591 1547548 0065058 0125953 1096202 0023820 0428475 0041004 0441889
 0011847 0011849 0000857 0600678 1552863 0033727 0369286 0441932 0564385 0248419 1826562 0021641 0086860 1521761 1533581 1579433 2827422 1523495 0030274 0243107 0678723 1278931 1514873 1527148 0025914 0025929 0026809
 0349590 1262865 0025141 0597277 1708601 0033727 0369286 0441932 0564385 0598496 0544461 1318445 0030281 0427385 1318444 0007634 0031437 0330390 0439096 1269647 1274040 1285572 1517945 1546471 1704653 1948049 2004068 2825142 0011860 0011847 0011849 0332162 0449989 0700597
 0017337 0439267 0162493 0017255 1879547 1521761 2827422
 0027960 0324740 0439189 1456781 1824986 0000857 0600678 1552863 1552154 0369637 0441923 0205090 0684010 2603358 0013123 2825512 0020792 0205396 1521761 2827422 0017262 0314604 1861886 0017337 0185117
 0201682 0017725 0443264 0243122 1145667 1167622 0009802 0004793 0162326 0162327 1519249 1514732 0034693 0034721 0086860 0795635
 2919042 0041703 0268596 0439083 0439087 1418943 2700624 3642273 0000857 0600678 1552863 0021966 0221138 0851285 1327622 0314621 0086860 1337112 1336596 0288972 1417683 1823554 3273872
 0201682 0023031 0209278 1420631 0065110 0069116 0872184 0227525 0439095 0521447 0669372 1521761 2003941 2350010 2827422 0018557 0021670 0205132 1550648 1552960 1337112 0017337
 0033727 0369286 0441932 0564385 0033727 0369286 0441932 0564385 0369637 0441923 0597277 1708601 0021966 0221138 0597277 1708601 0021966 0221138 0597277 1708601 2945617 3538867 0596611 0026882 0332281 0028754 1963185 2945599 0681850 1550501 1706203 2349001 2697811
 0041703 0268596 1418943 2700624 3642273 0369637 0441923 0369637 0441923 0033684 0034348 0314621 1149289 0017337 0023884 0031727 0034354 0086860 0205369 0243122 0244104 0736268 1145667 1167622 1278929 1552740 2346688 0205195 1947911
 2346604 0027960 0324740 0439189 1456781 1824986 1552950 0424215 2003939 0449432 1705248 1418296
