 1704259 1705987 0021643 0021641 0031715 0597277 1158886 1514873 1533581 1579433 1708601 1948023 1999216
 3536909
 0326391 1551958 1555179 0205155 1293097 1522472 1552923 1705191 0022877 3244292 0369637 0441923 0022877 3244292 1253959 1881507 2700383 2826234 0035201 1955974 0001811 0021622 1272753 3245503 0027468 0004716 0024858 0376649 1442065 0282413 0686900 1272683 1522634 3273171 1512022 0020283 0450407 0450408 0450409 0205155 1293097 1522472 1552923 1705191 0022877 3244292 1955974 0001811 0021622 1272753 3245503 0027468 0013126 0004716 0024858
 0024492 1538057 1547565 0520510 0557061 2584313 1514811 1706462 1947946 2948600 3540471 3540472 1883351 1512804 2984300 0037080 0033414 1879547 0851285 1327622
 1547282 0021641 1533581 1579433 0205217 0442805 0017262 0206414 0017337 0185117 1518440 0040715 2987521 1148673 0012854 0243122 1145667 1167622 0085732 1299581 0205263
 1979874 1292856 1948023 0683607 1879547 0031715 1158886 1519751 0243125 0699900
 0016318 0079603 0947630 0443289 0392148 0007610 0439819 0030281 0007634 3282337
 0031727 1637379 0205263 0332282 0332157 0274281 0021641 1533581 1579433
 0031715 1158886 1518422 2611095 0034678 0725813 1707310 1879547
 0185117 2936824 0441885 2698967 0311403 1292856 1948023 0031715 1158886
 0078517 0251991 0028778 0332206 2983591 0441471 3541888 1514873 1883351 0018790 0237477 0392351 0521111 0031715 1158886
 1511726 3245479 0021641 1533581 1579433 0031843 0542341 0700205 1705273
 0520510 0557061 2584313 1514811 1706462 0007584 0237753 0449788 0040300 0014653 0019868 0205415 0560184 0334094 1514485 0007634 3282337 0011065 1306577 0007634 3282337
 0162638 1515273 1705313 2826302 0162638 0007587 0007634 0011065 1269647 1306577 1704653 1948049 1184743 1522240 0205396 1550043 1551388 1882365 0543483 0699748 0332257 0011847 0011849 2827734 2981698
 0205474 0441471 3541888 0011065 0332152 1306577 1516044 1522538 0681850 1550501 1706203 2349001 2697811 0947630 0684224 0700287 3496591 0021641 1533581 1579433 0243122 1145667 1167622 0034818 1334133 0021641 0597357 1533581 1579433 1545588 0015252 0086597 0127400 0229671 0728940 1546774 1550100 0018284 0010454 0018270 0220844 1621966 2911660 0871911 1521761 2827422 0237753 0449788 0449475 0332257 1552866 2700399 0034818 1334133 0021641 0597357 1533581 1579433 0085080 0018555 0007634 0008120 0018557 0029939 0152035 0227898 1278992 3282337 0740116 2827735 2981700 0439086 2827736 2981702 0439084 0728893
 0684224 0700287 3273238 0443211 1272684 0031843 0542341 0700205 1705273 0033453 1824728 0521447 1521761 1704970 1709305 1879547 2745955 2827422 1879547 0812215 1706586 2746015
 0033453 1824728 0205254 0348078 0376315 1314677 1522492 0010834 0004083 0439849 0596306 0699792 0377800 0033684 1999216 3463820
 0850310 3154893 0525021 0475264 0521447 1710082 1744691 0887840 0004793 0162326 0162327 0521447 0699789 1519249 0683607 1883351 0010834 0007610
 0332185 1547282 0871161 1882134 2347695 0010834 0475264 0521449 1744691 1880177 1704241 0683607 1879547
 1292856 1948023 1514721 2348147 3542016 0036720 0205448 1709915 1882936 0031727 0663914 1150571 0441655 1883708 0522501 1313661 1421262 0439855 1704241 0286330 1166804
 1274040 1546471 2825142 0243125 0699900 0332296 1880497 1883708 1996904 0007610 1515877 1879547 0040649 0332257
 0332120 1704259 1705987
 1519726 0031715 1158886 0683607 0004083 0439849 0596306 0699792 0678227 0086168 0033453 1824728 0521447 1521761 2827422 0597304 0599944 1549081 1692758 1326120 1879547
 0023882 0700321 2700395 0033453 1824728 0205309 0521447 0851285 1327622 1513371 1521761 1705738 2347637 2348146 2827422 0871261 1704632 1706817 2911692 0021641 1533581 1579433
 0557651 2603343 0035820 1705810 0031715 1158886 0243125 0699900 0182953 1704734 1704735 1883351 1707455 1280500 2348382
 0750729 0557651 2603343 1441672 0021641 1533581 1579433 1948023 0031715 1158886 0033414 0243125 0699900
 1883351 0231448 0439792 0302523 0700325 1964257 0031843 0542341 0700205 0851285 1327622 1705273 1880177 1999216
 0557651 2603343 0237753 0449788 0557351 0332257 1524063 0042153 0457083 1947944 0282646 0016318 0079603 0439852 0185117 0033684 0949466 1524063 1257988 0443640 0003241 0205369 1552740
 0520510 0520510 0557061 2584313 1514811 1706462 0298346 0251991 0078517 0021641 1533581 1579433 0869011 1555265

 0043193
 0010572
 3538743
 1363984 1706001
 0036681 0038164 0029016 0036397 1301820
 0027976 1879958
 0034760 0041175 0006353 0025255 0596901 1706182 0683758 0869011
 1826357
 0003241 0312586 1999216 0027965 0014282 0205314 0869011

 0017831 1512218 0017837 0368815 1979003 0312586 0003241 0348078 0376315 1522492 0040005 0005574 1301820
 0003241 1979003 0312586 0037083 0007634 0039421 0869011 1269647 1704653 1948049 3537152

 0017243 1382104 0869011
 0205314 3540513 1719918
 0312586 0368815 1979003 0003241 0021027 0005574 0043194 0258432 1421478
 0027976 1879958
 0032136 0285558 0812228 0869011

 0028407 0041740 1709269
 0032136 1547699 2700640 0348078 0376315 1522492 3538308 3541313 1999230

 0443037 0041740 0022341
 1553631 0439190 0331955 0869011 0489786 0020898 0021764 0022271
 0007585 0007634 0010453 0220814 0430400 1269647 1704653 1948049 2242979 0085080 0018555 0007634 0008120 0018557 0029939 0152035 0227898 1278992 3282337 1448132 0034818 0795635 1334133 0021641 0086418 0597357 1533581 1579433 0034818 1334133 0021641 0597357 1533581 1579433 0085080 0030281 1514760 0007634 3282337 0596988 1552738
 0427861 2717940 0007634 3282337 0598079 0869011
 0007634 3282337 0117953 0010454 0009458 0016327 0439133 0439536 1553038 1705217 3244283 0010453 0220814 0430400 2242979 0085080 0018555 0007634 0008120 0018557 0029939 0152035 0227898 1278992 3282337 2717940 0007634 3282337 0439340 1880521 2945590 0030842 0220892 0439526 0242295 1947943 2348609 0038425 0004178 0678214 1314677 2347816 0001861 3536832
 0442711 0680240 0884358 0947322 0042153 0457083 1947944 0034760 0683758
 0681814 0205112 1151115 0205177 0439167 0441655 1561536 0184661 0680240 0936012 1948041 2700391 3274430 3538935 3539779
 0392747 1554963
 0007634 3282337 0020498 0036563 1705192 1882540 2346495 0117953 0009458 0016327 0439133 0439536 1553038 1705217 3244283 0242295 1947943 2348609 0016955 0039421 0030695 0150369 0181904 0596972 1521743 1704646 0022877 1619828 0032136 1866552 3273616 0075804 0079160 0004793 0162326 0162327 0376298 1519249 1948062 0439084 0728893 0040078 0031727 0040077 0086860 0441587 0522505 0547040 1524031 2945599 0004379 1334435 0206414 0017337
 0439227 0564385 0009458 0439536 1705217 3244283 0332256 2700400 0229671 1546774 1550100 0020498 1524062
 0439227 0007634 3282337 0332197 1439852 1689985 0392148 0033727 0369286 0441932 0564385 1151115 0205177 0439167 0441655 1561536 0016955 0185117 1527178 1874451 1882115
 0920433 0455052 1521827 0024075 0005507 0243073 1510438 0442711 0680240 0884358 0947322 0683758
 0681814 0007634 3282337 0032136 1866552 3273616
 0455052 1521827 0002778 0936012 1524024 0332155 1521827 0030281 0007634 3282337 2985643 0184661 0332185 0680240 0884358 1552738 1948041 2700391 3274430 3538935 3539779
 0085080 0030281 1514760 0007634 3282337 0205200 0020498 0009458 0229671 0332296 0439536 1439852 1546774 1550100 1705217 1880497 1996904 3244283 0041119 0033727 0369286 0441932 0564385 0039798 0087111 1522326 1533734 1705169 3538994
 0028589 0205409 1548221 0444953 0033727 0369286 0441932 0564385 0021641 1533581 1579433 0025663 0449851 0871511
 0392747 1554963
 0681814 0456693 1442458 0702093 1524062
 0441087 0182400 1704681 2347609 3536729 0439084 0728893 0683758 0444930 2746065 1708632 1553631
 1265611 0243122 1145667 1167622 1524062 0443286 1114821 0332256 2700400 0521447 1518434 2828366 0006353 1148673 0683758
 0037791 1511884 0033453 1824728 0332152 0332462 0376298 0521447 1521761 1880834 1883712 1979886 2826257 2827422 1442824 0028953
 1273517 0369247 0439267 0005574 1518434 0521447 1439852 2828366 0702093 2348236 0005903 0039476 1547703 0439659 0443286 1114821
 0439962 0702093 1439852 0443299 0017243 2348236 0005903 0039476 1547703 0013855 0681850 1550501 1706203 2349001 2697811 0146923 0041175 0991799 0006007 0006353 0013618 0077281 0814229 0011682 0004400
 1148554 0884358 1524063 0034760
 0020898 0021764 0022271
 1316572 1317574 1369612 0392360 2699007 1524063 2348485 0040223 1632851 1442103 1547049 1527178 1705938 0031715 1158886 1519751 1261552 1704379 1705117 2825408 0033453 1824728 1518440 0040715 0521447 1514873 1521761 2827422 2987521
 0002778 0936012 1524024 0884358 1524063 1518434 0521447 2828366 0007634 0332155 3282337 0007634 3282337 0332293 0021641 1522326 1533581 1579433 0033727 0369286 0441932 0564385
 1320226 0439531 1948053 0425943 1880945 0017262 0033453 1824728 0085801 0002778 0017337 0185117 0521447 0851827 0936012 1273517 1521761 1524024 1701901 2827422 3244310 1524063 0040223 3541383 0040649 1514873 1519614 1184743 1522240 0007634 1269647 1704653 1879547 1948049
 0085080 0030281 1514760 0007634 3282337 0017596 1947936 0036563 1705192 1882540 2346495 0282646 0016318 0079603 0439852 2986582 0183489
 0231441 0070066 1720830 1823521 0069389 0001128 0202406 0312860 0242295 1947943 2348609 0007634 3282337 0146951 0133689 0242759 0456692 0702093 2348236 0005903 0039476 1547703 1883708 0006353 0233660 0332206 1439852 0702093
 0205549 2348044 0441648 0007634 3282337 1300565 0432618 1300565 0033727 0369286 0441932 0564385
 0003241 0442726 0522529 1511790 0026381 0182400
 0007634 3282337 1626420 0181839 0443241 1441672 1706379 0027976 1879958
 0450042 0036849 1442518 1705195 1883351 1301820 1706701 1514893 1706463 2699488 0446380 0205126 0444660 0369637 0441923
 0663914 1150571 0021135 1533691 2827718 0663914 1150571 0005507 0243073 1510438 0442711 1507394 1522729 2348563 0025663 0449851 0871511 2937289

 0087111 0007634 3282337 0020746 0024348 0006353 0332256 2700400 0019215 1882074 0020283 0450407 0450408 0450409 0037494 1959973 0068941 0068940 0439509 0017881 0013618 0068854 0029366 0037473 0597484 0012789 0031493 0016327 0449468 1690016 1705102 2700258
 0702093 0020746 1881488 0007703 2986669 0439267 0702093
 1550101 1524063 0021069 0663914 1150571 1273517 0663914 1150571 0005574 0700308 0033727 0369286 0441932 0564385 1883043 0075172
 0041119 1548982 0040223 1632851 0006353 0024348 1536403 1720092 1948045 0332256 2700400 0041942 0006353 0031727 0443286 1114821 1720725 1948050 0019215 1882074 0020283 0450407 0450408 0450409 0024472 0017881 0013618 0012789
 0443286 1114821 0006353 0031727 0443286 1114821 1272689 0392148 1553631 0086903 0720544 2827790 0439267 0162768 0033684 0332466 1293131 1439852
 0443286 1114821 0258024 0006353 0370003 1272691 2347026 1883712
 1515653 0139030 0005507 0031727 0243073 1510438 1449849 0442711 0072470 0812225 1150635 1705212 1705213 3273202 0332283 0005574
 0007634 3282337 0024348 1881488 0021069 0681850 1550501 1706203 2349001 2697811 1524063 0005507 0243073 1510438 0075172 0038164 0060916 0086376 0033684 0036681 0439267
 0011744 0006353 0024348 1536403 1548982 1883708 0010536 0532059 0005507 0031727 0205254 0243073 0439267 1439852 1510438 1434639 0752313 0005507 0243073 1510438 0456693 1442458 0702093
 0443286 1114821 1272689 1553631 0439269 1960952 2346927 0439526 1439852
 0443286 1114821 0025874 0312414 1272691 1704255 0030351 1547566 1883708 1548982 0040223 1632851 0001002 1720092 1948045 1148554 0034553 0036406 0302908 0678573 1304698 1546699 1561501 0750480 1705566
 1515653 0005507 0031727 0243073 1510438 0442711 1507394 1522729 2348563 0332283 0039421 0037083
 0085080 0030281 1514760 0007634 3282337 0599566 0086022 0185117 0442335 1705099 1880497 0205171 0439044 0679994 0032136 1547699 2700640 1883559 0332307 0445392 1547052 1512032 0596988
 0038187 0007634 3282337 0205091 1552822 0332155 0332293 0021641 0312860 1522326 1533581 1579433 0011744 0033727 0369286 0441932 0564385
 0007634 3282337 0024348 0005507 0031727 0243073 1510438 0884358 0301871 0369637 0392148 0441923 0010536 1333582 0162768 0033640 0060916 0086376 0033684 0332466 1293131
 0443286 1114821 0258024 0006353 0370003 1272691 1883712 2347026
 1511790 0206243 0699809 0020985 0439787 0449851 0849355 1524063 1257988 0443640 0003241 0205369 1552740
 0596607 0013855 0017243 1382104 0949466 0005863 0002778 0936012 1524024 1705493 1444656 0007634 3282337 0024348 0258024 0006353 0370003 1947931 2347026 0332256 2700400 0025402 0042305
 0018851 0456692 0702093 0033684 0600209 0086972 0443299 0687118 1704732 0071500 0017243 1382104 0005516
 0025255 0596901 1706182 0006353 0233660 0332206 1439852 0439084 0728893 0452721 0026131 0349374 0444318 1512080 2825079 2827485 0041175 0006353 0036082 0077281 0814229 0041415 0700308 0033727 0369286 0441932 0564385 2348236 0005903 0039476 1547703 1883708 0003241 0440102 0700308 0033727 0369286 0441932 0564385 2348236 0005903 0039476 1547703 0439583
 0205549 2348044 0441648 1710082 0162524 0234621 1450278 0205195 1947911 0331955
 0025255 1883708 0027552 0686904
 1552821 0004400 0884358 1883351 0442726 0243126
 0522510 0011321 0023089 0458142 1023865 1706315 1524063 0037585 0596957
 1516048 0332283 1719822 1265611 0003241 0441833 1999270 3537156 0020985 1710082 3146294 1883708
 0042295 0205132 0205134 0449719 0013987
 1274040 1546471 2825142 0520510 0557061 2584313 1514811 1706462 0443264 1148673 0012854 0243122 1145667 1167622 0040649 1334435 0206414 0005507 0017337 0024075 0243073 0335038 1510438 1522485 1705915 1709908 1273517 1883351 1292732 0031843 0542341 0700205 1705273 0740116 2827735 2981700 0040649 0205263 0851827 0857127 1701901 1707520 3244310 0085080 0030281 1514760 0007634 3282337
 0349966 1337208 1547282
 0450344 1553633 1883712 1183428 0007634 3282337 0033727 0369286 0441932 0564385 0444499 0332462 0442805 1880834 1274040 1546471 2825142 0205177 0439167 0441655 1561536 0369773 2603361
 0442805 0332462 1880834 0369773 2603361 1292856 1441672 1948023 0439275 0439526
 0017262 0185117 0442739 2346711 1511726 3245479 1518422 1547282
 0449911 0333052 2607870 0557702 1272706 1704674 0557702 1272706 1704674
 0443264 0085080 0030281 1514760 0007634 3282337
 0007634 3282337 0032136 0335038 1522485 1705915 1709908 0032136 0033727 0369286 0441932 0564385 1314677 0009458 0439536 1705217 3244283 0332256 2700400 0009458 0229671 0332296 0439536 1546774 1550100 1705217 1880497 1883708 1996904 3244283 0332197 1689985 0392148 0312860 0439446 1533072 2827809
 0007592 2828366 1151115 0024075 0205177 0439167 0441655 0936012 1561536 1882115 0520510 1552738 0025663 0025664 0449851
 1274040 1546471 2825142 0205173 0884358 3539942 0020498 0369718 0441922 1553036
 0369773 2603361 0243148 1550141 1707455 1882979 2587213 3274648
 2347469 0002778 0936012 1524024 0085080 0030281 1514760 0007634 3282337 0021641 1533581 1579433 1948023
 0020985
 0442726 1511790 1524063 0443640 0003241
 1511726 3245479 1882932 0441833 1999270 3537156 2347469 0205448 0681814
 1883351 1517331 1280500 2348382 0596608 0949632 1148673 0085801 1294199 0002778 0936012 1524024 1518440 0884358
 0332290 0205263 0442805 1148673 0243122 1145667 1167622 1179920 0007634 0243148 0439819 1550141 1707455 1882979 2587213 3274648 3282337 0450345 0441833 1999270 3537156
 0037791 1511884 0439787 0849355 1547282 1710082 0332256 2700400 0005456 0682969 0205145 0243122 1145667 1167622 1515974 2825164 1518422 1442824 0004793 0162326 0162327 0445356 1519249 1704623 1511726 3245479 1518422 1547282
 0030281 0007634 3282337 0003242 0003241 0021027 0392756 0522510 0450345 0441833 1999270 3537156
 0037088 0243095 2825141 1705535 0392148 2246376 1180347 1523872 0033684 0439855 1704241
 0020985 1514534 0002778 0936012 1524024 0085080 0030281 1514760 0007634 3282337 0021641 0332293 0392148 1522326 1533581 1579433 0443289 1264633 1554103
 0085732 0033453 1824728 0947630 0021641 0205234 1280500 1285542 1533581 1579433 0851285 1327622 0031715 1158886 0205360 2347098
 0031715 1158886 0557651 2603343 1280500 0031715 1158886 0444706 3541902 0949466 0005863 0002778 0936012 1524024 1705493 1881488 0443640 0003241 0021027 0205369 1552740
 0745343 0039798 0087111 1522326 1533734 1705169 3538994 0021641 1533581 1579433 0040223 0442805 0851827 1701901 3244310 3541383 1274040 1546471 2825142 0031715 1158886 2584321 2946875 0806909 1552615 2826546
 0392756 0547047 1441672 0332282 2348792 0040223 1552961 2347617 3541383 0750558 1710571 1274040 1546471 2825142
 0700321 0442805 1441672 0332282 1292856 1948023 0441833 1999270 3537156
 1519619 0021467 0021469 1628982 3463820 0010572 1518422 0028778 0332206 1533157 1706084 2828370 0031715 1158886 0205360 2347098 0871261 1704632 1706817 2911692 0033727 0369286 0441932 0564385 1292856 1948023
 0205117 0332282 1883708 0220825 1705417 0022702 0220865 2825046 0449913 1553451 1704459
 0007634 3282337 0332293 1522326 0205263 0857127 0871208 1521828 1709305 0015663 0456962 1280500 2348382 0456692 0205397 0702093 0441889 0450354 1706096 0441833 1999270 3537156
 0332157 0274281 0428479 0441889 0205197 0007634 3282337 0010572 1705052 2986796
 0947630 0206243 0699809 0007634 0449475 0030281 0457592 0021641 0205342 0205436 0332307 0439787 0457385 0565930 0849355 1269647 1533581 1547052 1561503 1579433 1704653 1705190 1948049
 0085080 0030281 1514760 0007634 3282337 0871208 1521828 0871261 1704632 1706817 2911692 0021641 1533581 1579433 0439834 2717940 0007634 3282337
 0428479 0441889 0456693 1442458 0392756 0702093 1292856 1948023 0423896 0456205 0682538 0205266 1554187 0332293 0021641 1522326 1533581 1579433 0439531 1948053 0011744 0033727 0369286 0441932 0564385
 0025255 0596901 1706182 1444656 1708715 1708639
 0449911 0333052 2607870 0557702 1272706 1704674 0557702 1272706 1704674
 0031715 1158886 0185117
 1183428 0085080 0030281 0007634 3282337 1514760 0021641 0392148 1439852 1533581 1579433 0312860 1444656
 2347469 0022702 0220865 2825046 0871261 0884358 1704632 1706817 2911692 0439275 0439526 0021641 1533581 1579433 0312860
 1183428 0007634 3282337 0010572 0439267 0439445 0439526 1883708 0021641 1533581 1579433 1948023 2827734 2981698 0041119 0033727 0369286 0441932 0564385
 0073187 0332282 0085080 0030281 1514760 0007634 3282337 0332293 0439275 0439526 1522326 0033727 0369286 0441932 0564385
 0082529 2717940 0007634 3282337 0205091 1552822 0332155 0332293 0021641 1522326 1533581 1579433 0312860 0439275 0439526
 1550608 1881488 0600209 1514893 1704732 2699488 0031715 0936012 1158886 1999216 0005863 1524063 1257988 1445860 0443640 0003241 0205369 1552740
 0025255 0596901 1706182 1883708 0003241 0021027 0555903 1261360 0033684
 0428479 0033684 0441889 0020985 0443640 0003241 0243148 1550141 1882979 2587213 3274648
 1511726 3245479 1882932
 0392148 0332197 1689985 0243125 0699900 0030281 0007634 3282337
 0021641 1533581 1579433 0033414 0021467 0021469 1519751 1628982 3463820 0679209 0208355 1325620 1752727
 0021641 1533581 1579433 0028778 0332206 1533157 1706084 2828370 0597297 0597304 1623036 0033684 0243125 0699900
 1883351 0683607 0557651 2603343 0085080 0030281 1514760 0007634 3282337 1443643 2266856 3537238 0030956 1999216 0015127 1314792 1524003 0028778 0332206 1533157 1706084 2828370 1879547
 0243148 0681814 1550141 1706386 1882979 2587213 3274648 1547282 0031715 1158886 0024320 1516048 0003241 0021027 0441833 1999270 3537156 1708639 1511790 0232902 0348078 0376315 1522492 1521970 0441833 1999270 3537156 1708639
 1979900 0026385 0948775 0005910 0043100 0205250 0232902 1299351 1305866 1521991 1705104 1705920 2700149 0441833 1999270 3537156 1708639
 1517001 0015264 0441833 1999270 3537156 1708639
 1550147 2709094 3539075 3539076 1443643 2266856 3537238 1999216 1314677 0428479 0441889 1292856 1948023 0439531 1948053 0441833 1999270 3537156 1708639
 0442805 1705920 0007634 0030956 0332293 1441672 1522326 1999216 3282337 1443643 2266856 3537238 0871261 1704632 1706817 2911692 0441833 1999270 3537156 1708639
 0392148 0521093 0021069 0750484 0450366
 1316572 1317574 1369612 1293130 1292856 1948023 0038164 0033684 0301630 0337051 0392756 0441610 1509144 2349200 2348042 2826345 0441994 1548802 2003888 0441833 1999270 3537156 1708639
 0449911 0333052 2607870 0557702 1272706 1704674 0557702 1272706 1704674
 1443643 2266856 3537238 1999216 0442805 0031715 1158886 1293130
 0085080 0030281 1514760 0007634 3282337 0332197 1689985 1708639 0392148 1708639 1443643 1999216 2266856 3537238 0700308 0033727 0369286 0441932 0564385 0332283 0439275 0439526 1883712 0021641 1533581 1579433 2347469 0702093
 1881488 0301850 0003242 0178481 0432618 0003241 0021027 1999216 0020985 0441833 1999270 3537156 0274281 0332157 0441833 1999270 3537156 0274281 0332157
 1510844 0432618 1999216 0182400 1704681 2347609 3536729 0332283 0432624 0432626 1547282 1550025 1704782 1708715
 0428479 0033684 0441889 0332462 1292856 1880834 1948023 0007634 0243148 1550141 1882979 2587213 3274648 3282337 0040223 3541383
 0002778 0392762 0936012 1524024 1882932
 2945706 1979900 0948775 0026385 0005910 0043100 0205250 1299351 1305866 1521991 1705104 2700149
 0085080 0030281 1514760 0007634 3282337 0032136 0185117 1522485 1547699 1708067 1708632 1999216 2700640 0229671 1546774 1550100 2348531 0205091 1552822 0332155 0332293 1522326 1443643 1999216 2266856 3537238 0700308 0033727 0369286 0441932 0564385 1883712 0439275 0439526 0021641 1533581 1579433 0312860
 1519751 0021069 0442726 1511790 0003242 0003241 0021027 0332283 0020985 0003242 0003241 0021027
 1511726 3245479 1882932
 0392148 1443643 2266856 3537238 1999216 1265611 0020459 0021641 0205217 0442805 1533581 1579433 0450365 1706097 1708639 0871208 1521828 0439834 0205263
 1518422 0442726 0301630 0392756 0441610 0745343 0039798 0087111 1522326 1533734 1705169 3538994 0450365 1706097 0441833 1999270 3537156
 1316572 1317574 1369612 1443643 2266856 3537238 1999216 0205217 0442805 0439792 0243125 0699900 0349966 1337208 2347469 1708639
 1441672
 0031715 1158886 0205171 0439044 0679994 0205410 1518422 0015127 1524003 1519751
 1883727 1883357 0681814 1705535 0031715 1158886 1519751 1709305 2745955 0871261 1704632 1706817 2911692 0021641 1533581 1579433
 0016318 0079603 0947630 0021641 1533581 1579433 0001721 0475264 1744691 0079604 0026018 0884358
 0349966 1337208 1547282
 0450373 1553636 0487602 1704680 0332197 1689985 0021641 1533581 1579433 0012634 0348080 1705253 0010834 0442726 1511790
 0740116 2827735 2981700 0442805 0030956 1383501 1441672 1999216 1443643 2266856 3537238 0007634 3282337 0450375
 0007634 3282337 1517331 0936012 0423896 0456205 0332462 1880834 0332282 0039798 0087111 1522326 1533734 1705169 3538994
 0449911 0333052 2607870 0557702 1272706 1704674 0557702 1272706 1704674
 0520511 1704711 0282646 0016318 0079603 0439852
 0085080 0030281 1514760 0007634 3282337 0205091 1552822 0332155 1553033 0332293 0021641 0312860 1522326 1533581 1579433 2347469 0033727 0073187 0369286 0441932 0564385
 0487602 1704680 0441833 1999270 3537156 1253961 0007634 0231441 0443218 0884358 2827483 3282337 0520510 1552738 0025663 0025664 0449851
 1274040 1546471 2825142 2717940 0007634 1301820 3282337 1511726 3245479 1518422 1547282
 2347469 0085080 0030281 1514760 0007634 3282337 0332197 1439852 1689985 0392148 0700308 0033727 0369286 0441932 0564385
 0487602 1704680 1883708 0884358
 1707156 3274014 3541345 0369637 0441923
 0007634 3282337 1547282 1882932 1441340 0007634 3282337
 1511726 3245479 1882932
 1280500 2348382 1879547 0663914 1150571 0663914 1150571 0031727 0663914 1150571 0014442 0014445 0033684 0238767 1706086 0020459 0442805 1709305 2745955 0205177 0439167 0441655 1561536
 1524063 0005507 0031727 0243073 1510438 0017831 1512218 0017837 1532411 1658753 0017817 0040676 1999216 0162768 0033684 0332466 1293131 0150312 0745343 0039798 0087111 1522326 1533734 1705169 3538994 0021641 1533581 1579433 0011744 0033727 0369286 0441932 0564385 0231175 1883351 0205263 0441655 0007634 0243148 0439819 1550141 1707455 1882979 2587213 3274648 3282337 0349966 1337208
 1979874 0332157 0274281 0663914 1150571 1879547 1274040 1546471 2825142
 0332148 0750492 0031715 1158886 0014429 0014442 1274040 1524062 1546471 1879547 2825142 1512804 2984300 0037080
 0449911 0333052 2607870 0557702 1272706 1704674 0557702 1272706 1704674
 1280500 2348382
 0085080 0030281 1514760 0007634 3282337 0332197 0332293 1522326 1689985 0392148 0312860 1533072 2827809
 0332282 0663914 1150571 0301871 1521827 1883708 0006353 0031727 0443286 1114821 0332256 2700400 1553631 0017831
 0443286 1114821 0370003 2347026 0600209 1514893 1704732 2699488 0071710 0025255 0348011 0004400 0936012
 1511726 3245479 1882932
 0035820 1705810 0031715 1158886 0812215 1706586 2746015 1425569 0014442 2611095 1707310 1547282 1883351 0033453 1824728 0521447 1314939 1521761 1879547 2827422 0745343 0039798 0087111 1522326 1533734 1705169 3538994 0332128 0185117 0217396 0033684 1280500 2348382 0085080 0030281 1514760 0007634 3282337
 1883351 0376649 1442065 1522634 0205435 1279901 0220825 1879547 0005507 0031727 0243073 1510438 0085080 0030281 1514760 0007634 3282337 0332197 1439852 1689985 0392148 0702093
 0349966 1337208 1547282
 1553638 1145751 0205177 0439167 0441655 1561536 0332197 2699517
 0332268 1879547 0031715 1158886 0871261 1704632 1706817 1709305 2911692 0021641 1533581 1579433
 0021467 0021469 1628982 3463820 0298346 0755562 2827734 2981698 1518422 0392747 0085732 0205263 0031715 1158886 1511726 3245479 1518422 1547282
 0021641 1533581 1579433 0312860 1260953 0162638 0015252 0086597 0127400 0229671 0728940 1546774 1550100 0206454 0018284 0007595 0018270 0220844 1621966 2911660 1521761 2827422
 0700364 1514731 0037080 0037083 0086982 3537152 0023882 0700321 2700395 0035820 1705810 0086597 0851285 1327622 0031843 0542341 0700205 1705273 2986514
 0449911 0333052 2607870 0557702 1272706 1704674 0557702 1272706 1704674
 0443264 0021641 1533581 1579433
 0301871 0030281 0085080 1514760 0007634 3282337 0085080 0030281 1514760 0007634 3282337 0006353 0031727 0443286 1114821 0332256 2700400 1527121 1434639 0205254 0752313 0170168 1150579 0014063 1417057 0086376 0026972 0026969 0026973 0033684 1527178
 1707156 3274014 3541345 1882932 0011321
 1511726 3245479 1882932 0884358 1720725 1948050 2348205 1274040 1546471 2825142
 2347469 1183428 0085080 0030281 1514760 0007634 3282337 0021641 1533581 1579433 1948023 0312860
 1881488 0936012 1999216 1524063 0443640 0003241
 1882932
 0035820 1705810 0031715 1158886 0750591 0035820 1705810 1879547 1273517 1521991 0449445 1292724 0220825 0031715 1158886
 1285529 0185117 0085080 0018555 0034818 1334133 1514760 0030281 0007634 0008120 0018557 0021641 0029939 0152035 0227898 0597357 1278992 1533581 1579433 2827421 3282337 0206243 0699809 0439787 0849355
 0205435 1279901 0036849 0681814 1442518 1705195 0031715 1158886 1441672 0021135 1533691 2827718 0030281 0007634 0021641 0301871 0332293 1522326 1533581 1579433 3282337 1883559 0332307 0445392 1547052 1883559 0332307 0445392 1547052 2827421 1571602
 0285558 0812228 1512032 1299582 0033414 0031715 1158886 1571602
 3244092 0441889 2827421
 0205436 0457385 0565930 1561503 1705190 0036849 0681814 1442518 1705195 0686907 2827421 1292732
 0039798 0087111 1522326 1533734 1705169 3538994 0021641 1533581 1579433 1522485 1708067 1708632 1999216 0007634 3282337 1512032 0205160 0285558 0596988 0812228 1513916 1527180 2825415 2825491 0871261 1704632 1706817 2911692 0332291 0085862 0285558 0332148 0441471 0750492 0812228 1299583
 0449911 0333052 2607870 0557702 1272706 1704674 0557702 1272706 1704674
 0002778 0936012 1524024 0085080 0018555 0034818 1334133 1514760 0030281 0007634 0008120 0018557 0021641 0029939 0152035 0227898 0597357 1278992 1533581 1579433 2827421 3282337
 0007634 3282337 0032136 0243148 1550141 1882979 2587213 3274648 0599566 0086022 0442335 2827421 1512032
 0007634 3282337 0205091 1552822 0332155 0021641 1439852 1533581 1579433 0312860 0006353 0031727 0443286 1114821 0332256 2700400 1333582 0162768 0060916 0086376 0033684 0332466 1293131
 0370003 2347026 0600209 1514893 1704732 2699488 0003241 0021027 0244989 0020985 0441833 1999270 3537156 0051967 0003242 0003241 0021027 0441833 1999270 3537156
 2347469 0085080 0030281 1514760 0007634 3282337 1522485 1708067 1708632 1999216 0012931 2827421
 0007634 3282337 0021641 1533581 1579433 1948023 0011744 0033727 0369286 0441932 0564385 0301871 0178481 0443640 0003241 0021027 0205369 1552740 1999216 0020985 0441833 1999270 3537156 0432618 0441833 0441994 1548802 1883708 1999216 1999270 2003888 3537156
 0681814 1547282 2347469 0205341 0040223 0205449 0205450 1632851
 2936824 0441885 2698967 0036667 0205309 0312418 0427965 1511883 1522640 2346484 2349185 0086045 0243077 0078517 0251991
 1883712 0085080 0030281 1514760 0007634 3282337 1519062 1512045 0021467 0021469 0021641 0031715 0164786 0178602 0812228 0851827 0869039 1114758 1158886 1533581 1579433 1628982 1701901 1708698 1948023 3244310 3463820 0021212 1235732 1522602 0600495 0312860 0349966 1337208 2347469
 0251991 0311403 0031715 1158886 0600495 1511726 3245479 1518422 1547282
 1274040 1546471 2825142 0205117 0332282 1883708 0332128 1280500 2348382 0312860 2827734 2981698 0021641 0031715 0369637 0441471 0441923 1158886 1533581 1579433 1948023 3541888
 1879547 2936824 0021641 1533581 1579433 0033414 1158886 0031715 0332257 1552866 2700399 0244989 0206354 0017932 0017911 0031727 0132555 3539645 0040005 0450348
 1881488 0021641 1533581 1579433 0085732 1299581 0244989 0206354 0017932 0017911 0031727 0132555 3539645 2584321 0806909 1552615 2826546 1708639
 0031715 1158886 3539645 0078517 0311403 0312860 0449774 2348205 1708639
 1979874 0031715 1158886 0021641 1533581 1579433 1547282 0332324 0036667 0312418 0427965 1511883 1522640 2346484 2349185 0441833 1999270 3537156
 1709793 0031715 1158886 0332462 1880834
 1550147 2709094 3539075 3539076 0078517 1314677 0085732 1883712 0015127 1524003 0700321 0020459 0442805 0243148 1550141 1707455 1882979 2587213 3274648 1708639
 0150312 0332285 2348042 2826345 0025255 1547282 1265611 1708639 1708715
 0031715 1158886 0021641 1533581 1579433 0251991 0369637 0392756 0441923 0369637 0441923 1518422 1999216 1511726 3245479 1518422 1547282
 1316572 1317574 1369612 0039798 0087111 1522326 1533734 1705169 3538994 0231175 1883351 0033414 0031715 1158886 0164786 0812228 0244989 0206354 0017932 0017911 0031727 0132555 1539922 0031715 1158886 1708639 0740116 2827735 2981700
 0449911 0333052 2607870 0557702 1272706 1704674 0557702 1272706 1704674
 0031715 1158886 1518422 2936824 0441885 2698967
 0085080 0030281 1514760 0007634 3282337 0332293 0078517 0086045 1444656 1522326 0456693 1442458 0702093 1292856 1948023 0021641 1533581 1579433 0011744 0033727 0369286 0441932 0564385
 1881488 0020985 0936012 0003241 0164786 0812228
 2347469 0332282 1709793 0392747 0443172 1705241 0444686 1441506 1443182 0030281 0037083 0007634 0021641 0031715 0080103 0205345 0449450 1158886 1533581 1547039 1579433 1710082 1948023 3282337 0078517 0036849 1442518 1705195 0205163 1549782
 0085080 0030281 1514760 0007634 3282337 0332293 0042444 0348005 1522326 0078517 0312860 1292856 1948023 0021641 1533581 1579433 0702093
 0007634 0036849 1442518 1705195 3282337 0439275 0439526 0702093 1524062
 0020985 0884358 1524063 1257988 0443640 0003241 0205369 1552740 1335272 1419073 0164786 0812228 0244989 0206354 0017932 0017911 0031727 0132555 1999216
 1510844 0432624 0432626 0182400 1704681 2347609 3536729 1547282 1550025 1704782 1708715
 0441889 0332462 1292856 1880834 1948023 0007634 0243148 1550141 1882979 2587213 3274648 3282337 0040223 3541383
 1274040 1546471 2825142 0205449 1301820 2347469 0205448 0681814
 0073187 0082529 0085080 0030281 1514760 0007634 3282337 0012854 0086022 0442335 1705099 1880497 0032136 1444656 0012854 0439267 0439267 1515981 2936824 3538308 3541313 0229671 1546774 1550100 2348531 1883708 0021641 0312860 1533581 1579433 1948023 0011744 0033727 0369286 0441932 0564385
 0031715 1158886 0021069 0442726 1511790 0368815 1963095 0003241 0021027 0086661 0332283 0020985 0164786 0812228 0073187 0441833 1999270 3537156 0432624 0432626 0073187 0441994 1548802 2003888 0441833 1999270 3537156 0003241
 0082529 0031715 1158886 0442726 1511790 1708067 0301871 0349966 1337208 1444656 2729544

 0020985 1547282 0082529 1882932
 1883351 1516048 1947931 2936824 0441885 2698967 0600138 0035820 1705810 0086597 0031715 1158886 2827421 3538308 3541313 3538308 3541313 1522485 1708067 1708632 1999216 0032136
 0596988 0332268 0085732 1145667 1167622 0600499 1711351 0678227 0332453
 0030281 0007634 3282337 0003241 0086661 1553033 1708067 0020985 0349966 1337208 0073187 0082529
 0031715 1158886
 1979874 0185117 1518422 0205112 0031715 1158886
 1511726 3245479 0183683 1521721 1512571 2936824 0441885 2698967 1518422 0021643 0021641 0031715 1158886 1514873 1533581 1579433 1948023 1999216
 0520510 0557061 2584313 1514811 1706462 0205177 0439167 0441655 1561536 0443264 0031715 1158886 0597297 0597304 1623036 0243125 0699900 0871261 1704632 1706817 2911692 0237753 0449788 0234402 0332257
 1879547 1552738
 0150312 0449450 0557651 2603343 1292732 1512804 2984300 0037080 0033414 0205177 0439167 0441655 1561536
 0021641 1533581 1579433 0700364 1883351 0033453 1824728 0683951 0243148 0521447 1314939 1521761 1550141 1882979 2587213 2827422 3274648 0007634 3282337 0079946 0439659 0677626 0007634 0023903 2239176 3282337 1513528 0007600 0205132 1550648 1552960 1704336 1257792 0427861 0225336 0005773 0014261 0450355
 0150312 0449450 0557651 2603343 0205435 1279901 1547282 0021641 1533581 1579433 0032930 1444748 0037083 3537152 0031715 1158886 1519751 0243125 0699900
 0237834 1514892 0243125 0699900 0030281 0007634 0021641 0205342 0205448 1269647 1441672 1533581 1579433 1704653 1948049 3161035 0034818 1334133 0021641 0597357 1533581 1579433 2717940 0007634 3282337
 1527178 1705938 2607943 2926606 3539655 0439855 1704241 0031715 1158886 1551359 1999216 2741673 2981730 0021641 1533581 1579433
 0552617 0302523 0700325 1964257 0031715 1158886 1621983 0205263 0857127 0020459 0021641 0205217 0442805 1533581 1579433 1879547 0663914 1150571 0663914 1150571
 0332268 0871261 1704632 1706817 2911692 0021641 1533581 1579433 1979874 0302523 0700325 1964257 0007634 3282337 0332293 1522326 0085732 1299581 1515877 1879547 0037083 3537152 0449475 0007584 1882124 0007634 0237753 0332307 0449788 1269647 1704653 1948049 1955473
 0332120 0439855 1704241 1518422 0033453 1824728 1518440 0040715 0521447 1314939 1521761 2827422 2987521 0040624 1336776 0041625 0034519 0560559 0851346 1522449 1524020 1524021
 1522634 0031715 1158886 1551359 1999216 2741673 2981730 0021641 1533581 1579433
 1511726 3245479 0079604 1547282 0031715 1158886 1709305 0018555 0034818 1334133 0007610 0008120 0018557 0021641 0029939 0152035 0227898 0597357 1278992 1533581 1579433 2717940 0007634 3282337
 0085732 1522196 0887839 0007610 0031727 0521447 1320928 1549439 2347958
 0663914 1150571 0663914 1150571 0150312 0010834 0238767 1706086 0007610
 0332185 0439855 1704241 0009013 0175566 1882151 0031727 0031715 1158886 1551359 1999216 2741673 2981730 0007610 0007634 1269647 1704653 1948049 1326120 0007634 1269647 1704653 1879547 1948049
 0302523 0700325 1964257 0021641 1533581 1579433 0442805 1519751
 1274040 1546471 2825142 0033684 0072470 0597357 0231175 1883351 0522501 0597304 1706089
 0557651 2603343 1547282 0243125 0699900 0021641 0311403 1533581 1579433 2717940 0007634 3282337 0439509
 0028778 0332206 1533157 1706084 2828370 0033414 0441889 0456079 1547707 2946261 0007610 0007634 1269647 1704653 1948049
 1979874 0333668 0871261 1704632 1706817 2911692 1274040 1546471 2825142 2987476 0018790 0237477 0392351 0521111 0205177 0439167 0441655 1561536
 0441712 1706376 1518422 0205309
 1519751 1518422 0023636 0329040 0086168 0439855 1704241 0441712 0750591 0031715 1158886 0205145 1704675 1519315 0567416
 1707959 1879547 0205177 0439167 0441655 1561536 1150423 0007613 0542341 0332257 1552866 2700399 0031715 1158886
 1511726 3245479 0449450 1547282 0085732 0442805 0031715 1158886 0243125 0699900 0085080 0030281 1514760 0007634 3282337 0037083 3537152 0332290 1704259 1705987 0332148 0750492 1518422 0032214 0600138 0035820 1705810
 0237753 0449788 0007600 0007634 0205132 1269647 1704653 1948049 0021641 1533581 1579433 0108555 0054846 0007332 0031727 3539645 0031727 0205309 1883351 0377800 0033684 0162527 0051926 0205341 1547730 1705914 1880389 1883221 3541951
 0445604 0332185 1547282 1883351 0597297 0597304 1623036 0243125 0699900
 1511726 3245479 1518422 0183683 1521721 3539645 0033640 0815043 1527118 0031727 0031843 0033684 0542341 0700205 1705273 1273518 0021641 1533581 1579433 0085732 0086045 0078517 0251991 0028778 0332206 1533157 1706084 2828370 0031715 1158886 0040005 1280500 2348382 0031715 1158886
 0244989 0206354 0017932 0017911 0031727 0132555 0033453 1824728 0960756 0031843 0185117 0521447 0542341 0700205 0851827 1515021 1521761 1701901 1705273 2827422 3244310 0017337 0085732 0392756 0547047 1150570 2261482 1152133 1150423 0205177 0439167 0441655 1561536 0332290 0072402 0033640 0031727 1301751 1280500 2348382
 1955473 0684224 0700287 3496591 0172341 1515877 1879547 1148759 3537021 0205177 0439167 0441655 1561536 0243125 0699900 1948027 0033453 1824728
 0557651 2603343 0443211 1272684 0441471 3541888 1519726 1999230 1521761 0599947 0030685 0391871 0439180 0680255 1283071 1963578 0007610 0172341
 0237881 0750502 1518422 2963144
 1519726 0031715 1158886 1292711 0021641 0205263 0449719 0871261 1533581 1579433 1704632 1706817 1709471 1948023 2911692 0205177 0439167 0441655 1561536 0439673
 1274040 1546471 2825142 0439659 1883351 0035820 1705810 0182953 1704734 1704735 0243102 1264638 1547012 0205177 0439167 0441655 1561536
 1290905 1517892 1704666 1314939 0037083 3537152 0007634 0449475 0332307 1269647 1547052 1704653 1948049 0234402 0205369 1552740
 0332290 1879547 0086597 0127400 0164786 0812228 1704259 1705987 2936824 0449475 1955473
 1511726 3245479 0205263 0164786 0812228 0031715 1158886 0243125 0699900 1621983 0205263 0857127 0085080 0030281 1514760 0007634 3282337
 0681814 0851285 1327622 0079189 0205263 0857127 0164786 0812228
 0552617 0021467 0021469 1628982 3463820 0086045 0078517 0251991 0028778 0332206 2983591 0031715 1158886 0205177 0439167 0441655 1561536 1518422 0040710 0301630 0392756 0441610 0031715 1158886 0021641 1533581 1579433
 0031715 1158886 1518422 1999216
 0302523 0700325 1964257 0596988 0231175 1883351 0332454 0031715 1158886 0871261 1704632 1706817 2911692 1292856 1948023 1705535 0205177 0439167 0441655 1561536
 0700364 2936824 0441885 2698967 0285558 0812228 0031715 1158886
 1279919 0086045 0018790 0237477 0392351 0521111 0205177 0439167 0441655 1561536 0678756 0086045 0028778 0332206 1533157 1706084 2828370 0031843 0542341 0700205 1705273 0332257 2936824 0441886 2698968 0212694 1335262 0032545 1418707 0033640 0031727 0033684 0026882 1705285 0004135
 0557651 2603343 0684224 0700287 3496591 0026882 1705285 0004135 0021641 0037083 1533581 1579433 3537152 0450382
 0033640 0031727 0032930 1444748 1879547 0014442 0014445 0031715 1158886 0021641 1533581 1579433
 1883357 1274040 1546471 2825142 1547282 0021641 1533581 1579433 0033414 0031715 1158886 0031715 1158886 0086597 0127400 0439855 0663914 1150571 1704241 1519751 0243125 0699900
 0441712 0441471 3541888
 0598390 0014442 0014445 0033414 1539479 0871261 1704632 1706817 2911692 0021641 1533581 1579433
 0949455 0033684 0041538 0332185 1880355 0348078 0376315 1522492 0038164 0007634 0033684 0178539 0237753 0301869 0449788 1518422 1521840 2986546 0208355 1325620 1752727 0243125 0699900
 2362652 0080103 0205177 0439167 0441655 1561536 0392747 1554963 0871261 1704632 1706817 2911692 0021641 1533581 1579433
 0031843 0542341 0700205 1705273 0332291 0034678 0085862 1299583 1704259 1705987 0700364 1883351 0456387 1705943 0036667 0312418 0427965 1511883 1522640 2346484 2349185
 2986676

 1708595 3280986 0007600 0205132 1550648 1552960 0869040 0557651 1273517 2603343
 0000723 0018555 0008120 0018557 0029939 0152035 0227898 1278992 0018555 0008120 0018557 0029939 0152035 0227898 1278992
 0034818 1334133 0021641 0597357 1533581 1579433 0085080 0018555 0007634 0008120 0018557 0029939 0152035 0227898 1278992 3282337 1448132 0034818 0795635 1334133 0021641 0086418 0597357 1533581 1579433

 1325174 0206354 0017932 0017911 0031727 0132555
 0017837 0017817 0040676 0017837 0017817 0040676

 0663914 1150571 0031727
 0034818 1334133 0021641 0597357 1533581 1579433 0034818 1334133 0021641 0597357 1533581 1579433
 0014063 1417057 0026972 0026969 0026973 0033684 1527178 0014063 1417057 0026972 0026969 0026973 0033684 1527178
 0752313 0031727
 0033453 1824728 0033453 1824728
 1443643 2266856 3537238 1999216 1443643 2266856 3537238 1999216
 0071710 0071710
 0009458 0229671 0332296 0439536 1546774 1550100 1705217 1880497 1996904 3244283 0009458 0229671 0332296 0439536 1546774 1550100 1705217 1880497 1996904 3244283

 1514756
 0034036 0034037 1272684 1548435 1704324
 1514811 1706462 0520510 0557061 2584313 1514811 1706462 1420193 1832169 3538902 0011065 0231800 1704631 1518422 0011065 0231800 1704631 0814812 0035820 1705810
 1422839 0032463 1514762 0037083 3537152 0085080 0018555 0007634 0008120 0018557 0029939 0152035 0227898 1278992 3282337
 0005477 0025141 0033727 0369286 0441932 0564385 0439254 0205090 0684010 2603358 0546866 3538806 0031831 1707664 2348314 3540849 0851285 1327622 0164786 0812228 0072402 1335197 1367673 1414387
 0036397 0007457 0043157 0220938 1334043 2697616 1518827 1515032 1880389 1883221 3541951 0086597 1512772 0021467 0021469 1628982 3463820 0021641 1533581 1579433
 0007634 0027960 0324740 0439189 1269647 1456781 1704653 1824986 1948049 0016327 0439133 1553038 1711228 0851285 1327622 0013935 0021641 0033382 1533581 1579433 2987124 0034818 1334133 0021641 0597357 1533581 1579433
 0243107 0678723 1527148 0016327 0439133 1553038 0439267 0033727 0369286 0441932 0564385 0439267 0035820 1705810 0031843 0542341 0700205 1705273 2986514 0021641 1533581 1579433
 0201682 1708595 3280986 0033684 1880355 0233820
 1517844 2347961 0025141 0039247 0392347 1563691 0887840 0521447 0699789 1710082 0872070 1514873 1999216
 0439254 0037083 1160185 1710082
 0310367 0750526 1517844 0025141 3538806 3541314 1519726 0031715 0041485 1158886 1999216 1515877 1879547
 0007634 1269647 1704653 1948049 0025141 0369637 0441923 0016327 0439133 1553038 1879547 0243125 0329040 0521115 0521447 0699900 1548968 1999216
 0201682 0082529 0441472 3266814 0332324 1550474
 0005477 0025141 0041368 1168005 1456820 1323304 0333516 0027540 0027651 0439095 1334928 1521761 1578706 2003941 2350010 2827422 3273930 0185117 0243122 1145667 1167622 1521761 2827422 0013879 1705248
 0007634 0027960 0324740 0439189 1269647 1456781 1704653 1824986 1948049 0025141 0016327 0439133 1553038 0021641 1533581 1579433 1515877 1879547 0033453 1824728 1704259 1705987
 0201682 0082529 1511124 0022885 0039593 0392366 0439831 0012940 2828366 0007634 3282337
 0028606 0001128 0007610 2347379 0025141 0369637 0441923 0439267 0082529 0369637 0441923 0031727 0031727 1155065 1326120 0042767 1879547 0020094
 0201682 1152591 2673177 0033607 0596337 1961133 1999216 0208355 1166808 1325620 1752727 0205263 0007634 0301869 0521390 1269647 1704653 1948049
 0025141 0022337 1443643 2266856 0132555 0028128 0030015 0205263 0521102 0857127 2986642 0024432 1546706 1550652 1879547 0033453 1824728
 0041703 0268596 1418943 2700624 3642273 1261082 1551056 2981682 1519684 1879547 0072402 1414387 0031727
 0349590 1262865 0025141 1521840 2986546 3537152
 0349590 1262865 0025141 0031831 1707664 2348314 3540849 0449379 0205172 0442650
 0025141 0037083 3537152 1517892 1704666 0557155 0441471 3541888
 0036397 0454673 1550752 1512804 2984300 0037080 1513403 1521840 2986546
 1315013 0597277 1708601 0597277 1708601 0033727 0369286 0441932 0564385 0597277 1708601 0033727 0369286 0441932 0564385 0205090 0684010 2603358 1323803 2260369 1150423 0205177 0439167 0441655 1561536 0178666 1719133 0005528 0017725 0021641 1317949 1514873 1533581 1579433 1948023 3495449 0034678 1518422 1879547 0085080 0018555 0007634 0008120 0018557 0029939 0152035 0227898 1278992 3282337
 0041703 0268596 1418943 2700624 3642273 0369637 0441923 1519751 0243148 1550141 1882979 2587213 3274648 1706449
 1517844 2347961 0025141 1314939 0600499 1711351 1879547
 0041703 0268596 1418943 2700624 3642273 1519684 1879547 0031715 1158886 0040624 1880389 1883221 3541951 0035018 1553033
 0201682 0369637 0441923 0369637 0441923 0243125 0699900 1148673 0243122 1145667 1167622 0205412 0231180 0041368 1323304 1456820 0333516 0027540 0027651 1334928 1521761 1578706 2827422 3273930 0040649 1514873
 0201682 0439267 0205263 0857127 0021641 1533581 1579433 0677626 0007634 0023903 2239176 3282337
 0201682 0205090 0684010 2603358 0651652 0369637 0441923 0021641 1533581 1579433 0596997 0205263 0857127 0013081
 0007634 1269647 1704653 1948049 0025141 0439267 0369637 0441923 1280500 0185117 0078056 1421435 0030685 0391871 0439180 0680255 1283071 1963578
 0025141 0268059 0073187 0861352 1879547 0062529 0019169 0019186 0042736 0019163 0019378 0019158 0019159 0033684 0042776 0319157 0795623 0441712 1706376
 0023884 0736268 1278929 2346688 0597277 1708601 0369637 0441923 0085862 1299583 1879547 0041625 1961129
 0034538 0034519 0560559 0851346 1522449 1524020 1524021 0041625 1961129 1515877 1879547
 0041703 0268596 1418943 2700624 3642273 0475264 1744691 0162527 0051926 0086597 0127400 0205341 0205436 0457385 0565930 1547730 1561503 1705190 1705914 0162527 0205341 1705914 0456387 1705943
 0007634 0027960 0324740 0439189 1269647 1456781 1704653 1824986 1948049 0082529 0369637 0441923 0369637 0441923 0369637 0441923 0439855 1704241 0663914 1150571 0332256 2700400 1711351 0663914 1150571 0663914 1150571 1879547
 0007634 1269647 1704653 1948049 0025141 0597277 1708601 0369637 0441923 1422750 0021966 0221138 0031727 1171350 3537023 3537035 0031727 0439849 0445223 1999216
 0063789 1517844 3272375 0082529 1519751
 0017337 0369637 0441923 0016327 0439133 1553038 0033727 0369286 0441932 0564385 0016327 0439133 1553038 0016327 0439133 1553038 0243125 0699900 0208355 1325620 1752727 0872079 1704675
 0201682 1412999 0439214 2348814 0021641 1533581 1579433 0018790 0237477 0392351 0521111 1325411 1622946 0205177 0439167 0441655 1561536
 0014137 0014963 1457900 0007634 3282337
 0013123 2825512 0073337 0031727 0220905 1704735 1880389 1883221 3541951 0243125 0699900 0021135 1533691 2827718
 0201682 1515101 2986905 0851285 1327622 0752313 0752312 1979930 0033640 0018284 0026249 0031727 0033684 1879547 0054846 0007332 0031727 0035820 1705810
 0025141 0205090 0684010 2603358 0439267 0556043 1514873 1292856 1948023 0597295 0033684 0220781 1883254 0021641 1533581 1579433
 0007634 0027960 0324740 0439189 1269647 1456781 1704653 1824986 1948049 0000857 0600678 1552863 0439267 0439526 1261082 1551056 2981682 0439254 0011546 0439857 2698668 0541150 1335204 0538677 0089793 0033640 0031621 0031727 0033684 0439086 0851827 1701901 2827736 2981702 3244310 0040005 0419518 0445022 1521840 1879547 2986546 0033634 0033621 1168438 1418943 3540567 0033640 0031727 0033684
 0027960 0324740 0439189 1456781 1824986 0851827 1701901 3244310 0243125 0699900
 0201682 0039138 1706466 2986904 0033727 0369286 0441932 0564385 0039138 1706466 0445604 0243125 0699900
 0036397 0022772 1881334 0014963 1457900 0039676 2349943 3539704 1514873 1879547
 0349590 1262865 0025141 0036243 1539696 1825840 3539736 0282379 0332281 3538806 0454673 1550752 0733411 0439254 0035820 1705810 3547575 0596620 0025519 0025520
 0201682 0439254 0016327 0439133 1553038 0439267 0021641 1533581 1579433 0021665 0037657 0037083 1314939 0021467 0021469 1628982 3463820 0244989 1879547
 0029016 0025141 0036243 1539696 1825840 3539736 0268060 1415529 0044602 1879547 0024320
 1517844 0023031 1552154 1704259 1705987 0044602 0041368 1323304 1456820 0333516 0021755 1522428 0021764 1527200 0018790 0237477 0392351 0521111 0162638 1518422 1515877 1879547 0033453 1824728
 0201682 0044602 0332256 2700400 1511359 1880389 1883221 3541951
 0201682 1428813 3539879 0011198 0017480 3541240 0021467 0021469 1628982 3463820 0078517 0034541
 0006826 0998265 1306459 2347379 0000857 0600678 1552863 0679823 3537152 0031715 1158886 0013728 1414323 0058988 0087044 0103404 0242210 3539642 0033684 0243122 0450378 1145667 1167622
 0796518 1261253 1705514 0007634 1269647 1704653 1948049 0025141 0041538 1416642 0587267 0453920 3472712
 0040833 1521798 0007634 1269647 1704653 1948049 0025141