 0162443 0010741 0449468 0560268 1690016
 0009993 1552856 0037455
 0520511 1704711 1704729 0030561 0331677 1824032 0205099 0030561 0331677 1824032 1552808 0002424 0041740 0442592 0002424 0015392 0041740 0442592 1280202 0030561 0331677 1824032 0331779 0039021 0030561 0331677 1824032 0282413 0033872 0033873 0041740 0331779 0331779 0039021
 0013849 1705961 0024492 1538057 1547565 0520510 0023866 0034036 0025219 1527137 0031939 1278881 1519088 1285092 1883254 0035298 1278894
 0025219 1527137 1883351 0544633 0007634 0178539 0205276 0443264 1314939 1325859 0008810 1522722 0023693 0205263 0851285 0871269 1306462 1327622 1515981 1881376
 0150312 0449450 0557651 2603343 0359589 1999230 0332120 0450344 1553633 0035298 1278894 0681850 1550501 1706203 2349001 2697811
 0017067 1258666 0031760 0007634 3282337 0450344 1553633
 1883712 0597879 0230625 1512785 0205102 0450207 0934502 1522408 1561599 1305222 0035330 0005847 0035298 0205099 1278894 1515981 1879652 0035330 0005847 0035298 0205170 3146287 1518422 0015422 1288305 0005847
 1274040 1546471 2825142 0183683 1521721 1883525 2346866 1280500 0035298 1278894
 0332120 0002395 1521724 0012634 0443289 0597879 0229216 0007634 3282337 0005847 0205170 3146287
 0031760 0007634 3282337 0011164 1880269 1547282 0185117
 1705313 0065911 0597357 0035298 1278894 0228071 0007634 0017067 1258666 1269647 1704653 1948049 0031760 0229216 0007634 1269647 1704653 1948049 0005847 0520510 0023866 0034036 0025219 1527137 0031939 1278881 1519088 1285092 1327616 0240526 0023693 1260953 1306462 1881376 0332173 0439228 0439505 0359589 1999230 1710082
 0008810 1522723 0871269 1523018 0038866 1289559 0007610 3146294
 1533716 0035298 1278894 0332256 2700400 0030163 1546728 3275122 0028778 0332206 1533157 1706084 2828370 0013126 0871269 1523018
 0031843 0542341 0700205 1705273 0035298 1278894 0439673 0205170 0205309 3146287
 0042567 0025219 1527137 0086597 0851285 1327622 0007457 0043157 0220938 0325045 0851285 1327622 0023693 1306462 1881376 0443264
 0014442 0014445 0031760 0007634 0150312 3282337 0206427 0206428
 0025219 0031939 1527137 0035298 1278894 0010986 0079613 1710082
 0025219 1527137 1521970
 0439861 0392756 0010957 1883709 0016693 0302912 0332296 1880497 1996904 0015127 3146294 0023693 0205171 1306462 1518422 1720467 1881376 0002716 0011560 0030956 0611285 0876934 1314939 1540677 1555824 0524851 0596452 0012634 0205397 0002395 1521724 0012634
 0024660 0205369 0441472 1552740 0682972 0086376 0450344 1553633 0450345 0597357
 0443640 0312586 0003241 0470187
 0185117 0035804 0557651 2603343 1524063 0242349 0162788 0444498 0020202 1300517
 0178693 0947630 1883351
 0947630 0085732 1299581 1547282 0475264 1744691 0086418 0871161 1292721 0019564 0027882 1515981
 1947946 2948600 3540471 3540472 1883351 1999230 0332120 0205435 1279901 0004448 0520511 1704711 0450344 1553633 0035298 1278894 0489903 2347385 2347386 1276272 0005847 0015392 0042789 0449913 1299003 1515981 1553451 1558950 1704459 1801960
 1883712 0015392 0332257 0557651 2603343 3538986 1261322 1552578 1515926 1184743 1522240
 0520510 0520510 0023866 0034036 0015392 0070066 0231441 0443218 2827483 0205453 1301820 0205494 0681850 1550501 1706203 2349001 2697811 2707261 0004936 0012634 0043210 1510829 0439234 0868928 1533148 0580836 0205421 0456692 0702093 0702093 0039224 1706073 1706074
 0011900 1704338 1704656 1261322 1516634 0205210 0220825 1881534 0521093 0004398 0580205 0750484 0848632
 0007465 0804771 0015127 1524003 0868928 1533148 0018801 0018802 0018787 0231174 0680095 1281570 0032285 0030305 1963198 0039224 1706073 1706074
 0200345 1516698 1704814 0085546 0015000 0205540 0243161 1527243 2699414 0018898 0680240 1515981
 1292533 0370003 2347026 0935598 0000925 0205129 0444660 1883724 0205155 1293097 1522472 1552923 1705191 0181856 0700320 1881534
 0449911 0039224 1706073 1706074 0557702 1272706 1704674 0557702 1272706 1704674 0039224 1706073 1706074
 1511726 3245479 0002395 1521724 0012634 0021044 0205155 1293097 1522472 1552923 1705191 0017596 0444330 0449878 1522408 1947936
 1151518 0205177 0439167 0441655 1561536 0028778 0150141 0332206 0518460 0541747 2983591 0205155 1293097 1522472 1552923 1705191 0020281 2348236 0005903 0039476 1547703
 0441648 1720830 1823521 0229671 1546774 1550100 0456693 1442458 0702093 0205155 1293097 1522472 1552923 1705191 0003241 0021027 0205225 0439583 0439631 2348236 0005903 0039476 1547703
 0312586 0003241 0021027 1273517 1883351 0442726 0450344 1553633 0030956 0030956 0004793 0162326 0162327 1519249 0150312 0243148 0597357 1550141 1882979 2587213 3274648 0524637
 0003241 0021027 1999230
 0205090 0684010 2603358
 0030561 0331677 1824032 0016674
 1883712 0003241 0021027 0185125 0205156 0681814 1441616 1552607
 0086045 1446561 1883351 2827734 2981698
 1261552 1704379 1705117 2825408 0441648 0205155 1293097 1522472 1552923 1705191 0003241 0021027 0027627 0175668 0205436 1439852 0022877 1619828
 0079240 1948037 2827734 2981698
 0441648 0205431 0332152 0740175 2257086 0034760 0022877 1619828 0175668 0003241 0005575 0021027 0027627 0205436 0332296 0522529 1880497 1996904 2700256
 0003320 0234621 1524063
 0370003 2347026 1883708 0065758
 0205155 1293097 1522472 1552923 1705191
 1883351 0022885 0039593 0392366 0003264 0205155 1293097 1522472 1552923 1705191 2986582 0521115 0332282 0184661 1948041 2700391 3274430 3538935 3539779 1554961 1705847 0003241 0021027 0750563
 0205155 1293097 1522472 1552923 1705191 0475264 1516048 1744691 0522510 0870992 0039224 1706073 1706074
 0449911 0039224 1706073 1706074 0557702 1272706 1704674 0557702 1272706 1704674 0039224 1706073 1706074
 0520511 1704711 0522510 0035298 1278894 0243148 1550141 1882979 2587213 3274648 0030705 0002395 1521724 0520510 0023866 0034036 0007634 3282337 0934502 0027686 0042382 0332283 1719822 0678257 0035298 1278894 0870432 0597879 0205155 1293097 1522472 1552923 1705191 0750563 0003241 0021027 0443289 0439662 0443286 1114821
 0680220 0599444 0702216 0011305 0439640 1184743 1522240 0238767 1706086 0243148 1550141 1882979 2587213 3274648 0868928 1515981 1533148 0450344 1553633
 0487602 1704680 0017446 0205146 1704711
 0243148 0868928 1533148 1550141 1882979 2587213 3274648 0039224 1706073 1706074 0229216 0007634 3282337 1512784 0205102 0521447 0934502 1522408 1561599 0205117
 0205171 1720467 1515021 2986582
 0868928 1533148 1167624 1947902 2827499 0230625
 0229217 0205101 0450207 0934502 1522408 1561599 0596713 0007634 0205126 3282337 1518422
 0031760 0007634 3282337 0443289 0597879 0450345
 0599444 2752549 0702216 0205101 0441635 1554077 2828389
 0031760 0007634 3282337 2986582 0037640 0450344 1553633 0175723 0231448 0231449 0439645 0439792 1521913 0934502 1522408 1561599 0031760
 0449911 0333052 2607870 0557702 1272706 1704674 0557702 1272706 1704674
 0205129 0935598 0205155 1293097 1522472 1552923 1705191
 0229218 0228071 1517447 0007634 0017067 0934502 1258666 1269647 1522408 1561599 1704653 1948049
 1512785 0205102 0450207 0934502 1522408 1561599
 0934502 1522408 1561599
 0229217 0205101 0450207 0934502 1522408 1561599
 0934502 1522408 1561599 0031760 0599444 2752549 0007634 1269647 1704653 1948049 3282337
 0205102 0441635
 0230028 0262950 1561953 1325525 2332214 0205101 0441635
 0439267 0228071 0007634 0017067 1258666 3282337
 0229216 0007634 3282337
 0369773 2603361 0031760 0007634 3282337
 0228071 0007634 0017067 1258666 3282337 1547282 0597879 0243148 0868928 1550141 1706255 1706256 1882979 2587213 3274648
 2347469 0031760 0007634 3282337 0243148 0868928 1550141 1706255 1706256 1882979 2587213 3274648
 0522510 0205217 0442805 0868928 1706255 1706256
 1316572 1317574 1369612 1518422 0015272 0597879 0229216 0007634 3282337 0439178 1446409 1514241 2825490 0336721 1444656
 0522510 0205216 0392756 0442797 0868928 1706255 1706256
 0016327 0439133 1553038 0243148 1550141 1882979 2587213 3274648 0205155 1293097 1522472 1552923 1705191 2986582 0521115 0332282 0184661 1948041 2700391 3274430 3538935 3539779 1554961 1705847 0003241 0021027 0750563
 0332268 0521093 0750484 1456348 0037791 1511884

 0868928 1533148 1547282 1705241 1705242
 0205435 1279901 0522510 0007584 0237753 0449788 0228071 0007634 0017067 0205217 0442805 1258666 3282337 1512785 0934502
 0205436 0457385 0565930 1561503 1705190 0868928 1533148 0443289 0229216 0007634 3282337 0007584 0237753 0449788 1720725 1948050 0243148 1550141 1882979 2587213 3274648
 0205217 0442805 0522510
 0487602 1704680 1441672 0349966 1337208 1416886 1442449
 0007634 3282337 0037640 0175723 0439645 1521913 0934502 1522408 1561599 1269647 0243148 1550141 1882979 2587213 3274648 0450345 0349966 1337208
 0005847 0597879 0042449 1441672 0450354 1706096
 0449774 0150312 0035330 0225988 1282841 0005847 0035298 0700321 0229218 0228071 0007634 0017067 0934502 1258666 1269647 1522408 1561599 1704653 1948049 1517447 1512785 0205102 0450207 0934502 1522408 1561599
 0015422 1288305 0005847
 0487602 1704680 1516384 0003842 0205099 0226004 0442726 1511790 1879652 0042449 0035330 0005847 0035298 1515981 0015422 1288305 0005847 1518422 2986582 0349966 1337208 1705052 2986796
 0449911 0333052 2607870 0557702 1272706 1704674 0557702 1272706 1704674
 1305222 0035330 0005847
 1516384 0003842 0042449 1278960 1705417 0597879
 0205155 1293097 1522472 1552923 1705191 0205117 0750563 0003241 0021027 0443289 0597879
 0522510 0205217 0442805
 0035301 0336721 1444656 0868928 1706255 1706256
 0016327 0439133 1553038 0005847 1547282 0597879 0868928 1706255 1706256
 0229218 0228071 1517447 0007634 0017067 0934502 1258666 1269647 1522408 1561599 1704653 1948049
 1512785 0205102 0450207 0934502 1522408 1561599
 0934502 1522408 1561599
 0229217 0205101 0450207 0934502 1522408 1561599
 0934502 1522408 1561599
 0439267 0228071 0007634 0017067 1258666 3282337
 0229216 0007634 3282337

 0520510 0023866 0034036 0150312 0449450 0557651 2603343 0475264 1744691 0007634 0243092 0035298 1278894 0001779 0001792 0005847 0015392 0042789 0086418 1299003 1515981 1999167 0332120 0030705
 0025219 1527137 0014442 0014445 1417449 0065911 0597357 0035298 1278894
 0449475 0870432 0597879
 0475264 1744691 0017067 1258666 0229216 0007634 3282337 0205156 0684224 0700287 1552607 0035298 1278894 0007634 3282337 1883351 0581718 2945843 0205145
 0439178 0229216 0007634 3282337 0150312 1883351 0282151 0441472 3266814 0013030 0030685 0391871 0439180 0680255 1283071 1963578 0205177 0439167 0441655 1561536
 0680240 0947630 0487602 1704680 1705535 1883351 0005456 0011305 0439640 1184743 1522240 0228071 0007634 0017067 1258666 3282337
 0205549 2348044 0185117 0229217 0205101 0442726 0450207 0934502 1511790 1522408 1561599 0596713 0007634 0205126 3282337 2348205 0017067 1258666 0229216 0007634 3282337
 1979874 0229217 0205101 0450207 0934502 1522408 1561599 0229215 0558058 1705241 1705242 1521970 1706388 2346469 2348519 1955394
 1979874 0487602 1704680 0086418
 0025219 1527137 1515877 1879547 0007457 0043157 0220938 0325045
 0025219 1527137 1512787 1523372 0031760 0007634 0205102 3282337 2332214 0441635 0596012 2584321 0444505 0441889 0456079 1547707 2946261 0444930 2746065 0240526 0025219 0439849 0441472 0445223 1527137 3266814 0872206 0600688 1280500 1407029
 0025219 1527137 0205224
 1274040 1546471 2825142 0439092 0547044 0086418 0449416 0032214 0600138 0035820 1705810
 0868928 1533148 1292732 1372742 1515926
 0442805 0017067 1258666 0229216 0007634 3282337 0949479 0041904 0162493 0871261 1704632 1706817 2362652 2911692 0441889 0681850 1550501 1706203 2349001 2697811 1515981 0019564 0027882 0030705 0150312
 0450344 1553633 0004461 0442818 0025219 1527137 0011305 0079613 0439640 1184743 1522240 0025219 1527137 1185750 0205088 1705314 1705315
 0015744 2911691 3242379 1883351 1709305 2745955 1947931 0228071 0007634 0017067 1258666 3282337
 0228071 0007634 0017067 1258666 3282337 0031939 0025219 1527137
 0035820 1705810 0228071 0007634 0017067 1258666 3282337 0036667 0312418 0427965 1511883 1522640 2346484 2349185 0871269 1880177 0038866 1289559 0007610 0013126
 0025914 0025929 0026809 0332268 0031760 0007634 3282337 1547282 2945741 0871261 1705535 0031760 0017067 1258666 2362652 0229216 0007634 3282337 0205177
 0041904 0162493 0392747 0439849 0445223 1708517 0038866 1289559 0007610 0031843 0205216 0542341 0700205 1705273 0008810 1522723 0021149 0220856 0871269 1523018 1880177 2349975 2699787 0681850 1550501 1706203 2349001 2697811
 0016693 0302912 0332296 1880497 1996904 0026237 3146294 0205177 0439167 0441655 1561536 0234682 0000854 0023693 0220777 1306462 1515981 1881376 2347023 2347080 2698776 2825050
 0025219 1527137 0003402 0016693 0302912 0332296 1880497 1996904 0205224 0033422
 0018563 1281583 1552914 0332120 0035298 1278894
 0678812 0001554 1533734 0442805 0235272 0010957 1883709 0065275 0031760 0599732 1517881 0007634 3282337
 0441472 3266814 1883351 0012655 0220898 1264642 1547045
 0392756 0547047 0031760 0007634 3282337 0011164 0392747 0439849 0443172 0445223 0522501 1706089 1880269 0007634 0150312 3282337
 0007634 0243092 0205099 1879652 0035330 0005847 0225342
 0025219 1527137 0439861 0205342 0232338 0005767 0005768 0229664 0806140
 0001554 1533734 0205263 0042396 3536904 0332294 0184511 0332272 0678226 1516240 1561611
 0027686 0042382 0205448 0449416 1705242
 0035301 0035298 1278894 0038848 0243163 0699914 1314650 1561604 1875802 1999230 0934502 0332257 0228071 0007634 0017067 1258666 1269647 1704653 1948049 1512785 0205102 0450207 0934502 0015422 1288305 0005847 1273518 0934502
 0475264 1744691 0005839 0035330 0489903 0549652 0005847 0035298 0443288 0449913 1511228 1513822 1553451 1558950 1704459 1705739 1801960 1882071
 0450344 1553633 0005847 0225342 0392752 1558950 1801960 0225358 1267092 0026845 0205357 0934502 1518422 1522408 1561599
 0475264 1744691 1705535 0441472 3266814 1267092 0026845 0205357 0005839
 0041904 0162493 0035298 1278894 2348042 2826345 2607943 2926606 3539655
 0442856 0032214 0600138 0035820 1705810
 2267116 1372742 1515926 1273723 0006104 1269537 0017446 0205147 0392747 0443172 0035298 1278894
 1883727 1883357 1274040 1546471 2825142 1999230 0332120 0025219 1527137 0007634 0178539 1314939 1705242 1184743 1522240 0450344 1553633
 0220825 1261322 0521093 0750484 1456348 1515926
 0162340 1280500 0035298 1278894 0006104 1269537 0027746 2699787
 0018173 1521721 0445385 0004083 0439849 0596306 0699792 0006826 0998265 1306459
 2986676 0558269 1552984

 0041740 0039021 0150600
 0034036 0034037 1514756 1704324
 1272684 1548435
 0023866 0034036 0520510 0023866 0034036 0016327 0439133 1553038 0369637 0441923 0243148 1550141 1882979 2587213 3274648 0205090 0684010 2603358 1514762 0037083 3537152 0767337 0033684
 0027960 0324740 0439189 1456781 1824986 0546866 0021966 0221138 0475264 1744691 0031939 1278881 1519088 1285092 0035298 1278894 0007765 1268981 1707522
 0006104 1269537 2347379 0025141 0041700 1551090 0332120 0002395 1521724 0012634 0012634 0035820 1705810
 0006104 1269537 2347379 2347961 0025141 3537453 0243148 1550141 1882979 2587213 3274648 0010186 0220812 0035298 0206427 0024660
 0230467 0741204 0025141 0439526 0025219 1527137 1709060 0035298 1278894
 0349590 1262865 0025141 0439526 0031330 1524059 0920644 0031843 0542341 0700205 1705273
 3538926
 0025219 1527137
 0027976 0205314 1709767 0205090 0684010 2603358 0369637 0441923 0016327 0439133 1553038 0031939 0031843 0542341 0700205 1705273 0002395 0011268 0011265 0392079 0497327 1515981
 1417055 0025141 0039676 2349943 3539704 0369637 0441923 0369637 0441923 0205090 0242298 0344349 0684010 2603358 1325858 0851285 1327622 0206427 1552915 1705186 1947942 2347970 2347971 0206428 0330095 2350017 0031760
 0036397 0033727 0369286 0441932 0564385 0036243 1539696 1825840 3539736 1413561 0546866 0678579 0597360 0185117 0035298 1278894 0332120 0025219 1527137
 0027910 1552241 1555991 0025141 0033727 0369286 0441932 0564385 0036243 1539696 1825840 3539736 1413561 0546866 0678579 0282151 0229216 0007634 3282337 1550500 1521840 2986546 0557651 2603343 0035298 1278894 0085979 0999699
 1571809 0025141 3538926 0028778 0332206 1533157 1706084 2828370 0333118 0015392 1280202
 0063789 3272375 0025141 3539879 0596620 0025519 0025520
 0201682 1704675 0058697
 0000857 0600678 1552863 0039676 2349943 3539704 0369637 0441923 0369637 0441923 0242298 0344349 1412999 0851285 1327622 0206427 1552915 1705186 1947942 2347970 2347971 0206428 0330095 2350017 0597357
 0036397 0450381 0025219 1527137 2350831 0031760
 0031939 2347379 0025141 0439267 1261322 1516048 0871161 1292721
 0599851 0851285 1327622
 0021966 0221138
 1704675 0013030
 1704351 2239486 0000857 0600678 1552863 0021966 0221138 0025219 1527137 0205284 0229985 1269830
 2827664 0016327 0439133 1553038 0010957 1883709 2700387 0332120 0449911
 0230467 0741204 1315013 1417055 0740116 2827735 2981700 0025141 0439267 0205090 0684010 2603358 0597277 1708601 0016327 0439133 1553038 1372742 1515926 0002395 1521724 0012634
 0025141 0439267 0016327 0439133 1553038 0205090 0684010 2603358 0205090 0684010 2603358 0016327 0439133 1553038 0597879
 0031939 2347379 2349143 1518542 0030664 0205469 0677042
 0031525 3541314 0330099 3538806 0065275 2350831 0031760 0034693 0034721
 1571809 3642273 0000857 0600678 1552863 1706993 0038866 1289559 0007610 0009253 0036864 0079399 1314687 1522384 0001779 0002395 0011268 0011265 0392079 0497327
 0006104 1269537 2347379 0025141 0369637 0441923 2827664 0205390 1300072 1306673
 0872206 1280500 2348382 0013227
 0871269 0450355 0025141 0439267 0008810 1522723 0871269 1523018
 0063789 3272375 0025141 0546866 0678579 0332120 0031939 1278881 1519088 1285092 0035298 1278894 0018597 1285092
 0007634 0040300 1269647 1547928 1704653 1948049 2347379 0025141 1280500 0035298 1278894 0684072
 1571809 2347379 0025141 0001064 1412585 1848322 0597879 0035298 1278894 1707455
 0015392 1280202 1417055 2347379 0025141 2945617 0036154 0025219 1527137 2349975 0234716 0036667 0312418 0427965 1511883 1522640 2346484 2349185
 0006104 1269537 2347379 0025141