 0680243 2699424 0587474 1704729 0020028 0016674 0017398 0017399 0684224 0700287 3496591 0557651 2603343 0023745 0450348 1521566 2827734 2981698
 0037088 0243095 2825141 1261552 1704379 1705117 2825408
 1705535 2827447 0199236 0947630 1999230 0017337 0017661 0740116 2827735 2981700
 0332282 0449445 0237753 0449788 0017661 0022658 2825347 0681758 1637379
 1707959 0162443 0683954 1274040 1546471 2825142 1547282 1328885 0004083 0439849 0596306 0699792 0017661 0022658 2825347 0424090 0549177 1704243 1550543 0439086 2827736 2981702
 0439234 1513916 0205160 0684224 0700287 2607943 2825415 2825491 2926606 3273238 3539655 0004083 0439849 0596306 0699792 0596764 1998467 0740116 2827735 2981700 0439084 0728893
 0221193 1299582 0521093 0750484 1456348 1274040 1546471 2825142 0439084 0728893
 0016617 2986512 0017661 0022658 2825347 0449416 1705919
 0017661 0022658 2825347 0012634 1837655 0031437 1285572 0017661 1518422 0015272 0678942 0242538 0728826 1527180 0596130
 1521970 1706388 2346469 2348519 0017661 0022658 2825347 0007222 0007226 0012634 0237876 0006826 0998265 1306459 0011860 1320657 0441730 0011847 0011849 0332307 1547052 0002395 1521724 0012634 0021149 0220856 0441994 1548802 2003888
 0017661 0022658 2825347 0017296 0205250 0314603 0441889 1299351 1880022 2700149
 1550608 0027361 0237401 0439660 0002085 1518422 0205319 0017661 0022658 2825347 1836598 0524899 1955473 0439660 0002085 0683331 1314792 0012634
 0596611 0026882 2986542 0019409 2362652 0031437 0205280 1274040 1546471 2825142
 0017661 0015127 0017296 0022658 0205280 0314603 0868928 1314792 1533148 1705242 2825347 0017337 0024779 1706473
 0243132 1554210 2745955 0332281 0012655 0205217 0220898 0442805 1264642 1547045 0017661 0022658 2825347 0683971 0032659 1257890 0017337 1880177 0042333 0014406 0017296 0205171 0314603 0439175 0439810 1711260 1720467 2348152 0551759 0552336 3494751
 0025663 0025664 0449851 1273517 1883351 0678922 0599883 1427926
 2827447 0017296 0205393 0314603 0947630 1302584 0011008 0684224 0700287 2348077 3496591 0017661 0022658 2825347 0947630 0007328 0085973 0872128 0243148 0868928 0947630 1550141 1706255 1706256 1882979 2587213 3274648 1707520 1552603 1706202 0032659 1257890
 0025663 0449851 0871511 0796345 0002778 0023745 0936012 1524024 0000936 0242538 0728826 2981153 0403443 0017661 0022658 2825347
 0017661 0022658 2825347 1546466 0243064 0017296 0035168 0242481 0314603 0545082 1512346 1947978 0022658 0012634 0022646 0227665 1278978 1514845 0439849 0445223 0033213 1706387 0683326
 2825347 1710548 0016318 0079603 0678257 1704788 3539106 2959644 0333562 0430389 0023693 0026018 1306462 1881376
 0677862 0370003 0205412 0443211 0439801 1549649 2349209
 0557033 0033213 0332218 1883351 0009462 0017661 0403433 2959644 0022658 2825347 0868928 1533148 0740116 2827735 2981700
 0194073 0005558 1518422 2003902 0030705 1301820 0011900 1704338 1704656 1518422 1550608
 0684224 0700287 3273238 0022661 0030705 0035078 0205451 2316810 1518422 0017661 0022658 2825347 2827734 2981698
 0205087 0332162 3538928 0699749 0596473 0011900 1704338 1704656 0740116 2827735 2981700
 1514721 2348147 3542016 0444628
 0017661 0022658 2825347 0700364 0473237 0018965 0439806 0033687 1962972 0239937 0027726 0039082 0332183 0439092 0547044
 0678257 0012634 0332183 0684224 0700287 3496591 1299495 0684224 0700287
 1707959 0233426 0700364 0027721 1704320 0012634 0392747 0443172 0547040 1524031 1705241 2945599 1552961 2347617 0439787 0849355 0332268
 1880355 0178664 1417247 0030705 0033213 0012634 2983699 0086930
 0221198 0012634 0598429 1709305 2745955
 0557651 2603343 1518422 2827734 2981698
 1883351 0205210 1880371 0402118 1705535 0443288 0032659 1257890 0043227 0599883 1272695 2746065 0449774 0017431
 1550608 0031437 1285572 0030705 0439801 3542948 0741605 0473237 0018965
 0205447 0030705 1881065 0012634 0205087 0332162
 0449445 0185125 1883351 0557651 2603343 0678951 0032529 0441833 0542339 0687744 1257890 1264637 1552516 1705428 1705429 0030705 0580836
 0037633 0525069 1883351 0750591 0030705 0017661 0022658 2825347
 0868928 1533148 1855575 0521114 0522498 1514917
 0017337 1548602 1704686 0017661 0022658 2825347 0033414 0035078 0009676 0205463 0518609 1517331 0011900 1704338 1704656 1518422 0441712 1706376 0740116 2827735 2981700
 0162326 1521970
 0205435 1279901 2699424 1184743 1522240 1548602 1704686 2959644 0333562
 0012634 0348080 1705253 1709305 2745955 0205172 0205447 0332183
 2959644 0333562 0332183 0004398 0220922 0681850 1550501 1706203 1880355 2349001 2697811 0011065 0019664 0019665 0022646 0262512 0262926 1546956 1705255 2004062
 1292711 0449719 1709471
 0004793 0162326 0162327 1519249 2699424 0205171 1720467 0449719 2959644 0030664 0333562 1521733 2825347 0599732 0010957 1883709 0227651 1879547
 0004793 0162326 0162327 1519249 0205369 1552740 1184743 1522240 0033414 0035078 0332148 0750492 0085155 1705241 1705242 0441471 3541888 0332307 0152451 0017658 0205191
 0449255 0542559 0441513
 0947630 1292732 0004083 1881534 0036658 0002085 0001721 0033684 1704222 0017337 1514468 1704444
 0035171 2983265 2986888 0557651 1707689 2603343 0442824 0332148 0750492 1444748 0205369 1552740 0086860
 1444748 0489479 1579762 1707455 0557651 2603343 0009932 0441833 0687744 1257890 1552516 1705428 1705429 2986479
 0557651 2603343 1332838 0017337 0243148 1550141 1882979 2587213 3274648 0033268 1707959
 1707455 1274040 1546471 2825142 1707455 0750591 0314621 0017337 0439178 1446409 1514241 2825490
 1707959 0035820 1705810 0033413 0017446 0086860 0205147 0017337 0030705 0439083 0439087 1707455 0017661 0022658 2825347 0017658 2986479 0243148 1550141 1882979 2587213 3274648 0242656 0449258 1551359 2741673 2981730
 0035096 2984247 0003018 0035094 0035100 0449913 1419338 1553451 1704459 0032214 0600138 0035820 1705810 0740116 2827735 2981700 0439086 2827736 2981702
 0004083 0439849 0596306 0699792 0017661 0022658 2825347 0150312 0332290 0242568 1504315 0017661 0022658 0441833 0687744 1257890 1552516 1705428 1705429 1881065 2825347
 0017324 0237815
 0947630 3244125 1274040 1546471 2825142 0017661 0022658 2825347
 0681841 0205173 0205341 1883725 1274040 1546471 2825142 1442162 1550718 3244317 0748864 0242618 0456389 0085089 0441471 3541888 0205557 1880724 1274040 1546471 2825142
 0033213 0008300 1707391 0545082 1512346 1516048 1947978 0242656 0449258
 2349179 2826544 0444930 1552961 2347617 2746065 2347946 0443196
 0947630 1274040 1546471 2825142 0022661 2316810 0035078 1963154 0022646 0231174 0680095 0439084 0728893
 0332149 1705910 2362652 0007226 0035647 0740116 2827735 2981700
 0868928 1706255 1706256 0004083 0439849 0596306 0699792 0242656 0449258 2987476 1280500 2348382
 0947630 0679201 0796345 0023745 0002778 0936012 1524024 0449445 0740116 2827735 2981700
 0017337

 2827734 2981698 0023745 1332838 0017337 1444748 0000768 0000769 0005532 0205460
 0023745 0150312
 0023745 0450348 1521566 1708726 0205171 1720467 0002778 0017428 0332464 0936012 1524024 2338314 1524063 3161035 2986542 0019409 2827734 2981698
 1948052 0798503 0805586 3274764 1883351 1708726 0017337 1280500
 0035168 0242481 0027552 0686904 1883351 0205419 1836717 1883351 0017431 1274040
 0205447 1522634 0557651 2603343 0231175 1883351 0243095 0023745 0017661 0022658 0543483 0699748 2825347
 1707520 1704675 0085978 1524003 1707391 1883351 0557651 2603343 0017661 0022658 2825347 0205172 0332148 0750492
 0020125 0017429 0017428 0086418 1709701 2338314 0332185 1999230 0314604 0017337 0086418 0205197 0376658 0725685 1656250 0009015 1948052 0220825 1261322 1332838 0017337
 0150110 0022885 0392366 1442989 2828392 0336789 0947630 0947630 1883712 0599772 1171353 0560617 1522225 1280500 2348382
 0798503 0805586 3274764 1883351 0242618 0456389
 0868928 1533148 1515981 0243148 1550141 1882979 2587213 3274648
 0683607 0750572 1704675 1704675 0013227 0802604 2598133 0205165 1709380 0042295 0683454 0021966 0221138
 0439187 1881839
 0010995 1516698 1704814 0035648 1553898 0035647 1521761 2827422 0017661 0022658 2825347 0160420 3263722 3263723 0085978 1524003
 0017661 0022658 2825347 0014406 1274040 1546471 2825142 0004927 2707008 0017337
 0453882 0023175 0445247 0450254 1280500 1442948 1522538 2348269 2348382 3275067
 0439855 1704241 0179686 0302143 2699127 0870444 0681842 0332149 1705910 2362652
 0017661 0022658 2825347 0814766 0035647 0596130 0004093 1762617
 0030705 1518422 0442799 2987476 0243064 0017296 0035168 0039869 0242481 0314603 0439659 0439086 2827736 2981702
 0564470 0199176 1706420 2700409 0887950 1999230 0205314 1518601 1516615 0001554 0376636 1273870 3273539
 1316572 1317574 1369612 0282413 0686900 1272683 1522634 1883351
 0016674
 0013849 1705961 2348513 3538902 1514811 1706462
 0017661 0022658 2825347 0015127 1524003 0450348 1521566 1517892 1704666

 0025141 0043021
 0332120 0243107 0678723 1527148 0242656 0449258

 0025141 0702118 3539925 3541307
 0947630 0032529 0022658 0012634 0022646

 0025141
 0032529 1882417 0003017 1335671 0017337 0529330 0003011 0034787 0072471 0022661 2316810 0035078 1963154 0022646 0231174 0680095
 0557651 2603343


 0017260 0678951 1442161 1955829 0021107 0032529 0441587 1511760 1512796 1880274 1882417 1883719 1518422 0332281 0022646 0242656 0449258 0030705 0017661 0022658 2825347

 0025141 0033727 0369286 0441932 0564385
 0035820 1705810 0242656 0449258

 0025141 0027971
 0012737

 0025141
 0459471 3173575 2827447 0947630 0012634

 0439254
 0557651 2603343 1314792 0015127 0086418 0282443 1552617 0037633


 0017661 0022658 2825347 0243107 0678723 1527148

 2348513 3538902 0023031
 0017661 0022658 0033325 0205166 1706317 2825347

 0439086 2827736 2981702 0439267
 0175860 0019664 0019665 0205296 0262512 0262926 1705255 2004062 0035820 1705810 1514474 0220901 1521761 2827422

 0025141 0369637 0441923
 0032529 1417054 0009221 0017337 1095825 1515981 1518422 0017661 0332281 0022658 2825347

 0205090 0684010 2603358 0369637 0441923 0019202 0332135 1862191 3538902
 0376249 0439603 0871396 1561548 1705502 0004398 0205549 0333562 2348044

 0000857 0600678 1552863 0369637 0441923
 0002085 0035078 1963154 0022646 0231174 0680095

 0025141
 0678951 0032529 1882417 0030705 0017661 0022658 2825347

 0025141 0439254
 0014503 0025663 0025664 0449851
 1704675

 2827734 2981698 0597484 1272460 0145779 3540468
 0017398 0017399 0013227 0025118

 1706852 2828366 1527021 1554111 1705606 3541382 0239110 1706852 0239110 1705565 1947976 0687676 1704687 0557854 0013849 1705961 1706852 0282420 1706852 0282111 1706852 1138432 0239110 0162443 0205314 0033213 1706387 0003738 0024552 1519021 1554162 1883712 1552603 1706202 1706852 0282111 2827734 2981698 1706852 0439394 1706495 3642217
 1706852 0369637 0441923
 1706852 0439394 1706495 3642217
 1706852 0369637 0441923
 0019004 0917873 0011945 0011946 1059964 2735290 0242456 1522634 0205145 0887933 0947619 0035621 0205090 0439658