 0017398 0017399 0026376 0005532 1521991 0876934 1540677 1555824 0031437 1285572 0205155 1293097 1522472 1552923 1705191 0021622 1272753 0019994 1510665 0023973 1704729 0021622 1272753 0587487 1704729 0021622 1272753 1420091 1511234 3537460 1704729 0021622 1272753 0023973 0282413
 0021622 1272753 0562547 3160718 0543488 0043227 0035168 0205197 0242481 0750729 0079816 1556038 0681805 0016820 0035168 0205476 0242481 1551807 0237935 3245466

 1514811 1706462 0026882 0441835 0012634 0150312 0439849 0441833 0445223 0687744 1257890 1552516 1705428 1705429 0332257 1846712 0016733 1268977 1260405 0205123 0497327 0796494 1428707 3539671
 1947946 2948600 3540471 3540472 3540473 1883351 1521970 1706388 2346469 2348519 0596962 1979599 0030664 0205469 0677042 0030705 0037179 0087136 0205171 0392747 0443172 0868928 1705241 1706255 1706256 1846712 1260405 0016733 1268977 0011265 0205123 0497327 0796494 1428707 3539671
 0025663 0449851 0871511 0007320 0085973 0684224 0700287 0868928 1706255 1706256 3273238 0684224 0700287 0017428 0887950 1880945 0002778 0936012 1524024 0017262
 1274040 1546471 2825142 0868928 1706255 1706256 0332294 0205210 0678226 3538928 0031437 1285572 0150312
 1880945 0002778 0936012 1524024 0017262 1705535 0185117 0017446 0205147 0006104 1269537
 0236642 0338451 0011265 0497327 0596611 0017337 0026882 1274040 1546471 2825142 0392747 0035687 2610186 0185117

 1514811 1706462 0338451 0011164 0332183 1273517 1883351 0441835 0441833 0687744 1257890 1552516 1705428 1705429 0332257 1552866 2700399 0236642 0012634 1707391 1826583 0393570 0011164 1880269 0349081 0011265 0497327 0008659 0008633 1517892 1704666 0011265 0497327 0085084 0026609 0332281 0243083 0012634 0027882 1513492 1705994 0236642 0338451 0011265 0497327
 0007634 0178539 0596962 1979599 0030664 0205469 0677042 0085401 2700455 0010852 0311448 1414120 0012634 0524851 0441835 0679991 0012634 0441833 0443228 0549177 0687744 1257890 1552516 1704243 1705428 1705429 0949664
 1720655 1947974 1709305 2745955 0033684 0031843 0542341 0700205 1705273 1883351 0184512 1820038 0449432 0597055
 0026046 0205224 0542341 0027882 0745777 0524851 0012634 0392760 1314939 0332257 0002395 1521724 0012634
 1521970 1706388 2346469 2348519 0012634 0445247 1551338 1852220 0019409
 0012634 0520511 1704711 0392747 0443172 1705241 2708283 0449450 0596962 1979599 0030664 0205469 0677042 0439659 1883351 0023693 1306462 1881376 0236642 0338451 0011265 0497327 0002395 1521724 0012634
 0007320 0085973 0747307 0030705 0684224 0700287 0868928 1706255 1706256 3273238 0332283 1719822 0236642 0338451 0011265 0497327 1274031 0017296 0030664 0205210 0314603 1521721 1521733 0030667 1516626 1511726 3245479

 1514811 1706462 0030705 1510829 0001779 0439234 0449450
 0026591 0043210 0724000 0028661 0043227
 1274022 1316572 1317574 1369612 0439234 1444637 0022107 0851286 1947908
 1274040 1546471 2825142 1299586 0745777 0028811 2826594 0846574 0205487 0205543 1261322 1516048 1691010
 1261322 1516048 0684224 0700287 3496591 0086132 0683368 1457887 0332257 0424000 0392348 0438696 0449238 2926735
 0001948 0001962 0001975 1512806 0205217 0442805 0205156 0439234 0439508 0522501 1552607
 1883351 0001962 0001975 0700321 1265611
 0242664 1619821 1552738 0025260 0700327 1706377 0004268 0233415
 1883712 0233697
 0021822 0935630 0205136 0205309
 0015576 1704727 1552738 2003902 0439740 2700214
 0024028 0234857
 0030761 1148543 0015576 0040811 0699032 1704727 2362913 0349966 1337208
 2827734 2981698
 0026591 0011265 0497327 1864719 0011065 0205329 0221423 0439834 1546956 0001779 0439234
 0015671 1510829 0001779 0011065 0439234 1546956 0011265 0497327
 0337511 0037047 1611273 0011265 0497327 0236642 0011900 0012634 1707391 1826583 0001779 0439234 0337580 1610173 0750901 0679245 0002395 1521724 1833334 0012634 0332162 1279919
 0449911 0333052 2607870 0557702 1272706 1704674 0557702 1272706 1704674 0349966 1337208
 2827734 2981698 0030761 1148543 0015576 0040811 0699032 1704727 2362913
 0021966 0221138 0011265 0497327 1833334 0011900 1704338 1704656 0011900 1704338 1704656
 1522508 0750563 1883351 0009669
 0439629 0449450 0031809 0205485 1509143 0027853 0205307 0439166 2347086 0871311 1511226 0018941 0438925 0596217 0881948 0006104 0034606 0441633 1269537 2826292
 0040399 0037179 0040395 0040405 0086805 0087136 0205171 0233929 2349995 0443289 0243144 0347980 0205123 0039485 0230007 0442043 2362314 0017446 0205147
 0162429 2987487 0349966 1337208
 1274040 1546471 2825142 0449450 0205448 0332282 1515981 0039224 1706073 1706074 1547282
 0332140 0011900 0205210 1704338 1704656 0236642 0338451 0011265 0497327 1881534
 0449911 0333052 2607870 0557702 1272706 1704674 0557702 1272706 1704674 0349966 1337208
 0040399 0037179 0040395 0040405 0086805 0087136 0205171 0233929 2349995 1547282 0238767 2987487 0205123 0039485 0230007 0442043 2362314 0017446 0205147
 0449911 0039224 1706073 1706074 0557702 1272706 1704674 0557702 1272706 1704674 0027902 1261322 1516048 0205435 0449820 1261322 1279901 1516048 0205448 0332282 1515981 0221423 1456498 1999232 0587438 0020021 1608523 0019994 0332173 0439228 0439505 1510665 0205099 0011265 0497327
 0013194 2700580 0085559 1548354 0021622 1272753 0205166 1706317
 3166479 0039798 0087111 1522326 1533734 1705169 3538994 0332257 3538986 1524063 0242510 0042153 0457083 1947944 0008976
 0013227 0087111 0456148 0549184 1254351 1947971 0814225
 0205390 0221423 1514756 0204525 0221295 0033968 1521721 1555913 0870372 0457545 0003827 0039798 0087111 1363945 0332257 0030208 0184666 0205088 0549178 0809949 1546485 0349966 1337208
 0449911 0333052 2607870 0557702 1272706 1704674 0557702 1272706 1704674 0349966 1337208
 0003827 0003826 0039798 0087111 0220786 1363945
 0439531 1948053 0439231 0444930 2746065 0439231 0030705 0013113 0441469 0030208 0445247 1948062
 0439234 0040223 1632851 0085632 0521874 0036592 1947933 0549178 1883351 0011570 0011581 0344315 0349217 0460137 0424000 0039869
 0001779 0450382 0042024 0231238 0745777 0085732 0018896 0020053 1552861 1571726 0335326
 0439234 0439508 1272689 0233569 0205091 1552822 0085732 1299581 0678856
 0001779 0231238 0233568 0278249
 0028688 0006285 0011065 1546956

 1514811 1706462 3150328 0333641 1547282 0020564 1293134 2711450
 0038590 1269578 0023951 1289445 1708726 0030232 0554991 1971630
 0026018 1547282 1850496 0333462 0449438 0751171 0392760 1314939 0205123 0039485
 1521970 1706388 2346469 2348519 2346714 0027882 0238767 1706086 0027836 0007634 1515981 3282337 0450373 1553636
 0449911 0333052 2607870 0557702 1272706 1704674 0557702 1272706 1704674 0349966 1337208
 0021044 0443289 0228072 0027882 1512693 0085103 1850496 0031916 1512693 0085103 2347469
 1512693 0440102 0449830 0085400 1707391 1826583 0242821 1995017 0205219 0487602 1704680
 1512693 0392760 1314939 0028944 0004112
 1704258 0392148 0439064 0150312 0449450 0039485 1268978 0442043 0796494 1428707 2362314 3539671 1998882 0030560 0007776 0150312 0442030 0449450 1176472 2700441 0450373 1553636
 0019564 0949582 1029104 1284077 1547282 1850496 1517945 0521178 0242821 1995017 0085400
 0152314 0015641 1279051 0033085 0205170 3146287 1547282 0205171 1720467 1512693
 0004781 0017067 0205112 0332257 0162342 0039729 0205170 1269896 3146287 1850496 1517945 0521390 1512693
 0007610 0006121 1306665 0006104 0242767 1186763 1269537 0038590 1269578 1547282 0392747 0443172 0332257 1850496 0751171 1512693 0450375
 0025320 0392747 0443172 2348205 0205082
 1512693
 1552616 1706244 0221198 0521390 1512693 0027882 0333462 0449438 0751171 1850496
 0332120
 0006104 1269537 1547282 0000768 0000769 0332257 0085400 0333463 0011560 1705760 0333562
 0392747 0443172 1518422 1550543 0243161
 0026882 0332281 0205319 1280464 1705242
 0205172 0026882 1705285 1553033 0332281 0205210 0205419
 1261322 1552578 0868928 1533148 1547282 0520511 1704711 0332307 1547052 0439793 2983285 0205171 0868928 1518422 1706255 1706256 1720467 0868928 1706255 1706256 0006104 0445247 1269537 1517331 1522508 1561567 0470187 0686900 1272683 1522634
 1720655 1947974 0033684 1512693 0006104 0030705 0205397 1269537 0205161 2347472 2699333 1720655 1947974 0033684
 1720655 1947974 0004461 1145667 1167622 0026046
 0678594 0243092 0230517 0007634 0332849 1515981 3282337 0598175 0008633 0080141 0025186
 0027882 0026046 0035820 1705810 0029219 0520510 0039062 0005528 1317949 3495449 0599444 2752549 0007634 0242821 0460148 1268086 1269647 1704653 1948049
 0332453 0600688 1407029 0002395 1521724 0012634 0026046 1515981 0007634 0745777 3282337
 1517945 0332621 0439168 0085400 1552738
 0002395 1521724 0012634 0332185 0680226
 0026376
 1514811 1706462 0035820 0870444 1705810 1720655 1947974 0011265 0497327 1883351 0035253 1622890 0026882 1547282 1883351 0015127 1524003
 0026882 0599155 0026882 0021920 0015576 0150312 1704727 0348078 0376315 1522492 0751071 0236642 0338451 0011265 0497327 1547282 1883351 0008659 0008633 1517892 1704666
 0086282 0233426 0700364 2348205 0236642 0012634 1707391 1826583 0233535 0242422 0012634 0348080 1705253 1846712 0016733 1268977 1260405 0205123 0497327 0796494 1428707 3539671 0242422 0008659 0008633 1517892 1704666 0338451 1446659 2697954
 0026882 0150312 0868928 1533148 0031437 0332257 0236642 0338451 0011265 0497327 0236642 0012634 1707391 1826583 0012634
 0596611 0026882 0015127 1524003 1521970 1706388 2346469 2348519 0868928 1706255 1706256
 0596611 0026882 0442726 1511790 0150312 0332285 0376558 0004398 0580205 0848632 0520510 0687676 1704687 1553778 1561491
 0026882 0150312 1149274 0026046 0243122 1145667 1167622 1515981 1880389 1883221 3541951 0015295 0004793 0162326 0162327 1519249 1524063 0206415 1552738
 0442726 1511790 0349966 1337208 0026882 1705285
 0449911 0333052 2607870 0557702 1272706 1704674 0557702 1272706 1704674 0349966 1337208
 1883002 1555721 1706204

 1514811 1706462 0085401 2700455 0033684 1720655 1947974 0150312 0449450 0006104 1269537 1709707 0243107 0392747 0443172 0678723 1527148 1705241
 0456603 1547037 0205449 0205341 1705914
 0392747 0443172 0458003 0678723 1705241 0205245 0205266 0440102 0542341 0597298 0872403 1515981 1720655 1947912 1947974 2700217 0332283 1719822 0851285 1327622 1511545
 0851285 1327622 0017365 0017387 0017337 0035687 0037179 0087136 0205171 0443199 1705242 2610186 0597298 0040649 1274040 1546471 2825142 0040712 0597295 1519614
 0035687 2610186 1705920 0004793 0035696 0162326 0162327 0205266 0725813 0872403 1519249 1947912 0332183 0348078 0376315 1522492 0242767 1186763 0678594
 0026882 1705285 0449450 1282910 1552828 0678594 0887917 1444716 0013018 0040288 0205145 1515974 1527169 2825164 0021920 0015295 0080103 0205345 1547039 0205145 1515974 2825164
 1881250 0026882 0332281 0012634 0348080 1705253 0039869 1883351 0678594 0035687 2610186 0442808 1709707
 0597298 0332251 1720655 1947974 0205418 0442043 2362314 0016733 0026882 1705285
 1171362 0185117 0236642 0338451 0011265 0332128 0497327 0005863 1709707 0205250 1299351 2700149
 1171362 0033684 0185117 0557651 0947630 2603343 0011008 2348077 0205194 0085732 1299581 0205171 1720467 1265611 1264633 1265611 0440746 0459385 0006104 0040300 1269537 1547928
 0543488 0205171 0597298 1265611 1518422 1720467 1720655 1947974 0332297 1145667 1167622 1689898 2349209 0185117 0597298 1720655 1947974 0017446 0205147 0006104 1269537
 0026882 0392747 0035687 2610186 1883708 0185117 0392747
 0037791 1511884 0037791 0185117 0205147 0205276 0597298 1511884 1720655 1947913 1947974 0205447 1518422 0557651 2603343
 1883351 1292732 0017262 0017337 0185117 0332281 0026882 1705285 1273517 0348078 0376315 1522492 0599161 0683758 1171285 1883351 1709793 0033268 0012854 0205435 1279901 0035696 0004600 0205095 0460009 1995000
 0449851 0562342 1148554 0597298 0009219 0597298 1720655 1947974 0035696 0439175 0439810 1441547 3245521 0039485 1268978 0185115 0442043 0796494 1428707 2362314 3539671 3541890 0016733 1268977 0205123 0796494 1428707 3539671 1709064 1283325 0205101 0934502 1521991 1522408 1561599 0011265 0243148 0497327 1515981 1518422 1550141 1882979 2587213 3274648 0681850 1550501 1706203 2349001 2697811
 1292533 0370003 2347026 1548793 0807981 2827486 0016701 0370003 0443224 0677542 1301820 0020283 0450407 0450408 0450409 0035696 0185115 0684295
 0456603 1547037 0370003 2347026 0332290 0868928 1706255 1706256 1547282 0456603 1547037 0456603 1547037 0349966 1337208
 0282416 1561607 0444504 0456603 1547037 2347634 2348143 0027361 2347489 0026882 1705285 0205250 1299351 2700149 0243148 1550141 1882979 2587213 3274648 0681850 1550501 1706203 2349001 2697811 2827734 2981698 0332290
 0449911 0333052 2607870 0557702 1272706 1704674 0557702 1272706 1704674 0349966 1337208
 1707455 0006104 0030705 0011265 0243148 0497327 1515981 1518422 1550141 1882979 2587213 3274648 0681850 1550501 1706203 2349001 2697811
 0456603 1547037 1149274 0026046 0243122 1145667 1167622 1880389 1883221 3541951 0205341 0205449 1547730 1705914 1547282 2827666 1707156 3274014 3541345 1547282 0369637 0441923

 1514811 1706462 1521970 1706388 2346469 2348519 0332140 0011900 0205210 1704338 1704656 1272701 0002395 1521724 0012634 1515655 0332218
 0079411 3146294 0018896 1552861 1883351 0442805 0680240 0086282 0012634 1518422 1706701 0011906 0868928 1706255 1706256 0684224 0700287 3496591
 0558058 0087130 1880371
 1518422 2963144 0868928 1706255 1706256
 0679831 1369882 0019664 0019665 0262512 0262926 1705255 2004062 3538928 0332257 0240735 0392747 0443172 0001726 0683368 1457887 1279919 0542299 0004927 0392747 0443172 1705241 2707008
 0332120 1705535 0683368 1457887 0205615 0236642 0338451 0002395 0011265 0497327
 1261322 0205171 1518422 1720467 0040399 2986746 0034606 0037179 0040395 0040405 0086805 0087136 0205171 0233929 0441633 2349995 2826292 0868928 1706255 1706256 0013819
 3494871 0011265 0205081 0205307 0439166 0497327 1881878 2347086 0000768 0000769 0002395 1521724 0012634 0205397
 0750729 0332290 1524057 1518422 0332257 1552866 2700399 0037822 1457869 1861101 1441672
 0868945 0039593 0205341 0392366 0868928 1706255 1706256 0030208 0347997 1518526 1704861
 1518422 0030705 1707391 1883351 0030206 0441468 0441469 0679006 0854193 0868945 0678856 1272688
 0086345 0017398 0017399 1521991 0005532 0037088 0243095 2825141 0017337 0018896 1552861 1883351 2986669 1707789 0439849 1705630 1706279 3540605 0236642 0338451 0011265 0497327 1883351 0002395 1521724 0012634
 0037088 0243095 2825141 0750901 0679245 0276496 0277558 0002395 1521724 0026882 0015127 1524003 0751455 0085151 3538722 1456454 0033665 0002716 0011560 0033684 0611285 1709634 1883351 1706214 3244320 0002716 0011560 0611285 0333463 0333562 0002395 1521724 0012634 1947971 0005615 1550722 3245487
 0871935 0033268 0441471 1442162 1550718 3244317 0183683 1521721 0033684 0026882 1947971 0014442 0014445 0085151 3538722 1456454 0033665 0002716 0011560 0033684 0611285 1709634
 0183683 1521721 2607943 2926606 3539655 0018674 0018670 1281590 1706305 3263722 3263723 0850664 0035648 0050325 0679238 0960756 1281905 0035647 1521761 2827422 0442805 0011560 1705760 0333562
 0017337 0494463 0814122 0002395 0332281 1521724 0243083 0277793 0012634 0205087 0332162 0003595 0523511 1412481 0392747 0332621 0439168
 0205393 0332185 0017446 0205147 0494463 0814122 0002395 0332281 1521724 0243083 0277793 0012634 0205087 0332162 0332281 0002716 0011560 0175630 0441889 0611285
 1883357 2607943 2926606 3539655 2347946 1720655 1947974 0002395 1521724 0012634 1522634 0392148 0333463 1522427
 0037088 0243095 2825141 0026882 0015127 1524003 0011265 0497327
 1705535 0441712 0011560 1705760 0002716 0333562 0611285 1274040 1546471 2825142 0002395 1521724 0012634 0220781 0439634 1522492 1273518
 1705313 0220781 0439634 1522492 0205410 0050325 0960756 1521761 2827422 0220781 0439634 1522492 0015127 0205225 0439631 1524003
 0162340 0332621 0439168 0543483 0699748 0236642 0338451 0011265 0497327
 1720655 1947974 0026046 0332297 1145667 1167622 1689898 2349209 0031843 0542341 0700205 1705273 1883351 0184512 1820038 0449432 1705248 0205224 0542341
 0012634 1720655 1947974 0205250 1515981 1720655 1947974 0348078 0376315 1522492 1518422 0026046 1145667 1167622 0031715 1158886
 0025936 0003069 0025914 0025929 0026809 1514559 0014442 1547282 1883351 1720655 1947974 0031437 1285572
 0014442 2699424 0244989 0206354 0017932 0017911 0031727 0132555 0023870 0311403 0086045 1273517 1883351 1292734 1522326 0005586 0012634 0443156
 0031715 1158886 2347946 1518422 0441471 0026882 1301751 1280500 2348382
 0026882 0243122 1145667 1167622 1947931 0599155 0026882 1547282 1883351 1280500 2348382
 0185117 0236642 0338451 0011265 0392747 0497327 0868928 1706255 1706256 0449450 0441712 1706376 0031715 1158886 0001288 0085732 0392747 1947931 0033268 0392747
 1547282 1515926
 1720655 1947974 0027882 0682132 1705241 1705242 1705241 1705242 0236642 0338451 0011265 0497327 0007765 1268981 1707522 0236642 0338451 0011265 0497327 0002395 1521724 0012634
 0392360 1518422 0205309 0037088 0243095 2825141 1705535 0035687 2610186 0441712 1706376
 1518422 0205309 0025320 0392747 0443172 1705241 0012634 1274040 1546471 2825142 1547282 1705241 1705242 0332307 0205447 0026046
 1515187 0302523 0700325 3244290 0917903 0031715 1158886 0599155 0026882 1515926 1149274 0026046 0243122 1145667 1167622 0332621 0439168
 1274040 1546471 2825142 0333641 0011265 0497327
 0236642 0338451 0011265 0497327 0015127 1524003 0026882 1705285
 0002395 1521724 0012634 0015127 1524003 0033268 0332621 0439168
 0332283 1719822 0087111 0205421 0309872 0332621 0439168 0236642 0338451 0011265 0497327 0087111 0002716 0011560 0611285 0439851 1947931 1518422
 0017398 0017399 1880355 0017337 0205179 0011265 0162340 0497327 1552603 1706202
 0725066 0205253 0205548
 1880355 0011900 0175566 0348026 0039593 0392366
 0086143 0039593 0392366 0683607 0011900 1704338 1704656 1709707 0497327
 0039593 0392366 0683607 1148554 1442162 1550718 3244317 0205321 0700364 1883351 0449445 0035647 0205344 1518469 0027361
 2945843 0205145 0237753 0449788 0017337 0205224 0205435 1279901 0026882 1705285 0039593 0392366
 0039593 0392366 0010210 0341618 0443225 0740209 1524063 0442711 0042153 0457083 1947944 0020179 2919056 0012634
 0039593 0392366 0231297 0015576 1704727 0027552 0686904 0183683 1521721
 0392360 1518422 0039593 0392366 1883351
 1274040 0012634 0348080 1705253 0439828
 0282416 1561607 0700364 1274040 0589120 1522577 1704685 3274571 0332283 1719822 1316572 1317574 1369612 0039593 0392366 0036588 1551994 3244295 1707391 2607943 2926606 3539655 0150103 1708943 1955473 1547282 1709707 0332271 1279889 1457868 0332257 0205392 3540770 0023185 1518422 0206243 0699809 0026882 1705285 0684224 0700287 1274040
 0680022 0015576 1704727 1514756 0010210 0341618 0740209 1518422 0679560 0017296 0039593 0314603 0392366 0439092 0547044 0040223 3541383
 0868928 1706255 1706256 0311392 1547188 0033872 0033873
 1706817 1847498 0524851 0012634 0443202
 0332148 0750492 0025663 0025664 0449851 0678856 0039798 0087111 1522326 1533734 1705169 3538994 1272460 1706839
 0011265 0080103 0497327 0869014 0162340 0543483 0699748 1521991 1527178 1705938 0015576 1704727 0205447 0684224 0700287 3496591 0205179 0439792 0087111 2363430
 0205172 0025664 0449851 0332257 0086345 0017398 0017399 1521991 0039421 0243095 0442808 2347946
 0008973 0678856 0024501 0287990 1552930

 1514811 1706462 0037088 0243095 2825141 0017337 0236642 0338451 0011265 0497327 0236642 0338451 0011265 0497327 0679560 0449910 0871508 0019247 0017296 0039593 0314603 0392366 0870545
 0679560 0017296 0039593 0314603 0392366 0011900 0348026 0681890
 0026376 0005532 1521991 1547282 0441835 0441833 0687744 1257890 1552516 1705428 1705429 0332257 0236642 0012634 1707391 1826583 0348078 0376315 0393570 0011164 1880269 0015127 1314792 1524003 0543483 0699748
 0449295 0007320 0085973 0684224 0700287 0868928 1706255 1706256 3273238 0037088 0243095 2825141 0520511 1704711 0236642 0338451 0011265 0392747 0497327 0027552 0686904 1883351 0150093 0205549 0521093 0750484 0868928 1533148 2348044
 0026882 1518422 0150312 0868928 1533148 0236642 0338451 0011265 0497327 0015576 0241888 0868928 1533148
 0441712 0332294 0205210 0678226 1705242 0031437 0017431 0205280 0332284 0949664 1518422 0162340
 1514811 1706462
 1514811 1706462 0439267
 1705241 1705242 0002395 1521724 0012634 0871208 1521828
 0003738 0027855 1554162 0439394 1706495 3642217

 1516738 0005477 0038868 0270920 0205858 0205329 0522224 0393570 0011164 1880269 0338451 1446659 2697954 0236642 0012634 1707391 1826583
 0006119 0006104 0030664 0205469 0677042 1269537 0025141 0021966 0221138 0369773 2603361 1519323 0596611 0017337 0026882 0015127 1524003 0338451 0349081 0236642 0011265 0497327 0013879 0220905 1704735 0034987
 1553033 0080141 1446659 0751455 0017337 2700455 0085401 0026045 0751071 0236642 0338451 0011265 0497327 0242422
 0020124 0086345 0017398 0017399 1521991 0033727 0369286 0441932 0564385 1553033 0016327 0439133 1553038 0338454 0016733 1268977 0011164 0205123 0796494 1428707 1880269 3539671 0002395 1521724 0012634 0681867 0008972 0683954 0557651 2603343 0392747 0443172 1511726 3245479
 0011265 0497327 0025141 0369637 0441923
 0439267 0205090 0684010 2603358
 0596611 0017337 0026882 1705285 1517488
 0013227 0025118 0439084 0728893 0025141
 0369773 2603361 0004083 0439849 0596306 0699792 0887917 1519478 0026882 0205145 1515974 2825164 0338451 1446659 2697954
 0349590 1262865 0025141 0439114 0236642 0338451 0011265 0497327 0002395 1521724 0012634
 0011265 0497327
 0678579 0238749 1555429 2603362
 0033727 0369286 0441932 0564385 0236642 0012634 1707391 1826583 0332281 0026882 0017337
 0025141 0439394 1706495 3642217

 0597277 1708601
 0369637 0441923
 1707520
 0027817 0025141 0369773 2603361
 1512456 0033105 0220900 1446659 2700455 0026045 0085401 1421563 0026046 0033684 0332281 1720655 1947974 0681876 0032659 0557651 1257890 2603343 0236642 0338451 0011265 0497327 0027778
 0162443 0025141 0369637 0441923
 0439267
 0205090 0684010 2603358 0596611 0026882 1705285 0949664 0011265 0497327
 0439394 1706495 3642217 0369637 0441923
 0439267 0015295 0678594 1720655 1947974 0035687 2610186 0035668 0034987 0242422 0008659 0008633 1517892 1704666
 0034036 0034037 1514756 1704324
 0439617 0558347 1527075 1514756
 0034036 0034037 1272684 1548435 1704324
 1706852
 1527021 1554111 1705606 3541382 1527021 1554111 1705606 3541382 0871261 1704632 1706817 2911692 0239110 1706852 0239110 0687676 1704687 0239110 1705565 1947976 0687676 1704687 0557854 0013849 1705961 1706852 1706852 0282420 1706852 1138432 0239110 0162443 0205314 0033213 1706387 1706852 2603362
 1706852 2347469
 1706852 2603362
 1706852 2347469
 0039224 1706073 1706074 0204523 0039798 0087111 0205487 0725066 1522326 1533734 1705169 3538994 0162443