 0162443 0010741 0449468 0560268 1690016
 0009993 1552856 0037455
 0185117
 2347469
 0205090 0684010 2603358 0369637 0441923

 0369637 0441923
 0369637 0441923
 1704729 0015535 0041740 0027778 0000872 0587463 1704729 0000872 0007613 1325880 0031842 0031843 0000872 0014137 0000872 0282413 0369637 0441923
 0007613 1325880 0031842 0031843 0000872 0179400 0442027 1533124 0027778
 0013849 1705961 0024492 1538057 1547565 0520510 0023866 0034036 0439799 1706095 0439799 1706095 0014695 0042866 0596119 2936842 3537249 0025255 0040300 0042890 0205111 0205342 0596901 1706182
 0557651 2603343 0040223 0205435 1279901 3541383 0392148 0040300 1547928 0599161 0032520 0035379 0040646 0337112 0443286 1114821 1335439 1524075 1555029 2257077 0021044
 1883712 0185117 0599779 0003062 1292732 3161035 0011860 2984301 1320657 0011849 0441730 0011847 0332307 1547052 0034719 0034693 0034721
 0449778 0449774 0021641 1533581 1579433 1441672 0475264 1744691 0017687 0876232 0150312
 0439799 1706095 0021641 1533581 1579433 0135615 1418388 1258132 0301817 0886515 1547282 0487602 1704680
 0439799 1706095 0251337 0108048 0242210 0007634 3282337
 0034693 0034721 1883559 0034719 0034693 0034721 0001811 0205329 0392756 0547047 1708698 0021641 1533581 1579433 0487602 1704680
 0032105 1550098 0441889 2348205 0034719 0034693 0034721 0001811 0205216 0392756 0442797
 1883727 1883357 2607943 2926606 3539655 0439799 1706095 0032214 0600138 0035820 1705810
 1705313 0007634 1269647 1704653 1948049 0108048 2827734 2981698 0766510 0011860 3273872 0520510 0023866 0034036 0332185 0009013 0022646 0034493 0227665 1278978 1514845 0039869 1883351 0032214 0600138 0035820 1705810 0402606 1052868 0005529 0597601 0005528 1317949 3495449
 1171362 0185117 1441672 0040300 0683454 0021966 0221138 0022646 0227665 1278978 1514845 0021853 1708548
 0040300 0019868 2753390 0005529 0005528 0205177 0596235 0851285 1317949 3495449 0524461 1282864 1301906 1551056 0005767 0005768 0229664 1184743 1522240 0596235 1705654 0332529 0596119 0025255 0596901 1706182 0439799 1706095 0012222 1696141 0006732 0242210 1516144 0805431 0054444 0443213
 0022646 0227665 1278978 1514845 0021853 1708548 0185117 0596119 0025255 0205111 0596901 1441672 1706182 0007292 0332257 0054444
 0332185 1547282 0439799 1706095 0439799 1706095 0015272 0019868 0851827 1701901 3244310 0014695 0042866 2936842 3537249
 0178693 0947630 1515670 0185117 0022646 0205171 0227665 1278978 1514845 1518422 1720467 0021853 1708548 0006104 1269537 0039597 1278981 0033572 1278980 0032043 1278988 1550656 0030274 1278931
 0007634 3282337 0006675 0006726 2936886 0032214 0600138 0035820 1705810 0017725 0851285
 0442805 0205263 1256369 0021641 0036536 0036537 1533581 1579433 0439606 1709305 2745955 0205420
 0439799 1706095 0597675 0439799 1706095 0886515 0332256 2700400 0441889 0679209
 1518422 2963144 1704259 1705987 0332294 0678226 1948027 0007634 1269647 1704653 1709305 1948049 2745955 0439799 1706095 0439799 1706095 0032214 0600138 0035820 1705810
 0011860 2984301 1320657 0011849 0441730 0011847 0332307 1547052 1719133 1256369 0021641 0036536 0036537 1533581 1579433 0221099 0684336
 0022131 0030274 0332157 0860803 0017725 0205250 1299351 2700149 0034693 0034721 0241863 1515981 1441672 0684336 0678226 0017725 0043194 0258432 1421478 3146286 0442805 0596235 0021966 0221138
 0022646 0227665 1278978 1514845 0596235 0597484 1272460 1621574 1415651 0070099 0030520 1882913 3536885 0019932 0030518 0030956 0439849 0445223 0070099 1335272 1705623 0108048 0597357 0766510 0150312
 0007634 1269647 1704653 1948049 1415651 0243148 0596235 1550141 1882979 2587213 3274648 0021966 0221138 1415651 0070099 1335272 1705623 0443264 0021641 0030685 0391871 0439180 0680255 1283071 1533581 1579433 1963578
 0014695 0042866 2936842 3537249 0042890 1883351 0443264 0596236 0025519 0025520 1280500 2348382 0441889 0456079 1547707 2946261 0332257 0033268
 1883712 0034693 0034721 1256369 0021641 0036536 0036537 1533581 1579433 0221099 0684336 0014695 0042866 2936842 3537249 0039798 0042890 0087111 1522326 1533734 1705169 3538994

 1705535 0108048 0243148 1550141 1882979 2587213 3274648 0871208 1521828 0596235 0021966 0221138
 0007634 0019868 0030274 0596235 1269647 1704653 1948049 1184743 1522240 0007292 0005528 0033684 1317949 3495449 0032214 0600138 0035820 1705810
 1947946 2948600 3540471 3540472 1883351 0032520 0677874 1292732 1555029 0021044 0439799 1706095 0030274 0034693 0034721 0040300 1547928
 0947630 0332257 3538986 0034693 0034721 0599779 0003062 3161035
 0034719 0034693 0034721 0439230 0011847 0011849
 1273517 0034719 0034693 0034721 1292732 0185117 0011847 0011849 0242656 0392760 0449258 1314939
 0557651 2603343 0185117 0243148 1550141 1882979 2587213 3274648 0439230
 0444706 3541902 0032105 1550098 0441889 0185117 0851827 1701901 3244310
 0520510 0520510 0023866 0034036 0243148 1550141 1882979 2587213 3274648 0034693 0034721 0243148 1550141 1882979 2587213 3274648 0026343 0017296 0314603 1301820 3161035
 0034693 0034721 2718082 0023693 0332582 1306462 1314677 1511572 1881376 0023693 0023693 1879743 0444454 1554204 2919405 0324335 0033684 0424612 0012173 0225326 0304068 1260603 1304649 0007004
 0557759 0027778
 0003062 0557651 2603343 0439230
 0016318 0079603 0947630 0243148 1550141 1882979 2587213 3274648 0034719 0034693 0034721 2348792 0040223 0332128 1552961 2347617 3541383
 0205664 0003062 0681814 0003064 0178478 0003062 0022877 0680240 0884358 1947933 3244292 0034036 0034037 1704324 0450348 1527075 0023150 0220866 0728724
 0005834 0190979 2827734 2981698 0178913 0370003 2347026 0680730 0243148 1301820 1550141 1882979 2587213 3274648 0034719 0034693 0034721 0439230 0033119 0034117 1881711 0175730 1516695 1516698 1547937 1704474 0332256 2700400 0442796 1550602 0175730 1547937 1561954 1704730 1883522 0331782 0027778
 0175730 1547937 1704474 1638411 0040822 1883023 0456692 0702093 0179834 0450376
 0444263 0370003 2347026 1698986 0005507 0243073 1510438
 0032105 1550098 0441889 0444706 3541902 1524063 0034596 0005507 0243073 1510438 0008568 0332283 0008550 0030351 1547566 1552738 0019908 1455831
 0032520 0677874 1555029 0002903 0002930 0034693 0034721 0030274 1278931 1637379 0849355 0424612 0521097
 1292711 1268125 0449719 1709471 0205548 0260055 1550121 0016701 0028158 0302908 0677542 1304698 1546699 1550581 1561501
 0204727 0205409 0220862 0040300 1547928 0185051 1381542 0001962 0012186 0212509 3272372 3538743
 0035668 0032861 0205409 0678226 1382110 1548221 1524063 0916178 1412820 0332300 0185115 0684295 0884358 1883351 0849355 1883720 3244314 0033684
 0220781 1883254 0439267 1426765 0347978 1439852 0331955 0027778 0456692 0702093
 0035668 1555029 0449468 1690016 1705102 2700258 0332256 2700400 0012789 1999216 0072149 0043193 1421413 1412820 0450316
 0370003 2347026 1883708 1439852 0456692 0702093 0205088 0449468 1546485 1690016 1705102 2700258 1720119 1948037
 0200931 0002778 0032520 0677874 0936012 1524024 0728990 1273517 1514575 1705542 0332583 0185125 0027778 0024472 0075813 1335439 0369637 0441923
 0036849 1442518 1705195 0032520 0677874 1273517 0021641 1533581 1579433 0332255 1708096 0036658
 0439799 1706095 0036658
 0108048 0036658
 0001271 1515981 0036658
 1261552 1704379 1705117 2825408 0456692 0702093 1709846 0032520 0677874 0884358 1511572 0301642 0332529
 0042295 0449864 1524063 0185125 0037585
 0449864 0237753 0449788 1511572 1704788 3539106 1265611 2828386 0449864
 0243148 1550141 1882979 2587213 3274648 1265611 0035668 1273517 0001271 1273517
 0020960 0020960 0030956 0439851 1947931 1707271 0002520 2917660 0001128 0202406 0205088 0596260 1705314 1705315 1709915 1882936 0439799 1706095
 0021641 1533581 1579433 0020960 1301820 0011318
 0020960 0031831 1707664 1999230 2348314 3540849
 0369637 0441923
 0011198 0017480 0042469 0557775 3541240 0004950 1880022
 0020960
 2603362
 0027971 0205314 0454673
 0020960 0006353 1720119 1948037 0037494 1959973 1882074 0020283 0450407 0450408 0450409 0444499 0560267 0034760 0004950
 0020960 1524063 0079240 1273517 1948037 0020960 0020960 0020960 0020960 1412113 1516077
 1639518 1947986 0205160 1513916 2825415 2825491 0243148 1550141 1882979 2587213 3274648 0020960 0229671 1546774 1550100 0006353 1524063 0205225 0439631 1273517 0020960
 0020960 0332152 0740175 2257086 0030956 1639518 1947986 0205160 0243148 1273517 1513916 1550141 1882979 2587213 2825415 2825491 3274648 0020960
 0016318 0079603 0947630 0030274 1278931 1637379 0849355 0424612 0521097
 1292711 1268125 0449719 1709471 0231441 0443218 2827483 0439583 0450376 0016564 2678549 1882074 0020283 0450407 0450408 0450409
 0040300 1883708 1720830 1823521 1701810 1882955 0001962 0011175 0205549 2348044 0043367 1701810 1882955 0456693 1442458 1948050 0040223 0205448 0702093 1632851 0456693 1442458 0702093 1720725 1948050 0332287 3272372 3538743
 0369637 0441923 1280412 0017596 0332287 0444330 0449878 1947936 0017480 0333118 0439583
 0016318 0079603 0947630 2316368 0205155 1293097 1522472 1552923 1705191 0043367 0205448 0392747 0443172 0001962 1883708 1882074 2678549 0020283 0450407 0450408 0450409 1548982 1720830 1823521
 0205155 1293097 1522472 1552923 1705191 0702093 0242301 1546559 3256468 0006353 0020283 0450407 0450408 0450409 2348236 0005903 0039476 1547703 1548792 0006353 1701810 1882955 0037494 1959973 1882074 0020283 0450407 0450408 0450409
 0205155 1293097 1522472 1552923 1705191 0006353 1439852 0456693 1442458 0702093 0450376 0003241
 1883708 0205155 1293097 1522472 1552923 1705191 1701810 1882955 0040223 1632851 0006353 0006353 0332256 2700400 0041415 0560268 2349105
 0205155 1293097 1522472 1552923 1705191 0221908 0439799 0596235 1706095 2986582 0021641 1533581 1579433 1439852 1516077 1555029 0051979 2827734 2981698 0026381 0182400
 0205155 1293097 1522472 1552923 1705191 0205173 1705764 1705765 0221908 0439799 0596235 1706095 2986582 0017687 0876232 1439852 0051979 2827734 2981698 0051979 2827734 2981698 0026381 0182400 0238767 1521991 1706086
 0205155 1293097 1522472 1552923 1705191 0205173 1705764 1705765 0221908 0439799 0596235 1706095 2986582 0135615 1418388 1258132 0301817 0221908 0439799 0596235 1706095 0108048 0456693 1442458 0702093 1439852 1516077 1555029 1135183 1136016 1265533 1270360 0034493 0020960 2827734 2981698 0332070 1514468 0006037 0040223 1632851 1883708 0456693 1442458 0702093 1439852 1516077 1555029 0020960 2827734 2981698 0332070 1514468
 1701810 1882955 0006353 0027021 0031179 1318719 0234621 2827734 2981698 0037633 0525069 1517480 1521871 1705759 0332070 1514468 0702093
 1511790 0439799 1706095 0205155 1293097 1522472 1552923 1705191 1439852 1516077 1555029 0051979 2827734 2981698 0026381 0182400
 0205155 1293097 1522472 1552923 1705191 1701810 1882955 0006353 0001963 1701810 1882955 0449878 0017480 0332256 2700400 0450346 0740116 2827735 2981700 0560267 0074721
 0441468 1548899 0181839 1706379 1883727 0023693 0023700 0684292 1964256 1524063 0086296 1561571 1561572
 1274040 1546471 2825142 0520510 0023866 0034036 1515670 0185117 0443211 0439799 1706095 1882810 0030274 0034693 0034721 1278931 0884358 0200931 0872262 0002778 0032520 0677874 0936012 1524024 2983684 0030274 0040300 0205409 0243148 0332174 0439175 0439230 0439810 0580836 1547928 1548221 1550141 1882979 2587213 3274648 0034719 0034693 0034721
 1883712 1515670 0185117 0108048 0030274 0243148 0936012 1278931 1550141 1882979 2587213 3274648 0034719 0034693 0034721
 0034693 0034721 0243148 1550141 1882979 2587213 3274648 1515670 0185117 0150312 0221908 0439799 0596235 1706095 0449864 1511572 0021641 1533581 1579433 0449864 1511572 0108048 0449864 1511572 0001271 0449864 1511572
 1883712 0243148 1550141 1882979 2587213 3274648 0034719 0034693 0034721 0012213 1705241 1705242 1441672 1705535 1515670 1171362 0185117 0441889 3244092 0428479 2348205
 1517480 1521871 1705759 0150312 1261552 1704379 1705117 2825408 0750563 0043047 0599638 1550678 0243148 1550141 1882979 2587213 3274648
 0035696 0243148 1273517 1550141 1882979 2587213 3274648 0204727 0205409 0220862 0220781 1883254
 0475264 1744691 0022131 0030274 0392752 1171362 0185117 0681814 0884358
 1882810 0030274 1278931 0449774 0150312 0221908 0439799 0596235 1706095 0021641 1533581 1579433 0683454 0021966 0221138 0487602 1704680 0150312 0449450 0487602 1704680 0553695 1280431 0030274 1278931 1441672 0450344 1553633
 0439799 1706095 0487602 1704680 0229525 0007634 0010834 0014136 0150312 0521425 3282337 1705535 0475264 1744691 0886515 0007634 3282337 0450345
 0205155 1293097 1522472 1552923 1705191 0020960 0221908 0439799 0596235 1439852 1706095 0332152 0740175 2257086 0030956 0020960 0205091 1552822 0599459 1185738 1706132
 0449911 0333052 2607870 0557702 1272706 1704674 0557702 1272706 1704674
 0487602 1704680 0021641 1533581 1579433
 0487602 1704680 0150312 0449450 0022131 0030274 0332197 2699517
 0369637 0441923
 2347469 0487602 1704680 0700364 1883351 0205330 0021641 0238767 1533581 1579433 1706086
 1707156 3274014 3541345 0369637 0441923
 0449911 0333052 2607870 1413114 0557702 1272706 1704674 0557702 1272706 1704674
 0487602 1704680 0017687 0876232 0135615 1418388 1258132 0301817 0135615 1418388 1258132 0301817 0108048
 0487602 1704680 0007634 1441672 3282337 0487602 1704680
 0475264 1744691 0017687 0876232 0150312 0441468 0441469 1547282
 0487602 1704680 0135615 1418388 0007634 0030274 1441672 3282337
 0475264 1744691 0135615 1418388 1258132 0301817 0221205 0863146 0009393 1550604 1705245 0007634 3282337 0441468 0441469 2347469
 0487602 1704680 0108048 0150312 0449450 0007634 3282337 0487602 1704680 0007634 0150312 3282337
 0441468 0441469 0443289 0475264 1744691 0108048
 0205155 1293097 1522472 1552923 1705191 0020960 0221908 0439799 0596235 1439852 1706095 0332152 0740175 2257086 0030956 0073187 0205091 1552822 0020960 0073187 0444598 0549183 1552826
 0243148 1550141 1882979 2587213 3274648 0884358 0003241 0021027 0051979 0034493 0205195 0557351 1947911 0312627 0003242 0003241 0021027 0003241 0021027 0073187 0205090
 1707156 3274014 3541345 0369637 0441923
 1883351 1522508 1561567 0475264 1744691 0022131 0030274 0884358 0016318 0079603 0205173 0947630 1705764 1705765
 1167624 1947902 2827499 0439799 1706095 1624602 0443289 0439799 1706095 1518422 0017687 0392752 0876232 0439799 1706095 1518422 0007634 0030274 3282337
 0681814 1547282 1660153 0475264 1744691 0135615 1418388 1258132 0301817 0886515 0450354 1706096
 0680240 0947630 0487602 1704680 0108048 0442726 1511790 0007634 3282337 0487602 1704680 0007634 0150312 3282337
 0205173 0487602 1704680 1705764 1705765 0108048 0443289 1660153 0475264 1744691 0007634 1518422 3282337 1705535 0030274 1278931 0185117 0007634 0443288 3282337
 0243148 1550141 1882979 2587213 3274648 0884358 0003241 0021027 0051979 0034493 0205195 0557351 1947911 0312627 0003242 0003241 0021027 0003241 0021027 0442726 0010357 0872139 1880190 0205090
 0487602 1704680 1441672 1517586 0012634 0348080 1705253 0010357 0872139 1880190 1554077 2828389
 0185117 0034719 0034693 0034721 1719133 1256369 0021641 0036536 0036537 1533581 1579433 0011860 2984301 0011849 0441730 1320657 0011847 0221099 0332307 0684336 1547052 0678226 0017725 0750492 3146286 0442805 0086045 0557651 2603343 0185117 0034719 0034693 0034721 0599779 0003062 3161035
 0034693 0034721 0243148 1550141 1882979 2587213 3274648 0439230 1705241 1705242 0021641 1533581 1579433 1441672
 0034719 0034693 0034721 1265611 0487602 1704680 1278655 0445247 0034693 0034721 0243148 1550141 1882979 2587213 3274648 0450365 1706097
 0034719 0034693 0034721 0001811 0392760 1314939 0449778 0449774 0021641 1533581 1579433 0683454 0021966 0221138 0439230 0392756 0547047 1441672
 0439230 0001779 1265611 0034719 0034693 0034721 0205216 0241863 0392756 0442797 2700303 1707455 0034719 0034693 0034721
 1265611 0034719 0034693 0034721 0205216 0392756 0442797 0034719 0034693 0034721 0241863 0332174 0439230 0580836 1707455 2700303 0450365 1706097
 0449911 0333052 2607870 0557702 1272706 1704674 0557702 1272706 1704674
 0487602 1704680 0021641 1533581 1579433 0243148 1550141 1882979 2587213 3274648 0332174 0439230 0034693 0034721
 0034693 0034721 0243148 1550141 1882979 2587213 3274648 0001811 1518422 1280500 2348382 0021641 1533581 1579433
 0007634 3282337 0034719 0034693 0034721 1265611 0021641 1533581 1579433 0205216 0392756 0442797 1707455 0034719 0034693 0034721 2347469
 1707156 3274014 3541345 0369637 0441923
 0032105 1550098 0086045 0034719 0034693 0034721 0443211 0301630 0392756 0441610 0034719 0034693 0034721 0392747 0443172 1705241 2827734 2981698 0441889 0444706 3541902 0683150 0086045 0034719 0034693 0034721 0439230 0001779
 0032105 1550098 0441889 0205280 0034719 0034693 0034721 0001811 0205216 0392756 0442797 0349966 1337208
 0439230 0001779 0243148 1550141 1882979 2587213 3274648 0034719 1514732 0034693 0034721 0241863 2700303 0441889 0475211 0475211
 0441889 0205216 0392756 0442797 0439192 0475211 0475211 0034719 0034693 0034721 1547282 0392756 0547047 0034719 0034693 0034721 0241863 1441672 2700303 0392756 0547047 0034693 0034721 0678226 0301630 0392756 0441610 1518422 3146286 0014695 0042866 2936842 3537249 0428580 1318188 0042890 0441889 0349966 1337208
 0449911 0333052 2607870 0557702 1272706 1704674 0557702 1272706 1704674
 0456947 0032105 0441889 1550098 0766510 1282913 1551714 1282913 1551714 0034693 0034721 0439230
 1511726 3245479 0205450 0444504 0449450 2347634 2348143 0003062
 0520510 0023866 0034036 0007634 0030274 3282337 0006675 0006726 2936886 0032214 0600138 0035820 1705810 0596235 0021966 0221138 0679209 1948027
 0150312 0449450 1704259 1705987 1518422 2963144 0886515 0027552 0686904
 0679133 1268649 0037088 0243095 2825141 0022131 0014136 0030274 0521425 0543488
 0205108 0185117 0596119 0025255 0205111 0596901 1441672 1706182 0040300 0683454 0021966 0221138 0022646 0227665 1278978 1514845 0021853 1708548
 0010834 0007634 3282337 0021641 1533581 1579433 0205330 1705535 0439799 1706095 0886515 0010837 0025255 0205248 0596901 0750492 1706182
 1883712 0439799 1706095 0135615 1418388 1258132 0301817 0392752 0150312 0449450 0033362 0439836 1314939 0021641 1533581 1579433
 1979874 0022646 0227665 1278978 1514845 0439799 1706095 0007603 0025255 0032105 0392752 0596901 1550098 1706182
 0302523 0700325 1964257 0014597 1273342 0007634 0030274 0185117 0221908 0439799 0596235 1706095 3282337 0886515 1705535 0032214 0600138 0035820 1705810
 1519221 0596630 0007634 3282337 0332256 2700400 0441889 0237886 0700314 1947906 0033666 1709694
 0007634 1269647 1704653 1948049 0439799 1706095 1704259 1705987 0596235 0886515 0010834 0442805 0596235 0021966 0221138
 0086045 0032214 0600138 0035820 1705810
 1883351 0030685 0391871 0439180 0680255 1283071 1963578 0596235 1704259 1705987 2262820 0027552 0686904
 0679133 0543488 1883351 1316572 1317574 1369612 2262820 0683607 0005528 1317949 3495449
 0441712 1706376 0439799 1706095 0007603 0025255 0032105 0079613 0596901 1550098 1706182 0441471 1999230 1704259 1705987 0333118 0086045
 0947630 0027552 0686904 1883351 0443211 0035820 1705810 0007634 1269647 1704653 1948049
 0007634 3282337 0024501 1184743 1522240 0007634 3282337 0033684 1415651 0070099 1335272 1705623 0108048 0597357 0766510 0439799 1706095 0150312 1883351 0032214 0600138 0035820 1705810 0021641 0030685 0391871 0439180 0680255 1283071 1533581 1579433 1963578
 0002778 0936012 1524024 0206745 0025914 0025929 0026809
 1705535 0054444 0243148 1550141 1882979 2587213 3274648 0871208 1521828 0596235 0021966 0221138
 1883712 2827734 2981698 0766510 2349975 1256369 0021641 0036536 0036537 1533581 1579433 0108048 0014695 0042866 2936842 3537249 0042890 0006675 0006726 2936886 2587213 0007613 0031843 0542341 0700205 1705273

 1547282 0007634 3282337 2827734 2981698 0766510 0021641 0030685 0391871 0439180 0680255 1283071 1533581 1579433 1963578 0108048 0054444 0233535
 1979874 0221193 1441672 0014695 0042866 2936842 3537249 0524984 0042890 0185117 0108048 0030685 0391871 0439180 0680255 1283071 1963578 1705535 0035820 1705810 0014695 0042866 2936842 3537249 0042890 0007634 3282337
 0680240 0557651 2603343
 1441672 0007634 3282337 0487602 1704680 0150312 0449450
 0205108 0439799 1706095 2003902 0150312 0054444 0392752
 0302523 0700325 1964257 0439799 1706095 0475264 1744691 0007634 0150312 3282337 0007634 1518422 3282337 1705535 0596235 0021966 0221138 0439799 1706095 0108048 0032214 0600138 0035820 1705810 0007634 3282337
 0205132 1550648 1552960
 0034719 0034693 0034721 0242656 0449258 0021641 0185117 0392756 1533581 1579433 1707391 1826583
 1948052 0243095 0185117 0034719 0034693 0034721 0205216 0241863 0392756 0442797 2700303
 0392756 0547047 0439799 1706095 0001779 0150312 0439230 0205329 0439092 0547044 0001779 0439230
 0034693 0034721 0392756 0547047 0185117 1518422 1441672 1705535 0301630 0392756 0441610 0678226 0011847 0011849 0439849 0445223 3146286 1521761 2827422
 0205447 0684336
 0441712 1706376 0332152 0684336 1522538 1518422 0205309 0332452 1261552 1527178 1705938 0205107 0021966 0221138 1184743 1522240 0205108 0021966 0221138
 0035820 1705810 0018578 1832073
 0392756 0547047 0034719 0034693 0034721 0150312 0442726 0449450 0557651 1511790 2603343 0023175 0205412 0231180 0442805 0596235 1442948 1522538 2348269 3275067 0021966 0221138 0541749 1709743 1256369 0021641 0036536 0036537 1533581 1579433
 0205171 1518422 1720467 0185117 0011847 0011849 0205216 0243107 0392756 0442797 0678723 1527148 0185117 1171362 0185117 0441889 3244092 0428479 0392760 1314939
 1515926 0007634 1269647 1704653 1948049 1547282 1883351 0449475 0007634 0031847 0277785 0332307 1269647 1547052 1704653 1880177 1948049 1457869 1861101 1518422 0205309
 0034719 0034693 0034721 0001779 0011847 0011849
 1705241 1705242 0185117 0221908 0439799 0442726 0596235 1511790 1706095 0243148 1550141 1882979 2587213 3274648 0034719 0034693 0034721 0392756 0547047 0001779 0439230 1709305 2745955 0301630 0392756 0441610 0750492 1518422 0441471 0332152 1522538 0031847 0277785
 0719107 0014695 0042866 2936842 3537249 0042890 0443264 0007613 0007634 0031843 0542341 0700205 1269647 1704653 1705273 1948049
 1511726 3245479 1547282 0001811 0034719 0034693 0034721 0392756 0547047 0032105 1550098 0441889 0521093 0750484 1456348 0302523 0700325 3244290
 0301630 0392756 0441610 2348205 0034719 0034693 0034721 0392756 0547047 0034719 0034693 0034721 1518422 0032105 0392756 0547047 1550098 0015127 1524003 0086045 0034719 0034693 0034721 0007613 0007634 0031843 0542341 0700205 1269647 1704653 1705273 1948049 0678226 0392747 0443172 1518422 3146286 0086045
 1707478 0439799 1706095 0022131 0030274 0034693 0034721
 0185117 0007634 0443288 3282337 1705535 0475264 1744691 0025255 0886515
 0031843 0542341 0700205 1705273 0024501 0019868 0449719 1709471 1704259 1705987 0010837 0993609 0010834 0449432 0596235 1704259 1705248 1705987 0596235 0010834
 0034719 0034693 0034721 0301630 0392756 0441610 0032105 1550098 0441889
 0392756 0547047 0034719 0034693 0034721 0221099 0684336 1880177 1948027 0011847 0011849 1441672
 0150312 0449450 0557651 2603343 1705535 0439799 1706095 0032214 0600138 0035820 1705810 0007634 3282337
 0018173 1521721 1548284 0016617
 0443252 0015770 0205166 1515273 1521721 1705313 1706317 2826302
 0043227 1568415 0683933 0035176 0683939 0920650 0013331 0029237 0029246 0035168 0036397 0220885 0242481 1300196 1521721 1522486 0024548 0026385 0556966

 0027971 0205314 0454673 0011198 0017480 0042469 0557775 3541240 0004950 0020960 0108048 0135615 1418388 1258132 0301817
 2986676 1880016 0003064 0022877 3244292 0041740 0027778 0018896 0178587 0557775 0587463 1704729 0000872 0027778 0032105 1550098 0242485 1704729 0041740 0027778 0018896 0884358 2947996 0016318
 0034036 0034037 1514756 1704324
 1272684 1548435
 0023866 0034036 0520510 0023866 0034036 0007634 3282337 0442027 0597277 1708601 0033727 0369286 0441932 0564385 1879547 1159689 0030281 0007634 0030274 0330390 0439096 2004068 3282337
 0349590 1262865 0025141 0230613 0597277 1708601 0086282 1611821 0680022 2698041 2677316 0871161 1292721
 0025141 0018578 1832073
 1417055 0597277 1708601 0007634 3282337 0475264 1744691 0021641 1533581 1579433 0332256 2700400 0886515 0237881 0750502 0030281 1522109 0004561 0007634 3282337
 0000857 0600678 1552863 0439267 0439849 1705630 1706279 3540605 1522529 0004561 0229525 0007634 3282337 1256369 0036536 0036537 0017687 0876232 1272352 2827734 2981698 0766510
 0000857 0600678 1552863 1550751 1520114 0034719 0034693 0034721 2700303
 1417055 1418943 0450387 0000857 0600678 1552863 0036243 1539696 1825840 3539736 1280500 2348382 0766510
 0011847 0011849 0000857 0600678 1552863 0036243 1539696 1825840 3539736 0369637 0441923 0018488 1538440 3273279 0221284 3272919 0007634 1521840 2986546 3282337 0766510
 0007634 0040300 1269647 1547928 1704653 1948049 2347379 0025141 0006675 0006726 2936886 0010813 0596311 1330957 0030946
 0349590 1262865 0025141 0012836 0030520 1882913 3536885 0019932 0030518 0030956 0017337 0205307 0439166 2347086 0022131 1283884 0014136 0030274 0521425 1278931
 0027960 0324740 0439189 1456781 1824986 0000857 0600678 1552863 0016327 0439133 1553038 0369637 0441923 0020792 0205396 0449774 0205177 0439167 0441655 1561536 0030281 0004561 0007634 3282337
 0006675 0006726 0007634 1269647 1704653 1948049 2936886 0025141 3541314 1159655 0005528 1317949 3495449 0242485 0441712 0851285 1327622
 2347961 2951520 0695434 0010834 0521449 0596235 0695434 0013126 0332120 0022131 0030274
 0201682 0369637 0441923 0475264 1744691 0022646 0227665 1278978 1514845 0021853 1708548
 0558269 1552984 0006685 0006675 0006726 0221908 0439799 1706095 2936886 1879547 0006675 0006726 0851285 1383501 2936886
 2347379 0025141 0020792 0205396 2827734 2981698 0014609
 0201682 0369637 0441923 0597277 1708601 0369637 0441923 0016327 0439133 1553038 0006674 0243148 1550141 1882979 2587213 3274648
 0369637 0441923 0558269 1552984 0006685 0006675 0006726 0221908 0439799 1706095 2936886 0402606 1052868
 0025141 0026344 3161035
 0033727 0369286 0441932 0564385 0039247 1261552 1704379 1705117 2825408 0005507 0243073 1510438 0012328
 0033727 0369286 0441932 0564385 0597277 1708601 0033727 0369286 0441932 0564385 1280500 2348382 0766510 0007613 0031843 0542341 0700205 1705273
 0376558 3642273 0025141 3539879 0439526 0449864 0439114 0028754 1963185 1709694 0332281 0026882 0314604 0017337 0135615 1418388
 0325074 0349590 1262865 0025141 0439254 1419337 3539667 1506978 1705538 0001779 0079399 0804628 1280500 1522384 0017262 0017337 0185117
 1417055 0025141 3540812 0205090 0684010 2603358 0475264 1744691 0597357 0108048 1882810 0030274 1278931
 0036243 1539696 1825840 3539736 2827734 2981698 0766510 0232786 0007613 0031843 0542341 0700205 1705273 0030281 0108082 0017262 0017337 0185117 1256369 0021641 0036536 0036537 1533581 1579433
 0014137 0000857 0600678 1552863 0037943 0228341 2239920 0027951 3540591 0003353 0003504 0016327 0439133 1553038 0009017 0009015 0040287 0220927 0040300 0520511 1547928 1704711 1283195 0008630
 0887950 0025141 0282379 0332281 0005005 0546866 0042870 0376286 1510471 0014695 0042866 2936842 3537249 0011155 0042890 0162429 1623416 0018790 0237477 0392351 0521111 0030296 0232787 1256369 0030274 0036536 0036537
 0036397 0025141 0033727 0369286 0441932 0564385 0597277 1708601 0033727 0369286 0441932 0564385 0035820 1705810 0036667 0312418 0427965 1511883 1522640 2346484 2349185 0017725 0022131 0030274 0332157 0860803 0017725 0205250 1299351 2700149 0021135 1533691 2827718
 0011847 0011849 0000857 0600678 1552863 0033727 0369286 0441932 0564385 0597277 1708601 0033727 0369286 0441932 0564385 0369637 0441923 0033727 0369286 0441932 0564385 0013790 0022131 0030274 1293122
 0025141 0007634 3282337 0369637 0441923 3541894 0035820 1705810 0152057 0152058 0220808 0021655 2700570 0021641 0237834 1514892 1533581 1579433 0243067
 0011847 0011849 0000857 0600678 1552863 0024548 0026385 0556966 0439070 1705160 0600091 1512090 0030685 0391871 0439180 0680255 1283071 1963578 0017725 1948023
 0201682 0597277 1708601 0369637 0441923 0369637 0441923 0582525 0369637 0441923 0018387 0243148 1550141 1882979 2587213 3274648 0108048 0596235 0021966 0221138 0021641 0030685 0391871 0439180 0680255 1283071 1533581 1579433 1963578
 0332120 0054444 1301820 0206745 0025914 0025929 0026809 0007600 0007634 0205132 1269647 1704653 1948049
 0201682 0369637 0441923 3541894 1706917 3539617 0031847 0277785
 0011847 0011849 0000857 0600678 1552863 0205090 0684010 2603358 0369637 0441923 0439267 0871161 1292721
 0201682 0439526 0016327 0439133 1553038 0021966 0221138 0070099 0030520 1882913 3536885 0019932 0030518 0030956 0439849 0445223 0598312 1328870 1817262 0220781 1883254 1256369 0030296 0232787 0021641 0036536 0036537 1533581 1579433
