 0205217 0442805 1444754 0017337 1416989 0450478 1422805 0450478 1422805 0450477 1420713 1704729 0021621 0021622 1272753 0041740 0205476 0039260 0520510 1514811 1706462 1706907 0442805 1367578 1335671 0017337 0034786 1447749 0004509 0332240 1321542 1517892 1704666
 0025663 0025664 0449851 1705175 1705176 1705177 1705178 1882348 0022885 0039593 0392366 0179630 1705968 1708726 0392760 1314939 0179630 1705968 0237580 0376249 0439603 0520511 0871396 1561548 1704711 1705502 0012634 0751781 0393578 0333641 1708726 1837454 1367578 1335671 0017337 0034786 1447749 0004509 0030705 1292732 1321542 0243148 1550141 1882979 2587213 3274648
 1274040 1546471 2825142 1444754 1706316 0205166 1706317 0243148 1550141 1882979 2587213 3274648 0450348 0369773 2603361
 1705241 1705242 0282537 0037775 0039259 0205341 1282910 1444754 1547730 1705914 1706316 1708726
 1708726 0002085 0205341 1705914 1441672 0004509 0030705 0205171 1321542 1720467 1518422 0243148 1550141 1882979 2587213 3274648 0450302 0369773 2603361
 1708726 0017270 0376249 0439603 0871396 1561548 1705502 0004388 0205341 1705914 0205250 1299351 2700149 0369773 2603361
 0520511 1704711 1708726 1837454 1518422 0205448 0441833 0687744 1257890 1552516 1552839 1705428 1705429
 1707478 1511726 3245479 1444656 0439092 0547044 1515021 0030705 0442805 1708726
 0220825 0680063 0872104 0035157 0035150 0039421 0748342 1269765 0004897 1281905 0035647 0205217 0442805 0277564
 1705313 0440471 0520510 1514811 1706462 0004509 1321542 0348078 0376315 1522492 0015127 1524003 0439673
 0947630 1705535 0004509 0332240 0439064 0747726 1321542 0679006 1947967 1527178 1874451
 1707959 1444754 1706316 0015295 0034786 1447749 0002844 0597357 3536949 0034786 1447749 0002844 0597357 3536949 0017337 1547282 1883351 0332281 0004509 0332240 1321542 0205341 1547730 1705914 2700640 1185740
 1444754 1706316 1547282 1883351 1148774 0034786 1447749 1152633 3158809 0002844 0040624 0205177 0439167 0441655 0597357 1561536 1707520 3536949
 0700364 1444754 1706316 0376358 0600139 1954276 0332281 2984325 3541264 0596244 0006826 0033572 0035647 0205217 0442805 0998265 1278980 1306459 0006142 0678222 0178874 1947901 0006141 0006826 0205170 0242656 0449258 0998265 1268990 1306459 3146287
 0021364 0021359 1444754 1706316 1547282 1883351 0476089 0007097 0227843 1517892 1704666 0442805 0596244 0035647 0238033 0242787 0006142 0222604 0678222
 0439509 1367578 1335671 0017337 0034786 1447749 0015127 1524003 0026846 0026845 0333641 0442025 1705240 1839259 1367578 1839259 0012634 0205309 2874204 0237677 0156312 0333641 0332281
 0524894 0237753 0449788 1708726 0023175 1442948 1522538 2348269 3275067 0019247 0012634
 1707959 0332257 1552866 2700399 1864172 0751781 0393578 0333641 0751781 0393578 0333641 0087012 0004134 0149575 2827734 2981698 0740116 2827735 2981700 0012634 0012634
 0015127 1524003 0012634 1518422 2963144
 0683454 0021966 0221138 0439793 2983285 0443228 1704243 0206132 0001779 1279919 0015576 1704727
 0521117 0439793 2983285 0524894 0282537 0205229 0205341 1444754 1705914 1706316 1707520
 0442805 0242781 0332289 1521797 0039869 1853126 1527178 1874451 1444783
 1444783 0017001 1326810 0282537 0205341 1705914 0443343 1883468 0332294 0019409 0678226 2986476
 0725066 0455164 1881534 0332149 1705910 2362652 1292734 1522326 0348078 0376315
 0036043 1705187 0549177 1704243 2699424 0009807 0683521 1518422 2963144
 1527178 1705938 1444754 1706316 0004509 0030705 0332240 1321542 2349975 0156312 0333641 1867795 0015895 0200069 2986895 0332183 0332281 0179630 0205341 1547730 1705914 1705968 0150904 0030705 0442805 1416989 0012634 0017337 0150312 0524894 0282537 0332281 0205341 1705914 0034786 1447749 0002844 0597357 3536949 0030705
 0179630 1705968 0015127 1524003 0600600 1883633 0600680 0017446 0205147 1414081 0751455 0017337
 0012634 0348078 0376315 1522492 0751781 0393578 0333641 0521114 0522498 1514917
 1837454 0087012 0004134 0332307 1547052 0012634 0332256 2700400 0079941 0009219 0017446 0150312 0205147 0149575
 0557651 2603343 0520511 1704711 0012634 0751781 0393578 0333641 1708726 1837454 1292732 0004509 0030705 0332240 1321542 1707455 0027361 0237401 1705175 1705176 1705177 1705178 1882348 0022885 0039593 0392366 0030705 0332256 2700400
 0520510 0520510 1514811 1706462 0441833 0557651 0687744 1257890 1552516 1552839 1705428 1705429 2603343 0030705 1552782 0021359 0442592 0001779 0001792 1999167 0439234
 0030705 0332128 0260314 0237419 0521093 0750484 1847540 0205304 0004509 0549186 1321542 1518422
 0030705 0042341 0039082 1558916 1554077 2828389
 0243148 1550141 1882979 2587213 3274648 0024554 0086582 0001779 2348205 0030705 0018684 0031206 0015895
 0681850 1550501 1706203 2349001 2697811 1999230 0021430 1511481 1522154 1554192 1516695 1516698
 0206243 0699809 0439787 0849355 0521093 0750484 1456348 0333684 0863140 0022526 0178725 1261273
 1148554 0229664 0005767 0005768 0185115 0205100 0681850 1550501 1706203 2349001 2697811 3541890 1524063 0449913 1553451 1704459 0041703
 1444754 1706316 0045186 0032520 0677874 0332283 0013855 0071500 0017243 0071499 1382104 0041942 1552738
 0175723 0439645 1521913 1301820 1708726 1883351 0019904
 0205392 0332255 0486805 3540770 0004793 0162326 0162327 1519249 1883351 1711411 0443131
 0443286 1114821 0702093 0332283 0456693 1301862 1442458 2348028 0702093 1511572 1301862 0702093 1301862 0702093 0205088 0205197 0231448 1546485 1880641 0456692 0702093
 0039476 0450382 0012634 0751781 0393578 0333641 1837454 0087012 0004134 0332307 1547052
 0439962 0332256 2700400 3272453 0012854 0017428 0887950 0027960 0324740 0439189 1456781 1824986 0027960 0324740 0439189 1456781 1824986 0045186 0006353 0006353 0006353 1837454 0087012 0004134 0332307 1547052 0012634 0006353 1524063 0449913 1553451 1704459 0043193 0041703
 0162326 1552738 0034786 1447749 0002844 0597357 3536949 0036658
 0036658
 0012634 0036658
 0751781 0393578 0333641 0036658
 1837454 0087012 0004134 0332307 1547052 0036658
 0871424 0002778 0936012 1524024 0549183 0876920 2347635 2348144 2939193 0444504 2347634 2348143 1710181 0743559 1442989 1608199 2828392 1708726 0444686 1441506 1443182
 1444754 1518422 0332283 1719822 0028377 0332617 0205307 0439166 0520511 1704711 2347086 1705241 1705242 0009932 0243148 0441833 0687744 1257890 1550141 1552516 1552839 1705428 1705429 1882979 2587213 3274648 0683443 0392366 1705241 1705242 1708726 0004509 1321542 0009932 0243148 0441833 0687744 1257890 1550141 1552516 1552839 1705428 1705429 1882979 2587213 3274648 0002778 0392366 0936012 1524024
 1709380 1522609 0750591 0237881
 1274040 1546471 2825142 0520510 1514811 1706462 1444754 1706316 0205250 1299351 2700149 0700589 0243148 1550141 1882979 2587213 3274648 0450348 0369773 2603361 0021966 0221138
 0520511 1704711 0450344 1553633 1547282
 0456389 1514721 2348147 3542016 0030705 1515981 0243148 1550141 1882979 2587213 3274648
 0004509 0030705 0205450 1321542 0150312 1883351 1444754 0025268 0025266 0039224 0243148 0456148 0549184 1550141 1706073 1706074 1707455 1882979 2587213 3274648 0369773 2603361
 0449911 0039224 1706073 1706074 0557702 1272706 1704674 0557702 1272706 1704674 0021966 0221138
 0872146 1444754 0004509 1321542 0009932 0243148 0441833 0687744 1257890 1550141 1552516 1552839 1705428 1705429 1882979 2587213 3274648 0449911 0333052 2607870 0557702 1272706 1704674 0557702 1272706 1704674
 0205341 1547730 1705914 1444754 1707156 3274014 3541345 0243148 1550141 1882979 2587213 3274648 1707156 3274014 3541345 0034786 1447749 0002844 0441833 0597357 0687744 1257890 1552516 1552839 1705428 1705429 3536949 2347469 0012634 0751781 0393578 0333641 1837454 0087012 0004134 0332307 1547052 1708726
 0449911 0039224 1706073 1706074 0557702 1272706 1704674 0557702 1272706 1704674
 1707455 1416989 0017337 0004509 1321542 0009932 0243148 0441833 0687744 1257890 1550141 1552516 1552839 1705428 1705429 1882979 2587213 3274648 0022885 0039593 0392366 0179630 1705968 1708726 0522476 0004509 0017428 0030705 0392760 1314939 1321542 2338314 0237753 0449788 1708726 0012634 0751781 0393578 0333641 1837454 0087012 0004134 0332307 1547052 0030705 0243148 1550141 1882979 2587213 3274648 0034786 1447749 0869040 0002844 0557651 0597357 1273517 1708726 2603343 3536949
 0444504 2347634 2348143 0549183 0876920 2347635 2348144 2939193 0456389 1514721 2348147 3542016 1708726 0441833 0687744 1257890 1552516 1552839 1705428 1705429 0021966 0039224 0221138 1706073 1706074 0745732 3272378
 0002085 0456148 0549184 1547282 0086715 1514721 1514721 0042789 1947903 0021966 0221138
 1547282 0037775 0376249 0439603 0871396 1561548 1705502 0237580 1708726
 1708726 0520511 1704711 0002085 0205341 0237753 0449788 1547730 1705914 0205214 1522138 3245511
 0456389 1514721 2348147 3542016 0439084 0728893 0243148 1550141 1882979 2587213 3274648 0439084 0728893 0030705
 0002085 0205341 1705914 0205171 1720467 0004509 0030705 0442726 1321542 1511790 0450345 0450302 0369773 2603361
 0520511 1704711 0009932 0243148 0441833 0687744 1257890 1550141 1552516 1705428 1705429 1882979 2587213 3274648 0444505 0205341 1547730 1705914 0444505
 0520511 1704711 0441833 0687744 1257890 1552516 1705428 1705429 1880371 0444505 0427514 0205090 0333051 0205448 0205341 1705914 0205341 1705914
 0871424 0002778 0936012 1524024 1547282 1514861 1882932 0004388 0205172 0004509 0030705 0205341 1321542 1547730 1705914 0369773 2603361
 0237580 0037775 0376249 0439603 0871396 1561548 1705502 0751781 0393578 0333641 0332185 1704788 3539106 1708726 1837454 1547282 1416886 1442449
 1708726 0751781 0002085 1441672 1518422 0684224 0700287 3496591 0007457 0032659 0043157 0205307 0439166 1257890 2347086
 0237884 0456389 1514721 0445247
 1708726 1837454 0456389 1514721 2348147 3542016 0009932 0243148 0441833 0687744 1257890 1550141 1552516 1705428 1705429 1882979 2587213 3274648 1515981 0441833 0687744 1257890 1552516 1705428 1705429 0021966 0221138
 0684224 0700287 3273238 1547282 0004388 0205341 1705914
 1708726 1705241 1705242 0549183 0017270 0205212 0439603 1837454 0087012 0004134 0332307 1547052 0004509 1321542 0009932 0243148 0441833 0687744 1257890 1550141 1552516 1552839 1705428 1705429 1882979 2587213 3274648 0751781 0393578 0333641 1441233 0017337 1837454 0021966 0221138
 1444754 0030705 0332128 1705175 1705176 1705177 1705178 1882348 1292732 0027361 2347489 0205447 1708726 0332148 0750492 0004388
 0237753 0449788 0030705 0004388 0012634 1708726 0039224 0439070 1705160 1706073 1706074 0745732 3272378
 0030705 0205453 0150312 1883351 0004388 0012634 0012634 0386212 1548689 1708726
 0004388 1837454 0087012 0004134 0150312 0332307 0449450 1547052 1708726
 1548682 0332256 2700400 0004388 1708726 1837454 1708726
 0449911 0039224 1706073 1706074 0557702 1272706 1704674 0557702 1272706 1704674 0439070 1705160
 2360800 1830427 0237753 0449788 0520510 1514811 1706462 0332290 0150312 0449450 0557651 1441672 2603343 1444754 1706316 0205166 1706317 0021966 0221138
 1883712 0237580 0037775 0376249 0439603 0871396 1561548 1705502 1708726 0012727 0243148 1550141 1882979 2587213 3274648
 0237753 0449788 0024554 0086582 0243148 1550141 1882979 2587213 3274648 0332290 0557651 2603343 0205171 0205453 1720467 2827734 2981698 0036869 0008633 0150312 1883351 0179630 1705968 0002085
 0947630 0684224 0700287 3496591 0179630 1705968 0002085 0008120 0032659 0152035 1257890 2827734 2981698
 1979874 0008633 0205452 0439787 0849355 0030705 0332256 2700400 0179630 1705968 0205341 1547730 1705914 1708726 0450302 0369773 2603361 0369773 2603361
 0520511 1704711 1547282
 0205341 1547730 1705914 0445247 0243148 1550141 1882979 2587213 3274648 1705241 1705242 0441833 0687744 1257890 1552516 1552839 1705428 1705429 1299395 0237881 0750502 1546944 0369773 2603361
 1274040 1546471 2825142 1708726 0034786 1447749 0439603 1708726 0004509 0030705 0205217 0442805 1321542
 1367578 1335671 0017337 0034786 1447749 0446509 0017446 0205147 0559522 1546649 1550642 0031843 0542341 0700205 1705273 1947931 0035150 1314939 0332120 0033640 0031727 0033684 0012634 1538301 0017337 1947931 0232896 0031843 0035150 0542341 0700205 0748342 1314939 1705273
 0033640 0031727 0033684 1538301 0033640 0031727 0033684 2346714 1881379 0027061 1538301 0027882 0027836 0007634 3282337
 0002778 0936012 1524024 1708726 1547282 0030705 0034786 1447749 0002844 0597357 3536949 1708726 0004388 1708726 0439070 1705160
 0442805 0173021 0175671 1518422 1552870 0030705 1708726 1518422 0332256 2700400 0004388 1708726
 1511726 3245479 1518422 1457869 1861101 0205266 0872403 1947912 0598312 2984261 0012854 1883725 1155661 2984283 0043240 0374711 0030705
 0683954 1274040 1546471 2825142 1705535 0000768 0220810 0017296 0243067 0314603 0282537 0205341 1444783 1547730 1705914 1880177 1708726
 1547282 0033105 0220900 0032659 1257890 0002085 0237753 0449788 1707520 0039259 0237580 0376249 0439603 0520511 0871396 1561548 1704711 1705502 2347469
 1511978 0004083 0439849 0596306 0699792 0376249 0439603 0871396 1561548 1705502 0015031 0032659 1257890
 1265611 1521721 1512571 0004388 1517331 0205229 0282537 0012634 0079411 0205341 1547730 1705914 1880177 3146294
 0376249 0439603 0871396 1561548 1705502 1708726 0012655 0220898 0443228 1274040 1546471 1704243 2825142 0012634
 0012634 0439660 0439064 0747726 1547282 1882365 0442824 0030695 0150369 0181904 0596972 1521743 1704646 0040722 0242781 1521797 0042789 1947903 0549178 1883351 0002085 0012634 0205229
 0455164 0039421 0012634 0442805
 0009807 0036043 1705187
 1511726 3245479 1444656 0439092 0547044 1515021 0030705 1444754 1706316 0012634 0205217 0442805 0277564 1708726
 0030705 0007294 0012634 0033105 0205217 0220900 0439660 0442805 1274040 1546471 2825142 0680063
 0185125 1947919 2347934 3539080 0039798 0087111 1522326 1533734 1705169 3538994 0030705 0846617 0017296 0205171 0220825 0314603 1261322 1720467 0220908 0220909 1698960 1710031 1710477 1705535
 1552616 1706244 1274040 1546471 2825142 1547282 1444754 0012634 1708726 0034786 1447749 0751781 0393578 0333641 1518422 1837454 0087012 0004134 0332307 1547052 0443228 0549177 1704243 0243148 1550141 1882979 2587213 3274648 0681850 1550501 1706203 2349001 2697811
 0441712 1706376 0332281 1292727 0441712 1706376 0282537 0205341 1444783 1547730 1705914 1880177 1883351 1517331
 0520510 1514811 1706462 0221193 2986676 0370003 2347026 0031831 1707664 2348314 3540849 1553033
 0861352 0600659
 0043227 0449719 1521721 1709471 0018173 1551807 0039260 0041740 0205476 1515981 0028971 1705272
 1316572 1317574 1369612 0282413 0439086 2827736 2981702 0376649 1442065 1704729 0041740 0205476

 2827734 2981698 0442650 0039260 0039260 0008115
 0013849 1705961 0024492 1538057 1547565 0039260 0332293 1514811 1706462 0520510 1514811 1706462 0684312 1556026 1705366 0205090 0684010 2603358
 1444754 1706316 0450429 1515974 0205088 1705314 1705315 1880389 1883221 3541951 0001721 0031843 0040624 0542341 0700205 1705273
 2347379 0028606 0000857 0600678 1552863 0193959 0021966 0221138 0369637 0441923 0029408
 0023745 0524894 0282537 0205341 1547730 1705914
 0777169 0025141 0016360 1424823 0033727 0369286 0441932 0564385 1512024 0073187 1510707 0205090 0439267 0684010 2603358
 1708595 3280986
 0205419 0677504 0205145 1515974 2825164 0017296 0314603 1274040 1444783 1546471 2825142 1514893 1706463 2699488
 0007634 1269647 1704653 1948049 0025141 0597277 1708601 0678579 0206461 0033727 0369286 0441932 0564385 1553033
 0205341 1547730 1705914 0439849 1705630 1706279 3540605
 1418943
 0268596 2700624
 3642273
 0041703 0234833 0722388
 0553604 0012634
 0439394 1706495 3642217
 0237607 3245512 1419408

 0369637 0441923 1216185 1412493 0369637 0441923 1915092 0369637 0441923 0369637 0441923 0369637 0441923
 0031843 0037868 0542341 0700205 1705273 0242007 0027126 0410226 0026850 0026845 0333606 0442025

 0369637 0441923 0597277 1708601 0861352 0033727 0369286 0441932 0564385 0085999 0033727 0369286 0441932 0564385 3495095 2603360 0999213 2603362 2347469 1431628 0016327 0439133 1553038 0861352 1553033 3495095
 0185125 1947919 2347934 3539080 0449913 1553451 1704459 0005862

 1315013
 0022877
 0003461 2939124 0025141 0439267 1553033 0369718 0441922 1553036 2347469 0597277 1708601 0439394 1706495 3642217
 1880022 0035696
 0325074 2827734 2981698 0025141 1512018 0369637 0441923
 1517512 0017296 0035647 0314603 0039798 0087111 1522326 1533734 1705169 3538994 0021364 0021359 0034866 0220908 0220909 1698960 1710031 1710477

 0025141 2603360 0033727 0369286 0441932 0564385
 0024408 0012634 0008651 1520600 0008633 1520599
 0325074 0025141 0369773 2603361 0369637 0441923 0439394 1706495 3642217
 0332120 1447749 0034786 0002844 0086418 0597357 3536949 2347946

 0027960 0324740 0439189 1456781 1824986
 0325074 0000857 0600678 1552863 0021966 0221138 0452875 1123019 1145701 3496086 0073187
 2699424 0455164

 0025141 0205090 0684010 2603358 2603360 0439114 0033727 0369286 0441932 0564385 0014175 1427293 0597277 1708601 0033727 0369286 0441932 0564385 0205090 0684010 2603358
 0751781 0393578 0333641 0751781 0393578 0333641
 0325074 0025141 1512018 0369637 0441923 0369637 0441923 0439394 1706495 3642217 0597277 1708601 0005595 2603360 0332173 0439228 0439505
 0015127 1314792 1524003 0348078 0376315 1522492 1837454 0087012 0004134 0332307 1547052
 0325074 0025141 0205090 0684010 2603358 0369637 0441923 2347469 0033727 0369286 0441932 0564385
 0678928 0596611 0314613 0017337 0026882 0026846 0026845 0333641 0442025
 0349590 1262865 0025141 1420068 0597277 1708601 0183964 0033727 0369286 0441932 0564385 0452875 1123019 1145701 3496086 0073187 0021966 0221138
 0205341 1547730 1705914 0678951 0032529 0005516 1519104 0021364 0021359

 0025141 0439267 0439394 1706495 3642217 2603360 1553033
 1866227 0026578 0392053 2987512 0301630 0441610 0200931 0032520 0677874 0002778 0936012 1524024

 0027960 0324740 0439189 1456781 1824986
 0325074 0000857 0600678 1552863 0205090 0684010 2603358 0369718 0441922 1553036 0369718 0441922 1553036 2603360 0369637 0441923
 1707520 0441833 0687744 1257890 1552516 1552839 1705428 1705429 0022271 0237753 0449788 0017337



 0325074 0450389 0025141 0205090 0684010 2603358 0369718 0441922 1553036 0369718 0441922 1553036 2603360 0369637 0441923
 0021149 0220856 0022389 0178443 0022389 0027567 0178443 1707455 1709269 0282537 0332281 0179630 0205341 0237753 0441994 0449788 1548802 1705914 1705968 2003888
 0022271


 3642273 0025141 2603360 0597277 1708601 0597277 1708601 2603360 1563875 0205090 0684010 2603358 0597277 1708601
 0393547 1839259 0026846 0026845 0333641 0442025 0156312 0332281 0205070 0333641 0151313 0442874 0445254 0007320 0085973 0801757 1548372 0004398 0684224 0700287 0868928 1706255 1706256 3273238


 3642273 0025141 0085999 0033727 0369286 0441932 0564385 0861352 0033727 0369286 0441932 0564385 1532717 1881335 3495095 2603360 3495095 0369637 0441923 0597277 1708601
 0002778 0936012 1524024 1708726 2985435 0026882



 0325074 0025141 0051767 0057671 2346686 2603362 1539794 0597277 1708601 2603362 0033727 0369286 0441932 0564385 0687673 0205090 0684010 2603358
 0033684 1704222 1416989 0017337 1514468 1704444 0024408 1333198 0033684 0006104 1269537

 0025141 0205090 0684010 2603358 0597277 1708601 0369637 0441923 0597277 1708601 0369637 0441923 2603362
 0392747 1554963 0205341 1547730 1705914



 0325074 0025141 0205090 0684010 2603358 0369637 0441923 0369637 0441923
 0015295 1367578 0314604 1335671 0017337 1447749 0332281 0476089 0848454 0007097 0042149 0227843
 0027960 0324740 0439189 1456781 1824986
 0007090 0025141 2603360
 0020124 0086345 0017398 0017399 1521991 1419408
 0037683 0003980 0037173
 0033727 0369286 0441932 0564385 0205544 0439267 2603360 0205090 0684010 2603358 0439267 0439114
 0587267 0004083 0439849 0596306 0699792 0439660 0087012 0004134 0017270 0439603 1556094 0032659 1257890



 0325074 0025141 1553033
 0012634 0557061 0033213 1706387
 2603362 0016327 0439133 1553038 0678536 2347469 0205090 0684010 2603358 1510707 2603360
 0002778 0936012 1524024 0027126 0410226 0026882 0079946 0333606 0439659 1515981 1550512



 0325074 0025141 0439267 0328104 1415875 2826366 0597277 1708601 0369718 0441922 1553036 0597277 1708601 2603360 0021966 0221138
 0033684 1704222 1416989 0017337 1514468 1704444 0024408 0024264 0205396 1550043 1551388 0006104 1269537


 2347379
 0025141 0205090 0439267 0684010 2603358
 0027126 0410226 0333606
 2347469
 3538926 0012634 1444783

 0021966 0221138 0597277 1708601 0597277 1708601 0369637 0441923 2603362
 1444754 1706316 0030705 2349975 0004509 1321542
 0042077 1555893 1556013 0025141 0369637 0441923 0597277 1708601
 0369637 0441923 0021966 0033727 0221138 0369286 0441932 0564385 0369637 0441923 0033727 0369286 0441932 0564385 0038239 0369637 0441923
 0205341 1547730 1705914 0150904 1516213 0030705 0238033 0242787


 0325074 1006780 0033727 0369286 0441932 0564385 2347469 0369637 0441923
 1444754 1706316 0006142 0678222 1286083 0332281 2945759
 2347379 0006142 0678222
 1292734 1522326 0025141 1431628 0033727 0369286 0441932 0564385 0085999 1553033 0439267
 0021149 0220856 1551910 0282537 0332281 0179630 0205341 0237753 0441994 0449788 1548802 1705914 1705968 2003888



 0325074 0025141 0450348 1515023

 1272684 1548435