 0007616 0204727 0205409 0220862 1516240 2611086 0007589 1511938 2945687 0740116 2827735 2981700
 0740116 2827735 2981700 0740116 2827735 2981700 0740116 2827735 2981700 0439086 2827736 2981702 1704729 0013227 0025118 0557806 0027976 1879958 0683939 0205099 0013227 0025118 0557806 0027976 1879958 1513817 0683939 0205099 0013227 0025118 0557806 0027976 1879958 2347782 0008972 0683939 0035168 0205099 0205210 0242481 0013227 0025118 0557806 0027976 1879958 0221193 0013849 1705961 0024492 1538057 1547565 0439739 1272684 1548435 0520510 0557061 2584313 1514811 1706462 0023884 0736268 1278929 2346688 0334213 0038250 0007634 0870134 3282337 0475311
 0007616 0204727 0205409 0220862 1517162 0023884 0736268 1278929 2346688 0332256 2700400 0237753 0449788
 0038250 0227525 0870432 1516240 0017337 0227525 1441672 0007634 3282337 0872357 0007634 3282337 0017337 0001483 0348011 0086022 0442335
 0012634 0348080 1705253 0038250 0007634 3282337 0439231 0007634 1269647 1704653 1948049 0205172 1293097 2919030 2919031 0333118 0333684 0863140 0022526 0178725 1261273
 0038250 0007634 3282337 0007589 0205286 0205615 0227525 0025914 0025929 0026809 0085110 0494261 0021051 0205082 0205195 0450429 0574895 1515974 1720477 1948054 0023884 0736268 1278929 1720477 1948054 2346688
 0007634 3282337 0736268 0023884 0933845 1278929 2346688 0332282 0160390 3263722 3263723
 2346714 1517162 0023884 0736268 1278929 2346688 0332290 0333668 0001811 1820230 0678723 0870861 1254042
 0947630 0007616 0204727 0205409 0220862 2335680 0178784 1548787 1292732 0441712 0007634 1269647 1515981 1704653 1948049 0017296 0017337 0039798 0087111 1363945
 1705313 0242767 1186763 0870134 0007634 3282337 0221908 0015965 0521457 0086418 0520510 0557061 2584313 1514811 1706462 1516240 0205170 0443211 1272684 3146287 3263722 3263723 0596263
 3156633 0334094 1514485 0205171 0439044 0679994 0023884 0736268 1278929 2346688 0227525 0023884 0736268 1278929 2346688 0007589 0205615 0872357 0007634 3282337 0023884 0736268 1278929 2346688 1881379
 1171322 0038250 0007634 3282337 1707959 0030274 1278931 0005953 0086590 0262950 0376152 0391978 1266908 1266909 1546708 0227525 0007634 3282337 0521114 0522498 1514917
 0301944 0543488 0440042 1521738 2346620 2349184 3539073 0302189 0007634 0039798 0087111 1269647 1363945 1704653 1948049
 0206152 0007634 3282337 0017262 0017337 0185117 0023884 0736268 1278929 2346688
 1555307 0302189 0007634 0039798 0087111 1269647 1363945 1704653 1948049 0332197 1689985 0227525 0443348 0010405 0443288
 1524063 0042153 0457083 1947944 2983310 1546466 0018896 1552861 0007634 1269647 1704653 1948049 0017296 0017337 0039798 0087111 1363945
 0439170 0227525 1517162 0012568 0227525 0015272 0442808 0032578 0599946 0596290 0007634 0334094 1269647 1514485 1704653 1948049 0007581 0231337 1999167
 0038250 0227525 0439170 0007634 3282337 0227525 0007634 3282337
 0518609 1705535 0449416 1705919
 0023884 0736268 1278929 2346688 0014144 0231051 1521980 0439230 0032961 1637379 0005388 0439230
 0460089 0439531 0439671 1948053 0227525 0007634 0205054 3282337 0005516 1707959 0001924 0002210 0201539 1367597 1979927 0017911 0017755 0031678 1149880 1366449 1414387 1417826 1514229 1705885 0005516 1707959 0017040 0017011 0030962 1552644 2349976 0081937 1414141 0022709 0030940 1947941 0010806 1334314 0010803 0022564 0368675 0003320
 0005516 0439230 0243107 0678723 1527148 1517162 0015965 0023884 0521457 0736268 1278929 2346688 1444648 0370215 1875400 0557651 2603343 0007584 0237753 0449788
 0007620 0038952 0220921 0443252 0010453 0205166 1515273 1705313 1706317 2826302 1292732 0441712 0038250 0007634 0370215 0870134 3282337 2335680 0178784
 0520510 0520510 0557061 2584313 1514811 1706462 0242291 0440744 0736268 0040300 0376691 3484370 0013227 0025118 0557806 0205540 2346845 2699414 1261322 0086911 0282443 0972401 1552617 1948070 0018704 1272753 2607850
 0017504 0001779 0015965 0521457 0205210 0443211 0449381 1272684 1442989 2828392
 0013018 1527169 0205160 1513916 2825415 2825491 0019169 0019186 0019163 0019378 0019158 0019159 0042776 0521026 0795623
 0007634 3282337 1135241 0023884 0032961 0205409 0332174 0439230 1548221
 0007616 0204727 0205409 0220862 0010453 0220814 0430400 2242979 0023884 0736268 1278929 2346688 1549538 0019215 0037494 1959973 0439477 0017725 2678549 1882074 0020283 0450407 0450408 0450409 0220806 0220806 1719918 3272558 3538743 0332283 0006353 0162745 0683758 0027971
 0023884 0736268 1278929 2346688 0205117 0332282 1883708 0039142 0332464 1301886 1706072 2828386 2945608 0006353 1439852 0456693 1442458 0439232 0700321 0702093 1282918 2347166
 0007634 3282337 1516695 1516698 0332182 0450376 0181805 0947693 1135584 1552983 2346972 2828386 1548982 0006353 1720725 1948050 0007703 0441436 0993610 1998480 0439267 0886384 1442468 0439232 0700321 0702093 1282918 2347166 0450376
 0441436 0993610 1998480 0009458 0205224 0439536 0547040 1524031 1705217 2945599 3244283 0021641 1533581 1579433 0020268 0030842 0220892 0038425 0002679 0085795
 0007620 0007634 0443348 1269647 1704653 1948049 0237753 0449788 0041213 1610316 0013343 1260957 1565627 1524063 0181168
 0007585 0040284 0010453 0032167 0040300 0220814 0430400 1547928 2242979 1439852 0332256 2700400 0007452 0015965 0229671 0521457 1140701 1546774 1550100
 0009458 0439536 1705217 3244283 0392747 0443172 0332173 0439228 0007634 0334154 1518422 3282337 0991865 0006353 0031603 0031701 0036082 1601799 2678549 1882074 0020283 0450407 0450408 0450409 1720830 1823521
 0009458 0162867 1254021 0392747 0443172 1442459 0439228
 0007634 0334154 3282337 0013618 0041236 0849355 1720119 1948037 2827734 2981698 1720830 1823521 0456692 0702093 0521114
 0010453 1534709 1881714 0439086 2827736 2981702 1524063 0013618
 0007634 3282337 0016701 0439962 0677542 0037633 0041740 0043193 0525069 0012403 0740116 2827735 2981700 0456603 1610540 0560268 2349105 0180098 0027976 1879958
 0007634 3282337 1698986 0260055 1550121 0028158 0302908 0348011 1304698 1546699 1550581 1561501
 0009385 0227525 1517162 0007585 0439170 0920515 0007634 0015965 0023884 0521457 0736268 1278929 2346688 3282337 0556636 1269776 1517600 1522449 1548980 0231441 0040284 0010453 0032167 0040300 0220814 0430400 0439583 1547928 2242979 0439479 0555206 0439479 0555206 0009325 1167364 0439227 0444456
 0009325 1167364 0034703 0034693 0034721 0039259 0185115 3541890
 0039259 0022417 0392905 0039508 0580846 0180950 0439787 0849355 0332454 0041625 0332157 0439584 0456696 1442770 0439227
 1883351 0039508 1280538 0439586 1442464 0439227 0000983 0000985 0001128 0202406 0981805 1720119 1948037 2827734 2981698 0332283 0016107 0337174 1698986 1753314
 0007634 3282337 3179110 3179112 0007634 0009325 0444456 1167364 1269647 1704458 1704653 1706359 1948049 0442504 1704765 1882509 3496241 0079240 0439801 0009458 0439536 1705217 3244283 0559956 1299987 0439230
 0439158 0017440 0330463 0427896 0444626 0678580 1533132 1704641 2986582 0017911 0017755 0031678 1149880 0017040 0017011 0030962 1552644 2349976 2258734 1150165 1150095 0441655 0936012 1552738
 2986483 0040223 0205173 1632851 1705764 0007634 3282337 0439479 0555206 0005971 1139930 3537155 0012634 0348080 1705253 0332283 2827734 2981698 0439086 2827736 2981702 0439084 0728893 1547085 0439228 0205087 0007595 0018270 0220844 1621966 2911660 0034866
 0032246 0016263 0806140 0814048 0936012 0231337 1999167 0019635 0185117 1552738
 0871261 0007634 0392366 3282337 0020498
 0227525 0031006 0031001 0162745 0205409 1442989 1548221 2828392
 0018284 0018270 0220844 1621966 2911660 1521761 2827422 0036152 1826357 0040691 1527194 1719918
 0040077 1442460 0439227 1524062 1442450 0439227 0564385 0243126 0444706 3541902 1552738
 0087071 0423896 0456205 0005507 0243073 1510438 0302828 0680240 0947322 1273517 1442085 1705426 3263700 0205474
 2717940 0007634 3282337 1883676 0439178 1446409 1514241 2825490 0243148 1550141 1882979 2587213 3274648
 0007634 3282337 0024348 0007634 3282337 1273517
 0443286 1114821 0205174 0205341 1720725 1948050
 2828366 1442447 0439232 0700321 0702093 1282918 2347166 0018837 1148756 0087071 0205177 0439167 0441655 1561536
 0007634 3282337 0332157 1300565 0456695 1292430 0439227 0024348 0369637 0441923 0456693 1442458 0439232 0700321 0702093 1282918 2347166 2348236 0005903 0039476 1547703 0007703 0441436 0993610 1998480 0001963 0231441 0443218 2827483 0000983 0000985 0001128 0202406 0981805 0439086 2827736 2981702 0560268 2349105 0450376
 1621812 0017596 0444330 1947936 1521827 0017542 0523205 2986582 0025664 0184661 2700391
 0200765 0002778 0936012 1524024 1704254 1704922 3542466 1273517 0037585 1551532
 1880945 0002778 0936012 1524024 0017262 1273517 0304925 0001924 0009013 1522642 1719918 0072348 1418544 0683758 0010806 1334314 0010803 0022564 1551491 0027971 0010808 1416746 0010803 0022564 0002210 0201539 1367597 1719918 0029297 0032145 0032144 0032140 1367553 1999216 0441729 0332307 1547052 0220806 3272558 0683758 0027976 1879958
 0016263 0806140 0814048 1273517 1253961 0007634 3282337 0036774 0036773 0728877 1720830 1823521
 0003241 1720119 1948037 2827734 2981698 3541314 1883708 1720830 1823521 0229671 1546774 1550100 0036774 0036773 0728877 0001924 0007452 0229671 1140701 1546774 1550100
 0001924 1720830 1823521 1720119 1948037 0205171 0439044 0679994
 0007634 3282337 0439227 2986582 0450376 0003241 0085216 0522529 0936012 1524063 0331782
 0005863 0007634 3282337 0024348 0041175 0077281 0814229 0037494 1959973 0133689
 0033684 0005507 0243073 0444706 1510438 3541902 0600209 1514893 1704732 2699488
 0025255 0596901 1706182 0991850 0026131 0028778 0332206 0349374 0424612 0444318 1518422 2825079 2983591 0041415 0041175 0006353
 0010806 1334314 0010803 0022564 1273517 0036774 0036773 0728877
 0003241 0021027 1273517
 0033684 0007634 3282337 0010654 1947910 0025646 0205447 0439227 0564385
 0033684 0040900 0001128 0185115 0202406 3541890 0037517 0037473 0220853 0597484 0600209 1538570 1514893 1704732 2699488 0332283 0004400
 0175723 0056269 0017243 1260957 2986582 0037813 0030956 0037812 0577559 0936012 1306372 2713504 2984732 3152252
 1517499 0017337 0040671 1705822 0557651 0947630 2603343 0086022 0442335 1705099 0017387 0014279 0017296 0043194 0258432 0314603 0444669 1167518 1421478 1706352 1882467 3274653 0013227 0025118 0557806 0027976 1879958 0035366 0079679 0206037 1273517 1552738
 0040669 0021966 0221138 0019169 0086860 0086222 0038975 0086860 1552738 0332152 1705850
 0206153 0007634 0029216 0040732 0040733 1269647 1704653 1948049 3282337 0439084 0728893 0040223 1632851 0231441 0991566 0331955 0007634 3282337 0439526 0991566
 0227525 0007634 3282337 1720154 0085112 0085110 0494261 0021051 0025914 0025929 0026809 0205082 0205195 1512658 1706907 0025919 0085110 1552738 1279919
 1710369 0439228 0441833 0687744 1257890 1552516 1705428 1705429 0369718 0441922 1553036 0332293 0178602 0205449 1522326 1272706 0007022 0007009 0175960 0026156 0026162 0028908 1517288 2827734 2981698 0560268 2349105
 0017911 0081937 1414141 0022709 0030940 1947941 0017040 0017011 0030962 1552644 2349976 1149895 1149880 0441655 2986582 1552738
 1883351 0017911 0010806 1334314 0010803 0022564 0007634 3282337 0070066 0231441 0443218 2827483 0027021 0031179 1318719 1883708 0020281 0001963 0456693 1442458 0439232 0700321 0702093 1282918 2347166
 0487602 1704680 0007634 3282337 0018019 0028778 0229671 0332206 1265549 1510458 1546774 1550100 2983591 0456693 1442458 0439232 0700321 0702093 1282918 2347166 0010806 1334314 0219510 0552722 1426926 0003241 0010803 0021027 0022564 0439212 1439852 0005574
 0243122 1145667 1167622 0051979 0018019 0025914 0025929 0026809 0392752 1265549 1510458 1719918 1524063 0004434 0005575 0439855 1704241 2700256 0086022 0442335 1705099
 0085188 0304925 0001924 0086418 0182400 1704681 2347609 3536729 1719918 1979927 0243122 1145667 1167622 0027021 0031179 0442726 0449913 1318719 1511790 1553451 1704459
 0085188 0070066 0231441 0443218 2827483 0205155 1293097 1522472 1552923 1705191
 0444330 1701810 1882955 0456693 1442458 0439232 0700321 0702093 1282918 2347166 0016568 0439232 0700321 0702093 1282918 2347166 0012893 0012264 0012854 0086418 0182400 0439175 0439810 1704681 1708632 2347609 3536729 1275573 0020898 0021764 0022271 0886384 1442468 0439232 0700321 0702093 1282918 2347166
 0020202 1300517 0884358 0439583 0332283 0441648 0016568
 0205155 1293097 1522472 1552923 1705191 0002059 1318717 0012264 0031678 0522529 1149880 1439852 1979842 0331965 1442450 0439227 0564385 2348236 0005903 0039476 1547703 0009393 1550604 1705245 1710236
 0001473 1706373 0017755 0031678 1149880 1552738
 1883351 0007584 0237753 0449788 0023884 0736268 1278929 2346688 0040300 0162788 0444498 0020202 1300517 0681850 1550501 1706203 2349001 2697811 0025663 0025664 0449851 0936012
 0449468 1690016 1705102 2700258
 0007584 0237753 0449788 0023884 0205146 0736268 1278929 1704788 2346688 3539106 0439378 0007634 0439243 1300557 3282337 1280412 0205309
 1883351 0750572 0805525 1264633 1517914 0023884 0025914 0025929 0026809 0736268 1278929 2346688 0310255 1272706 1273517 0007584 0237753 0449788 0206153 0029216 0040732 0040733 2825218
 0040300 0017814 0231441 0443218 2827483 0006353 0029385 0029383 0231441 0443218 0687676 1704687 2827483 2984971 0077854 0000975 2986582 1707903 0032167
 0205155 1293097 1522472 1552923 1705191 0040722 0181839 0242781 0332128 1521797 1706379
 2828391 1511726 3245479
 0237881 0750502 0022885 0038492 0039593 0392366 0936012 1551041 1552573 1707520 0022885 0037585 0039593 0392366
 1709380 0042295 0750591 0237881 0750502 1546944
 1274040 1546471 2825142 0520510 0557061 2584313 1514811 1706462 0205409 1548221 0806987 0227525 0439170 0007634 1513475 3282337 0443348 0039224 1706073 1706074
 0032659 1257890 0017471 0439962 0014597 1273342 0007634 0221908 3282337
 1550608 0014772 0014792 0439179 1277078 0005773 1637379 0010453 0220814 0333668 0430400 2242979 0012634 0348080 1705253
 0007634 3282337 2986815 1547282 1516240 0439230 0439231 0332257 0439064
 0010453 0007584 0007634 0205409 0237753 0407295 0443211 0449788 0549177 1272684 1548221 3282337 0007616 1180059 0007634 1979936 3282337 1257890 1518422 0205309 0205171 1720467 0007600 0007635 3282338
 0449911 0039224 1706073 1706074 0557702 1272706 1704674 0557702 1272706 1704674 0039224 1706073 1706074
 0010453 0220814 0430400 2242979 0439170 0038250 1517162 0227525 0007634 0023884 0736268 1278929 2346688 3282337 0015272 0543482 1880022 1547282 0007634 2825407 3282337 0005516 0017040 0017011 0030962 1552644 2349976 0017755 0031678 1149880 0017911 0081937 1414141 0022709 0030940 1947941 0450344 1553633
 0007634 3282337 1547282 0332437 0543482 0700329 0700619
 0010453 0205225 0220814 0430400 0439631 2242979 2364041 0334154 1518422 0007634 0334154 3282337 0332257 2323499 0007634 3282337 0333668
 0740116 2827735 2981700 1442465 0439230 0014597 1273342 0007634 0221908 3282337 0020498 0010834 0205431 1522492 0332490 1709368 0007610 0029237 0029246 0220885 1300196 1522486 0450345
 0007634 3282337 0015272 0348078 0376315 1522492 0017262 0185117 0017755 0031678 1149880 0017911 0017337 0081937 1414141 0022709 0030940 1947941 0017040 0017011 0030962 1552644 2349976
 0443252 0010453 0205166 0220814 0430400 1515273 1705313 1706317 2242979 2826302 0439231 0243091 1521816 2700385 0332437 0543482 0700329 0700619 0227525 0332479 0348078 0392747 0522512 0669372 0010453 0205225 0439631 0007634 3282337 1166795
 2607943 2926606 3539655 0007634 1441672 3282337 0023884 0205409 1548221 1705242 0007634 1515981 3282337 0040223 1632851 1705242 1442103 1547049 0010453 0220814 0430400 2242979 0332282 0010405
 1883351 0232741 0031843 0542341 0700205 1705273 0007634 3282337 0205265 0936012 0017262 0185117
 0947630 0439086 2827736 2981702 0439084 0728893 0439799 0439170 0007634 3282337 0017755 0031678 1149880 0017040 0017011 0030962 1552644 2349976 0017911 0081937 1414141 0022709 0030940 1947941 2348205 0010453 0205225 0439631 1416886 1442449
 0185117 0017911 0017755 0031678 1149880 0005516 0017040 0017011 0030962 1552644 2349976 0081937 1414141 0022709 0030940 1947941 0237753 0449788 0007634 3282337 1705535 0007634 3282337 0005516 0680240 0017262 0017337 0185117
 1883351 1711411 0332149 1705910 2362652 0010806 1334314 0010803 0022564 0005400 1280889 1711174 0005388 0007634 0205286 0687028 1267211 1550227 1705650 3282337 0007600 0007635 3282338 0016327 0439133 1553038
 0681814 1547282 0007600 0007635 3282338 0017911 0010806 1334314 0010803 0022564
 0033105 0220900 0010453 0185117 0005516 0017040 0017011 0030962 1552644 2349976 0081937 1414141 0022709 0030940 1947941 0443228 1704243 0042789 1947903 0043194 0258432 0680240 1421478 0185117 0010806 1334314 0010803 0022564 0205171 1720467 0007634 3282337
 0449911 0333052 2607870 0557702 1272706 1704674 0557702 1272706 1704674 0349966 1337208
 2827734 2981698
 0871161 1292721 0010453 0220814 0430400 2242979
 1547282 0017755 0031678 1149880 0017911 0081937 1414141 0022709 0030940 1947941 0185117 0017040 0204727 0205409 0220862
 0336721
 0026019 2984656 0013852 0026018 3463986 0439799 1412751 1427831 1539372 1547282 0332437 0543482 0700329 0700619 3280497 0007609
 1547282 0026049 0336721 0243092 0043194 0258432 0680240 1421478 0332437 0543482 0700329 0700619 0007634 3282337
 0687760 1551065 2346972
 1449562 0007585 0010453 0205225 0220814 0430400 0439631 2242979 0185117 0005516
 0007634 3282337 0010453 0220814 0430400 2242979 1442462 0439230 0333668 0007634 0334154 1518422 3282337 2364041 0010453 0220814 0430400 2242979
 0010453 0220814 0430400 2242979 1547282 0007634 3282337 0017337 0205280
 0016327 0439133 1553038 1547282 0439542 0009393 1550604 1705245 0010806 1334314 0010803 0022564 0678579 0009393 1550604 1705245 0336721 0038250 0007634 3282337 0872351 1546854 0016327 0439133 1553038
 0007634 3282337 0023884 0205409 1548221
 1517331 1883351 0017262 1861886 0017337 0185117 0949466 1273517 0349966 1337208
 0007634 0205225 0439631 3282337 0017337 0227525 1441672 1707959 0001924 0002210 0201539 1367597 0029297 1979927 0017337 1707959 0010806 1334314 0010803 0022564
 0007634 3282337 0870432 0005516 0150312 0872357 0007634 3282337 0010808 1416746 0010803 0022564 0032145 0032144 0032140 1367553 1999216 0441729 0332307 1547052
 0392148 0441729 0449475 1705535 0205265 0311400 1167624 1524026 1947902 2707259 2827499
 1547282 1171362 0185117 0009458 0439536 1705217 3244283
 0037813 0037812 0577559 1306372 2713504 2984732 3152252 0005863 1711411 0033684 0032145 0032144 0032140 1367553 1999216 0441729 0332307 1547052
 0449774 0007600 0007635 3282338 0039224 1706073 1706074
 0005516 0443252 0007585 0007634 0010453 0205166 0220814 0430400 1515273 1705313 1706317 2242979 2826302 3282337 0449286 1704240 0392747 0007634 0205087 1269647 1704653 1948049 2984079 0439799
 0449911 0333052 2607870 0557702 1272706 1704674 0557702 1272706 1704674 0349966 1337208
 0740116 2827735 2981700
 0017262 1861886 0017337 0185117
 0949466 1547282 0017262 1861886 0017337 0185117 0279759 0279766 1418864 3538934 3538935 0007634 3282337 0332257 1881488 0010454 0009458 0010453 0220814 0430400 0439536 1705217 2242979 3244283
 0072348 1418544 0010808 1416746 0010803 0022564 0010806 1334314 0010803 0022564 1518422 0007634 0205442 0439799 3282337
 1080898 0596973 0348078 0376315
 0032145 0032144 0032140 1367553 1999216 0185117 1547282 1167624 1947902 2827499 0010654 0441833 1999270 3537156
 0334227 2717940 0006826 0007634 0998265 1306459 1707455 3282337 0038250 0007634 3282337 1547282 0205217 0442805 1171362 0185117
 0037813 0037812 0577559 1306372 2713504 2984732 3152252 1705535 0175723 0439645 1521913 0032145 0032144 0032140 1367553 1999216 0441729 0332307 1547052 0005863 1553033 1547282 0032145 0032144 0032140 1367553 1999216 0185117 0038250 0007634 3282337 2717940 0007634 1518422 3282337 0441833 1999270 3537156
 0449911 0039224 1706073 1706074 0557702 1272706 1704674 0557702 1272706 1704674 0039224 1706073 1706074
 1956267 0002778 0936012 1524024 1547282 0007634 3282337 0205341 0040223 1632851 0439231
 1883351 1264633 0805525 1554103 0557651 2603343 0220781 0439634 1522492 0007634 0334154 1518422 3282337 1442462 0439230 0010453 0007634 3282337
 0947630 0439170 0227525 0007634 3282337
 0007634 3282337 0040284 0180454 0010453 0032167 0040300 0220814 0430400 1547928 2242979 0005971 1139930 3537155 0205171 0439044 0679994 0439158 0205431
 0439170 0007634 3282337 1166718 0007634 0439859 1517600 1522449 1548980 1704458 3282337 0005971 1139930 0007634 3282337 0392366 0439158 0013682 0700364 1514721 2348147 3542016
 0439158 0015272 0871161 1292721 0005971 1139930 3537155 0017262 0017337 0023884 0185117 0736268 1278929 2346688 1547282 0392148 0017755 0031678 1149880 0017911 0081937 1414141 0022709 0030940 1947941 0017040 0017011 0030962 1552644 2349976 0439083 0439087
 0012634 0348080 1705253 0085732 0558058 0871161 1292721 0599947 0030685 0391871 0439180 0680255 1283071 1963578 0012634 0348080 1705253
 1883351 0007600 0007635 3282338 0205342 0557651 2603343 0040691 1527194 0018284 0018270 0220844 1621966 2911660 1521761 2827422 0205225 0439631 1417248 1419691 0439170 0007634 3282337 0439170 0007634 3282337 0205449 1412751 1427831 1539372 0040223 1632851 0966870 1425194 1548702 0302512 0023884
 0227525 1273517 0443211 1149472 0205177 0439167 0441655 1561536
 0274281 0332157 0040691 1527194 0227525 1547282 0205450 0598312 1328870 1817262 0220781 1883254 0369773 2603361 0450365 1706097
 1979874 0598312 1328870 1817262 0220781 1883254 0442739 2346711 0018284 0332157 0018270 0220844 1621966 2911660 1521761 2827422
 0038250 0007634 3282337 0205342 1515981 1518422 0598312 1328870 1817262 0220781 1883254 0369773 2603361
 2607943 2926606 3539655 0681814 1524062 1706386 1711411 0680240 1515926 0004927 2707008 0486616 1555710 0030685 0391871 0439180 0680255 1283071 1963578 0018284 0018270 0220844 1621966 2911660 1521761 2827422 0007634 3282337
 0449911 0333052 2607870 0557702 1272706 1704674 0557702 1272706 1704674 0349966 1337208
 0439086 2827736 2981702
 0596290 0334094 1514485
 0439158 0038250 0007634 0205431 0205437 0439799 0870134 3282337 0012634 0348080 1705253
 1704458 0205091 1552822 0441833 1999270 3537156 1547282 0026018
 0441833 1999270 3537156 1547282 0017911 0017755 0031678 1149880 0185117 0017040

 0871208 1521828 0598312 1328870 1817262 0332282 1292856 1948023 0040691 1527194 0034693 0034721 0205217 0227525 0442805 0038250 0007634 3282337 0040691 1527194
 0002778 0936012 1524024 0023884 0205409 0205448 0443299 1548221 1547282 2986483 0040223 0205173 1632851 1705764 0439227 0007634 3282337 0439799 2986483 0040223 0205173 1632851 1705764 0205087 1441672 0439799 0302512 0013018 0023884 0040288 1527169
 0007584 0237753 0449788 0205200 0521108 0020498 1547014 1948059 1166718 0007634 3282337 0020498 0439799 1514873 1442457 0439230 0439799 1514873 0439230 0205200
 1518422 0033105 0220900 0032578 0185117 0233426 0700364 0439799
 0150312 1148756 0087071 0205177 0439167 0441655 1561536 0205451 0332462 1880834 0369773 2603361 0439170 0007634 3282337
 1148756 0087071 0205177 0439167 0441655 1561536 0007634 3282337 0023884 0205409 0736268 1278929 1548221 2346688 1882932 0332232 0032659 1257890 0205173 1705764
 0752095 0002778 0936012 1524024 1417248 1419691 0205103 1550465 2827755 1412751 1427831 1539372 0439799 0966870 1425194 1548702 1547282 0007634 1268443 3282337 0678594
 2607943 2926606 3539655 1705535 0007616 0204727 0205409 0220862 0430400 0025664 0184661 2700391 1999230 0032659 1257890
 0007634 3282337 0443348 0332282 0030685 0391871 0439180 0680255 1283071 1963578 0332257 0010405 0007634 3282337 0010453 0220814 0430400 2242979 0020498 0231441 1314972 0332282 1710378 0443252 0010453 0205166 1515273 1705313 1706317 2826302 0039224 1706073 1706074
 0449911 0039224 1706073 1706074 0557702 1272706 1704674 0557702 1272706 1704674 0039224 1706073 1706074
 0237820 1555688 2004454 0332282 0007589 1511938 2945687 0227525 0443211 3245505 0205435 1279901 0040732 0332835 0700106 0085112 0025914 0025929 0026809 0085110
 1883351 0392752 0206152 1179886 0007634 3282337 0007634 3282337 0439086 2827736 2981702 0439084 0728893 1948050 0040223 1632851 0231441 0991566
 1442462 0439230 0680940 0439170 0206152 0007634 3282337 0205431 0577559 1306372 3152252 0450373 1553636
 0427850 0392148 0162788 0444498 0020202 1300517 1711411 1524063 0012854 0182400 1704681 2347609 3536729 0007610 0007634 1269647 1704653 1948049 0450375 1553033
 0206152 0007634 3282337 0017755 0031678 1149880 0017911 1979927 0001924 0439267
 0026019 2984656 0013852 0026018 3463986 0439230 0521108 1547282 0243091 1521816 2700385 0332437 0543482 0700329 0700619 0026049 0205111 0205148 0007610 3280497 0007609 0005393 1292426
 0449911 0333052 2607870 0557702 1272706 1704674 0557702 1272706 1704674 0349966 1337208

 1515655 0227525 0038250 1540661 0007634 0023884 0736268 0870134 1278929 1539479 2346688 3282337
 0007634 3282337 1547282 1442462 0439230 1279039 1704247 0011334 0031153 0333343 0442034 1510420
 0577559 1306372 3152252 0332437 0543482 0700329 0700619 0523207 0038128
 0162788 0444498 0020202 1300517 0427861 0007610 0007634 1269647 1704653 1948049 0040300 0182400 1704681 2347609 3536729 0750563 1547282 1710082 1553033
 0206152 0007634 3282337 0332256 2700400 0017755 0031678 1149880 0017911 1979927 0016327 0439133 1553038 0001924 0439267
 0336721 1325641 0010837 0017911 0993609 1552961 2347617
 0033727 0369286 0441932 0564385 1547282 0013852 0596928 3463986 2346972 0231441 2346972
 0007634 3282337 1705417 0332437 0543482 0700329 0700619 0205111 0205148 0336721 0007610 0007609 0026237 0005393
 0027651 0085112 0025914 0025929 0026809 0085110 0205431 0369718 0441922 1553036 0439231 0369718 0441922 1553036 0021485 1272883 1533685 1828121 0023884 0680240 0332197 1689985 0040682 1510411 1705163 0012634 0348080 1705253
 0038250 0007634 3282337 0017337 1522062 1517914 0227525 0007634 0023884 0025914 0025929 0026809 0736268 1278929 2346688 3282337 0332256 2700400 0016955 0022959 0017337 1441340 0007634 3282337
 1524063 0042153 0457083 1947944 0086022 0442335 0022959 0120285 0033684 0007634 3282337 0017262 0017337 0185117
 0007634 3282337 0851285 0162326 0185117 0007634 3282337 0205449 0205450 0332462 0443228 1704243 1880834 0162326 1547282 0205454 1151115 0205177 0439167 0441655 1561536 0369773 2603361
 0029216 0040732 0040733 0007634 3282337 1538611 1539371 0007634 3282337 0085112 1517914 0023884 0025914 0025929 0026809 0085110 0736268 1278929 2346688 0310255
 1517001 0206152 0007634 3282337 0205054 1883067 1442450 0439227 0564385 1442449 0332173 0439228 0439505
 0206152 0007634 3282337 1521975 0734013 1139930 0736268 0023884 0933845 1278929 2346688
 0206152 0007634 3282337 1547282 1516240 0332293 0349966 1337208 1522326 0439267
 0200760 0002778 0936012 1524024 0003062 1547282 0206152 0007634 3282337 0450316 1517914 0023884 0025914 0025929 0026809 0736268 1278929 2346688 2827734 2981698 1442450 0439227 0564385 0039224 1706073 1706074
 0206152 0007634 0040732 0332835 0450382 0700106 3282337 0023884 0736268 1278929 2346688 1517914 0023884 0025914 0025929 0026809 0736268 1167395 1278929 2346688 2827734 2981698
 0206152 0007634 3282337 0237753 0449788 0205217 0442805 1511501 0003062 0243148 1550141 1882979 2587213 3274648 0369718 0441922 1553036 0007634 3282337 0227525 0007634 3282337 0025914 0025929 0026809 0369718 0441922 1553036 0369773 2603361 0871472 0022885 0039593 0392366 2603360
 1882932 0442805 0043194 0258432 0680240 1421478 0205172 0205447 0487470 0332490 0206152 0007634 3282337 0332282 3263722 3263723
 0449911 0333052 2607870 0557702 1272706 1704674 0557702 1272706 1704674 0349966 1337208
 0439084 0728893
 0038250 0007634 3282337 1517914 0023884 0025914 0025929 0026809 0736268 1278929 2346688
 0162788 0444498 0020202 1300517 1547282 0525021 0475264 1744691 1517162 0023884 0736268 1278929 2346688
 0040300 1547928 1547282 0332197 1689985 0182400 1704681 2347609 3536729 0750563
 1553033 1547282 0206152 1519718 0007634 3282337 0336721 0017446 0205146 1517914 0023884 0736268 1278929 2346688 0439584 0456696 1442770 0439227
 0073187 0016327 0439133 1553038 1547282 1158478 1705422 0439230 0029216 0040732 0040733 0206152 0007634 3282337 0162788 0444498 0020202 0392752 1300517 0336721 0185117 1148926 0205177 0439167 0441655 1561536 1080898
 0206152 0007634 3282337 1441672 1547282 0439230
 0439267 1547282 0007584 0237753 0449788 0039798 0087111 1522326 1533734 1705169 3538994 0205263 0596290 0007634 0334094 1269647 1514485 1704653 1948049
 0016327 0439133 1553038 0439267 0025701 0332583
 0449911 0039224 1706073 1706074 0557702 1272706 1704674 0557702 1272706 1704674 0039224 1706073 1706074
 1514470 0301944 0557061 2584313 1514811 1706462 2607943 2926606 3539655 0007584 0237753 0449788 1517162 0015965 0023884 0086418 0205409 0521457 0736268 1278929 1548221 2346688
 0007634 3282337 0015272 0871161 1292721 0332257 1516240 0205173 0205341 1883725 1883351 0017337 1441672 0872357 0007634 3282337 0332257 0002210 0201539 1367597 0017040 0017011 0030962 1552644 2349976 0010808 1416746 0010803 0022564 0010806 1334314 0010803 0022564 3538723 0032145 0032144 0032140 1367553 1999216 0441729 0332307 1547052 1883351 1522062 0227525
 0427850 0392148 0017911 0010806 1334314 0010453 0010803 0022564 0043194 0258432 0680240 1421478 1517331 0017262 0017337 0185117 0007634 3282337
 1883727 1883357 0332120 0392148 1881379 0005516 0332149 1705910 2362652 0038250 0427385 1318444 0007634 3282337
 0018017 1571704 1883351 0205263 0007589 1511938 2945687 1881379 0007634 0150312 0332285 1269647 1704653 1948049 0017296 0017337 0039798 0087111 1363945
 0332268 0150312 0449450 0025663 0025664 0449851 0007589 1511938 2945687 0439092 0547044 0205390 0543488 1300072 1306673 0205615
 0007590 0598312 1883725 0010453 0220814 0430400 2242979 0035280 0333117 1753315 1516240
 0038250 0007634 3282337 1518422 0007634 0037179 0087136 0205171 1441547 3245521 3282337
 0007634 3282337 1547282 1516240 0439158 2362652 0002778 0205229 0936012 1517331 1524024
 0577059 0023884 0736268 1278929 2346688 0332256 2700400 0007634 3282337
 1979874 0007634 3282337 0087071
 0032659 1257890 0205173 1705764 0007634 3282337 1547282 0334094 1514485
 1979874 0227525 0332218 0024501 0205229 0007585 0010453 0220814 0430400 2242979
 1518422 0018284 0018270 0220844 1621966 2911660 1521761 2827422 0150312 0449450 0007452 0015965 0229671 0521457 1140701 1546774 1550100 0023779 0449432 0205286 0227525 1514873 0010453 0220814 0430400
 0227525 1947950 0007634 0023884 0736268 1278929 2346688 3282337 0038250 0007634 3282337 0310255 3179110
 0185111 0947647 0332257 0030685 0391871 0439180 0680255 1283071 1963578 0086045 0007603 3161472 0599732 0007634 0025255 0439801 0596901 1269647 1704653 1706182 1948049 3263722 3263723 1947946 2948600 3540471 3540472 0015252 0728940
 0020268 0018790 0237477 0392351 0521111 1326347 0334094 1514485 2350175 1257751 2350243 2350052 0018956 0038250 2323499 0007634 0018957 0229601 0870134 3282337 0021641 1533581 1579433 0033414 0185023 1947904 1999228
 0302523 0700325 3244290 0010453 0220814 0430400 0558058 2242979 0012634 0348080 1705253
 0227525 0010453 0220814 0430400 2242979 1517945 0017337 1955394 0001924 1548556 0439170 0014597 1273342 0007634 0221908 3282337 0017337
 0086860 0392148
 0040691 1527194 0043194 0258432 0680240 1421478 0871261 1547282 0034703 0007634 0034693 0034721 1441547 3245521 3282337
 0007590 0598312 1883725 1257909 0007634 0205263 2986476 3282337 2243368 0003343 0003320 1367342 1720833 0600499 1711351 0443342 0040684 0040682 1510411 1705163 0205263 0012655 0220898 1264642 1547045
 1979874 0038250 0007634 3282337 0439509 0032659 1257890 0205173 1705764
 1516240 0007634 3282337 1517162 0015965 0023884 0037179 0087136 0205171 0205409 0521457 0736268 1278929 1548221 2346688
 0227525 0332293 1514873 1522326 0027361 2347489 0007634 3282337 0008059 0680063
 0007595 0010453 0220814 0430400 2242979 0185125 0018896 1552861 1282927 1806781 2350002
 1517499 0017337 0040671 1705822 1524063 1514926 0035366 0086022 0442335 0205195 0679199 1280519 1704419 0023884 0736268 1278929 2346688 0854628 0017296 0017337 0039798 0087111 1363945 2346874
 0449255 0542559 1158478 1705422 2611086 0007589 1511938 2945687 0933845 1517914 0023884 0736268 1278929 2346688 1524063 0042153 0457083 1947944 1548787
 1511726 3245479 1547282 1709707 0025914 0025929 0026809 0745777 0029216 0040732 0040733
 2607943 2926606 3539655 1518422 1264633 0805525 1554103 0032718 0226735 1281393 1305775 0042449 0205054 0333312 1278960 0227523 1267604 0682624 0449297 1382187 2825073 2348628 1709854
 1517945 0015252 0728940 0947630 1441672 1547282
 0150312 0449450 0427861 0007634 3282337 0038952 0220921 1551058 1517914 0023884 0736268 1278929 2346688 0007634 0035804 1707455 3282337
 0018284 1521761 2827422 0449432 0007582 1704675 1521761 2827422 0038952 0220921 1517914 0023884 0736268 1278929 2346688
 0750729 2607943 2926606 3539655 1518422 0332196 2828389 0007634 3282337 1547282 0301944
 0543488 0549177 1704243 2987476 0443211 0301944 1517914 0023884 0736268 1278929 2346688 0184511 0332272 1561611 2347946 0005507 0022885 0039593 0392366 0871161 1292721 0042153 0457083 1947944 0007634 0150312 0332285 1269647 1704653 1948049 0017296 0017337 0039798 0087111 1363945
 1883712 0227525 0035804 1517914 0023884 0736268 1278929 2346688 0206152 0007634 0040732 0205197 0332835 0700106 3282337
 0679133 0596290 0334094 1514485 1517914 0023884 0736268 1278929 2346688 0332282 0235378 0043194 0258432 0680240 1421478 0871161 1292721 0227525
 0017296 0017337 0039798 0087111 1363945 1511726 1948027 3245479 1547282 0237820 1555688 2004454 0332282 0010405 0920429 0007634 3282337 0442598 0872261 0042153 0457083 1947944
 0005507 1704780 1273517 1280519 1704419 0007589 1511938 2945687 0227525
 0005507 0243073 1510438 1515655 0332257 0038250 0007634 3282337 0332152 0042153 0205210 0243148 0457083 1550141 1882979 1947944 2587213 2826257 3274648
 0470187 1523347 0243107 0678723 1527148 0085605 0023901 0023884 0231174 0392366 0680095 0736268 1278929 2346688 0039005 0227525 0439801 1135183 3542948 0007600 0007634 0205132 1269647 1704653 1948049
 1705192 0227525 0439801 3542948
 0185125 2699424 0920595 0243107 0678723 1527148 0947630 0449913 1553451 1704459 0013175 0947630
 0449719 1521721 1709471

 0205090 0684010 2603358
 1999230 0022959 0120285
 0205090 0684010 2603358
 0369637 0441923
 0439394 1706495 3642217
 1999230 0052495 0003987 0597357 0072354 1418224 0012771 0022202 1979927
 0205090 0684010 2603358
 0037813 0030956 0037812 0577559 1269765 1306372 2713504 2984732 3152252
 1514811 1706462 0520510 0557061 2584313 1514811 1706462 0369637 0441923

 1517917 0227525 0038250 0007634 0242767 1186763 3282337 0449913 1553451 1704459




 0439394 1706495 3642217 0205090 0684010 2603358 2603362
 0033727 0369286 0441932 0564385 0369718 0441922 1553036 0051767 0057671 0597277 1708601
 0369637 0441923 2603362

 0178784 0851285 1880371 0332257 0023884 0736268 1278929 2346688 0237876 0282637 0007634 1269647 1704653 1948049 1881379
 0450387 0025141 1001898 0033727 0369286 0441932 0564385
 0369773 2603361 2603362
 2603362

 0443264 1882726 0023884 0034693 0034721 0736268 1278929 2346688 0872357 0007634 0334213 1709367 2949735 3282337
 0022877

 0025141 0028778 0332206 1533157 1706084 2828370 0439267

 2347469
 2603362
 2603360 2603360
 0439267
 0597277 1708601

 0018270 0220844 1621966 2911660 0449774 0062534 1524023 0205263 0040688 0040691 0439095 1527194 2003941 2350010 1704788 3539106 0009458 0439536 1705217 3244283


 0000857 0600678 1552863
 2347469 0597277 1708601
 0439267
 0205090 0684010 2603358

 0554249 0439267



 0220825 1261322 1517917 0227525 0014597 1273342 1707937 0038250 0007634 3282337 1515655
 2611086 0007589 1511938 2945687 0029216 0040732 0040733 1882726 0023884 0034693 0034721 0736268 1278929 2346688



 0000857 0600678 1552863 0369637 0441923
 2603362
 0439267 1425720 2603362
 0205090 0684010 2603358
 0439267 0369773 2603361

 2603362


 1879547 0334094 1514485 0007589 1511938 2945687 0227525 3161035
 1418943

 0268596 2700624
 3642273
 0041703 0205090 0684010 2603358
 0369773 2603361 0369773 2603361 2603362
 2603362

 0439849 1705630 1706279 3540605 0872357 0007634 1709367 2987476 3282337 0227525
 0596263 0000857 0600678 1552863

 1710052 2348205 1882726 0023884 0034693 0034721 0205263 0736268 1278929 2346688 0015023 0000248 0001034 0025736 0376169 0442757
 2347379


 0439267 0597277 1708601

 0021966 0221138 0439267

 0369773 2603361 0439267
 0369637 0441923

 0597277 1708601


 0017296 0314603 1516924 0392747 0443172 0087071 2826170



 0369718 0441922 1553036

 0023907 1318485 0023884 0034963 0736268 1278929 2346688


 0450355 0025141 0016633 0021966 0221138

 0205090 0684010 2603358 2603362
 2603360
 0369718 0441922 1553036
 0205090 0684010 2603358 0369773 2603361
 0021966 0221138 0597277 1708601 2347469
 2603362


 0039798 0087111 1522326 1533734 1705169 3538994 0010324 1998344 0029216 0040732 0040733
 0369718 0441922 1553036
 1414400


 1423088 3273338 0205090 0684010 2603358 2603362

 0449297 1382187 2825073 0332282 1160185 1279919 1167395 0301872 0439662 0871261 0221284 0007634 1269647 1521840 1704653 1948049 2986546 1704675

 0025141 0439267
 0205090 0684010 2603358 0033727 0369286 0441932 0564385 2603362

 0032578 0012860 0332281 0012854 0311404 3263722 3263723 0599946 3245505

 3642273





 0451119 1444662
 0593972 0025141
 0205090 0684010 2603358


 1280500 0007600 0007635 3282338 0227525 0014597 1273342 0007634 0221908 3282337
 0086403 1555763 0025141 0369773 2603361 0012358 1553033

 1158478 1705422 0081937 1414141 0022709 0011155 0030940 0034693 0034721 1636779 1947941
 1418943

 0268596 2700624
 3642273
 0041703 0369773 2603361 0369773 2603361
 0205090 0684010 2603358 0012358 1553033 0205090 0684010 2603358


 0227525 0039798 0087111 1522326 1533734 1705169 3538994 0574032 1827465 0062534 1442521



 0369773 2603361 0205090 0684010 2603358
 0369773 2603361 0331683 0936043 1018825 0369773 2603361
 0369637 0441923

 1705654 1158478 1705422 0734013 1139930 1179581 1179028 0014257 0205054 0332453 0442041 1709305 2745955 0227523 1267604
 0086403 1555763 0025141 0369773 2603361 0205090 0684010 2603358 0337811
 0369718 0441922 1553036 0439267
 0205090 0684010 2603358

 0017262 0887940 0017337 0185117 0439851 1947931 0007589 0007634 0205156 1269647 1301808 1442792 1511938 1518422 1552607 1704653 1948049 2945687 3148680


 0201682
 0597277 1708601 0369637 0441923
 0369637 0441923


 0020792 0205396 0020119 1523347 0243107 0678723 1527148
 0086403 0450348 1555763 0025141 0446375 0459208 1691760
 0205090 0684010 2603358 2603362
 0369773 2603361 0369773 2603361
 2603360

 0010453 0205307 0220814 0430400 0439166 2242979 2347086 0034693 0034721
 0021135 1533691 2827718 0025141 0033727 0369286 0441932 0564385 0369637 0441923
 0439394 1706495 3642217

 0085801 0002778 0936012 1524024 0227525
 0007634 1269647 1704653 1948049 0021135 1533691 2827718


 0450348 0025141 0369718 0441922 1553036 2603360 0597277 1708601
 0033727 0369286 0441932 0564385 0315755 0064494 0369718 0441922 1553036 0016633 0021966 0221138
 0369773 2603361

 0199176 1706420 2700409 0034693 0034721 0227525
 0036397 0033727 0369286 0441932 0564385 0439394 1706495 3642217 0021966 0221138
 0439394 1706495 3642217 0369637 0441923

 0018956 0038250 2323499 0007634 0018957 0229601 0242767 1186763 3282337 0205615 0227525 1515655


 0025141 0439267
 0597277 1708601 0369637 0441923


 0023907 1318485 0023884 0034963 0736268 1278929 2346688
 0036397 1423088 3273338 0205090 0684010 2603358
 2603362 2603362

 0949479 0041904 0162493 0598312 1328870 1817262 0220781 1883254 1517499 0013682 0017337 0035366 0040671 0205054 0442808 1514873 1705822


 0201682
 1423088 3273338 3495095 2347469 0439394 1706495 3642217
 2603362

 0851285 1327622 0870134 0449475 0332120 0007634 3282337
 0017262 0017337 0185117 0025141 1423088 3273338 0369773 2603361 0205090 0684010 2603358 0439267
 2603362

 0851285 1327622 1257909 0007600 0014597 0007634 0205132 0221908 1269647 1550648 1552960 1704653 1948049 0034703 1882726 0577059 0023884 0034693 0034721 0205307 0439166 0736268 1278929 1441547 2346688 2347086 3245521


 0025141 0597277 1708601 0369637 0441923 0369637 0441923

 0029216 0040732 0040733 0443289 0038250 0007634 0242767 1186763 1269647 1704653 1948049 3245505 1522062 0227525



 0000857 0600678 1552863 0369773 2603361 0205090 0684010 2603358
 3495095

 1280500 2348382 0018956 0038250 2323499 0007634 0018957 0229601 0870134 3282337 0021294
 0230467 0741204
 0451119 1444662
 0008059 0680063
 0015965 0521457
 1552240 1552264 2939425
 3538926
 2347469

 0597277 1708601
 0242747 1417035

 0597277 1708601 0369718 0441922 1553036 2603362

 2603362
 0369773 2603361

 0005955 0542536 0222677 0005953
 0036397 0369773 2603361 0597277 1708601
 0597277 1708601 0205090 0684010 2603358
 2603362

 1280519 1707887 0036043 1705187 0035804
 0017163 0025141 0439394 1706495 3642217
 0369637 0441923
 0369637 0441923

 0227525 0007589 0007634 0205615 3282337
 0086403 1555763 0025141 0439394 1706495 3642217


 0007589 1511938 2945687 0021135 1533691 2827718



 0000857 0600678 1552863
 0597277 1708601
 2603360 2603362
 0597277 1708601
 0439267
 0597277 1708601

 0443252 0010453 0205166 1515273 1705313 1706317 2826302 1516348 0024501 0040648 0040649 1521761 2827422 0232741 0542341


 2347379

 0025141
 0369773 2603361
 0369637 0441923



 0871161 1292721 0439170 0227525 0014597 1273342 0038250 0007634 3282337




 0016327 0439133 1553038 1708595 3280986 0369773 2603361 0439394 1706495 3642217
 0369637 0441923

 0332120 0023884 0736268 1278929 2346688
 0007589 1511938 2945687 0025141 0369773 2603361 0439394 1706495 3642217
 0369637 0441923 2603362

 0038250 0007634 3282337 1524063 0034693 0034721
 0027960 0324740 0439189 1456781 1824986

 2347379
 0025141 2603362
 0033727 0369286 0441932 0564385 0369773 2603361 0439267
 0205090 0684010 2603358 0205090 0684010 2603358 0205090 0684010 2603358
 0369773 2603361
 0016327 0439133 1553038 1708595 3280986 0439394 1706495 3642217
 0369637 0441923 2603362

 0032578 0599946 0598312 1883725 1515877 1879547 0441471 3541888 0007581



 0033727 0369286 0441932 0564385 2603360 0205090 0684010 2603358
 0439267 0328104 1415875 2826366 2603360

 1148756 0020115 0087071 0205177 0439167 0441655 1561536 1707455 2239176
 2347379
 0450382 0000857 0600678 1552863 0369718 0441922 1553036
 0205090 0684010 2603358 0439114
 0369637 0441923
 2603362

 0805874 1441547 1524082 0005955 0222677 0005953 0025914 0025929 0026809 0085079 2985509
 0086403 0450355 1555763 0025141 0205090 0684010 2603358

 0036576 0079809 0242485 0596290 0007634 0334094 1269647 1514485 1704653 1948049
 0007595 0018270 0220844 1621966 2911660 0007589 1511938 2945687 0231337 1999167
 0449445
 0027976 0205314 0041740
 0439114 0369718 0441922 1553036 0597277 1708601 0597277 1708601 2603360

 0007616 0204727 0205409 0220862 0600547 0324537 2697858 0008802 0034693 0034721 0205166 0939899 1112857 1572168 1706317 0040682 1510411 1705163 1515655
 0086403 1555763 0025141 0369637 0441923
 0033727 0369286 0441932 0564385 0337811 0033727 0369286 0441932 0564385
 2603360 1553033 2347469 2603362 0205090 0684010 2603358
 0439267

 0185125 1947919 2347934 3539080 1517499 0017337 0040671 1705822 0227525


 0740116 2827735 2981700 0025141 1706852 1517917 0227525 0038250 0007634 0023884 0242767 0736268 1186763 1278929 2346688 3282337
 1527021 1554111 1705606 3541382