 0162443 0449468 1690016 1705102 2700258 0237753 0449788 0441712 1706376 1327340 0022877 3244292 0021622 1272753 1555265 0021622 1272753 0040371 0022341 0376649 1442065 0282413 0021622 1272753
 1667939 1555265
 0254343 0796520 3272379


 0085205 1549619 1880669
 0013849 1705961 0024492 1538057 1547565 0520510 0025663 0025664 0449851 1514811 1706462 0205349 1514623 1516451 3542952 0205349 1514623 1516451 3542952 0950625 0242210 0033684 0243122 1145667 1167622 0567416 0299212 1418985 2986918 0006104 0205146 0392752 1269537 0002395 1521724 0012634 1314939 0030664 0205469 0677042 0002395 1264633 1521724 0012634 0205422 0745777 1554103 1749467 1948047 0006104
 0299212 1418985 2986918 0332281 0171484 0205177 0439167 0441655 1561536 0205349 1514623 1516451 3542952 2753370 0085151 3538722 0033665 0033666 1456454 0002716 0011560 0033684 0611285 0851285 1314939 1327622 1709634 1709694
 1547282 1171362 0185117 0085151 3538722 1456454 0033665 0002716 0011560 0033684 0611285 1709634 1819802 0036536 0036537 0441994 1548802 2003888 0871208 1521828
 1979874 0205349 1514623 1516451 3542952 1518422 0441994 1548802 2003888 1412466 0085151 3538722 0033665 1159339 1456454 0002716 0011560 0033684 0036536 0036537 0611285 1709634 0025252 0025255 0033684 0596901 1706182
 0392747 0443172 0007578 0007577 0001511 0007634 0033684 0175633 0205349 1269647 1514623 1516451 1704653 1948049 3542952 0015127 1524003 0678226 0000894 1551058 3146286 0871208 1521828 1327161 0597297 0597304 1623036 0243125 0699900 0085151 3538722
 0681891 1280500 2348382 0036536 0036537 0085151 3538722 1456454 0033665 0002716 0011560 0033684 0611285 1709634 0007577 0001511 0175633 1443643 2266856 1705535 0205349 1514623 1516451 3542952 0439851 1947931 0085151 3538722 0033665 1456454 0002716 0011560 0033684 0611285 1709634 1261381 1948029
 0917903 0205349 1514623 1516451 3542952 0032214 0600138 0035820 1705810 0681891 1280500 2348382 1159339 0036536 0036537 0085151 3538722 1456454 0007577 0001511 0175633 0686907 0597297 1623036 1327161 0007578 0085151 3538722 0007577 0001511 0002716 0007634 0011560 0033684 0175633 0205349 0332285 0543484 0611285 0699900 1269647 1514623 1516314 1516451 1704653 1709634 1948049 3542952 0439755 0449738
 0441712 1706376 1171362 0185117 0851285
 1705313 0085151 3538722 1456454 0033665 0002716 0011560 0033684 0611285 1709634
 0208355 1325620 1752727
 2825879 0002716 0011560 0611285

 0205349 1514623 1516451 3542952 0025663 0025664 0449851 1514811 1706462 0002395 1521724 0012634 0015127 1524003 0001792 1999167
 0449719 1709471 1880022 0333463 0392148 0521119 2936349 0002716 0011560 0030956 0333562 0611285 0332529 0085151 3538722 0033665 1456454 0002716 0011560 0033684 0611285 1441547 1709634 3245521 0085151 3538722 1456454 0033665 0002716 0011560 0033684 0611285 1709634
 0085151 3538722 1456454 0033665 0002716 0011560 0033684 0611285 1709634 0205242 0205449 0333853 0441655 0597304 1947941 0171484 0599997
 0171484 0085151 3538722 0033665 0002518 1456454 1445860 0002716 0011560 0033684 0611285 1709634 0171484 0085151 3538722 0033665 0002518 1456454 0002716 0011560 0033684 0611285 1709634 1445860
 3538722 3538722 0332255 0486805 3146294 0171484 0332255 0486805 0920679 0003241 0004793 0030956 0162326 0162327 0205242 0333853 1519249 0171484
 0392148 2700640 0299212 1418985 2986918 0750901 0276496 0814120 0002395 1521724 1833334 0277558 0277793 0679245 0012634 0015576 0241888 0332162 1279919 0333562 0333463 0332281 0026882
 0033684 0872078
 0205349 1514623 1516451 3542952
 0205349 1514623 1516451 3542952 0162775 0004793 0162326 0162327 1334043 1519249 2697616 0332256 2700400 1880389 1883221 3541951 0031843 0542341 0700205 1705273 0439673
 0205349 1514623 1516451 3542952 1145667 1167622 0299212 1418985 2986918 0299212 1418985 2986918 0332281 0171484 0441655 0033666 1709694 0085151 3538722 1456454 0205349 1514623 1516451 3542952 1327340 1523260 0085151 3538722 1159402 0033665 0597299 1456454 0002716 0011560 0025519 0025520 0033684 0611285 0851285 1314939 1327622 1709634
 1274040 1546471 2825142 0520510 0025663 0025664 0449851 1514811 1706462 0205349 1514623 1516451 3542952 0085151 3538722 1456454 0033665 0002716 0011560 0033684 0611285 1709634 1327439 0036536 0036537 1292732 0681891 1280500 2348382 1159339 0036536 0036537 0085151 3538722 1514733 0814990 0007600 0205132 1550648 1552960 0679006 1947967 0032136 0475311 0205349 1514623 1516451 3542952
 0007634 3282337 0023882 0700321 2700395 0085151 3538722 1456454 0033665 0002716 0011560 0033684 0611285 1709634 0205349 1514623 1516451 3542952
 1171362 0185117 0009013 0442726 1511790 0205349 1514623 1516451 3542952 0441889 2348205 0007578 0007577 0439092 0001511 0007634 0033684 0175633 0205349 0547044 1269647 1514623 1516451 1704653 1948049 3542952 1523990 0019564 0025914 0025929 0026809 0949582 1029104 1284077 0349966 1337208
 0033684 0332256 2700400 0086022 0442335 1705099 1880497 3178895 0205349 1514623 1516451 3542952 0205435 1279901 0005863 1524063 0085151 3538722 1456454 0033665 0002716 0011560 0033684 0611285 1709634 0002520 2917660 0001128 0003241 0086418 0202406
 0030685 0391871 0439180 0680255 1283071 1963578 3538722 0205216 0392756 0442797 0009013 0205409 1548221 0205349 1514623 1516451 3542952 0080103 0205345 1547039 0332256 2700400 0086022 0442335 1705099 1880497
 1883351 0037791 1511884 1159339 0036536 0036537 0085151 3538722 1456454 0009932 0243148 0681814 1550141 1882979 2587213 3274648 0884358
 0205435 1279901 0392747 0443172 1705241 1446409 0439787 0849355 2346714 1518422 0005861 1621557 0392747 1709269 0200931 0002778 0032520 0677874 0936012 1524024
 0040669 0007634 3282337 0085151 3538722 0033665 1159339 1456454 0002716 0011560 0033684 0036536 0036537 0301630 0392756 0441610 0611285 1708698 1709634 0032659 1257890
 0205437 1159339 0036536 0036537 1518422 0392760 1314939 1333245 1333263 1514559 0033684 1334043 2697616 1512488
 0205438 1706303 0036536 0036537 0007634 0392756 3282337 0205349 1514623 1516451 3542952
 0085151 3538722 1456454 0033665 0002716 0011560 0033684 0611285 1709634 0021699 0087044 0025252 0025255 0033684 0443238 0596901 1706182 0205349 1514623 1516451 3542952 0392747 0185117 0036536 0036537 0205452 0033684
 0681891 1280500 2348382 0036536 0036537 1333498 0033684 0022984 0332128
 1705241 1705242 0007634 1441672 3282337 0085151 3538722 0033665 1456454 0002716 0011560 0033684 0611285 1709634 0205349 1514623 1516451 3542952
 0282587 1413393 0007578 1413564 0007577 0027882 0001511 0007634 0175633 0567416 0599851 1269647 1704653 1948049 1314939 0001511 0025255 0332297 0596901 1145667 1167622 1689898 1706182 2349209 0597298
 1301751 1280500 2348382 1327616 0036536 0036537 0282587 1413393 1413564 0007578 0007634 1441672 3282337 0205349 1514623 1516451 3542952
 0175723 0439645 1521913 0442726 1511790 0282587 1413393 1413564 0007578 0007577 0027882 0001511 0007634 0175633 0567416 0599851 1269647 1704653 1948049 1979900 0026385 0948775 0005910 0043100 0332621 1305866 1521991 1704241 1705104 0026691 1705240 1839259 1552738 1955473
 1334889 1235660 1540661 0007634 0679006 1269647 1314939 1539479 1704653 1948049 0243107 0678723 1527148 1709694 0597304 0010813 0596311 1330957
 0349966 1337208
 1547282 0175996 0178719 0443225 1444754 1706316 0026691 1705240 1839259 0348078 0376315 0026691 1705240 1839259 0205171 0750482 1720467 0007634 0392747 3282337 0205349 1514623 1516451 3542952
 0947630 1547282 1709694 1327340 0597299 0025519 0025520 1412466 1412466 0085151 3538722 1456454 0033665 0002716 0011560 0033684 0611285 1709634 0006631 0851285 0872078
 1705241 1705242 0185117 1441672 0392756 0547047
 1979874 3244092 0185117 0441889 0456079 1547707 2946261 0007578 0007577 0001511 0007634 0033684 0175633 0205217 0205349 0442805 1269647 1514623 1516451 1704653 1948049 3542952 0007634 3282337
 1511726 3245479 1547282 0205349 1514623 1516451 3542952 0085151 3538722 0033665 1159339 1456454 0002716 0011560 0023175 0033684 0036536 0036537 0181586 0392756 0611285 1442948 1522538 1709634 2348269 3275067 1518422 0025252 0025255 0033684 0596901 1706182
 0449911 0333052 2607870 0557702 1272706 1704674 0557702 1272706 1704674
 1159339 1327616 0036536 0036537 0205349 1514623 1516451 3542952
 0428479 0441889 0009013 0205448 1327616 0009013 0085151 3538722 0033665 1456454 0002716 0011560 0033684 0611285 1709634 0205349 1514623 1516451 3542952 0003241 0021027 0442726 1511790 0441994 1548802 2003888 0007634 3282337 0085151 3538722 1456454 0033665 0002716 0011560 0033684 0611285 1709634
 3244092 0428479 1171362 0185117 0441889 0456079 1547707 2946261 0022984 1518422 0007578 0007577 0001511 0007634 0033684 0175633 0205349 0392760 1269647 1314939 1514623 1516451 1704653 1948049 3542952
 1265611 0439267 0205452 1708715 0949466 0005863 1705493 0005507 0243073 1510438 0884358
 1327616 0036536 0036537 0441889 1518422 0007578 0007577 0001511 0007634 0033684 0175633 0205349 0392760 1269647 1314939 1514623 1516451 1704653 1948049 3542952
 0441889 0243148 1273517 1550141 1708715 1882979 2587213 3274648
 2347469 0428479 0441889 0007634 3282337 1705242 0599862 0020202 1300517 1709269 1547282 0200931 0002778 0032520 0677874 0936012 1524024
 0205349 1514623 1516451 3542952 1280500 2348382
 0001271 0243148 1273517 1550141 1708715 1882979 2587213 3274648
 0185117 1334889 0185117 0439165 0449450
 1159339 0036536 0036537 0392756 0080103 0205345 1547039 0007634 3282337 0007578 0007577 0001511 0007634 0033684 0175633 0205349 1269647 1514623 1516451 1704653 1948049 3542952 0007634 0121258 0812263 1515981 1704817 3282337 1327616
 0441833 1999270 3537156 1547282 0205349 1514623 1516451 3542952 0441833 1999270 3537156 1547282 0022984 1518422 0007578 0007577 0001511 0007634 0033684 0175633 0205349 0392760 1269647 1314939 1514623 1516451 1704653 1948049 3542952 0007634 3282337
 1709793 0022984 0282587 1413393 0007578 1413564 0007577 0027882 0001511 0007634 0175633 0567416 0599851 1269647 1704653 1948049 0185117 1334889 0009013 0034606 0441633 0205349 1514623 1516451 3542952 0369718 0441922 1553036 0439165 0449450 1549488 1561533
 0185117 0042172 0694872 0006631 1413274 1412467 2936239 0007634 3282337 0036536 0036537 0007634 3282337
 0001271 0243148 1550141 1708715 1882979 2587213 3274648
 0449911 0333052 2607870 0557702 1272706 1704674 0557702 1272706 1704674
 0299212 1418985 2986918 1159339 0036536 0036537 0085151 3538722 1456454
 0185117 0007634 3282337 0949466 0005863 0002778 0936012 1524024 1705493
 0439070 1705160 0439070 0439267 1705160 0439267 0560268 2349105 0439267 0085151 3538722 0033665 1159339 0700271 1456454 0002716 0011560 0033684 0036536 0036537 0369637 0441923 0611285 1709634 0185117 0205349 1514623 1516451 3542952 0007634 3282337 1547282
 1280500 0246694 0125179 0205170 0392366 3146287
 0007634 3282337 0243077 0332293 0392148 0440102 1522326 0033727 0369286 0441932 0564385
 1553033 1159339 0036536 0036537 0085151 3538722 1456454 0033665 0002716 0011560 0033684 0611285 1709634 0205349 1514623 1516451 3542952 1883559 0086418 0299212 0332307 0445392 1418985 1547052 2986918 0009013 0348078 0376315 1522492 0009013
 1552616 1706244 0036536 0036537
 0036536 0036537 0007578 0007577 0001511 0007634 0033684 0175633 0205349 0392756 1269647 1514623 1516451 1704653 1948049 3542952 0301630 0392756 0441610 0036536 0036537 0007634 3282337 0205349 1514623 1516451 3542952 0299212 1418985 2986918
 0441889 0456079 1547707 2946261 0007634 3282337 0205349 1514623 1516451 3542952 0299212 1418985 2986918 0441994 1548802 2003888 0007634 3282337 0299212 0596988 1418985 2986918
 0332255 1708096 0442726 1511790 1524063 0299212 1418985 2986918
 1514559 0007634 3282337 1444656
 0299212 1418985 2986918 0171484 0699919 0085151 3538722 0368670 0033665 0332281 0597304 1456454 0002716 0010813 0011560 0033684 0596311 0611285 1330957 1709634 0162788 0444498 0020202 1300517 1547282 0205349 1514623 1516451 3542952 0299212 1418985 2986918 0006104 0185027 0205146 1269537 1948020 0007634 3282337 0033684 0681891 1280500 2348382 1159339 0036536 0036537 0085151 3538722 1456454 0185117 0299212 0392747 1418985 2986918 0205177 0439167 0441655 1561536
 0185117 0007634 0442726 1511790 3282337 1524063 0443640 0003241 0021027 0205369 1552740
 0349966 1337208
 1547282 0332255 0486805 0026691 1705240 1839259
 0175723 0439645 1521913 1441672 0348078 0376315 1522492 1511726 3245479
 1883351 0028778 0332206 1533157 1706084 2828370 0299212 1418985 2986918 0439849 0445223 0441655 0243077 0205369 1552740 1273517
 0444868 3539085 0450442 1254351 1521826 1547282 1883351 0392756 0547047 0003261 0033268 0441889 0332255 0486805 0086045 1273517
 0243071 0599156 1301808 1442792 2700061 3148680 0018790 0237477 0392351 0521111 0597304 0010813 0596311 1330957 1334889 1235660
 0001992 0439070 1705160 1700414 0439070 1705160 0054533 0439070 1705160 0392366
 0007634 0150312 3282337 0205349 1514623 1516451 3542952
 1159339 0036536 0036537 0085151 3538722 1456454 0171484 0243077 0439070 1705160 0439070 1428931 1515981 1705160 0007634 3282337 0205349 1514623 1516451 3542952 0449475 0007634 3282337
 0243148 1550141 1882979 2587213 3274648 0246694 1159339 0036536 0036537 0185117 0042789 1947903 0332282
 0171484 0243077 0444868 3539085 0205245 0542341 2700217 0205217 0442805
 0007578 0007577 0001511 0007634 0033684 0150312 0175633 0205349 0332285 1269647 1514623 1516451 1704653 1948049 3282337 3542952 0439801 0750492 1710236 3542948 0085151 3538722 1456454 0033665 0002716 0011560 0033684 0611285 1709634 0470187
 1274040 1546471 2825142 2936239 0007634 1441672 3282337 0007578 0007577 0001511 0007634 0033684 0175633 0205349 1269647 1514623 1516451 1704653 1948049 3542952 1511726 3245479
 1883712 1280500 2348382 1159339 0036536 0036537 0085151 3538722 1456454 0557651 2603343
 1883559 0332307 0445392 1547052 0678941 0017337 0205349 1514623 1516451 3542952 0007634 3282337 3538722 0005507 0243073 1510438
 0349966 1337208
 1547282 3538722 0030685 0391871 0439180 0680255 1283071 1963578 1517331 0392756 0080103 0205345 1547039 0205349 1514623 1516451 3542952 0205171 0439044 0679994 0205349 1514623 1516451 3542952 0299212 1418985 2986918 1883559 0596988 0276496 0277558 0002395 1521724 0299212 1418985 2986918
 0681891 1280500 2348382 1159339 0036536 0036537 0085151 3538722 1456454 0349966 1337208
 1705052 0740116 2827735 2981700 1547282 1514559 1511276 1552825
 1883351 0681891 1280500 2348382 0003261 0033268 3178895 0205349 1514623 1516451 3542952 0007600 0007634 0205132 1269647 1550648 1552960 1704653 1948049 0332256 2700400 1832428 0348078 0376315 1522492 1327616 0030956
 0441889 0007634 0205216 0392756 0442797 3282337 0205349 1514623 1516451 3542952
 0441889 0007578 0007577 0001511 0007634 0033684 0175633 0205216 0205349 0392756 0442797 1269647 1514623 1516451 1704653 1948049 3542952
 0681891 1280500 0036536 0036537 2348205 0349966 1337208
 1327439 0036536 0036537 1883708 0021069 0444706 3541902 0004400 0014441 0349966 1337208
 0441889 0456079 1547707 2946261 0009458 0439536 1705217 3244283 1441547 3245521 0205349 1514623 1516451 3542952 0007634 3282337 0205216 0392756 0442797 1707455 0007634 3282337 0349966 1337208
 1518422 0442726 0185117 0007600 0007634 0205132 1269647 1704653 1948049 1524063 0025664 0449851 0557351 1883351 0005507 0243073 1510438
 1511726 3245479 1547282 0205349 1514623 1516451 3542952 0392756 0547047 1159339 0036536 0036537
 0449911 0333052 2607870 0557702 1272706 1704674 0557702 1272706 1704674
 0681891 1280500 2348382 1327439 0036536 0036537
 0441889 0332128 0009013 1522642 0205349 1514623 1516451 3542952 0949466 0005863 0002778 0936012 1524024 1705493
 0439164 1268822 0178587 0027468 1704254 1704922 3542466 0086022 0205171 0439044 0441889 0442335 0456079 0679994 1547707 1705099 1882115 2946261 1511726 3245479 0392747 0439165 0443172 0449450 1549488 1561533 1705241 0332288 1710181 0743559 1442989 1608199 2828392 0444504 2347634 2348143 0369718 0441922 1553036
 0377800 1336694 1455498 0085151 3538722 1456454 0033665 0002716 0011560 0033684 0611285 1709634 0949466 0005863 1705493 0005507 0243073 1510438
 1553033 1708632 0030956 0003241 0021027 0301871 0017243 0086972 0443299 0687118 0234621 0274281 0332157 0086296
 0439164 1268822 0178587 0027468 1704254 1704922 3542466 1511726 3245479 0392747 0439165 0443172 0449450 1549488 1561533 1705241 0332288 1710181 0743559 1442989 1608199 2828392 0444504 2347634 2348143 0369718 0441922 1553036
 0030956 0444706 3541902 1524063 1512888
 1511726 3245479 0205195 0003241 0444504 0449450 1150365 2347634 2348143 0033684 0012634 0348080 1705253
 1159339 0036536 0036537 0085151 3538722 1327161 0085151 3538722 0033665 0597297 0597304 0678226 1623036 1456454 0002716 0011560 0033684 0243125 0611285 0699900 1709634 3146286 1159339 0036536 0036537 0007578 0007577 0001511 0007634 0033684 0175633 0205349 1269647 1514623 1516451 1704653 1948049 3542952 0015127 1524003 0678226 1159342 0036536 0036537 1704259 1705987 1706968 1879887 2987476 3146286 0015127 1524003 0392756 0547047 0442805
 1883351 1523987 0205435 1279901 0332128 0428479 0441889
 0085151 3538722 1456454 0033665 0002716 0011560 0033684 0611285 1709634 0007634 0392756 3282337 0332256 2700400 0205349 1514623 1516451 3542952 0080103 0205345 1547039 0003241 0205448 1704788 3539106 0349966 1337208 2347469
 1883712 0428479 3244092 0441889 0456079 1547707 2946261 0007634 0205216 3282337 0007578 0007577 0001511 0007634 0033684 0175633 0205349 1269647 1514623 1516451 1704653 1948049 3542952 0021069 0003241 0021027 1709915 1882936
 1511726 3245479 0805874 0870077 1446409 0439787 0849355 0205349 1514623 1516451 3542952 2349975 1705535 1159339 0036536 0036537 0085151 3538722 0007578 0007577 1171362 0001511 0007634 0033684 0175633 0185117 0205349 1269647 1514623 1516451 1704653 1948049 3542952 0015127 1524003 0678226 1159342 0036536 0036537 0439851 1518422 1704259 1705987 1706968 1879887 1947931 3146286
 0449911 0333052 2607870 0557702 1272706 1704674 0557702 1272706 1704674
 0085151 3538722 1456454 0033665 0002716 0011560 0033684 0611285 1709634 1518422 0007634 3282337 0205349 1514623 1516451 3542952
 0428479 0441889 1881488 0007634 0442726 0444667 1269647 1511790 1704653 1948049 2347469
 1553033 1881488 0003241 0021027 3540513 0301871 0949466 0005863 0002778 0234621 0936012 1524024 1705493
 0001271 0033684 0243148 1550141 1708715 1882979 2587213 3274648
 0007634 3282337 0205349 1514623 1516451 3542952 1292732 0681891 1280500 2348382 0031227 0243127 0443331 0085151 3538722 1456454 0033665 0002716 0011560 0033684 0611285 1709634 0681814
 3540513 0301871 0085151 3538722 0009225 0884358 0205170 0439092 0547044 3146287
 0681814 1273517
 0007634 3282337 0086022 0442335 1705099 0205349 1514623 1516451 3542952 0456692 0702093 1708632 0009458 0162867 1254021 0085414 0456913 0162518 0009458 0162867 1254021
 0086022 0442335 1705099 0007634 3282337 0428479 0441889 0456079 1547707 2946261 0085151 3538722 0205216 0392756 0442797
 1979874 0428479 0441889 0456079 1547707 2946261 0205349 1514623 1516451 3542952 0007634 3282337 0205216 0392756 0442797
 0441889 0441994 1548802 2003888 0007634 0243148 1550141 1882979 2587213 3274648 3282337 0205349 1514623 1516451 3542952 1274040 1546471 2825142 0033684 0681842 1882327 0442824 1637379 0220781 1881707 1883254
 0442805 0009458 0439536 1705217 3244283 0449475 0428479 0441889 0456079 1547707 2946261 0009458 0439536 1705217 3244283 0007578 0007577 1171362 0001511 0007634 0033684 0175633 0185117 0205216 0205349 0392756 0442797 1269647 1514623 1516451 1704653 1948049 3542952 0349966
 0332148 0750492 0205349 1514623 1516451 3542952 1327161 0597297 0597304 1623036 0243125 0699900
 1511726 3245479 0805874 0870077 1446409 0439787 0849355 1523987 0205349 1514623 1516451 3542952 0423866 2626739 1327111 0597295 0220781 1883254 0085151 3538722 1456454 1443643 2266856 0208355 0243077 0392148 1325620 1711239 1752727 0428479 0441889 2348205 0205349 1514623 1516451 3542952 0243148 1550141 1882979 2587213 3274648
 0449911 0333052 2607870 0557702 1272706 1704674 0557702 1272706 1704674
 0205349 1514623 1516451 3542952 0392747 0871208 1521828
 0003264 0003241 0021027 0037791 1511884 0021069 0392366 0033684 1524063 0003241 0332257 1708639 1708639 0009225 1708639 3540513 1708639
 1704689 0017337 0033684 0301871 3540513
 2347469 0871208 1521828 0086022 0442335 1705099 0205349 1514623 1516451 3542952 0009013 1522642 0007634 3282337
 0007634 3282337 0456692 0702093 1708632 0025646 0439582 0456913 0009458 0439536 1705217 3244283
 1881488 1516695 1516698 0003241 0021027 0301871 0336721 0085151 3538722 1456454 0033665 0002716 0011560 0033684 0611285 1709634
 0428479 0441889 0456079 1547707 2946261 0040223 0445247 3541383
 0439164 1268822 0178587 0027468 1704254 1704922 3542466 1511726 3245479 0392747 0439165 0443172 0449450 1549488 1561533 1705241 1882115 0441889 0085151 3538722 1456454 0033665 0002716 0011560 0033684 0611285 1709634 0175996 0178719 0441889 1522410 0369718 0441922 1553036
 1553033 1280500 0036536 0036537 0085151 3538722 1456454 0033665 0002716 0011560 0033684 0611285 1709634
 0007634 3282337 0392148 1439852 0332197 1689985 0439582
 1265611 0009458 0012634 0229671 0332296 0348080 0439536 1516695 1516698 1546774 1550100 1705217 1705253 1880497 1996904 3244283 0162518 0600209 0002778 0936012 1524024 1704732 0681850 1550501 1706203 2349001 2697811 0428479 0441889 0949466 0005863 0002778 0936012 1524024 1705493
 1159339 0036536 0036537 0007578 0007577 0001511 0007634 0033684 0175633 0205217 0205349 0442805 1269647 1514623 1516451 1704653 1948049 3542952 0009013 1522642 0007634 3282337 0246694 0332293 1522326 0031843 0542341 0700205 1705273 0040223 3541383
 0439164 1268822 0178587 0274281 0332157 0441994 1548802 2003888 1704254 1704922 3542466 1704254 1704922 3542466 1511726 3245479 0439165 0442805 0449450 1549488 1561533 0085151 3538722 1456454 0033665 0002716 0011560 0033684 0611285 1709634 0332288 1710181 0743559 1442989 1608199 2828392 0369718 0441922 1553036
 0208355 0086597 1327161 0597297 0597304 1623036 0243125 0699900 1711411 1511726 3245479 0557651 2603343 1280500 2348382 0036536 0036537
 0064858 0018790 0237477 0392351 0521111 0030940 0030946 1947941 0246694 0018790 0237477 0392351 0521111 0597297 0597304 1623036 1156182 1511758 0243125 0699900
 1159339 0036536 0036537 0085151 3538722 1456454 0007578 1154382 0007577 0001511 0007634 0033684 0175633 0205217 0205349 0442805 1269647 1514623 1516451 1704653 1948049 3282337 3542952 0246694
 1280500 2348382 0007634 1441672 3282337 0332293 0064858 0369637 0441923 1522326 1511726 3245479
 0205172 1159339 0036536 0036537 0007634 3282337 0205349 1514623 1516451 3542952 2349975 0449238 2926735 0039798 0087111 1522326 1533734 1705169 3538994 0456951 0243148 0441889 1550141 1882979 2587213 3274648
 1511726 3245479 1547282 1327161 0597297 0597304 1623036 0243125 0699900 0085151 3538722 1456454 0007578 0007577 0001511 0007634 0033684 0175633 0205349 0392760 1269647 1314939 1514623 1516451 1704653 1948049 3542952
 0521093 0750484 1456348 1709269 1511726 3245479 1547282 1301751 0681891 1280500 2348382 0040649 0085151 3538722 1456454 0805874 0870077 1446409 0439787 0849355 1171362 0185117 1327111 0597295 0220781 1883254 0085151 3538722 1456454
 1883351 0521093 0750484 1456348 1511726 3245479 0441712 1706376 1154398 0007578 0007577 0001511 0007634 0033684 0175633 0205349 0851285 1269647 1314939 1327622 1514623 1516451 1704653 1948049 3542952 1327161 0597297 0597304 1623036 0243125 0699900 0085151 3538722 1456454 1280500 0392366
 0007634 3282337 0332293 0008269 1522326 0070915 0740116 2827735 2981700 0125179 0022947 0656383 0369637 0441923 0033727 0369286 0441932 0564385 0036536 0036537 0428479 0441889 0005863
 0125179 0022947 0656383 1521840 2986546 0208355 1325620 1752727 1518422 0018790 0237477 0392351 0521111 0597297 0597304 1623036 0033684 0243125 0699900 0428479 0441889 0456079 1547707 2946261 0007578 0007577 0001511 0007634 0033684 0150312 0175633 0205349 0332256 0332285 1269647 1514623 1516451 1704653 1948049 2700400 3282337 3542952
 1280500 0007634 1441672 3282337 0332293 0001992 0030956 1522326 0018790 0237477 0392351 0521111 0208355 0018790 0237477 0392351 0521111 2717970 0006784
 1979874 0033607 0008269 0002615 0002611 0008203 0596019 1518422 1555029 0681891 0205349 1514623 1516451 3542952 1159339 0036536 0036537 0085151 3538722 1456454
 1639518 1947986 0205160 0243148 1513916 1550141 1882979 2587213 2825415 2825491 3274648 0070915 1152589 1999216 1518422 0001721 1159339 0036536 0036537 0085151 3538722 1456454 0332290
 1280500 0441889 0085151 3538722 1456454 0033665 0002716 0011560 0033684 0611285 1709634 0392366 1159339 0036536 0036537 0085151 3538722 1456454
 1511726 3245479 0521093 0002778 0022702 0750484 0936012 1524024
 0007634 3282337 0007578 0007577 0001511 0007634 0033684 0175633 0205349 1269647 1514623 1515981 1516451 1704653 1948049 3542952 0456692 0702093 1708632 0025646 0009458 0205197 0439536 0725685 1705217 3244283 0392148 0246694
 0349966 1337208
 1547282 0567416 1514526 0021467 0021469 0184512 0208355 1325620 1628982 1752727 3463820 0871208 1521828 0007634 3282337 0205349 1514623 1516451 3542952 2348205
 1511726 3245479 0183683 1521721 1314939 0851285 1327622 1327161 0597297 0597304 1623036 0243125 0699900 0085151 3538722 1456454 0007578 0007577 0001511 0006539 0007634 0033684 0175633 0205349 1269647 1514623 1516451 1704653 1948049 3542952
 0449911 0333052 2607870 0557702 1272706 1704674 0557702 1272706 1704674
 1280500 0036536 0036537 0085151 3538722 1456454 0033665 0002716 0011560 0033684 0611285 1709634
 0007584 0237753 0449788 0033607 0030946 0243077 0392148 0440102 1439852 1947941 0332257 0008269 0369637 0441923 1708639 1708639 0070915 0369637 0441923 1708639 0369637 0441923 1708639 0369637 0441923 1708639 0125179 0125179 0369637 0441923 1708639 0022947 0022947 0369637 0441923 1708639 0656383 0369637 0441923 1708639 0246694 0369637 0441923 1708639 0033727 0369286 0441932 0564385
 1159339 0036536 0036537 0007578 0007577 0001511 0007634 0033684 0175633 0205217 0205349 0442805 1269647 1514623 1516451 1704653 1948049 3542952 0009013 1522642 0007634 3282337 0332293 1522326 0125179 0022947 0656383
 1979874 0681891 1280500 2348382 1159339 0036536 0036537 0085151 3538722 1456454 1518422 0007634 3282337 0332293 0008269 1522326 0070915
 1280500 0441889 0085151 3538722 1456454 0033665 0002716 0011560 0033684 0611285 1709634 0205170 3146287 0005507 0243073 1510438 0681814 0884358 0003241 1552738 0332300 1881488 1273517
 0001271 0243148 1273517 1550141 1708715 1882979 2587213 3274648 1511726 3245479
 0449911 0333052 2607870 0557702 1272706 1704674 0557702 1272706 1704674
 1443643 2266856 0028778 0332206 1533157 1706084 2828370 1327161 0597297 0597304 1623036 0243125 0699900
 1514534 0002778 0936012 1524024 0007634 3282337 0205349 1514623 1516451 3542952 0205349 1514623 1516451 3542952 0392148 0246694
 0007634 3282337 0456692 0702093 1708632 0025646 1883708 0009458 0205307 0439166 0439536 1705217 2347086 3244283
 0871208 1521828 0080103 0205345 1547039 0007634 0449475 0332307 1269647 1547052 1704653 1948049
 1511726 3245479 0444504 2347634 2348143 0332288 1710181 0743559 1442989 1608199 2828392
 0005863 0392148 0246694 0040223 0369637 0441923 1444656 1632851
 1704254 1704922 3542466 1547282 0442805 0205349 1514623 1516451 3542952 0007634 3282337
 1171362 0185117 0007578 0007577 1445860 0038164 0001511 0003241 0007634 0021027 0033684 0175633 0205349 0936012 1269647 1514623 1516451 1704653 1948049 3542952 0234621 0487602 1704680 0003241
 0243148 1550141 1882979 2587213 3274648 0003241 0021027 0038128 0205171 1720467 1418485 1553033
 0246694 0050322 1553033
 0007634 3282337 0041119 0033727 0369286 0441932 0564385 0007634 3282337 0033727 0369286 0441932 0564385
 0007634 3282337
 1883351 0205349 1514623 1516451 3542952 1514526 0021467 0021469 0208355 0392760 1314939 1325620 1628982 1752727 3463820 0205349 1514623 1516451 3542952 0040227 2349982 0031843 0040223 0542341 0700205 1705273 3541383 0557651 2603343 0005863 0242842 0026018
 0039798 0087111 0205217 0246694 0442805 1522326 1533734 1705169 3538994
 1704254 1704922 3542466 1547282 0007578 0007577 0007634 0860902 1268443 0231162 0001511 0033684 0175633 0205307 0205349 0439166 1269647 1514623 1516451 1704653 1948049 2347086 3542952 0012634 0348080 1705253 2324611 0027882 0007634 0010834 0027740 0027757 0332624 1280541 3282337 0349966 1337208 0050322 1553033
 0039798 0087111 1522326 1533734 1705169 3538994 0015127 1524003 0442805 0010834 0033727 0039798 0087111 0369286 0441932 0564385 1515981 1522326 1533734 1705169 3538994 0246694 0205349 1514623 1516451 3542952 0205146 0349966 1337208 1553033
 1511726 3245479 1705535 0205349 1514623 1516451 3542952 1752727
 0205349 1514623 1516451 3542952 0007577 0001511 0175633 0392756 0547047 0007578 0007577 0001511 0007634 0033684 0175633 0205349 1269647 1514623 1516451 1704653 1948049 3542952 0015127 1524003 0686907
 0085151 3538722 1456454 0033665 0002716 0011560 0033684 0611285 1709634 0542341 0085732 0086597 0007577 0001511 0175633 0205170 1301725 1609436 3146287 0999213
 1519619 0021467 0021469 1628982 3463820 0028630 0028778 0332206 1533157 1706084 2828370 0007577 0001511 0175633 0681842 1882327 1171362 0185117 1280500 2348382 0031437 1285572 1443643 2266856 0085151 3538722 1456454 0036536 0036537
 0868928 1706255 1706256 0085732 0085151 3538722 1456454 0033665 0002716 0011560 0033684 0611285 1709634 0205349 1514623 1516451 3542952 1883351 0079323 0015350 1333498 0022984 0033684 0231441 0521119 1704640 1706515 1707455
 0349966 1337208
 1547282 0185117 0007634 3282337 0332268 0085151 3538722 1456454 0033665 0002716 0011560 0033684 0611285 1709634 0442805 0871208 1521828 0022984
 1171362 0185117 0205171 0439044 0679994 0332268 1301751 1280500 2348382
 1979874 0007634 3282337 0085151 3538722 1456454 0033665 0002716 0011560 0033684 0611285 1709634 0205349 1514623 1516451 3542952 0022984 0231441 0871208 1521828 0085151 3538722 1456454 0033665 0002716 0011560 0033684 0611285 1709634
 0007634 3282337 0085151 3538722 1456454 0033665 0002716 0011560 0033684 0611285 1709634 0205349 1514623 1516451 3542952 0332157 1443643 2266856 3537238 0125179 0208355 1325620 1752727 1999216 0033727 0369286 0441932 0564385 0005507 0243073 1510438 0442805 0441889 0456079 1547707 2946261 0085151 3538722 1456454 0033665 0002716 0011560 0033684 0611285 1709634 0205349 1514623 1516451 3542952
 0125179 1518422 0392747 0871208 1521828 1518422 0205349 1514623 1516451 3542952 0449475 0007634 3282337
 1511726 3245479 0680240 1551058 1547282 0205349 1514623 1516451 3542952 0442805 1327161 1623036 0443161 0699900 1265875 0085151 3538722 1456454 0392756 0547047 0036536 0036537 0349966 0740116 2827735 2981700 0439084 0728893 0085151 3538722 1456454 0036536 0036537 1443643 2266856 0349966
 0449911 0333052 2607870 0557702 1272706 1704674 0557702 1272706 1704674
 1171362 0185117 0392756 0547047 0007577 0001511 0175633
 0007634 3282337 0023401 0439583 1442460 1708632 0871208 1521828 0022984 0031843 0040223 0542341 0700205 1705273 3541383 0520510 1552738 0025663 0025664 0449851
 0439114

 0205349 1514623 1516451 3542952
 0205349 1514623 1516451 3542952
 0086022 0442335 1705099 1880497

 0205349 1514623 1516451 3542952
 0205349 1514623 1516451 3542952
 0007634 3282337 0125179 0010453 0033727 0369286 0441932 0564385 1524062 0005507 0243073 1510438
 1511726 3245479 0444504 0449450 2347634 2348143 0332288 1710181 0743559 1442989 1608199 2828392 0680730
 0681814 1706386 0205341 0040223 1632851
 0520510 0025663 0025664 0449851 1514811 1706462 1511726 3245479 1547282 0205349 1514623 1516451 3542952 0392756 0547047 1159339 0036536 0036537 0871208 1521828
 1274040 1546471 2825142 0558058 0000894 0392360
 0392756 0547047 0007634 3282337 0205349 1514623 1516451 3542952
 2347469 0428479 0441889 0456079 1547707 2946261 1637379 0007634 0392756 3282337 0428479 0205463 0441889 0007613 1325880 0080103 0205345 1547039 1518422 0205349 1514623 1516451 3542952
 1553033 0428479 0441889 0456079 1547707 2946261 1335533 0332255 0486805 0007578 0007577 0001511 0007634 0033684 0175633 0205216 0205349 0392756 0442797 1269647 1514623 1516451 1704653 1948049 3542952 0439792
 1443643 2266856 0442805 1555029 0681891 1280500 2348382 1159339 0036536 0036537 0085151 3538722 1456454 0007577 0001511 0175633
 0033607 3242229
 0599561 0085151 3538722 1456454 0033665 0002716 0011560 0033684 0611285 1709634 1443643 2266856 0007578 0007577 0001511 0007634 0033684 0150312 0175633 0205349 0332285 1269647 1514623 1516451 1704653 1948049 3282337 3542952 1515981 0332197 1689985 1443643 2266856 0871208 1521828 0007634 3282337 1518422 0205349 1514623 1516451 3542952
 0085151 3538722 1456454 0033665 0002716 0011560 0033684 0611285 1709634 0087044 0025252 0033684 0036536 0036537 0960756 0851285 1883525 2346866 1521761 2827422 0332257 0018284 0018270 0220844 1621966 2911660 1521761 2827422 0027908 0031586 0014898 0031588 0070750 0567416 0038435 0599997
 0441712 1327618 0085151 3538722 1523071 0033665 1159339 1456454 0002716 0011560 0033684 0036536 0036537 0611285 0851285 1314939 1327622 1709634 0332257 1552866 2700399 0919661 0033666 2263112 0392747 1554963 0002345 1523987 0040649 0597297 0597304 1623036 0033684 0243125 0392747 0443172 0699900 1705241
 0441712 1880371 0332148 0750492 0025252 0441729 0087044 0103404 0021966 0025255 0033684 0221138 0237876 0332307 0596901 1522138 1547052 1706182
 0085151 3538722 1456454 0033665 0002716 0011560 0033684 0611285 1709634 0750492 0567416
 1373176 2945843 0205145 0007603 0025255 0032105 0596901 1550098 1552738 1706182 0018042 0886515 0230767 0018042 0333262 0687676 1327616 1704687 0599997
 0441655 0887838 1179875 0018042 0205396 1513822 1550043 1551388 1705739 1882071 2826298 0205103 1185625 1550465 2827755 2986730 0449913 1553451 1704459
 1511726 3245479 1518422 1523987 1547282 1159339 0036536 0036537 0007578 0007577 0001511 0007634 0033684 0175633 0205349 0392148 0392756 1269647 1514623 1516451 1704653 1948049 3542952
 1518422 1514468 0681891 1280500 2348382 0085151 3538722 1456454 0033665 0033666 0002716 0011560 0033684 0332148 0611285 0750492 1709634 1709694 0085151 3538722 0033665 1456454 0002716 0011560 0033684 0611285 1709305 1709634 2745955 0596012 2584321 0699040 0205148
 0681891 1280500 1327161 0597297 0597304 1623036 0243125 0699900 0085151 3538722 1456454 1709305 2745955 0332290 0205349 1514623 1516451 3542952


 0033684 0025255 0036536 0036537 0332462 1880834 1706853 1550030 0007634 0079220 0178539 1521840 0005528 1317949 3495449 1327616
 0033684 1711351 0298973 0033684 1637379 0007634 0849355 1269647 1704653 1948049
 0033684 0208355 1881707
 0868928 1706255 1706256 0033684 0013153 0449444 1879941 1518422 1883727 1166837 0524461 1282864 1301906 1551056 0023175 0332621 0439168 1442948 1522538 2348269 3275067 0032931 0032932 1642401 2584299 0233660 0332206 1159342 1704259 1705987
 0085151 3538722 1456454 0033665 0002716 0011560 0033684 0611285 1709634 0063423 0243041 0439267 1145667 1167622 1415761 1521991 0033684 0063423 0332297 1145667 1167622 1415761 1689898 1708295 2349209 1881707 1705535 0085151 3538722 1456454 0033665 0002716 0011560 0033684 0611285 1709634 0333118 1305923 1881707
 1512612 0332290 1705535 1511758 1704259 1705987 0085151 3538722 0033665 1159339 1456454 0002716 0011560 0033684 0036536 0036537 0611285 1709634 0208355 1325620 1752727 0085151 3538722 0033665 0033666 1456454 0002716 0011560 0033684 0611285 1314939 1709634 1709694 0242372 1425660
 1159339 0036536 0036537 0085151 3538722 1456454 1443643 2266856 1518422 1443643 2266856 0208355 0243077 0332197 1325620 1441672 1689985 1752727 1159342 1704259 1705987 1518422 0007578 0007577 0001511 0007634 0028778 0033684 0175633 0205349 0332206 1269647 1514623 1516451 1704653 1948049 2983591 3542952
 0332290 1299582 0370215 1875400 1180347 1523872 0439855 1704241 1443643 2266856 1518422 0205103 1550465 2827755 0085151 3538722 1456454 0007578 0007577 1171362 0001511 0007634 0033684 0175633 0185117 0205349 1269647 1514623 1516451 1704653 1948049 3542952 0015127 1524003
 1443643 2266856 0442805 0205360 2347098 0085151 3538722 0033665 0018956 1456454 0002716 0011560 0033684 0611285 1709634 0349966 0489879 0036536 0036537 0871208 1521828 0007578 0007577 0001511 0007634 0033684 0150312 0175633 0205349 0332285 1269647 1514623 1516451 1704653 1948049 3282337 3542952 0349966 1337208
 0442805 0439531 1948053 0040223 3541383 0349966 1337208
 1446409 0439787 0849355 0557651 0947630 2603343 1443643 2266856 0028778 0332206 1533157 1706084 2828370 0031843 0542341 0700205 1705273 0031437 1285572 0013987 0750558 1710571 1552738 0205448 0392360
 0205435 1279901 0007634 3282337 0232117 0391850 1947910 0456692 0702093 1708632 1443643 2266856 3537238 0208355 0392148 1325620 1752727 1999216 0021467 0021469 1628982 3463820 0085151 3538722 0033665 1456454 0002716 0011560 0033684 0175996 0178719 0611285 0871208 1517945 1521828 1709634 0007578 0007577 0001511 0007634 0033684 0150312 0175633 0205349 0332285 1269647 1514623 1516451 1518422 1704653 1948049 3282337 3542952 0036536 0036537 0349966 1337208
 1280500 2348382 1709305 0682323 1553704 0033684 0205170 0237881 0750502 1546944 3146287 0007578 0007577 0001511 0007634 0033684 0175633 0205349 0870814 1269647 1514623 1516451 1704653 1948049 3542952
 0392148 1443643 2266856 1998882 0018790 0237477 0392351 0521111 1159342 1704259 1705987
 0868928 1706255 1706256 1159339 0036536 0036537 0085151 3538722 1456454 2349975
 0205436 0457385 0565930 1561503 1705190 1883525 2346866 1555029 0681891 1280500 2348382 1159339 0036536 0036537 0085151 3538722 1456454 0243077 0033607 1152589 1999216 1280500 2348382
 1274040 1546471 2825142 1705535 0208355 1327161 0007578 0085151 3538722 0007577 0018956 0033665 0597297 0597304 1456454 1623036 0001511 0002716 0007634 0011560 0033684 0175633 0205263 0205349 0243125 0611285 0699900 1269647 1314939 1514623 1516451 1704653 1709634 1948049 3542952
 1511726 3245479 1705535 0085151 3538722 1456454 0033665 0002716 0011560 0033684 0611285 1709634 0014406 2828386 1704241 0597297 0597304 1623036 0033684 0243125 0699900 1706853 1879748
 0332197 1689985 0007578 0007577 0001511 0007634 0033684 0175633 0205349 0332285 1269647 1514623 1516451 1704653 1948049 3542952 0033665 0033684 0332283 1719822 1159342 1704259 1705987 1171362 0185117 0439851 1947931 1264633 1554103 0208355 1881707
 0205349 1514623 1516451 3542952 0150312 0449450 1171362 0185117 2587213
 0002716 0011560 0030956 0611285 0007634 0178539 0440102 1185625 1382196 3146294 0332257 0018042 0243111 1947951 0887838 1179875 1882071 0024369 0034850 1159342 1704259 1705987 2984285 1704259 1705987 0085151 3538722 0025252 1456454 0033665 0002716 0011560 0033684 0611285 1709634 0024369 0560560 0578671 1269909 1299988 2699029 0599997
 1327439 0036536 0036537 0007578 0007577 0001511 0007634 0033684 0175633 0205216 0205349 0392756 0442797 1269647 1514623 1516451 1704653 1948049 3542952 0947630 1327161 0085151 3538722 0033665 0597297 0597304 1456454 1623036 0002716 0011560 0033684 0243125 0439831 0611285 0699900 0750492 1709634 0392756 0449424 0449416 1705919
 0003261 0033268 0007578 0007577 0001511 0007634 0033684 0175633 0205349 0392756 1269647 1514623 1516451 1704653 1948049 3542952 0205349 1514623 1516451 3542952 0018896 1552861 1883351 0003261 0033268
 0332283 1719822 1517945 0023175 1442948 1522538 2348269 3275067
 0299212 1418985 2986918 0243148 1550141 1882979 2587213 3274648 1547011 1879746 1623036 0033684 0443161 0699900 1265875
 0299212 1418985 2986918 1334889 0010813 0171484 0596311 1235660 1330957 1514873
 0597304 0010813 0596311 1330957 1235660
 0033666 1709694 0700364 1883351 0205145 0439064 1709305 2745955 0162808 1514562 1519623 1167322 1880389 1883221 2752508 3541951 0085151 3538722
 0205250 0299212 0851827 1235660 1418985 1701901 1709694 1979874 2986918 3244310
 1511726 3245479 1547282 0299212 1418985 2986918 0205349 1514623 1516451 3542952 1280500 2348382 0025252 0025255 0033684 0205451 0596901 1524062 1706182 0349966 1337208
 0557651 2603343 1280500 1159339 0036536 0036537 0085151 3538722 1456454 0007578 0007577 0001511 0007634 0033684 0175633 0205349 0443264 1269647 1514623 1516451 1704653 1948049 3542952
 0332290 1280500 2348382 1159339 0036536 0036537 0085151 3538722 1456454 0332197 1689985 0007578 0007577 0001511 0007634 0033684 0175633 0205349 0332285 1269647 1514623 1516451 1704653 1948049 3542952
 1443643 2266856 0243077 0392366 0439070 1705160 0439070 1705160 1159339 0036536 0036537 0085151 3538722 1456454
 1280500 2348382 0039869 1883351 0033607 0078989 2717969 3536890 0030946 1947941 1999216 0018790 0237477 0392351 0521111 0597304 0010813 0596311 1330957 0597304
 0243077 0332257 0439070 1705160 1700414 0439070 1705160 0001992 1521840 2717970 0028778 0332206 1533157 1706084 2828370 0014442 0014445 0000938 1280500 1159339 0036536 0036537 0085151 3538722 1456454 0007578 0007577 0001511 0007634 0033684 0175633 0205349 0392760 1269647 1314939 1514623 1516451 1704653 1948049 3542952
 0442796 1280500 1550602 2348382 1327616 1159339 0007578 0085151 3538722 0007577 0001511 0002716 0007634 0011560 0033684 0036536 0036537 0175633 0205216 0205349 0392756 0442797 0611285 1269647 1514623 1516451 1704653 1709634 1720176 1720294 1948049 3542952
 0302523 0700325 1964257 0332290 0299212 1418985 2986918 0441994 1548802 2003888 1159339 0036536 0036537 0036025 0043392 0043393 0717551
 0205349 1514623 1516451 3542952 0031843 0542341 0700205 1705273 0299212 0392148 0596988 1418985 2986918
 1883357 1511726 3245479 1547282 0681891 1280500 2348382 1705242 0332281 0205177 0439167 0441655 1561536
 0205349 1514623 1516451 3542952 0332256 2700400 0282535 1880389 1883221 3541951 1135629 1451465 0033684 1706710 0237876 1334043 2697616
 1333245 1333263 0751984 0086376 0033684 0439267 0205349 1514623 1516451 3542952 0751984 0086376 1623036 0033684 0443161 0699900 1265875 1314939 0086597 0441471 3541888 0085151 3538722 0033665 1456454 0002716 0011560 0033684 0611285 1314939 1709634 0599896 0025519 0025520
 0085151 3538722 1456454 0033665 0002716 0011560 0033684 0611285 1709634 0007578 0007577 0001511 0007634 0175633 0567416 1269647 1704653 1948049 0019134 0770546 1145667 1167622 0567416
 0007634 3282337 0085151 3538722 1456454 0033665 0002716 0011560 0033684 0611285 1709634 0231441 0079323 0015350 1333498 0033684 0205172 0521119 1637379 1704640 1706515 0007634 3282337 0349966 1337208 1518422
 1519619 0021467 0021469 1628982 3463820 0025664 0449851 0028778 0332206 1533157 1706084 2828370 0007577 0001511 0175633
 1171362 0185117 0027882 0007634 0027740 0027757 1280541 3282337 1518422 1881534 0085151 3538722 1456454 0033665 0002716 0011560 0033684 0611285 1709634 1301751 1280500 2348382 0022984 0871208 1521828 0085151 3538722 1456454 0033665 0002716 0011560 0033684 0611285 1709634 0349966 1337208
 0681891 1280500 2348382 0085151 3538722 0033665 1171362 1456454 0002716 0011560 0033684 0185117 0611285 1709634 1948027
 1327161 1623036 0443161 0699900 1265875 0007578 0007577 0001511 0007634 0033684 0175633 0205349 1269647 1514623 1516451 1704653 1948049 3542952 0015127 1524003 1443643 2266856 0332156 0007634 3282337 0085151 3538722 1456454 0033665 0002716 0011560 0033684 0611285 1709634
 0681841 0392148 0007578 0085151 3538722 0007577 0001511 0002716 0007634 0011560 0033684 0175633 0205349 0332285 0611285 0750546 1269647 1514623 1516451 1704653 1709634 1883254 1948049 3542952 1881707 0871208 1521828 0023882 0700321 2700395 0596012 2584321 0699040 0205148 0037640 1299582 0001516 2982905 1704675
 1325278 1537044 1818642 0005532 0205177 0205460 0439167 0441655 1561536 0851285 1327622 1171362 0185117 0243107 0678723 1527148 1622501 0600210 1533574 1881827 2984268
 1171362 0185117 1517945 0686907 1327439 0003241 0036536 0036537 0392747 0015127
 0520510 0520510 0025663 0025664 0449851 1514811 1706462 0003241 0002520 2917660 0001128 0202406 1709915 1882936 0331965 0869011
 0009225 0312586 0368582 1979003 0003241 0021027 0031831 1707664 1999230 2348314 3540849
 0006754 0041740 3146274 0024015 0205170 1880022 3146287
 3540513 0312586 0368582 1979003 0003241 0021027 0031831 1707664 1999230 2348314 3540849
 0006754 0041740 3146274 1826357
 0003250 0002520 2917660 0001128 0003241 0086418 0202406 0031831 1301820 1707664 2348314 3540849
 0035172 0021622 1272753 0022130 0027976 1879958 0869011
 1510827 1998793 0312586 0003241 0021027 0002520 2917660 0001128 0202406 1709915 1882936 0007578 0007577 0001511 0007634 0033684 0175633 0205349 1269647 1514623 1516451 1704653 1948049 3542952 0034493 3146294
 0003250 0746619 0002520 2917660 0001128 0002508 0025033 0086418 0202406 0205088 0299212 1418985 1705314 1705315 2986918 1709915 1882936 0312586 0003241 0021027 0002520 2917660 0001128 0025914 0025929 0026809 0202406 0299212 1418985 2986918 1709915 1882936 0869011 0029016
 0003241 0021027 0443887 0003241 0021027 0282587 1413393 1413564 0007578 0369718 0441922 1553036 0313106 0947659 0003241 0021027 0003241 0021027 0005574 0869011 1412466 0085151 3538722 1456454 0033665 0002716 0011560 0033684 0611285 1709634 0031831 0043194 0258432 1421478 1707664 2348314 3540849
 0008044 0041740 0008044 0020898 0021764 0022271
 0462885 0034760 1719918 0008269 0070915 0125179 0022947 0064858 0246694
 0656383
 0439070 1705160 1700414 0439070 1705160 0054533 0869011
 0007634 3282337 0040669 0058217 0641456 0018837 0242295 1947943 2348609
 0007634 3282337 1524063 0036576 0032136 0440102 1515981 1312445 0253711 1524063 0036576 0063201
 0007634 3282337 0009013 1171362 0033684 0185117 0220908 1305399 1705053 0949466 0005863 0002778 0936012 1524024 1705493
 0005863 1167624 1947902 2827499 0021069 0014441 0007634 3282337 1548982 0456963 0009264 0009443 0020746 0234192 1720725 1720830 1823521 1948050 0006353 0024348 1536403 0242759 0019215 1882074 0020283 0450407 0450408 0450409 0037494 1959973 0013618 0037508 1366571 1705592 0663811 0332287 0439962 0445542 0331965
 1514534 0002778 0936012 1524024 0010453 1331092 1548982 0009458 0229671 0332296 0439536 1546774 1550100 1705217 1720725 1880497 1948050 1996904 3244283 0033727 0369286 0441932 0564385 1439852 0009458 0229671 0332296 0439536 1546774 1550100 1705217 1880497 1996904 3244283
 0018270 0220844 1621966 2911660 0009647 0009458 0439536 1705217 3244283 1883708 0439799 1185738 1706132 0520510 1273517 1883351 0033684 0423896 0456205
 0681814 1706386 1265611 0439267 0006353 0370003 2347026
 0427716 1304757 0086045 0332287
 1265611 0370003 2347026 0071500 0017243 0071499 0086972 0443299 0687118 0025255 0348011
 0025255 0026131 0028778 0332206 0349374 0444318 2825079 2983591 0041175 0006353 0036082 0077281 0814229 0700308 0033727 0369286 0441932 0564385 2348236 0005903 0039476 1547703
 0450376 0003241 0003320 0003241 0019941 0027627 0175668 0205436 0442726 0522529 1511790 0022877 1619828 1524063 0331955 0332157 1883351 0086296 1561571 1561572
 0681814 0007634 3282337 0025646 0058217 0332296 0641456 1439852 1880497 1996904 0702093
 0007634 3282337 1708632 0025646 2348025 0439526 0456692 0702093 0009458 0439536 1705217 3244283 0009458 0058217 0229671 0242295 0332287 0332296 0439536 0441962 0559956 0641456 1299987 1546774 1550100 1705217 1880497 1947943 1996904 2348609 3244283
 0009458 0162867 1254021 1516695 1516698 0007634 3282337 0439582
 0427716 1304757 0086045 1265611 0003241 0450376
 0331965 1883708 0370003 1524062 2347026 0450376 1439852 0011744 0033727 0369286 0441932 0564385 1710360
 0301871 0007703 1516695 1516698 0040223 1632851 0242759 0019215 0037494 1959973 0017861
 0991566 0600209 0006353 0370003 1704732 2347026 0242301 1546559 0030685 0391871 0439180 0680255 1283071 1963578 0033684
 0702093 0007703 1550101 0017243 0017890 0041175 0077281 0086972 0443299 0522461 0687118 0814229
 0002778 0936012 1524024 0017243 0040223 1632851 1273517
 0017243 1512080 2827485 0004400 0681850 1550501 1706203 2349001 2697811 0027468 1704254 1704922 3542466
 0003261 0033268 0014441 0005507 0016315 0243073 0332324 0444706 1510438 1527178 1550474 1705938 3541902 1524063 0812225 1150635 1705212 1705213 3273202 1512888
 0599862 0020202 1300517 0035668 0007634 0205409 1548221 3282337 0440746 1524063 0034760 0035696 1998793 1524063 0331955
 0439267 0370003 2347026 1706746 0017243 0036681 0086972 0443299 0687118 0025255 0348011 1719914 2828406 0022877 1619828
 0599862 0020202 1300517 0006353 0884358 0182400 1704681 2347609 3536729 0045191 1553631 1708632 1524063 0331955
 0443286 1114821 0035380 0035668 0370003 0884358 2347026 1524063 0720544 0439267 0006353 0035380 0012789 0369637 0441923 0045186 1457900 0045191 0057430 0076582 0369637 0441923
 0037633 0525069 0018837 0702093 1548792 0456692 0702093 1883708 0035380 0040649 0280591 0392148 1439852 1555029 1419782 3538774 0700308 0033727 0369286 0441932 0564385
 0205430 1421951 1720722 0370003 1273517 2347026
 0439962 0332256 2700400 0439780 1953384 0206415 0439192 0369637 0441923 0086045 0205088 1446561 1457900 1546485 0006353 0075813 2257065 0012892 0012854 1335439 0444499 0331965 0449416 1705919 0006556
 0206415 0032520 0443286 0677874 1114821 1273517 0332283 1719822 0439084 0728893 0439780 0128167 0332126 1449832 0439084 0728893 1555029 0128101 0332126 1449832 1511726 3245479 0470187 1510755 1706078
 1517480 1521871 1705759 0884358 1511572
 0443286 1114821 0035668 0035380 0040649 0233535 0443286 1114821 1555029 0004927 0243148 1550141 1882979 2587213 3274648
 1517480 1521871 1705759 0370003 2347026 1706746 0017243 0036681 1382104 0013855 0019873 0006222 0015008 0234621 0487602 1704680
 0001511 0175633 0005507 0243073 1510438 0007577 0001511 0007634 0175633 1269647 1704653 1948049 0005507 0243073 1510438 0884358 1552738
 0086022 0442335 1705099 0205349 1514623 1516451 3542952 0007634 3282337 1708632 1442460 0023401
 0007634 3282337 0010453 0220814 0430400 2242979 0020498 0182301 1706407 0040223 1632851 0019215 0006353
 0041236 0034760 1273517
 1510844 0332256 2700400 0007634 3282337 0032167 1322960 0020498 0182301 1706407 0171955 0022984 0025914 0025929 0026809 0439267 1522408 0439526
 0007634 3282337 1518422 0231441 1314972 1519767 0020498
 0040223 1632851 0020498 0040223 1632851 0009458 0439536 1705217 3244283 0700198 0007634 3282337 0146951 0133689 0242759 1549535 0423896 0456205
 1511726 3245479 0007634 0439165 1708517 3282337 0034553 0040223 0231441 1444656 3541383 0205174 0449450 1139930 1510992 2825518
 0205419 0439084 0728893
 0007600 0007635 3282338 0070066 0231441 0443218 2827483 0702093 0146951 0133689 0242759 0456693 1442458 0702093
 1253961 0007634 3282337 0028778 0332206 2983591 1720830 1823521 0700308 0033727 0369286 0441932 0564385 0003241 0205225 0439631 1439852 0332283 0016318 0003241 0027627 0175668 0205436 0303920 0522529 0026381 0182400
 0007634 3282337 1883708 0017596 0449878 1947936 0009458 0162867 1254021 0332256 2700400 0033501
 0007634 3282337 0332128
 0023089 0034606 0181839 0441633 0458142 1023865 1706315 1706379
 0444499 0205155 1293097 1522472 1552923 1705191 0034869 1524063
 0037585 1301820 1706701 1704254 1704922 3542466 1514721 2348147 3542016
 2825232 0000723 0030351 1273517 1547566 0002716 0011560 0030956 0611285
 0002395 1521724 0012634


 1412466 0085151 3538722 1456454 0033665 0002716 0011560 0033684 0611285 1709634 1412466 0085151 3538722 1456454 0033665 0002716 0011560 0033684 0611285 1709634
 0085151 3538722 1456454 0033665 0002716 0011560 0033684 0611285 1709634 0085151 3538722 1456454 0033665 0002716 0011560 0033684 0611285 1709634
 0276496 0277558 0002395 1521724 0276496 0277558 0002395 1521724
 0205349 1514623 1516451 3542952 0205349 1514623 1516451 3542952
 0282587 1413393 0007578 1413564 0007577 0027882 0001511 0007634 0175633 0567416 0599851 1269647 1704653 1948049 0282587 1413393 0007578 1413564 0007577 0027882 0001511 0007634 0175633 0567416 0599851 1269647 1704653 1948049
 0872078 0872078
 0035380 0040649 1555029 0035380 0040649 1555029

 0369773 2603361
 0439267

 0034754 1705179 1706852 0031831 1707664 2348314 3540849
 0439394 1706495 3642217
 0031831 1707664 2348314 3540849
 1412466 0085151 3538722 1445860 0033665 1456454 0002716 0003241 0011560 0021027 0033684 0611285 1709634 0680022 0557061 2347469

 0043227 0015770 0016617 1521721
 0999213 0681805 0016820 0027468 0018684 0021622 3245503 0004083 0439849 0596306 0699792
 1515023 1527075 1272684 1548435 0450355 1514811 1706462 0520510 0025663 0025664 0449851 1514811 1706462 0439394 1706495 3642217
 1553033
 0444649 0597277 1708601


 0851285 1327622 0085151 3538722 1456454 0033665 0002716 0011560 0033684 0611285 1709634 1149167 0009325 0243122 1145667 1167364 1167622 1283195 0085151 3538722 1456454 0033665 0002716 0011560 0033684 0611285 1709634 0041455 1167375 0441729 0009325 0021966 0221138 0332307 1167364 1547052


 0201682
 0073187 0205090 0684010 2603358 0597277 1708601
 0439267
 2603360
 0369637 0441923
 0439267
 0369637 0441923

 2603362
 0439267


 0205419 2931257 0205250 0456603 1547037 0021135 1533691 2827718 1515655
 0027882
 0025141 0560267
 0439267


 0010813 0596311 1330957 0379528 0085151 3538722 1456454 0033665 0002716 0011560 0033684 0611285 1709634


 0201682
 0439267 0439394 1706495 3642217

 0369773 2603361


 0008269 0018790 0237477 0392351 0521111 0243125 0699900 1159339 0036536 0036537
 1418943

 0268596 2700624
 3642273
 0041703
 0000857 0600678 1552863 0999213 0368720


 0003241 0021027 0085151 3538722 1456454 0033665 0002716 0011560 0033684 0611285 1709634 0018790 0237477 0392351 0521111 1154382 0007577 0001511 0175633


 0025141 0999213 0033727 0369286 0441932 0564385

 0369773 2603361
 0369637 0441923



 0242210 0033684 0243122 1145667 1167622 0332281 0002395 1521724 0012634 0031715 1158886



 0335326 1306756 0439267 0439493 1513009 0369637 0441923

 0037173 0234857 2603362
 0439394 1706495 3642217
 2603360
 2349138 0369637 0441923

 3539821

 2827734 2981698 2336015 2349967 0014239 0229606 1948049 0007634 0035295 0205103 1185625 1550465 2827755 2986730 3146294 3282337


 0439086 2827736 2981702 0025141 0369637 0441923
 2603360
 0016327 0439133 1553038
 0439267




 0125179 0022947 0392747 1711351 0018790 0237477 0392351 0521111 0597297 0597304 1623036 0033684 0243125 0699900 0019628 0206431 0212009 0443800 0003320 0449450


 0201682
 2347469


 1514570 1709694 0007613 0815043 1527118 0005532 0205460 0542341 0031845

 3642273
 0591397 0439267
 0073187 0205090 0684010 2603358


 0002812
 0027882
 0025141 0439267
 0439267


 0597277 1708601
 1553033
 0444649 0205090 0684010 2603358


 0185117 0441994 1548802 2003888 1159339 0036536 0036537

 0025141 0439267 0439394 1706495 3642217


 0125179 0031843 0542341 0700205 1705273 1540661 1539479


 0201682
 0205090 0684010 2603358

 0369773 2603361
 0205090 0684010 2603358
 0439267


 0008377 0392756 0547047 1159339 0036536 0036537 0017982 0376322 0521102 1159342 1704259 1705987


 0025141 0021966 0221138

 0012578

 0242372 1425660 0016327 0439133 1553038

 0033607 0743226 0085151 3538722 0033665 0597427 1456454 0002716 0011560 0033684 0611285 1709634


 2347379

 0025141 0369637 0441923 2603362


 1523273

 2347961

 0439084 0728893 2346686 0033727 0369286 0441932 0564385
 0369637 0441923


 0368815
 2603360


 0030956 0332256 2700400 0002518 0004793 0162326 0162327 1519249 1145667 1167622 0699040 0205148 0033414 0231448 1880641


 0000857 0600678 1552863 2603360 0597277 1708601
 0369718 0441922 1553036
 0597277 1708601
 2603360

 2603360
 2603360
 0016327 0439133 1553038


 0026882 0423866 2626739 0037083


 2827734 2981698 0597277 1708601
 0014511 0086809 1547963

 0999213
 0033727 0369286 0441932 0564385
 2348952 0369637 0441923


 1511790 1709793 0003250 0003241 0746619

 2347379
 3639709

 0033727 0369286 0441932 0564385
 0597277 1708601
 2603362


 1443643 2266856 0205263 0004083 0439849 0596306 0699792


 2347379

 0025141 0369773 2603361

 2603362

 0439394 1706495 3642217
 0369773 2603361
 0014511 0086809 1547963 2603362

 2603360


 0010813 0596311 1330957 0030685 0391871 0439180 0680255 1283071 1963578 1511474 0175996 0178719 1880389 1883221 3541951 1707798 1880352

 0439394 1706495 3642217 0205090 0684010 2603358

 0369637 0441923
 0369718 0441922 1553036
 0815304


 3245505 1443643 2266856 3537238 0208355 1325620 1752727 1999216 0015272 0205177 0439167 0441655 1561536
 1418943

 0268596 2700624
 3642273
 0439267

 0337841
 2603360
 2603360

 0112081 0073187
 0439394 1706495 3642217
 0080045 0073187 0205090 0684010 2603358


 1280500 0025252 0025255 0033684 0596901 1706182 0027882 0599896
 0027882
 0025141 0021966 0221138
 0033727 0369286 0441932 0564385

 2347350 0369637 0369718 0441922 0441923 1553036


 0171484 0699919 1955168 0085151 3538722 0020314 1152589 0001128 0025543 0043481 0202406 0243077 0311403 1527178 1705938 2348288 2348205




 0369637 0441923

 0872005 0369637 0441923
 0759909 1135895 0369718 0441922 1553036
 0998924
 0005595
 0369637 0441923



 0078939 1456454 1750295 2362547 3484390 0002716 0011560 0033684 0330390 0439096 0611285 2004068 2348205 0333463 0392079 0002395 1521724 0012634 0205217 0442805 1515655 0740116 2827735 2981700 0026882 0276496 0002395 1521724 0277558


 0740116 2827735 2981700 0025141 2603362

 0033727 0369286 0441932 0564385
 2347469

 0033727 0369286 0441932 0564385




 0027882 1514733 0007600 1145640 0007634 0205132 1269647 1704653 1948049 0009013
 0349590 1262865
 0025141 0439394 1706495 3642217

 1553033

 0205090 0684010 2603358


 0597297 0597304 1623036 0243125 0699900 0208355
 0349590 1262865
 0025141 0205090 0684010 2603358 0021966 0221138

 0313106 0947659
 0439267
 0369637 0441923
 3613423 0033727 0369286 0441932 0564385
 1720589
 0861352 0439267
 3495095 0597277 1708601


 0598888 0009015 0750901 0679245 0276496 0277558 0002395 1521724
 0349590 1262865
 0025141 2603362

 0205090 0684010 2603358
 0232024 0205090 0684010 2603358


 0021467 0021469 1628982 3463820 0205263 0857127 1512977 0007634 3282337 0081446
 1418943

 0268596 2700624
 3642273
 0041703
 0439083 0439087 0000857 0600678 1552863 0021966 0221138


 0033268 0036536 0036537
 1418943

 0268596 2700624
 3642273
 0041703
 2603362

 0684026 0205234 0332302 1285542
 0036397
 0368815

 0999213
 2349138
 0033727 0369286 0441932 0564385


 0008109 0079411 3146294 0030956 1185625 1382196


 0201682
 0998924 2603360



 0439855 1704241 0025255 0596901 1706182 0014239 0035295 0598268


 0201682
 0439267



 0242210 2347946

 0451119 1444662
 0025141 0439493 1513009 0369637 0441923


 0035820 1705810


 0201682
 0439493 1513009 0369637 0441923
 1553033
 0443030 0112081 0073187
 0330617
 2603360

 0073187


 0182400 0600115 0870071 1705535 0171484 0030946 1947941
 0005477
 0025141 1431628 0369718 0441922 1553036
 2603362

 0597277 1708601


 0185117 0205263 0392747 0443172 0543482 0243091 1521816 2700385 1260954 0033414 0007577 0001511 0175633 0015350 0521119 1704640 1706515



 0086894 0851346 2314876
 2603360

 0439493 1513009 0369637 0441923

 0369637 0441923
 0073187


 1704241 1180347 1523872 0205145 0079411 3146294
 1418943

 0268596 2700624
 3642273
 0041703
 0439073 0439082 0033727 0369286 0441932 0564385
 0270811 0205090 0684010 2603358
 0439267
 0368815
 2603362
 0369773 2603361
 2603362


 0079411 3146294 0887838 1179875 1513822 1705739 1882071 0332197 1689985 1749557 0220781 0439634 1522492
 1418943

 0268596 2700624
 3642273
 0041703

 2945617 2603360

 0439394 1706495 3642217

 0038817 0376223 0439394 1706495 3642217


 1883559 0332307 0445392 1547052 1955168 0085151 3538722 1564139 1456454 0033665 0002716 0011560 0033684 0611285 1709634 0237834 1514892
 1418943

 0268596 2700624
 3642273
 0041703
 2945617 0205090 0684010 2603358
 0205090 0684010 2603358


 0063423 1415761 1708295 0085151 3538722 0033665 1456454 0002716 0011560 0033684 0611285 1145667 1167622 1709634 0392756 0547047 0036536 0036537


 0201682
 1006780 1553033 0033727 0369286 0441932 0564385
 2603360
 0033727 0369286 0441932 0564385
 0439394 1706495 3642217
 0205090 0684010 2603358
 2603362


 1880022 1099811 0017011 1552644 2349976
 0332120 0171484 0699919 0085151 3538722 0033665 0379528 0033666 1456454 1750297 0002716 0011560 0017011 0033684 0611285 1314939 1552644 1709634 1709694 2349976 1519623 1167322 2752508 1880389 1883221 3541951


 0201682
 0439394 1706495 3642217 0439394 1706495 3642217
 0872005 0369637 0441923


 0033268 0243125 0699900 0332120 0033268


 0201682
