 0678594
 0740116 2827735 2981700
 0031330 1524059 0021622 1272753 0152036 1522005 0086345 0017398 0017399 1521991 0006754 0041740 3146274 0024015 0041703 1514756
 1272684 1548435 1883067 0871161 1292721 0032659 1257890
 0678594
 0678594
 0012634
 0023746 0023745 0281825 0394006 0016884
 1514811 1706462 0162340 0018896 1552861 0020792 0205396 1522168 1555712
 0002085 0680220 1281905 0035647 1883708 0220908 0220909 1698960 1710031 1710477
 1979874 0237753 0449788 2986411 0442504 0013117 1825644 0205108
 0282443 1552617 0332120 0564470 1515981 0282411
 0700364 0733755 0332120 0012634 0678226 3146286 0449719 1709471 0017337 0237753 0449788 0002085
 0205447 0018017 1571704
 0042789 2707266 0027361 0237401 0079141 0180459 1556138 1705229 2348299 0332256 2700400 0162326 0004793 0162327 1519249 0181090 0302614 1706050 0679006 0679698 0199176 1706420 2700409 0039798 0087111 1522326 1533734 1705169 3538994 0007239 0008300 1707391
 0150312 0449450 0039421 0162326 0917792 0015663 0456962 0683607 0013117 1825644
 1285573 0039421 0039421 1948052 0015663 0456962 0683607 0680701 0027361 0237401
 0725813 0314604 0314607 0002085 1517495 0012634 0017337 0086418 0678594 1416989
 0017337 1881534 1880177 0002085 1883708 0439175 0439810 1883351
 0017337 1881534 1880177 0017337 1457900 0002085 1883708 0237753 0449788 0884358
 0282443 1552617 0150312 0233426 0376554 0449450 0439855 1704241 0314604 1416989 0017337 1999230
 0032659 1257890
 0678594
 0678594
 0012634
 0023746 0023745 0281825 0394006 0016884
 1514811 1706462 0018896 0449435 3540469 0871161 1292721 1999230
 1883067 0004457 0999597 1522496 0376249 0439603 0871396 1561548 1705502 0237753 0449788 0237753 0444504 0449788 2347634 2348143 1708726
 0004457 0999597 1522496 0237753 0449788 0678922 0599883 1427926 0332849 0017337 0599883 0017337 1837655 0439855 1704241 0596610 1704675 0014406
 1708726 1273518 0020792 0205396 1272701 0237753 0449788 0470187
 1979874 0017398 0017399 0597535 1708726
 0017337 0014406 0205549 0231242 1883357 2348044 0439849 0015127 1524003 0031437 1285572
 0205246 1553889 0237753 0449788 0023745 0205396 1550043 1551388 0599883 0439092 0547044 0023745 1517001 1883351 0205171 1720467 1708726
 1711239 1554961 1705847 0017337 1273518 0205396 1550043 1551388 1522634 1708726
 0449911 0333052 2607870 0557702 1272706 1704674 0557702 1272706 1704674
 1883067
 1883067 0450363 0359589 1999230 0018896 0449435 3540469 0314604 1416989 0017337
 0012634 0678236 0012634 1883073 2827424 0237753 0449788 1708726 0012634 1883073 2827424 0237753 0449788 1708726
 0868928 1533148 2987476
 0599883 1427926 0439092 0547044 2963144
 3161035 3161035 1512571 2987279 0026343 3161035 0242960
 0205448 3161035 0332149 1705910 2362652 0237753 0449788 0002085 0237753 0449788 0549177 1457900 0237753 0449788 0002085 0237753 0449788 0549177 1457900
 0518609 0740116 2827735 2981700 1705535 0205447 0237753 0449788 0002085 0237753 0449788 0549177 1457900 0750558 1710571
 1511726 3245479 0205412 0231180 0442504 1704765 1882509 3496241 0599883 1427926 1705052 0205148 0205448 0556636 1269776 1444656
 1707959 0557351 0740116 2827735 2981700 0521114 0522498 1514917 0035335 0080113 3540616
 0205214 1522138 3245511 2939465 1856381 0342923 1291311 0011155 0162429 1623416 0017757 1333652 0008115
 0868928 1706255 1706256 0039730 0036232
 0439855 1704241 3161035 0002395 1521724 0012634
 0439855 1704241 0026343 3161035 0242960 0007102 0699790 0006826 0009368 0998265 1281569 1306459
 1707959 0012634 0205214 0205448 0439855 0868928 1522138 1533148 1704241 2987476 3245511 0237753 0449788 0700321 0015127 1524003 1708726 0002085 0237753 0449788 0549177 1457900 0237753 0449788 0002085 0237753 0449788 0549177 1457900
 0486588 3272888 0439603 0012634 0332490 0205309 0205447 0376249 0439603 0449286 0871396 1551058 1561548 1704240 1705175 1705176 1705177 1705178 1705502 1882348
 0868928 1533148 0012634 0002395 1521724 0012634 0007102 0699790 0006826 0009368 0998265 1281569 1306459 0042295 0237753 0449788 1708726
 1285529 3242379 0002395 1521724 0012634 1707959 0007102 0699790 0006826 0009368 0998265 1281569 1306459 1707959
 0332120 0006826 0998265 1306459
 3161035 0012634 0439855 0599883 1427926 1704241 0349966 1337208 2827734 2981698
 1512612 0002085 1883351 0015127 1524003 0012634
 0205543 1691010 1883351 3161035 0205419 1512571 2987279
 0002085 0037179 0087136 0205171 0015127 1524003 0012634
 0205543 1691010 1883351 0026343 3161035 0242960
 0205448 3161035 0332149 1705910 2362652 0599883 1427926 0237753 0449788 0700321 0015127 1524003 1708726 0002085 0237753 0449788 0549177 1457900 0237753 0449788 0549177 0015127 1524003 1708726 0237753 0449788 0002085 0349966 1337208
 0205447 0237753 0449788 0002085 0237753 0449788 0549177 1457900 0750558 1710571 0042789 1947903
 0205403 0599883 1427926
 0032659 1257890
 0678594
 0678594
 0012634
 0023746 0023745 0281825 0394006 0016884
 1514811 1706462 0740116 2827735 2981700 1999230 1883073 2827424 0237753 0449788 0017270 0376249 0439603 0871396 1561548 1705502 0314604 1416989 0017337
 1883712 0043227 0359589 1999230 0392360 2346608
 1265611 1705535 0079411
 0032683 0332509 0032659 0205217 0442805 0456389 1257890 1280519 1704419 1274040 1546471 2825142 0027361 0237401 0456389
 0002085
 1554961 1705847 0332120 1705535 3178846 0596611 0026882 1705285 0871208 1521828 0017337 0079411 3146294
 0678236 0012634 0237753 0449788 0032659 1257890 0700321 0080103 0205345 1547039 1515273 1705313 2826302 0002085 0750546 1705285 0337059
 1979874 0012653 0442537 1705182 0549177 1515187 0040223 3541383 1883727 2985439 0026882 0205136 0205314
 1883712 0015450 1281591 3178846 0026882 1705285 0871208 1521828 0033105 0220900 0871208 1521828 2347338 0036576 0205160 1513916 2825415 2825491 0012634 0012634
 0238767 1280500 1706086 1280500 2348382 0033095 0036576 0460139 1306345 1883073 2827424 0678236 0012634 0521114 0522498 1514917 1880371 0205214 1522138 3245511
 0035953 0600140 1704688 2346414 1517001 1883073 2827424 0012634 1880371 0450354 1706096
 0750572 0205390 1300072 1306673 0032659 1257890 2987476 0678236 0012634 0678594 0012634 0678594
 0681842 0678236 0012634 0002085 0332185 0332529 0012634 0332529 0580836 0002085
 0449911 0333052 2607870 0557702 1272706 1704674 0557702 1272706 1704674
 0678594
 0861064 0023175 0181586 0205217 0237753 0442805 0449788 1442948 1522538 2348269 3275067 0027361 0237401 0002085 0521114 0522498 1514917 0205120 1552595 0205214 1522138 3245511 1282913 1551714 1416989 0017337
 1416989 0017337 0678236 2347338 0036576 0205160 0442821 1513916 2825415 2825491 0002085 0032659 1257890 1299987 0002085 0205314 0205449 0559956
 0205171 1720467 0439509 0002085 1882932 0002085
 1979874 1416989 0017337 2347338 0036576 0205160 0442821 1513916 2825415 2825491 0002085 0745777 1883351 1299987 0002085 0205314 0205449 0559956
 1709707
 1416989 0017337 0678594 0017337

 0023175 0181586 1442948 1522538 2348269 3275067 1883351 0205351 0442805 0332575 1260956 1416989 0017337 0678236 1260957
 0032659 1257890 1517945 0012653 0442537 1705182 0002085 0017337 0023175 1442948 1522538 1883073 2348269 2827424 3275067 1880371
 0016884 0014653 1547026 1416989 0017337 0231617 1517001 0017337 1883073 2827424 1880371
 0678594 0032659 1257890
 0678594
 0678594
 0012634
 0023746 0023745 0281825 0394006 0016884
 1514811 1706462 1711239 1416989 0017337 0205396 1550043 1551388 0162340
 0678236 0012634 2347338 0036576 0205160 1513916 2825415 2825491 0015272 1880371
 1554961 1705847 0678236 0012634 0002085 1999230
 1707959 0039730 1999230 0332325 0237834 1514892
 0033095 0460139 1306345 0002085 0037179 0087136 0205171 0218063 0439831 0032659 0332261 1257890 1947932
 1554961 1705847 1709305 2745955 1274040 1546471 2825142 1883073 2827424
 1707959 1711254 0032659 1257890 1707959 1547282 0439603 0032659 1257890 1707455
 0282416 1561607 1883708 0012634 0680240 0740116 2827735 2981700 1511726 3245479
 0678594 0032659 1257890
 0678594
 0678594
 0012634
 0023746 0023745 0281825 0394006 0016884
 1514811 1706462 1511726 3245479 1299586 0017337
 1707959 1883351 0183683 1521721 3161035 1512571 2987279 0017337 0205393 0237753 0449788 0039224 1706073 1706074
 0010222 1948027 1554961 1705847 1708726 0039224 1706073 1706074 0745732 3272378 0439064 0521093 0750484 0947630 0750558 1710571 1882932 0743559
 1316572 1317574 1369612 0017337 1518422 1882932 0017337 0332219 0004083 0439849 0596306 0699792 0017337 0237753 0449788 0002085
 0449911 0039224 1706073 1706074 0557702 1272706 1704674 0557702 1272706 1704674 0039224 1706073 1706074
 0205132 0183683 1521721 1512571 0237913 0022885 0039593 0392366 0237941 1883351 0012634 0205214 0439849 0445223 1522138 3245511 0005823 1271104 1272641 0005767 0005768 0033095 0229664 0460139 1306345 0005893 1305855 0518010 0242821 0460148 0577559 0918012 1268086 1306372 1552854 1637833 3152252 1278073 0023779
 0441833 0687744 1257890 1552516 1705428 1705429 2700400 0441889 0486616 0010054 0010068 0018799 0332281 0243083 0012634 0018787 1281570
 1554961 1705847 0026882 0034821 1149327 0597357 0020445 0745103 1366529 0015576 0020443 0241888 1522133 0012634 0205309 0205393 0205419 0332281 0599883 1427926 0678226 0002085 0205214 0237753 0449788 0700321 1522138 1551058 3146286 3245511 0039224 1706073 1706074
 0027361 0237401 0206243 0699809 0919453 0017337
 1552961 2347617 0332218 0086418 0027361 0237401 0205214 0683278 1167395 1522138 3245511
 1707959 0025914 0025929 0026809 1512692 1999230 0038951 0080194 0456178 1518614 2987481 1705241 1705242 0599883 1427926
 0039224 1706073 1706074 0745732 3272378 0012634 0599883 1427926 0205448 1512692 0080194 0456178 1518614 2987481
 0439064 0599883 0747726 1427926 0010364 0017296 0314603 0936012 2828360 0080194 0456178 0205309 1883351 0597336 0678226 0392762 0439064 0599883 2987476 3146286 1708726
 0205447 0025914 0025929 0026809 0549178 1160186 1260875 1314677 1748461 0079411 0026882 0231441 0443218 2827483 1273518
 0677601 0680226 1704769 1705206 0237753 0449788 1441672 2828360 1441672 2828360 0080194 0456178 0868928 1533148 1708726 0599883 1427926
 1707959 0085639 0238715 0080103 0392760 1314939 0012634 0205214 1441672 1522138 3245511 1704675 3161035 0019409 1515981 3161035
 1883712 0012634 0015272 0028873 0242492 1264683 0456603 1547037 0041432 0041427 0041429 0220761 0041427 0332290 0740116 2827735 2981700
 1554961 1705847
 1707959 0020474 0694546 2712907 0015576 0020473 0205195 0241888 0344339 0033105 0220900 0015272 1708511 1513371 1705738 2347637 2348146 0079411 0439855 1704241
 0242538 0728826 0332290 0042789 1947903
 0805586 0006826 0017446 0205146 0998265 1306459 0006142 0029016 0678222 0919437 0376571 0006141 0006826 0017337 0449450 0998265 1268990 1306459 0294028 0598034
 1708726 0019247 0026882 0032659 1257890 0042789 1947903 1282910 1552828
 1883712 1512571 2987279 1416989 0017337 0002085 0237753 0449788
 0868928 1706255 1706256 0010674 0016059 0205207 0002085 0012634 0032659 1257890 1551359 2741673 2981730 0026882 1705285
 0237753 0439175 0439810 0449788
 0012634 0678594
 1883067 0871161 1292721 0032659 1257890
 0678594
 0678594
 0012634
 0023746 0023745 0281825 0394006 0016884
 1514811 1706462 0003737 0456387 1705943 0005532 0205460 0441712 0725813 1314939
 1881534 0679213 0079941 0009219 0017446 0205147 1523994 1880159 0026882 0037585
 1517331 0332849 0017337 0205101 2700280 2699424 0021027 0202081 1518565 0037361 0439826 0597357 0017337 2244223 0007634 0019868 0178539 2699424 0040649 0037083 1160185 1710082 0027793
 1705535 0017337 0557871 0205419 0079941 0009219 0017446 0205147 0205214 1522138 3245511 0017337 0557869 0750519 0042333 0205419 1280500 0037585 1709305 2745955 0034987 0220905 1704735 0017446 0205147
 1550608 0037585 0150312 1138555 1882354 0033872 0033873
 1707959 0021107 0032529 0441587 1442161 1511760 1512796 1880274 1882417 1883719 1999230 0033413 0017446 0086860 0205147 0170657 1420214 0036751 0596902 1420214 0439084 0728893 1415504 0017337
 0032529 1882417 0332281 0221423 0599883 1427926 0392747 0017262 1415504 0017337 0185117 0086860 0205177
 1707959 0017337 0023837 0150312
 0017337 0870432 1705417 0205419 1149367 0005456 0040648 0040649 0205145 0243122 1145667 1167622 1521761 2827422 0013682
 0205419 2347946 0004096 2984299
 1316572 1317574 1369612 0162340 0012634 1709305 2745955 0205231 0376554 0012634 0442824 0439801 3542948
 2347946 0449445 0038951 0868928 1533148 0243148 1550141 1882979 2587213 3274648 1524063 0002778 0936012 1524024
 0035920 0012634 0017337 0205214 0205309 0205437 0205447 1522138 3245511 1416989 0039224 1706073 1706074 0001721 3244092 0185117 0441889
 0332120 0242538 0728826 1999230
 1554961 1705847 0006826 0998265 1306459 0242492 0035647 0080103 0205345 1547039 0242492 0035647 0080103 0205345 1547039 1835401 0206132 1833334 0001779 0332162 0442805 1279919
 0947630 0449234 1704772 1882133 0449432 1705248
 0332120 0332257 1552866 2700399 0302523 0700325 3244290 0021149 0220856 0600210 1533574 1881827
 0220825 1261322 0199236 0947630 1705535 0017398 0017399 0032214 0600138 0449719 1709471
 1265611 1554108 1561573 1853698 2247168 0028873 0242492 1264683 0035647 0080103 0205345 0456603 1547037 1547039 0041429 0220761 0041427
 1512612 0041429 0220761 0041427 0237876 1705241 1705242 0041429 0220761 0041427 0558058 0017296 0314603 1521761 2827422
 0012634 0017342 0017337 1527180 1853698 2247168 0017361 0017337 0521114 0522498 1514917 1515981 1853698 2247168 0205216 0002085 0205214 1522138 3245511
 1708726 1853698 2247168 0450093 0549177
 0006826 0998265 1306459 1825158 1832560 0456603 1610540 1707455 0205250 1299351 0012634 0036341 0026769 1417325 0036429 0439064 0004352
 1511726 3245479 0332290 1280500 3161035
 1883067 0871161 1292721 0032659 1257890
 0678594
 0678594
 0012634
 0023746 0023745 0281825 0394006 0016884
 1514811 1706462 2987279 0439849 0445223 1512571 3538987 1512612 0010186 0220812 0392756 0441889 1524063 0023746 0023745 0281825 0394006
 1512612 0332185 0028778 0332206 1533157 0332148 0750492 0017428
 0205238 0178587 0004083 0439849 0596306 0699792 0947630 1514873 0680864
 0018591 1273518
 0750572 0017428 0440102 0441621 0443288 0870078 0887950 1301820 0017446 0205147 0017446 0205147 1711300 2700613 0439175 0439810
 1883712 1519421 0017398 0017399 1257909 1273517 1883351
 0441621 0870078 0012751 0033085
 2827666 1515981 1708726 0150312 0205108 0750519 0017446 0205147 0281825 0394006 0150312
 0023746 0023745 0281825 0394006 0028778 0332206 1533157 0018591
 0439093 0443228 1704243 1704788 3539106 0752046 0028630 0032529 0037179 0087136 0205171
 0947630 1527178 1705938 0700364 0439792 0017428 2338314 0017446 0205147 0205369 1552740
 0441987 0332185 0443289 0557651 2603343 0017337 0010346 0012634 1314939
 0017446 0205147 0332281 0243083 0012634 0205396 1550043 1551388 0332268 0028778 0332206 1533157 1706084 2828370 0020792 0205396
 0282425 0020792 0205396 0233820
 1524063 0042153 0457083 1947944 0683607 1273519 1547539
 0027404 0332149 1705910 2362652 0441471 1881704 0017446 0205147 0683607 0008630 1283195
 0402112 1883351 0599779 0003062 3161035 0025914 0025929 0026809 1883351 0017337
 0016884 0032659 1257890
 0678594
 0678594
 0012634
 0023746 0023745 0281825 0394006 0016884
 1514811 1706462 0678536 0032863 1549481 1549650
 0150312 0449450 0392347 0205234 1285542 0678594 0013117 1825644
 0678594 0332185 1274040 1546471 2825142 1883351 0205352 1274040 1546471 2825142 1883073 2827424 1416989 0017337 0023746 0023745 0281825 0394006
 1511726 3245479 0679138 1512348
 0002085 0018591 0521114 0522498 1514917 0444667 0332148 0750492 0027361 0237401 0475311 0237753 0449788
 1883712 0596611 3178846 0017337 0026882 0750572 1705285 0871208 1521828 0027361 0237401 2985439 0596611 0026882 0017337
 3161035 0205238 2718059 0013227 0025118 0402883 0814225 1285573
 0026343 3161035 0242960 1524063 1522634 0032659 1257890 0026882 0746939 0079380 1518422 0871468 3541381 0205419
 0449295 0678536 1285573 0332268 0008300 1707391
 0750729 1883351 0508431 1706817
 1285573 0039421 0332148 0750492 0016884 0549178
 0043227 0018173 1521721
 2825232 0282413 0376649 1442065 0031330 1524059 0036375 0179400 1533124 0024015 0041703
 0254343 0796520 3272379 2827734 2981698
 0085205 1549619 1880669 2827734 2981698
 0013849 1705961 0282413 0376649 1442065
 0025952 0025953 0085672 0152036 1522005 0086345 0017398 0017399 1521991 0179400 1533124 0024015 0041703
 0254343 0796520 3272379 2827734 2981698
 0085205 1549619 1880669 2827734 2981698
 0013849 1705961 0059804 1514811 1706462 1883067 0871161 1292721 0032659 1257890
 0678594
 0678594
 0012634
 0023746 0023745 0281825 0394006 0016884
 1514811 1706462 0439394 1706495 3642217 0597277 1708601
 1524063 0032659 0042153 0457083 1257890 1947944 0370215 0439855 0599883 1283195 1427926 1704241 1875400

 2347961
 0325074 2827734 2981698 0025141 0718133 0073187
 1883073 2827424 0012634
 0040833 1521798 0325074 0025141 0439267 0021966 0221138 0021966 0221138 0021966 0221138
 0001080 0026882 1704788 2945760 3539106



 0325074 0025141 0326391 1551958 1555179 0016327 0439133 1553038
 0079946 0439659 0449774

 2347961
 0325074 2827734 2981698 0025141 0043016
 2985436 3178846 0026882 1705285 0871208 1521828
 0349590 1262865 0025141 0369773 2603361
 0268134 1155661 0012899 2984283 0043240 0374711 0035648 0050325 0596244 0960756 0035647 1521761 2827422

 0027960 0324740 0439189 1456781 1824986
 0325074 0597277 1708601
 0034538 0034519 0560559 0851346 1522449 1524020 1524021 0015491 1517512
 0750572 0678939 3178846 0026882 1705285 0871208 1521828

 2347379 0025141 1555015 0950133 1555015 2349146 0369718 0441922 1553036
 0872180 0694768 0920738 0014507 0014508 0017296 0314603 0699910 1285553 0015576 1704727 0282476 1096782 0947630

 1552852 0033727 0369286 0441932 0564385 0108263 0205090 0684010 2603358 0722969 0012358 1553033 0014511 0086809 1547963 0439267 0021966 0221138 1510707
 1517519 0017428 0034606 0441633 2338314 2826292 0443289 0332120 0008653 0008633



 0325074 0450385 0025141 2985324 2347048 0597277 1708601 1553033
 0017270 3178846 0439603 0294028 0598034

 0325074 0025141
 0220905 1704735 0441635 0017337 1547699 2700640 0033684
 0021005 0025141 0369637 0441923
 1882417 0017446 0205147 0597063 0025519 0025520

 0025141 0369718 0441922 1553036 0035853 0995005 0597277 1708601 0439114
 0086860 0003693 1412361 0376452 3536933 0012854 0025723 0851285 1159269


 0201682 0033727 0369286 0441932 0564385 0597277 1708601 0205090 0684010 2603358 0597277 1708601 1553033 0369637 0441923
 0596611 0026882
 1315013
 2347961
 1517844 0025141 1070400 0369773 2603361
 0017398 0017399 0752046 0028630 0032529 0037179 0087136 0205171 0012634 1512571
 0020538 1963138 2347469 0016327 0439133 1553038 2603362 0033727 0369286 0441932 0564385 0443030 2347469
 0678594 0017429 0017428 0028778 0086418 0332206 1533157 1706084 2338314 2828370
 0036397 0369718 0441922 1553036 1510707 2983612 0718133 0073187 0722969 0205090 0684010 2603358 0722969 0205090 0684010 2603358 0033727 0369286 0441932 0564385 1553033
 0018591 0028778 0332206 0439801 1533157 1706084 1880371 2828370 3542948 0008643 0008664 1719039 0008633 0034606 0086418 0205250 0441633 0443289 1299351 1514893 1706463 2699488 2700149
 0036397 0439493 1513009 0369637 0441923 0597277 1708601 0033727 0369286 0441932 0564385 2603360 0597277 1708601 0402830 0597277 1708601
 0042333 0205419 0012655 0220898 1264642 1547045

 0325074 0025141 2603360 0033727 0369286 0441932 0564385 2603360 0597277 1708601
 0020792 0205396 3245505 0012655 0220898 0027404
 0021005 0025141 0597277 1708601 0369718 0441922 1553036 0999213 0016327 0439133 1553038 0205090 0684010 2603358 0033727 0369286 0441932 0564385 2945650 2603360 0205090 0684010 2603358
 0079380 1282684 0026882 1705285 0332281 0012655 0220898 1264642 1547045 0010346 0012634
 0349590 1262865 0025141 0033727 0369286 0441932 0564385 1553033
 0004083 0439849 0596306 0699792 0012655 0220898 1264642 1547045 0010346 0012634
 0349590 1262865 0025141 0021966 0221138 0369637 0441923 0369773 2603361 2347469
 0052451 0163401 0850664 0035648 0050325 0679238 0960756 1281905 0035647 1521761 2827422
 0201682



 0017428 2338314 0015127 1314792 1524003 0012634 0011854 1320657 0441729 0011847 0011849 0332307 1547052
 0025141
 0042333 0314657 0012655 0017296 0205419 0220898 0314603 0392760 0798503 0805586 1264642 1314939 1547045 3274764 0011860 1320657 0441730 0011847 0011849 0332307 1547052 1707959

 0027960 0324740 0439189 1456781 1824986
 0325074 0597277 1708601 0597277 1708601 0369773 2603361 1440524 0085999
 0006784 0032214 0600138 0035820 1705810 0441472 3266814
 0011847 0011849 1510707 2347469
 0023820 0598783 1517898 0023779 0025519 0025520


 0369637 0441923
 0205090 0684010 2603358


 0033727 0369286 0441932 0564385
 0237607 3245512 1419408
 0023973

 0073187 0205090 0684010 2603358 0694746 0369637 0441923 0252873 0369637 0441923
 0041004 0025914 0025929 0026809 0443289 1553778 1561491
 0036397 2347469 0369773 2603361 0021966 0221138 0369637 0441923
 0052451 0163401
 1704351 2239486
 0450355 0025141