 0547070 1261381 1518422 1256369 0021641 0036536 0036537 1533581 1579433 1705535 0035820 0019868 0033727 0369286 0441932 0564385


 0015535 0015535 0587466 1704729 0557806 0035171 0035168 0242481 1707689 2983265 0557061 2584313 1514811 1706462 0916181 0001476 0001473 1412639 0022131 0030274
 0242349 1547282 1412639 0443288 0007634 3282337
 0243148 1550141 1882979 2587213 3274648 0025914 0025929 0026809 1273517 1883351 0220825 0035820 1705810 0596235 0851285 1327622 1256369 0021641 0036536 0036537 1533581 1579433 1326961 0019868
 0205112 0596235 1553033 1518422 0205217 0442805 0547070 1261381 1412639
 1292856 1948023 0205263 1321095 1705648 2347093 2348338 0596235 1553033 0021467 0021469 1260953 1628982 3463820 0076374 2986417
 0185112 0300926 0007634 1268443 0205307 0439166 2347086
 1979874 0596235 0695434 0017725 0205267 0596235 0678226 1948023 0596235 0040704 0687129 0034107 0205250 0205263 0391850 0597277 1299351 1708601 2700149 0392760 0547070 1261381 1314939 1412639 1550147 2709094 3539075 3539076
 2346753 0205217 0442805 0205390 1260953
 1705535 1265875 2700592 0695434 0014239 0035295 0598268 0030685 0391871 0439180 0680255 1283071 1963578 0596235 0182537 1412639 0205390
 0547070 1261381 0205217 0442805 0871261 1704632 1706817 2911692 0017725
 0205112 0202042 0455280 0017725 0032105 0376674 1550098 0086045 0205307 0439166 2347086
 1707478 1412639 0205112 1314939 0596235 0229579 0007634 3282337
 1412639 1882154 0596235 0205307 0439166 1514873 2347086 0596235 0695434 0017725
 0332268 0205412 0231180 0392747 1326961 0019868 1256369 0021641 0036536 0036537 1533581 1579433
 0035171 0035168 0242481 1707689 2983265 0557061 2584313 1514811 1706462 0916181 0001476 0001473 1706373 0040671 0728827 1705822 0596235 1383501 0524461 1282864 1301906 1551056 0035295
 1413043 1706675 0017337 0916181 0205396 1550043 1551388 0444868 3539085 0597298
 0022131 0030274 0597298 1412573 2350443 3539770 0439084 0728893
 0205224 0450387
 1412639 0040287 0220927 0040300 0520511 1547928 1704711 1547282 1510827 1441604 0332324 0036667 0312418 0427965 1511883 1522640 2346484 2349185 2698651 0916183 1412638
 0332120 0007634 3282337 0439086 2827736 2981702 0332218 1301820 1706701 0681814 3161035 0002778 0936012 1524024 1709305 2745955 2316203 2924406
 0017725 1948023 0007634 3282337 1705417 0695434 0015127 1524003 0175566 0205263 0086045 0332296 0596235 1383501 1446561 1880497 1996904 0596235 0695434
 0014239 0035295 0598268 0032214 0600138 0019868
 1292856 1948023 0017725 0333312 0596235 0332152 0441994 0596235 1522538 2003888 1553033 0309872
 1292856 1948023 0243192 2987634 0001041 0522501 0030685 0391871 0439180 0680255 1283071 1963578 0596235
 0596235 0695434 0205263 0332182 0596235 1706381 1444748 0017725 0032930 0014239 0035295 0598268 0596235 1515187 0596235 0030685 0391871 0439180 0680255 1283071 1963578 0439834 0450446
 0221099 0684336 0596235 0871261 1704632 1706817 2911692 1441672 0449475 0450348
 0947630 1705535 0221099 0243148 0596235 0684336 1274040 1546471 1550141 1882979 2587213 2825142 3274648 1553033 1412639
 0086439 1148926 0205177 0439167 0441655 1561536 0034693 0034721 0684224 0700287 3496591 1881534 0241863
 0205177 0439167 0441655 1561536 0150312 1883351 0025914 0025929 0026809 0241863 0392756
 0947630 1705535 0011155 0162429 1623416 1314939
 0392756 0547047 1518422 0034693 0034721 1441672 0439084 0728893 0034693 0034721 0439083 0439087 1515981
 0599155 0026882 0441730 1550335 0030705 0241863 0332307 0442726 1511790 1547052
 1514559 0123658 1334140 0007634 0274281 0332157 0439590 1709305 2745955 3282337 0021641 1533581 1579433 1882365 0030705 1709305 2745955 0311403 0017262 0017337 0185117
 0444868 1511726 3245479 3539085 1705535 0185117 0205177 0439167 0441655 1561536 0007634 0221099 0684336 1269647 1704653 1880177 1948049 0596235 1553033 0871261 0011860 0441730 1320657 0011847 0011849 0332307 1441672 1547052
 0150312 0449450 0557651 2603343 0242349 0557651 2603343 1660153 0475264 1744691
 1883708 0376649 1442065 0035820 1705810 1524063 0206745 0025914 0025929 0026809 1412639 1883559 1412639
 0596235 0871261 1704632 1706817 2911692 1707455 0007634 3282337 1412639 0025914 0025929 0026809 0007634 3282337 0025914 0025929 0026809 0007634 1515981 3282337 0076374 0332293 1522326 0076374 1883351 0028778 0332206 1533157 1706084 2828370 1148926 0205177 0439167 0441655 1561536 0916181
 0035171 0035168 0242481 1707689 2983265 0086912 0035171 0035168 0242481 1707689 2983265 0557061 2584313 1514811 1706462 0019932
 1518865 0030274 1278931 0070066 0231441 0443218 2827483 0085185 0030415 1707903
 0449851 0021641 1533581 1579433 1412639 0031082 0884358 0205155 1293097 1522472 1552923 1705191 1412639 0021641 1533581 1579433 0026051 1524063 0020960 1555271 0011318 1979003 0003242 0003241 0021027 0004793 0162326 0162327 1519249 0439851 1947931 0002520 2917660 0001128 0086418 0202406 1412639 0450355
 0007634 3282337 1412639 0205155 1293097 1522472 1552923 1705191 0432616 0017687 0678420 0746619 0876232 1439852 0037659 1881011 0020960
 1511790 0332575 1260956 0009393 1550604 1705245 0076359 0039711 0332575 1260956 1514873 1261552 1704379 1705117 2825408 1552738
 0007634 3282337 0332583 0009393 0303920 1550604 1705245 0060520 0124209 0206359
 0009932 0243148 0681814 1550141 1882979 2587213 3274648 1547282 1167624 1947902 2827499
 0003062 0037633 0455052 1521827
 0017337 0332256 2700400 0015295
 0206745 0025914 0025929 0026809 1412639 3146294 0015295 0332454
 1510828 0439231 1883559 0332307 0445392 1547052 1412639 0206745 0025914 0025929 0026809 1412639 1273517
 0025914 0025929 0026809 0439267 0720544 0439267 0004927 2707008
 1883351 0220825 1326961 0019868 0005802 0005767 0005768 0017725 0229664 0444706 3541902 0472226 0033727 0369286 0441932 0564385 0016464 1384607 0016452 0871712 0041119 0033727 0369286 0441932 0564385 1879743
 0332174 0439230 0003062 0015663 0456962 0005802 0005767 0005768 0017725 0229664 0444706 3541902 0033727 0369286 0441932 0564385
 0857690 0021641 0032105 1533581 1550098 1579433 0444706 1552738 3541902
 0009458 0439536 1705217 3244283 0022131 1524063 0030274 0204727 0205409 0220862 1273517 1515981 0596235 1553033 0681814 0037633 0525069
 0086045 1446561 0205217 0442805 0037494 1959973 0205216 0392756 0442797
 0037633 0024472 1521827 1532563 0013714 0439190 0242295 1947943 2348609
 0012238 0030274 0162745 1278931 1301820 2349986 1555715 1704332 0022131 0009458 0439536 1705217 3244283
 1442455 0439228 0007634 1269647 1704653 1948049 0439228 1555715 1704332 0009458 0439536 1705217 3244283 0332256 2700400 0017725
 0200931 0002778 0032520 0677874 0936012 1524024 0035696
 0035668 0185115 3541890 1555029 0006556 1552738
 0036658 0040405 0439084 0728893 3537453 3540513 0179630 0439084 0728893 1414899 1415053 1705968 0206415 0017446 0205147 1521805 1707391 0441987 0025914 0025929 0026809 1412639 1880274 1947971 1514468 0206745 0025914 0025929 0026809
 0036658 0439084 0728893 1415027 1883257 2962221 2986848 0076374 0175754 0282160 0439084 0728893 3541413 0206415 0017446 0205147 1707391 0205214 1522138 3245511 0597298 0028630 0015295 0028630 0015295 0035696 1510755 1706078 1947971 0439776
 0006556 0444916 0136073 0917877 1325303 0017337 0597937 0206415 0042789 1947903 1425988
 0032520 0677874 0884358 1552738 0332300 1979963 2003903 1261552 1704379 1705117 2825408 0332283 1511572 1301776 1261552 1261552 1704379 1705117 2825408
 0596235 1553033 1256369 0021641 0036536 0036537 1533581 1579433
 0596235 1553033 0444706 3541902 1179412 0007634 1555715 1704332 3282337 0386750 1708715 0605411 1552738
 0027552 0686904 0076374 0037633 0525069 1524062 1708715
 1256369 0021641 0036536 0036537 1533581 1579433 0444706 0449913 1553451 1704459 3541902 1524063 1550176 1948031
 0449450
 0681814 0442822 1524031 1883002 1882932 0442822 1274040 1524031 1546471 1883002 2825142 0237753 0449788 1301820 1444656 0022131 1179412 0010453 0025914 0025929 0026809 0237753 0449788 1444656
 0237881 1709380 0038215 0750502 1704970 1516048 2700112 1709451 0022885 0038492 0039593 0392366
 1705241 1705242 0750591 0237881 0750502 1546944
 0035171 0035168 0242481 1707689 2983265 0557061 2584313 1514811 1706462
 0443289 1167624 1947902 2827499 0487602 1704680 0450344 1553633
 2348205 1412639 0450344 1553633 0021641 1533581 1579433 0450345 1444656 1412639 0007634 3282337
 0026192 0332183 0392752 0039869 1883351 0007634 3282337 1518422 1705417 0597879 0336721 2347469
 0521093 0007634 0205173 0750484 1518422 1705764 1705765 3282337 1412639 0443289 0017687 0876232 0524984 0007634 3282337
 0185117 0439801 3542948 0007634 3282337
 0449911 0333052 2607870 0557702 1272706 1704674 0557702 1272706 1704674 0349966 1337208
 2827734 2981698
 1518865 0030274 1278931
 2347469 0021641 1533581 1579433 2347469 1705535 1412639 0597879 0475264 1744691
 0022131 0336721 0040300 1547928 1518422 2986582
 0558269 1552984 0205173 1705764 1705765 0332575 1260956 0037659 1881011 0007634 3282337 0205155 1293097 1522472 1552923 1705191
 0332575 1260956 0332583 0009393 0086972 0443299 0687118 0073187 0376249 0439603 0871396 1561548 1705502 0017725 0205195 0033727 0369286 0441932 0564385
 0033727 0369286 0441932 0564385 0221205 0863146 0009393 1550604 1705245 0205146 0205397 0443288 0150136 0010834 0007634 3282337 0678226 0185027 0205155 1280412 1293097 1522472 1552923 1705191 3146286
 0185027 1948020 0007634 0444667 1441672 3282337 0022131 1518422 1412639
 2347469
 0007634 3282337

 0681814
 0185117 0916183 1412638 0035380 0032520 0040649 0443286 0677874 1114821 1516048 1555029 0035668 0185115 1412639 3541890 0349966 1337208
 1517001 0456389 0025914 0025929 0026809 0547044 0700321 0450354 1706096
 1268722 1705241 1705242 0015252 0028630 0728940 1274040 1546471 2825142 0015295 1153663 0205177 0439167 0441655 1561536
 0012634 0348080 1705253 0441889 0441994 1548802 2003888
 3244092 1515670 0185117 0441889 0456079 1547707 2946261 0080103 0205345 1547039 1412639 1441672 0369718 0441922 1553036
 1705535 0332197 1689985 1518422 0205432 1514559 0916183 1412638
 0449911 0333052 2607870 0557702 1272706 1704674 0557702 1272706 1704674 0349966 1337208
 0740116 2827735 2981700
 1707455 1158816 0035696 0441889 1412639 2700323 1412639 0025914 0025929 0026809
 0035380 0040649 1555029 1412639 0006556 1511572 0012634 0348080 1705253
 0136073 0917877 1325303 0597937 0017337 0205102 0243148 1273517 1550141 1553872 1619620 1882979 2587213 3274648 0444916 1412639
 1515670 0185117 1518422 0392760 0547070 1261381 1314939 1412639
 1514468 1704444 1707455 1520150 1883559 0025914 0025929 0026809 0332307 0445392 1547052 1947971 0230715 0175723 0439645 1521913
 2347469 0006556 0439509 1511572 1883351 0521093 0750484 1456348 0392148 0456389 0206745 0025914 0025929 0026809
 1514468 0035379 0040646 1555029 2257077 0035380 0040649 0443286 0750563 1114821 1555029
 1274040 1546471 2825142 1882932 0884358 0025914 0025929 0026809
 0220825 1261322 0205112 0596235 1553033
 0009458 0439536 1705217 3244283 0017725 0012022 0596235 1553033 0205251 1299352 1550472 0205360 1547311
 1705241 1705242 0596235 1412639 1511726 3245479 0012022 0012022 0012022 0439282 0369718 0441922 1553036
 0439282 0369718 0441922 1553036
 1550147 2709094 3539075 3539076 0076374 1518422 0442805 0205112 0596235 1412639 0439282 0369718 0441922 1553036 0439282 0369718 0441922 1553036
 1705535 0205112 0596235 1553033 0036849 0441712 1442518 1705195
 0205117 0332282 1883708 0220825 0035820 1705810 1159527 0243144 0347980 0596235 0014239 0035295 0598268
 0009458 0017725 0332296 0439536 1705217 1880497 1996904 3244283 1707719 0017725 0205263 0596235 1553033 0332152 0596235
 1321095 1705648 2347093 2348338 0243144 0347980 0596235 0449234 1704772 1882133 0014239 0035295 0598268 0205197 0076374 0309872
 0017725 0441994 1272755 2003888 0596235 0450365 1706097
 2346753 2348205 0439282 0369718 0441922 1553036 0439282 0369718 0441922 1553036
 0302523 0700325 3244290 1881534 0681814 0012022 0392148 0884358 1518422 1547282
 0449911 0333052 2607870 0557702 1272706 1704674 0557702 1272706 1704674 0349966 1337208
 0439086 2827736 2981702
 1412639 1518422 0086597 0205265 1279901 1555582 1705685 0596235 0392756 0547047 0017725 0205263
 1412639 0025914 0025929 0026809 0205132 1550648 1552960 0205132 1550648 1552960 0076374 1708715 0386750
 0017725 1532563 0009458 0017725 0332256 0439190 0439536 1705217 2700400 3244283 1419301 1709809 0441833 1444656 1704458 1999270 3537156
 0442822 1524031 1883002 1547282 0392747 0443172 0205112 0596235 1553033 0332197 1689985
 0441889 0439282 0369718 0441922 1553036 0205132 1550648 1552960
 0439282 0369718 0441922 1553036 0205132 1550648 1552960
 0439282 0369718 0441922 1553036 2347469 0205132 1550648 1552960
 0439282 0369718 0441922 1553036 2347469 0205132 1550648 1552960
 0014239 0035295 0598268 1414685 3538717 2700400 0439084 0728893 1412751 1427831 1539372 0021549 3542924 0332324 1550474 0596235 1698986 0807726 0274281 0332157 0017725
 0001041 0185112 0578718 0596235 1698986 0076374 0185112 0578718 0596235 1698986
 1883351 0220825 0035820 1705810 1698986 0024501 0205112 0596235 1553033 1179412 0007634 1555715 1704332 3282337 0205265 0009458 0332256 0439536 0596235 1705217 2700400 3244283 0012022 0017725 0243144 0347980 0596235
 1883708 1179412 1555715 1704332 0009458 0439536 1705217 3244283 1532563 0013714 0439190 0242295 1947943 2348609 0309872
 1883712 0032930 1444748 0596235 0450373 1553636 1555715 1704332 0450375
 1555715 1704332 1883712 0015252 0728940 0001041 0205263 0700321 0596235 0439775 0702240 0558058 0030685 0391871 0439180 0680255 1283071 1963578 1518422 0001041 0185112 0578718 0205090 0441987
 0449286 1704240 0001041 0205263 0076374 2348205 0022131
 1280500 2348382 1553033 0392366 0009458 0332256 0439536 0596235 1705217 2700400 3244283 0017725 0012022
 2346753 2348205 0439282 0369718 0441922 1553036 0439282 0369718 0441922 1553036
 1274040 1546471 2825142 1705535 0332324 1550474 0337051 1518422 0205177 0439167 0441655 1561536 0596235 1708059 1292856 1948023 1883351 0333118 0596235 0596235 1553033 0205251 1299352 1550472
 0449911 0333052 2607870 0557702 1272706 1704674 0557702 1272706 1704674 0349966 1337208

 1412639 1518422 0021549 0332324 0807726 1514873 1550474 3542924 0337051
 0022131 1179412 2347469 1532563 0009458 0150141 0332256 0439190 0439536 0596235 1705217 2700400 3244283 0012022 1538148 1823197 0017725 1540229
 1883708 0009458 0332296 0439536 0596235 1705217 1880497 1996904 3244283 1532563 0013714 0439190 0242295 1947943 2348609 0439084 0728893 1179412 1555715 1704332 1883712
 1555715 1704332 0076374 1524062 1444656
 0442822 1524031 1883002 1547282 0392747 0443172 0205112 0596235 0441889
 0441889 0439282 0129575 0369718 0441922 1553036 0205132 1550648 1552960
 0439282 0369718 0441922 1553036 0205132 1550648 1552960
 0439282 0369718 0441922 1553036 2347469 0205132 1550648 1552960
 0439282 0369718 0441922 1553036 2347469 0205132 1550648 1552960
 0035820 1705810 0205250 3163633 0596235 1553033
 0035820 1705810 0205117 0332282 1883708 0220825 0012634 0348080 1705253 0596235 1553033 0205250 3163633 0007603 0025255 0032105 0596901 1550098 1706182
 0012022 0150312 0449450 0309872 0205263 0596235 0695434 1883351 0025251 0025255 0596901 1706182 3245505 0332197 1689985
 0205263 0549177 0439831 0596235 0332283 0750482 0205385 1547175 1962987 2964353 0205390 0015663 0205265 0449432 0456962 1279901 1555582 1705248 1705685 1880022 1553637 0205132 1550648 1552960
 0684224 0700287 3496591 1550147 2709094 3539075 3539076 0205217 0442805 0205390 0369773 2603361 1947971 2964353 0439834 0205386 1547177 0332479 0348078 0522512 1260953 0449432 1705248 1553637 0205132 1550648 1552960
 0392747 0443172 0332120 1285553 0014239 0035295 0598268 0596235 1515187 0596235 0030685 0391871 0439180 0680255 1283071 1963578 0439834 0450446
 0596235 0392747 0443172 0205250 0205263 0232117 0391850 0597277 1299351 1708601 1947910 2700149 0332479 0348078 0522512 1412639 1441672 1550147 2709094 3539075 3539076 1707455 1553637 0872145 0205132 1550648 1552960 0872145 0205132 1550648 1552960
 1979874 1550147 2709094 3539075 3539076 1518422 0392747 0443172 1705241 1521970 0392756 0547047 0205263 0232117 0391850 0597277 1708601 1947910
 0302523 0700325 3244290 1705241 1705242 0369773 2603361 0596235 2346753 0349966 1337208
 0014239 0678226 0035295 0441472 3146286 3266814 0006353 0086597 0127400 0205177 0439167 0441655 1412639 1561536
 1547282 0449432 1705248 1412639 1441672 0030685 0391871 0439180 0596235 0680255 1283071 1963578 0596235 0014239 0337051 1509144 2349200 1412639
 1880177 0026193 0205165 0237820 0439834 1555688 1609982 2004454 1705535 0596235
 0449911 0333052 2607870 0557702 1272706 1704674 0557702 1272706 1704674 0349966 1337208
 0439084 0728893
 0021399 0596235 0392747 0443172 2827956 1532563 2827891 0205263 0232117 0391850 0439190 1947910 0597277 1708601
 0025914 0025929 0026809 0347982 0027960 0076374 0324740 0439189 1456781 1518422 1824986 1708715 0386750
 1883708 1532563 0009458 0017725 0332256 0439190 0439536 1705217 2700400 3244283 1538148 1823197 0012022 0012022
 0086045 1446561 0205217 0442805 1532563 0205126 1444656
 0442822 1524031 1883002 1547282 0392747 0443172 0205112 0596235 0441889
 0441889 0439282 0369718 0441922 1553036 2347469 0205132 1550648 1552960
 0439282 0369718 0441922 1553036 2347469 0205132 1550648 1552960 0205132 1550648 1552960
 0439282 0129575 0369718 0441922 1553036 0205132 1550648 1552960
 0439282 0369718 0441922 1553036 1553033 0205132 1550648 1552960
 0369773 0444504 2346753 2347634 2348143 2603361 1707455 0596235 0441837 1553033 0872145 1547282 0205132
 0021399 0205263 0596235 0695434
 0442808 0427743 1287281 0086045 1446561 1532563 0032930 1444748 0596235 1553033
 0596235 1553033 1272689 1883351 1412639 0332156 0205112 0441889 1955473 1553638 2347469
 0017725 0596235 0695434 1709305
 0017725 0596235 1553033 0205250 1412639 3163633 0549178 1883351 1955473
 1510992 2825518 0596235 1553033 0702093 0427743 1287281 0086045 1446561 2348205
 0596235 0695434 1705242
 1708760 0205172 0205250 1412639 3163633 0017725 0439282 0369718 0441922 1553036 0439282 0369718 0441922 1553036 0017725 0439282 0369718 0441922 1553036 0439282 0369718 0441922 1553036
 1705241 1705242 0205112 0596235 1553033 0443228 0549177 1704243 2827734 2981698 0349966 0740116 1337208 1553638 2827735 2981700 2347469
 1979874 0017725 0205263 0596235 1553033 1705241 1705242 0439282 0369718 0441922 1553036 0439282 0369718 0441922 1553036
 0205112 0439086 2827736 2981702 0596235 1553033 2348205 0439191 0439394 1706495 3642217
 1705241 1705242 0558058 1705241 1705242 0695434 0547044 0700321
 0596235 0695434 2348205 0702093 0017725 0205250 1299351 2700149 0017725
 0871208 1521828 1553033 0392747 0443172 0695434 1705241 1705242
 0442805 0596235 1553033 0439834 1571602 2347469
 0449911 0333052 2607870 0557702 1272706 1704674 0557702 1272706 1704674 0349966 1337208

 1412639 0205263 0596235 0695434
 2347469 0025914 0025929 0026809 0009458 0332256 0439536 1705217 2700400 3244283 0017725 1444656 1547282 1705241 1705242 0596235 1553033 0596235 0695434 2827734 2981698 0017725 0740116 2827735 2981700 0443318 0596235 0439775 0702240 0439086 2827736 2981702
 0442822 1524031 1883002 1882932 0205452 1301820 0205451
 1510992 2825518 0596235 1553033 0444686 1441506 1443182 0596235 1553033 0427743 1287281 0086045 1446561 0681814 2348205 2347469
 0073187 1705241 1705242 0596235 1553033 0596235 0695434 2827734 2981698 0017725 0740116 2827735 2981700
 2346753 0596235 0695434 0444686 0702093 1441506 1443182 0017725
 1511726 3245479
 0369773 2603361 0369773 2603361 1705241 1705242 1412639
 0449911 0333052 2607870 0557702 1272706 1704674 0557702 1272706 1704674 0349966 1337208

 1412639 0205263 0596235 0695434 0022131 1179412
 2347469 0022131 1179412 1412639 0025914 0025929 0026809 0009458 0332256 0439536 1705217 2700400 3244283 1538148 1823197 0017725 1540229 1444656
 0442822 1524031 1883002 1882932 0205452 1301820 0205451 1515981 1553033 1555715 1704332
 1510992 2825518 0596235 0695434 0695434 0681814 1706386 1883727 1532563 0017725 0205263 0439190 1555715 1704332 0022131 1412639 0025914 0025929 0026809
 1510992 2825518 0695434 0449238
 1510992 2825518 0332162 0884358 0444930 2746065 1547282 1705241 1705242
 1521970 1706388 2346469 2348519 0022131 1179412 0205263 0596235 0695434 0439834 0205272
 1510992 2825518 0596235 1553033 0702093 0017725 2348205 0439282 0369718 0441922 1553036 0007634 1412639 1515981 3282337 0439282 0369718 0441922 1553036
 1708760 0596235 0695434 0205250 1299351 2700149 0369773 2603361 1412639 0007634 3282337 0439282 0596235 1553033 0009458 0439536 1705217 3244283 1518422 0349966 1337208 1547282
 0596235 0695434 0547044 0700321 1555715 1704332 0007634 3282337 0439282 0369773 2603361
 1883712 1705241 1705242 1553033 0392747 0443172 0695434 1705241 0205397 0681814 1882932 0349966 1337208 1547282
 0073187 0332120 0695434 1709595 2349200
 0332162 0695434 0596235 0015663 0456962 0443228 0549177 1704243 1555715 1704332
 0444930 2746065 0695434 0332156 0596235 1553033 0015663 0456962
 1521970 0596235 0695434 2348205 0392747 0443172 0444989 0034107 0205250 0205263 0349966 0391850 0597277 1299351 1337208 1708601 2700149 1880177 0695434 0332182 0596235 0678226 1706381
 0547070 1261381 1518422 0178665 0013220 0017725 0020963 0220929 0231197 1704410 1719133 1256369 0021641 0036536 0036537 1533581 1579433
 2585282 0427728 0699870 1313904 0427743 1287281 0086045 2348205 0439269 3642216 0369718 0441922 1553036 0025914 0025929 0026809 0439269 3642216 0369718 0441922 1553036
 1705241 1705242 0439269 3642216 0369718 0441922 1553036 0439269 3642216 0369718 0441922 1553036 0441621 0870078
 0442805 1709305 2745955 1705242 1553640 1705535 0547070 1261381 1518422 1326961 0019868
 0857690 0021641 0032105 1533581 1550098 1579433 2348205 0439275 0439526 0369718 0441922 1553036 0025914 0025929 0026809 0439275 0439526 0369718 0441922 1553036
 0449911 0333052 2607870 0557702 1272706 1704674 0557702 1272706 1704674 0349966 1337208

 0547070 1261381 1518422 0178665 0013220 0017725 0020963 0220929 0231197 1704410 1719133 1256369 0021641 0036536 0036537 1533581 1579433
 1412639 0025914 0025929 0026809 0033727 0369286 0441932 0564385 0015663 0456962
 0242485 0005802 0005767 0005768 0017725 0229664 0919414 0003062 1879743 0005802 0005767 0005768 0017725 0229664 0444706 3541902 2827734 2981698 0041119 0033727 0369286 0441932 0564385
 0332174 0439230 0003062 0015663 0456962 0005802 0005767 0005768 0017725 0229664 0444706 3541902 0919414 0033727 0369286 0441932 0564385
 1274040 1546471 2825142 1705241 1705242 0005802 0005767 0005768 0017725 0229664 0919414 0336721 0003062 0439269 0439269
 0042295 0025914 0025929 0026809 0205453 1301820 0441833 0687744 1257890 1552516 1705428 1705429
 2347469 1550176 1948031 1412639 0025914 0025929 0026809 0009458 0332256 0439536 1705217 2700400 3244283 0017725 0017725 0040374 1444656
 1256369 0021641 0036536 0036537 1533581 1579433 0021641 0423896 0439165 0456205 1533581 1549488 1561533 1579433
 0042295
 1719133 1256369 0021641 0036536 0036537 1533581 1579433 0220825 0021135 1533691 2827718
 1292856 1948023 0702093 0017725 0205263 0356369 0021641 0030685 0391871 0439180 0680255 1283071 1533581 1579433 1963578 0443228 0549177 1704243 1424736
 0439165 1549488 1561533 0456693 1442458 0702093 1292856 1327616 1948023 0080103 0205345 1547039 2827734 2981698
 0580272 1519043 2827734 2981698 0369773 2603361
 0035253 1622890 0017725 0427743 1287281 0017725 0086045 0442805 1446561 1948023 1532563 0040374 1424736
 0439531 1948053 1292856 1948023 1256369 0021641 0036536 0036537 1533581 1579433 1705242
 0035171 0035168 0242481 1707689 2983265 0557061 2584313 1514811 1706462 0150312 0449450 0557651 2603343 1547282 1518865 0025914 0025929 0026809 0030274 1278931 1412639 0150312 0449450 0030281 0007634 0021641 0205171 1327616 1533581 1579433 1720467 3282337
 1524063 0206745 0025914 0025929 0026809 1412639 1518422 1159527 0017725 0205263 0243144 0347980 0596235 1880177 0014239 0035295 0598268 0205112 0596235 1553033 0035820 1705810 0695434 0007634 0205263 0332182 0596235 1706381 3282337
 0185117 1326961 0019868 0231162 0205307 0439166 1314677 2347086 0012634
 3161035
 0022131 0030274 0597298 2827734 2981698
 2986594 3161035 0023636 0329040 1261322 1552578 1518422 0027361 0237401 0597298 0015252 0728940 1709694 0205225 0439631 1519595 0028778 0332206 1533157 1706084 2828370 1153663 0205177 0439167 0441655 1561536 0033684 1704222 1514468 1704444 0728938 1550516 0035280 0333117 1753315 2827734 2981698
 0032520 0677874 0443289 1705241 1705242 1412639 1705535 1517945 1518422 0205432 1514559 0916183 1412638 0025914 0025929 0026809
 0019932 1547282 0185117 0443288 0007634 3282337
 1881534 0596235 0242485 0332219 0596235 1553033 0392747 0443172 1412639 1705241 0449234 1704772 1882133 0007634 3282337
 0332268 0227578 1301725 1609436
 0035820 1705810 0596235 1553033 0007634 3282337
 0439799 1706095 1704259 1705987 0439509
 1705654 0439799 1706095 1444748 0076374 1999216 0916181 0450442 1254351 1521826 1550032 1880497 1996907 0423896 0456205 0596235
 0441712 1706376 0596235 0851827 1637379 1701901 3244310 1522427 0442726 0596235 1511790 0009458 0439536 1705217 3244283
 0700321 0442805 0596235 1553033 0678587 0205361 1301808 1442792 3148680
 0750492 1705241 1705242 0596235 0441889 1441672 1518422 0076374
 0332268 0205112 0596235 0229579 0007634 3282337 0036849 0443213 0596235 1442518 1705195 0449913 1553451 1704459
 0007634 3282337 0205263 0596235 1553033 0596235 0596235 0014239 0035295 0182537
 1321095 1705648 2347093 2348338 0043194 0258432 1421478 2346753 2348205 1412639 0025914 0025929 0026809 0805874 0870077 1446409 0439787 0849355 0886296 1273869 1948041 1882365
 1412639 1518422 1883351 0017725 0021549 0205263 0332324 1314939 1550474 3542924 0337051 0024501 0028423 0028609 0423896 0456205 0596235 1513854 0205112 0596235 0719058 1553033
 0001041 0076374 0449265 0185112 1412639 0007634 3282337 0017725
 1159527 0243144 0347980 0596235 0205112 0596235 1553033 0750492 0086597 0127400 0597298 0916181 0007634 3282337 0332290 1524057 0596235 0347982 0027960 0080103 0205345 0324740 0439189 1456781 1547039 1721009 1824986 3272787 1412639 0347982 0027960 0324740 0439189 1456781 1721009 1824986 3272787
 0557651 2603343 1705535 0185117 1412639 0021485 1272883 1533685 1828121 0079925 0028953 0392756 0423896 0456205 0596235 0205112 0596235 1553033
 0035820 1705810 0695434 0007634 0205263 0332182 0596235 1706381 3282337
 0332479 0596235 0695434 0007634 0205263 0332182 0596235 1706381 3282337
 0439801 1549649 2349209 2346753 1637379 0596235 1515187 0449238 2926735 0439834 1283071 0596235 1383501 1272691
 2607943 2926606 3539655 0521093 0750484 0302523 0700325 1964257 0040704 0205374 0596235 0702240 0443228 0549177 1704243 0028778 0076374 0332206 2983591
 1274040 1546471 2825142 1280500 2348382 1879549 0205177 0439167 0441655 1412639 1561536 0449234 1704772 1882133
 0040704 0205374 0596235 0702240 2348205 0076374 2986417
 1274040 1546471 2825142 1547282 1412639 0032214 0600138 0035820 1705810 0596235 0695434 0017725 0205263
 2346753 0443228 0549177 1704243 1708760 0441994 1548802 2003888
 0040704 0205374 0596235 0702240 2346753 0596235 0695434 0243144 0347980 0392756 0596235 1274040 1546471 2825142 0014239 0035295 0598268 1412639 0007634 3282337
 0686907 0439092 0547044 0596235 0439834 0014239 0035295 0391871 1283071 1272706 0596235 1553033 1518422 1708760 0441994 1548802 2003888 0205117 0332282 1883708 0596235 0439659
 0332206 3540676 0076374 0205309 1883351 0205217 0205263 0596235 0442805 0521116 1705970 1883708 0175566 1882151
 1517945 1518422 0442805 1510992 2825518 0596235 1553033 0243148 1550141 1707455 1882979 2587213 3274648 0750492 0205177 0439167 0441655 1561536 0309872 1879547 2346753 0076374 0205263
 0520511 1704711 0596030 0007634 0332207 0684224 0700287 3282337 3496591 1518422 2936239 0007634 3282337 1412639
 0036679 0237868 1881713 1510827 0205250 1299351 2700149 0086045
 3242339 0205251 1299352 1550472 0596235 1553033 1412639 3242339 0596235 0442805 0014239 2945843 0035295 0205145 0392752 1522427 0036572 0441548 0035820 1883351 1292732 0007634 3282337
 0547070 1261381 1518422 0178665 0013220 0017725 0020963 0220929 0231197 1704410 1256369 0021641 0036536 0036537 1533581 1579433
 0205263 0596235 0871261 0392747 0599779 0003062 3161035 0011860 1320657 0441730 0011847 0011849 0332307 1547052 0450348 0947630 0086439 1148926 0205177 0439167 0441655 1561536 1412639 0439084 0728893
 0681814 1518422 0183683 1521721 0038659 1705535
 0025914 0025929 0026809 0580545 0005910 1305866 0043100 0242821 0460148 1268086 1705104 1547282 0871261 1704632 1706817 2911692 0025914 0025929 0026809
 1522528 0870432 2348205 0871261 1704632 1706817 2911692
 0392360 1510992 2825518 0596235 1553033 2348205
 1705241 1705242 1553033 0392747 0443172 0695434 1705241 0683607 0596235 1553033 0449864 0015283 0439531 1948053 0040223 3541383 1412639 0007634 3282337
 0392752 0596235 2265763 1710706 0205250 1299351 2700149
 0178665 0860800 0013220 0017725 0020963 0205307 0220929 0231197 0439166 1704410 2347086 1256369 0021641 0036536 0036537 1533581 1579433 1705535 0026882 0678951 0032529 0441730 0585733 0747307 1550335 0030705 0241863 0332307 0684224 0700287 1547052 3496591 1518422 0011847 0011849 0243107 0678723 1314939 1527148
 0185117 0205177 0439167 0441655 1561536 0011860 0441730 1320657 0011847 0011849 0332307 1441672 1547052 1274040 1546471 2825142 0020456 0332281
 0010453 0220814 0430400 2242979 0205216 0392756 0442797 1148926 0205177 0439167 0441655 1561536 0001476
 0301630 0392756 0441610 0034693 0034721 1441672 0205197 0005802 1882115 1555029 0039798 0087111 1522326 1533734 1705169 3538994
 0332149 1705910 2362652 0206745 0025914 0025929 0026809 0441712 0030705 1518422
 0557651 2603343 1524063 0025914 0025929 0026809 0332268 1948062 1444656 0441712 0015272 0441889 0449286 0542560 1561545 2348088
 0947630 0027552 0686904 1883351 0184517 1515926 0442805 0012655 0220898 1264642 1547045 0014406
 1511726 3245479 0030274 1278931 1412639 0007634 3282337
 1705535 0243144 0347980 0596235 0205112 0596235 1553033 0596130 1412639
 1979874 1880177 0596235 0442805
 0035820 0332290 1524057 0596235 2827734 2981698
 1879547 0596235 1553033 0596235 0695434 0205263 0332182 0596235 1706381
 1412639 0683607 0014239 0035295 0695434 0439801 0596235 0695434
 0450446 0596235 0547047 0596235 0014239 0035295 0439834 0391871 1283071 1383501 0596235 0695434
 1280500 1518422 1883351 1825598
 1705241 1705242 0332197 1412639 1689985 1709305 2745955 0011847 0011849 0025914 0025929 0026809
 1412639 0032214 0600138 0007634 3282337
 0302523 0700325 1964257 0596235 0695434 1705242 1555306 1948033 0007603 0007634 3282337 0014239 0035295 0443264 1705535 0243148 1550141 1882979 2587213 3274648 1412639
 0947630 0684224 0700287 3496591 0423896 0456205 0596235 0392747 1554963 0162847 0185026
 0332149 1705910 2362652 0702240 0014239 0035295 0598268 0596235 0695434 0032214 0600138 0035820 1705810
 0043227 0018173 1521721 1548284 0018173 0450316 2827734 2981698 0683933 0260206 0018173 0035168 0036397 0205246 0242481 0449738 1548284 1553889 0009462 0004950 0027468 0337815 1515981 1538611 1539371 1709697 2728259 3484370 1301808 1442792 3148680 0442603 0442603
 0221193 2986676 0035380 0018896 0032520 0040649 0443286 0677874 1114821 1552861 1555029
 0017725 0035168 0242481 0750490 1706221
 0035168 0242481 0011198 0017480 0023031 0750490 1706221 3245503 3541240
 0282413 3273171 0031831 0686900 1272683 1522634 1707664 2348314 3540849
 0369773 2603361
 0015535 0450382
 0450382 0004950
 0013849 1705961 0024492 1538057 1547565 1412573 2350443 3539770 0034036 0034037 1514756 1704324 0348078 0376315 1272684 1522492 1527075 1548435
 0001041 0001041
 0596235 1553033 0086045 0332296 0596235 1383501 1446561 1880497 1996904
 0014239 0035295 0598268 0014239 0035295 0598268
 0021549 3542924 2827734 2981698 0439084 0728893 1412751 1427831 1539372
 0916181 0001476 0001473 1706373 0916181 0001476 0001473 1706373
 0076374 0076374
 1514811 1706462 0035171 0035168 0242481 1707689 2983265 0557061 2584313 1514811 1706462 0021966 0221138 0369637 0441923 0205090 0684010 2603358 0376249 0439603 0871396 1561548 1705502 1517495 0314607 0678594 0002778 0936012 1524024 1622990 0002345 0086934 0035687 2610186
 0022337 0006675 0006726 0182537 2936886 0001476 1749451 0725066 0005532
 0025141 0001905 1412243 0596235 0916181 0001476 0001473 1706373 0182537 1517892 1704666 0600430 0678544
 0025141 0026691 1705240 1839259 0475264 1744691 1709793
 0000857 0600678 1552863 0054868 3540479 0597298 0205307 0439166 2347086 0022131
 0025141 0369637 0441923 1832586 0009017 0009015 2262324 0001476 0001473 1706373
 0369637 0441923 0439526 1428813 3538705 0597198 1882330 0026882 1705285 2262324 0001476 0001473 0014175 0035295 0596235 0597298 1427293 1706373 0916183 1412638 0017337
 3538705 0599772 0560617 1522225 0001476 0001473 0557651 0596235 0947630 2603343 0005528 1317949
 1832586 3538705 0009015 0185117 0040287 0220927 0040300 0520511 1547928 1704711
 0376249 0439603 0871396 1561548 1705502 0376249 0439603 0871396 1561548 1705502 0332307 1547052
 1835811 0025141 0369637 0441923 3538705 1832586 1707455 0015576 1704727
 0439269 1960952 2346927 0039725 0039738 1420718 0376249 0439603 0871396 1561548 1705502 0185117 0030274 0036098 1278917 1519177 0007634 0442040 1285092 3282337 0035820 1705810 0596235 0678544
 0729333 0014239 0011923 0035295 0079595 0086045 0596235 1446561 0030281 0007634 3282337 1524063 0279281 0035820 2262324 0916181 0001476 0001473 1706373 0740116 2827735 2981700 0917729
 0237881 0750502 0025251 0025255 0392747 0443172 0596901 1705241 1706182 3245505 1948027 0007634 3282337
 0025141 0086045 1446561 0007634 1269647 1704653 1948049 0030281 0007634 1269647 1704653 1948049
 2951520 1261082 1551056 2981682 0369637 0441923 0439580 1547532 0596235 0695434 0022131 0030274
 0025141 3538926 0443264 0086045 1446561 0947630 0205266 1554187
 0024548 0026385 0556966 0439070 1705160 0600091 0076374 0018790 0237477 0392351 0521111 0392756 0547047 1522528
 0851285 1327622 0014239 0035295 0598268 0007634 3282337
 0441712 0237881 0750502
 0243144 0347980 0030685 0391871 0439180 0680255 1283071 1963578 0014239 0035295 0598268 0086045 0596235 0695434 1383501 1446561 1880177 1444748 0596235 0032930 0007634 1269647 1704653 1948049
 0018578 1832073 0034693 0034721 0011860 0441730 1320657 0011847 0011849 0332307 1547052 3161035
 0037083 1160185 1710082 1325895 1523071 0851285 1327622 0392747 0443172 0086045 1446561 0441472 3266814
 0725066 1521991 0010819 0005532

 3538926
 3540513 0369773 2603361 1158774 1280500 2348382 0001476 0006675 0006726 2936886 0022131 0030274 0205307 0205409 0439166 1548221 2347086 3161035 0011860 2697407 0011854
 0025141 0024548 0026385 0556966 0600091 0443301
 0033727 0369286 0441932 0564385 0017725 0205090 0684010 2603358 3537453 0342300 0020456 0032930 1444748 1517945 2753705 0599779 0003062 3161035 0011847 0011849
 0205090 0684010 2603358 0205419 1413043 1706675 0017337 2262324 1412639 0030705 0033522 1709709 0011847 0011849 0023981 0557651 2603343
 0025141 0018370 3541314 3538806 0030281 0007613 0007634 0031843 0542341 0700205 1269647 1704653 1705273 1948049 0419518 0445022 0019868 0185117 0036536 0036537
 0025141 1419337 3539667 0439526 1428813 1832586 1550751 3538705 2262829 1258036 2249967 0026836 0014261 0700323 0014257 0035028 0851827 1701901 3244310 0037083 3537152 0332268 2262324 0001476 0001473 0014175 0035295 0596235 0597298 1427293 1706373
 0369637 0441923 2347167 0076374 0018790 0237477 0392351 0521111 0682566 0015576 1704727
 0376249 0439603 0871396 1561548 1705502 1456825 0135262 0033727 0369286 0441932 0564385 0205090 0684010 2603358 3541894 0205090 0684010 2603358 0182537 1706421 0916181 2262324 0005821 1963076 0086574 0007634 1518071 3282337 0024880 0007634 0451297 0684269 1515981 1539838 3282337
 0205090 0684010 2603358 0369637 0441923 0369637 0441923 0449851
 0597277 1708601 2983605 0369637 0441923 0004927 2707008 0025914 0025929 0026809 0560617 1522225 0017875
 2983605 1521970 1555715 1704332 0734999 1522528 0022131
 0695434 1444748 0010834 0521449 0596235 0695434 0032930 0025519 0025520
 0000857 0600678 1552863 1292856 1948023 0442805 1705654 0441712 1706376 1996907 0337051
 0025141 0022337 0017725 1698986 0332268
 0450389 0025141 0014239 0035295 0598268 0183319 0337201 0007634 3282337
 1515101 2986905 0205195 1947911 0022131 0007600 0007634 0205132 1269647 1704653 1948049
 0025141 3540627 0678837 0013865 1446476
 0025141 1705654 1283071 0007634 3282337
 0025141 0175996 0178719 0596235 1996907 1698986 1705654 0439851 1947931 0441712
 0000857 0600678 1552863 1513371 1705738 2347637 2348146
 2603362 1832586 1880022
 0439070 1705160 0039676 2349943 3539704 0600091 0333668 1515877 1879547 0007634 3282337
 0439070 1705160 0039676 2349943 3539704 0024548 0026385 0556966 0600091 1698986 0025251 0007603
 0369637 0441923 0205090 0684010 2603358 0019868 0205251 1299352 1550472 0596235
 1421550 3538705 0678558 0000934 0392673 0015283 0025914 0025929 0026809
 0369637 0441923 0006675 0006726 2936886 1519315 0567416
 0040833 1521798 0025141 3540812 0596235 0014239 0599814 0005528 1317949 3495449 0007634 1269647 1704653 1948049
 0025141