 0032433 0033414 0165073 0369637 0441923
 0021622 1272753 2697517 0017480 0021622 1272753 0000876 0205120 1552595 0026580 0035970 0034036 0034037 1514756 1704324 0348078 0376315 1515981 1522492 1527075 0557061 2584313 1514811 1706462 0034170 0037871 0037874 0521110 0332621 0439168 0165073 1179435 0449432 1705248 0030567 0332281 1521736 2681933 0243083 0012634
 0008813 0596436 1282913 0022702 0947630 1547282 0165073 1416797 1880022 0585064 1067936
 0392148 0032433 1416797 0040223 1632851 1282927 1806781 2350002
 0032433 0521110 0332621 0439168 0165073 0007961 0205217 0439175 0439810 0442805 1706211 1444754 1706316 0086045 1446561
 0013852 3463986 0242849 0026018 0034606 0441633 0441722 0563538 2986744 0205390 1416797 0443289 0392148 0225328
 0444930 2746065 0205390 0165073 0205431 0225328 0205419 0750489
 0392148 0032433 0225328 0205431 1882071 0332152 1522538 0205418 1155631
 0332197 1689985 0032433 0225328 0750554 0205409 1548221
 0917903 0032433 0443264 0165073 0348078 0376315 1522492 0225328 0032214 0600138 0035820 1705810
 0557061 2584313 1514811 1706462 0285890 1420276 0165073 0439095 2003941 2350010 1420038 0033684 0445620 1292711 0006104 0440102 0449719 1269537 1709471 0449432 1705248 1512693 0030567 0332281 1521736 2681933 0243083 0012634 0165073 0002395 1521724 0012634 0543483 0699748 0037019 0393571 0333641 0439064 0449913 1553451 1704459 0752347 0085200 0012634 0205219 0242821 0460148 1268086 0012634 0450316 2827734 2981698
 0332621 0439168 0332152 0678594 1522538 0425382 0162807 0027627 0175668 0205436 0678594
 0165073 1184743 1522240 1883351 1709305 2745955 0441712 1706376
 0220781 0439634 1522492 0678594 1179435 0449432 0332281 0012634 0332257 0020179 2919056 0012634 0011847 0011849 0162534
 0162340 0441712 1706376 1521761 2827422 0443264 1184743 1522240 0205224 0012634
 0205418 0678594 0725813 0205431 0008902 1979848 0332268 0678594 0225328 0015272 0162807 0027627 0175668 0205436 0678594
 0332307 0085200 0242821 1709305 1995017 2745955 0332437 0543482 0700329 0700619 0037633 0525069 0012634 0348080 1705253
 0002518 0002520 2917660 0004793 0308313 0001128 0162326 0162327 0202406 1519249 1527178 1705938 1880389 1883221 3541951 0205396 1550043 1551388 0165073 0021966 0221138 0017446 0205147 0699759 0220781 0439634 1522492 0205309 1883351 0243122 1145667 1167622 1314939 0007603 0023779 0454907 0017446 0205147 0002520 0439070 1705160 1707271 1515860 0017446 0205088 0205147 1705314 1705315 1706211 0002520
 0165073 1883525 2346866 0033414 0450442 1254351 1521826 0332257 0022023 0023779 0031253 0012634 0348080 1705253 0242606 0038435 0311404 0450334
 0596611 0026882 0015576 0241888 0868928 1533148 1709305 2745955 1547282 1883351 0521110 0450348
 0332621 0439168 0521110 0567416 0002508 0032518 1177210 0022023 0025552 1515981 2347872 2346592 2346593 2346521 2346726
 0022023 0033684 0079613 0205263 0599156 2700061
 0020792 0205396 0243071 0165073 0018790 0237477 0392351 0521111 0220781 0439634 1522492 0243148 1550141 1882979 2587213 3274648
 0043227 0557651 2603343 0165073 0002508 0025033 0037871 0037874
 0032433 1709305 2745955 0007447 0747055 0007613 0007634 0178539 0237753 0449788 0542341 0549177 1314939 0332257 0598312 2984261 0012854 1883725 0040649 0597295 0033684 0220781 1883254
 0086045 1446561 0086045 0034170 0684224 0700287 3496591 0037871
 0349590 1262865 0032433 0567416 0012854 0035668 0205263 0392747 0443172 0678594 0851827 1701901 3244310
 2825490 0007961 1706211 0598629 0443264 1704675
 0032433 0150312 0449450
 0031843 0542341 0700205 1705273 0035820 0557651 0947630 1705810 2603343 0332268 0205309 1883351 0032214 0600138 0035820 1705810 0034828 0597357 0052536 0597357 0022009 0439799 1706095
 0597277 1708601
 0441889 0015272 0027765 0012634 0332257 1518422 0441994 1272755 2003888 1705535 0851285 1327622 1317834 2347578 0007634 0011164 0205170 1314677 3146287 3282337
 0037874 1883351 0007634 3282337 0012634 0348080 1705253 0205309 1883351 0205263 0332621 0439168 0449432 1705248 0002395 0332281 1521724 0243083 0012634
 0007600 0007635 3282338 0007634 0521390 3282337 0030956 0037874 0205195 0600688 1407029 0205171 0439044 0679994
 0035820 1705810 0165073 1518422 1441414 1553874 1578820
 0165073 0150312 0449450 0007610 0238767 1706086 1178979 0010834 0205418 0348078 0376315 1522492 0010834 0439509
 0032433 0150312 0449450 0086045 0005572 0220781 0851285 0243144 0347980 1515981 0007292 1159465
 0332149 1705910 2362652 0165073 0032433 1704675
 1274040 1546471 2825142 1705535 0032433 1883351 0443264 0332621 0439168 0165073 1515655
 0557061 2584313 1514811 1706462 0185117 0165073 1514636 0032136 1421837 1514798 1547699 2700640 0165073 0022877 1999230 3244292
 0032136 0014834 0014833 0450615 1510411 0185117 0205263 1412102 2945717 0016945
 0441436 0993610 1998480 0007703 1516695 1516698 0006353 0024348 1536403 0020283 0450407 0450408 0450409 0013618 0031493 0016327 0012789 0040223 1632851
 0012854 0032931 0032932 0849355 1642401 2584299 0038425 0439526 0007703 0064131 0179834 0450376
 1550101 1516695 1516698 0439892 0179245 0043047 0150141 0599638 1439852 1550678 0242301 1546559 0179834
 0165073 0002620 0002611 0038720 0475337 3536965 1882443 1883712 1550101 0086045 1446561 0439526 0179834
 1882443 0041175 0077281 0814229 0020283 0450407 0450408 0450409 0017243 0031001 0185125 0449913 1185738 1382104 1553451 1704459 1706132 0008559 0684296 0037494 0439182 0812409 1959973 0086045 1446561 0006353
 1264633 1516695 1516698 0041175 0077281 0814229 0020283 0450407 0450408 0450409 2350643 0180860 1880165
 1882508 0013862 0071500 0596607 0596495 0037813 1516801 0436196 0577559 0596801 1306372 3152252 0008559 0016107 0017243 1382104
 0033684 1524063 0015347 1707429
 0947630 0165073 0041175 0077281 0814229 1439852 1882074 0020283 0450407 0450408 0450409
 0869011 1719918
 1707468 0037633 0790233 0043047 0599638 0681549 1550678 1521827 0033684 0037633 1882074 0020283 0450407 0450408 0450409
 0020283 0450407 0450408 0450409 0032433 0444706 1883712 3541902 0392747 0443172 1705241 1441672
 1510844 0205430 0849355 1421951 1720722 0872291 0040223 1272706 3541383 0086045 1548787 0242485
 0037812 2713504 2984732 1883073 2827424 0034869 0005903 0039476 0180112
 1439852 0006353 0205171 0439044 0679994 0006353 0032433 0242295 1947943 2348609 0041175 0077281 0814229 1720119 1948037 0020283 0450407 0450408 0450409 0449468 1690016 1705102 2700258 0242485 0180266 0919386 1444754 1705483 1706316
 0370003 2347026 1518422 1883171 1517331
 1883073 2827424 0006353 1719767 2348589 0034606 0441633 2826292 1510992 2825518
 0242485 0005507 0243073 1510438 0037633 1720119 1948037 0332462 0439509 1880834 0020283 0450407 0450408 0450409
 0016315 0444706 3541902 0180266
 0233929 2349995 1883073 2827424 0312860 0549255 0034869 1524063 0312860 0030125 0175723 0439645 1521913 1820373 2828386 0233929 2349995
 1880177 0016315 0076466 2348149 0370003 0444706 0950261 2347026 3541902 0086045 1446561 0165073 0233535 0332197 1689985
 0086045 0005507 0243073 1510438 1518422 0015264 1280500 2348382
 0026019 2984656 0013852 0026018 3463986 1510844 0424092 0439962 2349954 2825032 0007009 0086296 1561571 1561572 0012621 0030685 0442504 1704765 1882509 2926602 3496241 0231441 1415284 2348395 2825313
 0086296 0439086 2827736 2981702 0312860 1280412 0012621 0030685 2926602 0392148 0597635 0033095 0460139 1306345 0521116 1705970 1519042 0449238 2926735 0227073 1552738
 0001674 1301862 0549178 0702093 1415284 2348395 2825313 0077854 0000975 0599956 0991568 1321095 2347093 1701810 0180859 0030351 0180860 0581406 1522664 1547566 1704449 1704684 1875155 1512080 2827485
 0370003 2347026 0181845 0013852 0181839 0332128 1706379 3463986
 0205160 0183115 0441633 1710020 2642841 0439204 2346481 2348614
 0240341 0596928 0444706 3541902 1524063 0037585 0027468 0018684 0021622 3245503 0392747 0557702
 0033161 1704254 1704922 3542466 0016203 1524063 0030125 0180860 0205250 0581406 1299351 1522664 1704449 1704684 1820373 1875155 2700149 2828386 0456081 0678578 1979874 1524063
 0242849 0026018 0034606 0441633 0441722 0563538 1704254 1704922 3542466 0181839 0348000 0439070 0439661 0442015 1705160 1706379 1883674 3245488
 0165073 0020283 0450407 0450408 0450409 0066503 0205148 0205242 0333562 0333853 1417162
 0018670 1281590 1706305 0005889 0007634 0302908 0444611 1269647 1704353 1704653 1948049 0183115 1704458 1710020 0442504 1704765 1882509 3496241 0037633 0525069 0005889 0007634 0302908 0444611 1269647 1524062 1704353 1704653 1948049
 0011923 0079595 0302908 0884358 1304698 1546699 1561501 1513371 1705738 2347637 2348146
 0348000 1547014 1948059 0369637 0441923 1524063 0376249 0439603 0556965 0695434 0871396 1273517 1561548 1705502
 0225328 0024472 0006353 1524062 0011923 0079595
 0370003 2347026 0332256 2700400 0032433 0024467 1524062 2348270 1704254 1704922
 0557061 2584313 1514811 1706462 0005507 0243073 1510438 0076466 0076466 0016320 0013343 0303920 1456454 0522527 0033684 0332297 1145667 1167622 1689898 2349209 1301808 1442792 3148680
 0392747 0443172 0243122 1145667 1167622 0332621 0439168 1515981 0349966 1337208
 2827734 2981698
 0016315 0004093 1762617 0005507 0243073 1510438 0884358 0205548 1548602 1704686
 0033727 0369286 0441932 0564385 0522510 0205217 0442805 2584321 1522609
 0449911 0333052 2607870 0557702 1272706 1704674 0557702 1272706 1704674 0349966 1337208
 2827734 2981698
 0233929 2349995 1883073 2827424 0392148 0302891 0332621 0165073
 0449819
 0205419 0040223 3541383
 0165073 0041175 0077281 0814229 1439852 1882074 0020283 0450407 0450408 0450409 1720119 1948037 0020283 0450407 0450408 0450409 0242485
 0205419 0165073 0034170 1439852 0037871 0037874 0349966 1337208
 0740116 2827735 2981700 2347469
 0034170 1524063 0086045 1273517 0439084 0728893
 0392148 0034170 0442805 1442445 1709305 2584321 0033727 0369286 0441932 0564385
 0086045 1446561 0022702 0220865 2825046 0015663 0456962 0392756 0547047 0558058 0040223 1416797 3541383 1710082 1292426 0034170
 0037871 0442799 0332621 0439168
 0871208 1521828 0037871 0086045 1441672 1446561 0205251 1299352 1550472 0450354 1706096
 0040223 1416797 3541383 0032433 0086045 0205216 0392756 0442797 0442808 1446561
 0037871 0040223 1416797 3541383 1292428 0522534 1709305 0243107 0678723 1527148 0301633 2700094
 0037874 1280519 1704419 0205263 0165073
 0032433 0033414 0332621 0439168 1442446
 0165073 0037874 1439852 0040223 1416797 3541383 0011744 0033727 0369286 0441932 0564385 0522534 1709305
 0332621 0439168 0205379
 0449911 0333052 2607870 0557702 1272706 1704674 0557702 1272706 1704674 0349966 1337208
 0740116 2827735 2981700
 0205419 0165073 0034170 1439852 0037871 2347469 0037874 1553033
 0086045 1446561 0034170 2827734 2981698 0439084 0728893 0037871 0037874 0369637 0441923
 0449819
 0165073 0076466
 1707455 0033414 0332621 0439168 0040223 1413227 1416797 1880022 3541383 0040223 3541383 0522510 0076466 1441672 0040223 3541383 1979963 2003903 0522534 1705188 0021966 0039224 0221138 1442162 1550718 1706073 1706074 3244317
 0042295 0332621 1705242 0012634 0027361 0042295 0237401 0444686 0522534 1441506 1443182
 0332197 1689985 0032433 0442805 0033727 0369286 0441932 0564385 0033727 0369286 0441932 0564385
 0392148 0037871 0037874 0040223 1416797 3541383 0205216 0392756 0442797 1883351 1292425 0522534 0033727 0369286 0441932 0564385
 0449911 0039224 1706073 1706074 0557702 1272706 1704674 0557702 1272706 1704674 1280500 2348382 1413227 1416797 0040223 1632851 0205265 0442805 1279901 1555582 1705685 0522534
 1519445 0037812 2713504 2984732 0008813 1883073 2827424 0175723 0205160 0439645 0442821 1513916 1521913 1880022 2825415 2825491 0017446 0205147
 1979874 0348078 0376315 1522492 0312860 0312860 0678594 2349187
 0599156 2700061 2349187 0332621 0439168
 0165073 0302891 0557651 0947630 2603343 0034170 1439852 0450365 1706097 0037871 0037874 0450366 0206243 0699809 0871938 2348792 0040223 0205449 0439787 0849355 3541383 1552961 2347617 0456696 1442770
 0868928 1533148 1883073 2827424 0444706 3541902 0205548 1883712 0033684 1552961 2347617 0205171 0439044 0679994
 0449911 0333052 2607870 0557702 1272706 1704674 0557702 1272706 1704674 0349966 1337208
 0439086 2827736 2981702
 0165073 0205171 0439044 0679994 0034170 0392148 1515981 2347469 0037874 1553033 0040223 0444706 1632851 1705242 3541902 1442103 1547049
 1883073 2827424 0444706 3541902 0205548 0589507 1158830 1704686 2603360 0006353 0205171 0439044 0679994 0006353 0032433 0242295 1947943 2348609 2347469 1553033
 0549178 1883073 2827424 2348792 0040223 0439661 3245488 3541383 1552961 1444656
 0034170 0311392 1547188 0017446 0205147 0205160 0392747 0443172 1513916 2825415 2825491 0439178 1446409 1514241 2825490 0442805 1264633 1554103 0449830 2349187 2827597
 0456696 1442770 0205217 0442805 1517331
 0392747 0443172 0040223 0442726 1511790 1632851 0205087
 0165073 1292429 0037633 0525069
 1710082 0004093 1762617 0028263 1705535 0033684 1882443 1511726 3245479 1518422 1547282
 0871161 1292721 0456696 1442770 2348205
 0392747 0443172 0332281 0165073 0332621 0439168 0392148 0037874 0349966 1337208
 0450366
 1292429 0370003 2347026 0311420 1883073 2827424 0008813 1521970 0441994 0522510 1548802 2003888
 1883073 2827424 0444706 0456696 1442770 3541902 1547282 0449774 1521970 0205216 0205344 0233535 0392756 0442797 0026377 1707455 2349187 0032433 0332197 1689985 1705535 0037628 0040223 3541383
 0917903 0205418 2348792 0040223 0205431 3541383 0205099 0079613 0220781 0439634 1522492 0220781 0439634 1522492 0205418 0439834 0442824
 0026019 2984656 0013852 0026018 3463986 0205418 0205431 0032433 1515981 1292428 0332128
 0205418 0032433 0205431 0332197 1689985 0450373 1553636 0205166 0205397 0225328 1706317 0312860 0332183 0205431 1522492 1882071 1704711 0007009 0086296 0205148 1561571 1561572
 0392148 0032433 0678594 0032433 0349590 1262865 0040223 3541383
 0349966 1337208
 2347469 1553033 1547282 0165073 0037871 0037874
 0392148 0037871 0165073 0205431 0205418 0037874 0205418 0392148 0700321 0225328 1282927 1806781 2350002
 0040223 3541383 0370003 2347026 0870432 0678594
 0678594 2348205 0032433 0205431 0332197 1689985
 1423506 0443228 0549177 1704243 0205172 1155631
 1707959 0349966 1337208 1547282
 0165073 0034170 1439852 0037874
 0037871 1708698 0205418 0007009 0205148 1704711 0450379
 0205418 1882932 3272897
 0449911 0333052 2607870 0557702 1272706 1704674 0557702 1272706 1704674 0349966 1337208

 0165073 0332621 0392148 0332197 1689985 2348792 0040223 3541383 1552961 2347617

 2347469 0037871 1292428 1704254 1704922 3542466
 0037874 1292428 1704254 1704922 3542466
 0073187 0034170
 0037874
 0016327 0439133 1553038 0037871
 1707156 3274014 3541345
 0242849 0026018 0034606 0441633 0441722 0563538 0175168 1510464 0332281 0332437 1514721 2348147 3542016 0543482 0700329 0700619 0449381 0678594 1444754 1706316 0487742 0489786 0040480 0031084
 0265318 0810473 0336794 0336791 2827396 0332437 0543482 0700329 0700619
 0332197 1689985 0032433 0040223 0205166 1515981 1706317 3541383 1442464 0165073 0205431 0312860 1553637
 0370003 2347026 0032433 1439852 0205418 2348792 0040223 0205397 3541383 1279919 1292426
 0225328 0037871 0205431 0392148 0205409 1548221 1551338 0037874 0205263 0220781 0439634 1522492 0870432 0205250 0205219 0678594
 0205418 0037871 0205431 0392148 1514873 0205166 1706317 0456696 1442770
 0165073 0205431 0205418 0027361 0205379 0225328 0237401 1282927 1806781 2350002 0332529 0349966 1337208 0016327 0439133 1553038 0033727 0369286 0441932 0564385
 0449911 0333052 2607870 0557702 1272706 1704674 0557702 1272706 1704674 0349966 1337208
 0439084 0728893
 0165073 0332621 0392148 0332197 1689985 2348792 0040223 3541383 1552961 2347617
 1442464
 2347469 0037871 1292426
 0037874 1292426
 0073187 0037871 0456696 1442770
 0034170 0456696 1442770
 0016327 0439133 1553038 0034170
 1707156 3274014 3541345 2347469
 0016327 0439133 1553038
 1514811 1706462 0032433 0443264 0332621 0439168 0165073 1184743 1522240 1314939 0220781 0439634 1522492 0033684
 0947630 1705535 0005498 0032433 0032214 0600138 0035820 1705810 1184743 1522240
 0165073 1709915 1882936 0680220 1707271 0205088 1705314 1705315 1880389 1883221 3541951
 0392148 0017446 0205147 1999230 1521840 2986546 0567416 2349975 1184743 1522240
 0032433 0007447 0443299 0007961 1145667 1167622 0165073 1704675
 0332621 0439168 0007961 1706211 0237753 0449788 0596072 0337112 0441833 0687744 1257890 1524075 1552516 1552839 1705428 1705429
 0037874 0034170
 0237753 0449788 0443220 1517331 0023636 0329040 0872079 1704675 0033684 1705242
 0678607 1704675 1521970 1706388 2346469 2348519 0567416 0017446 0205147 0598629 1145667 1167622 1518422 0348078 0376315 1522492 0439643 0373483 0012634 0597295 0033684 0205418 0220781 0439634 1522492 1880022
 3161035 1705535
 0165073 2347946
 0022023 0025552 0868928 1706255 1706256 0032433 0079613 0456378 0441833 0687744 1257890 1552516 1552839 1705428 1705429 0033684 1705242 0033414 0332621 0439168
 1704259 1705987 1705242 0022023 0205263 0165073 0599156 2700061 0032433 0392148 1441672
 0085732 0205263 0332621 0439168 0086045 1446561 0037871 2827734 2981698 0034170 0205352 0376534 0518609
 0678607 1704675 1273518 0033414 0332621 0439168
 0332621 0439168 1184743 1522240 0040223 0237881 0750502 1416797 1546944 1880022 3541383
 0392756 0040223 1416797 3541383 0032433 2349975
 0522534 2584321 0044222 0033727 0369286 0441932 0564385 0165073 0037871 1439852 0037874 0033727 0369286 0441932 0564385 1707455 0165073 1439852 0205171 0439044 0679994 0349966 1337208 0021966 0221138
 1627358 2349975 0392148 0032433 0684224 0700287 3496591 1883351 0005507 0243073 1510438 0018017 1571704 0199176 1706420 2700409 0021467 0021469 1628982 3463820
 0005507 0243073 1510438 0037874 0206243 0699809 0439227 0439787 0849355 0439228 0165073 0332621 0439168 1514873 0332197 1689985 0023688
 0220781 0439634 1522492 0220781 0439634 1522492 0033684 1883351 0205450 1705920 1704259 1705987 0332283 1719822 1519193 0041701 1704620 0021966 0221138 0369773 2603361 0016327 0439133 1553038 1882932 1301808 1442792 3148680 0205145 0332256 2700400 0033625 0038164 0033684 0225328
 0175168 1510464 0678594 0033684 0015272 0332479 0521164 0332183 1444754 0439792 0312860
 0225328 0004083 0205431 0439849 0596306 0699792 0018270 0220844 1517331 1621966 2911660 0185023 1947904 1999228 0567416 0450382
 0205390 1416797 0040223 3541383 1514873 1883351 0348078 0376315 1522492 0205099 0205390 0023175 0181586 0220781 0439634 1442948 1522492 1522538 2348269 3275067 0392760 1314939 1704675 0032433
 0043227 1979848 0205418 1272688 1548387 0150312 0332285 1280477
 0442805 0392747 0443172 0599156 2700061 0026377 1709305 0165073 0332621 0439168 0521115 0332197 1689985 0392148
 0205418 0037871 0205431 0392148 0037874 0850310 0678594
 0243107 0678723 1527148 0370003 2347026 0392756 0547047
 0678594 0205397 0265318 0810473 1279919 1292426 0392148 0086045 0032433 0349966 1337208 2347469 1553033
 1301820 2348205 0012634 0348080 1705253 1292428 0443289 1264633 1554103 0349966 1337208 2347469 1553033
 0225328 0150312 0449450 0205286 0225328 0332621
 0016315 1518422 0033727 0369286 0441932 0442805 0564385 0443289 0599156 2700061 0225328 1518422 0332281 0392747 0443172 0678594 0076466 0243122 0332152 0950261 1145667 1167622 1522538 1524062
 1707478 0225328 0004083 0205431 0439849 0596306 0699792
 0332621 0439168 0558058 0220781 0439634 1522492 0301633 2700094 1292429 0165073 1441672 0037874 1439852 0450366
 0456696 1442770 1264633 1554103 0425382 0026377 1947971
 0868928 1706255 1706256 0332621 0439168 0439836 0678594 0079411 3146294 0205418 0220781 0439634 1522492 0225328 1883712 0205171 0439044 0679994 1441414 1553874 1578820
 1705241 1705242 0205431 0332197 1689985 0392148 0026019 2984656 0013852 0026018 3463986 1705241 1705242 0205431 0392148 0332197 1689985
 1704254 1704922 3542466 0165073 0032433 0205431 0332197 1689985 0007009 0086296 0205148 1704711 0205431 1522492 1882071 0439064 0747726 0231467 0349966 1337208
 1979874 0205418 0332256 2700400 0010851 0205418 0549177 1706853
 0332437 0543482 0700329 0700619 0165073 1547282 0205418
 0032433 0598958 0086045 0027746 1314677 0332281 1150833 1150805 0441655 0072632 0001068 0001390 0040676 0598390 0014442 0014445 0442805
 0032433 0079381 0017108 1003377 0599732 1183428 0007634 3282337 1184743 1522240 0033414 0165073
 0302523 0700325 1964257 0032433 0521110 0332621 0439168 1705535 0027746
 1280500 2348382 0013030 0684224 0700287 3496591 0033414 0750591 1883351
 1979874 1709634 0013227 1254351 1273517
 0332149 1705910 2362652 0014653 0205415 0560184 0007634 1269647 1314677 1704653 1948049 0542341 1148560
 0014653 0205415 0560184 0011164 0332454 1880269 0231174 0680095 0031847 0277785 0243125 0699900 0205418 0165073 1301808 1442792 3148680 0184512 0175168 1510464 0033684
 0557651 2603343 1328819 0567416 0443264 0022702 0220865 2825046
 0037088 0243095 2825141 0020792 0205396 0018790 0237477 0392351 0521111 0205421 0332621 0439168
 0007447 1947931 0030567 1521736 2681933 0012634 0243107 0678723 1314939 1527148
 2825232 0010186 0220812 0449719 1709471 0220808 0680264 0007961
 1706852 0522501 1706089 0949214

 1709854 0016617
 1511780 1521721 0017480 0017480
 0282413 0376649 1442065
 0254343 0796520 3272379

 0085205 1549619 1880669
 0013849 1705961 0024492 1538057 1547565 0011198 0017480 3541240
 0282413 0376649 1442065 0376649 1442065 0036397 0022877 3244292 0041700 1708611 0166872
 0254343 0796520 3272379

 0085205 1549619 1880669
 0013849 1705961 0024492 1538057 1547565
 0034037 1704324 0030351 0000723 0000723 1273517 0030567 1521736 2681933 0012634
 0002395 1521724 0012634
 0008813 0596436 1282913
 0026019 2984656 0013852 0026018 3463986
 0265318 0810473 0242849 0026018 0034606 0441633 0441722 0563538
 0076466 0076466
 1514811 1706462 0557061 2584313 1514811 1706462 2827734 2981698
 0369637 0441923
 0439267 0205090 0684010 2603358
 0205090 0684010 2603358 0369637 0441923
 1418943

 0268596 2700624
 3642273
 0041703
 0740116 2827735 2981700

 0016327 0439133 1553038 0033727 0369286 0441932 0564385
 2347469 0369637 0441923
 0439394 1706495 3642217
 2347469 0032385 0795585 1320238
 3272372 0369773 2603361 2347469 0005595 2603360
 0369718 0441922 1553036

 2603360



 0439086 2827736 2981702
 0597277 1708601 0597277 1708601 1491778 0597277 1708601 0033727 0369286 0441932 0564385


 0025141
 1517505
 0369773 2603361 0032863
 0033727 0369286 0441932 0564385 0369773 2603361
 1553033

 0777169 0025141 0439084 0728893
 0205090 0684010 2603358 2603360 0439114


 0439509 0450355
 0369773 2603361
 0033727 0369286 0441932 0564385
 0597277 1708601
 0369773 2603361
 2603360 1708595 3280986
 0005477 0025141
 0439394 1706495 3642217
 0205090 0684010 2603358 0205090 0684010 2603358

 1418943

 0268596 2700624
 3642273
 0041703
 0439073 0439082
 0439394 1706495 3642217



 0025141
 0205090 0684010 2603358
 0439114


 2827734 2981698 0025141

 0369773 2603361 1442163 0033727 0369286 0441932 0564385 0439267
 0369773 2603361 0439394 1706495 3642217 0335912 0439267
 0205090 0684010 2603358
 0439394 1706495 3642217 0205090 0684010 2603358
 0439267
 0027910 1552241 1555991 0025141
 0439394 1706495 3642217
 0369718 0441922 1553036
 0439394 1706495 3642217
 0005477 0439509 0025141
 0439267 0369718 0441922 1553036 0205090 0684010 2603358 0439114 0016327 0439133 1553038
 0349590 1262865 0025141


 0597277 1708601 0037173 0234857
 0597277 1708601
 2603362
 0205090 0684010 2603358
 2347379
 0025141
 0369718 0441922 1553036 0439394 1706495 3642217
 2347469



 2603360 0439267 2603360


 0027960 0324740 0439189 1456781 1824986

 0025141

 1652689
 0016327 0439133 1553038
 0369637 0441923


 0201682

 1706414
 2347469
 3495095

 0439394 1706495 3642217



 0201682


 3495095
 0439394 1706495 3642217


 0201682


 3495095
 0439394 1706495 3642217

 0025141
 0033727 0369286 0441932 0564385
 1553033 2603362



 0201682





 0025141
 0999213 2347469
 0021966 0221138
 0033727 0369286 0441932 0564385 2603362


 0033727 0369286 0441932 0564385


 0450348
 0369637 0441923
 0033727 0369286 0441932 0564385 1553033 0328104 1415875 2826366 2603362
 0014878 0522667 0730321 2347469 0040452 0242726 1318154 1705917 0033727 0369286 0441932 0564385 0205090 0684010 2603358
 2603360
 0439267
 0205090 0684010 2603358
 3538902 3541881 0439267 0439394 1706495 3642217
 0021966 0221138 0205090 0684010 2603358
 0439394 1706495 3642217
 0036397
 0439394 1706495 3642217 0043217 2603362
 1431628 0439267 2603362
 0016327 0439133 1553038 0597277 1708601 0332319 0369773 2603361

 0439394 1706495 3642217 0759909 1135895 0369637 0441923


 0201682

 0597277 1708601

 0369773 2603361
 2603360 1708595 3280986
 0005477 0025141
 2603362
 0205090 0684010 2603358
 0033727 0369286 0441932 0564385
 0033727 0369286 0441932 0564385

 0230467 0741204


 0025141
 0597277 1708601

 0205090 0684010 2603358
 0369773 2603361
 2603360 1708595 3280986
 0036397

 0369773 2603361
 0369773 2603361



 0000857 0600678 1552863
 0442982
 0597277 1708601


 0025141

 0033727 0369286 0441932 0564385

 2347961

 0025141 0450355
 0369718 0441922 1553036

 0201682
 0025141
 0597277 1708601 0597277 1708601


 2347379

 0025141
 2603360

 2347379
 0007452
 0025141
 0439267

 0033727 0369286 0441932 0564385
 0063789 3272375


 0025141

 0205090 0684010 2603358
 0439394 1706495 3642217

 2347961


 0025141
 0597277 1708601


 0025141
 1515655 0369718 0441922 1553036 0205090 0684010 2603358 0439267 0439394 1706495 3642217


 0025141
 2603362
 0347129 0597277 1708601
 2347469



 2347379
 0025141
 0439394 1706495 3642217

 1553033 2603362



 0450389 0025141 0439509
 0369773 2603361
 0439394 1706495 3642217 0033727 0369286 0441932 0564385 0557775 1511780 0033727 0369286 0441932 0564385 0033727 0369286 0441932 0564385




 0369773 2603361
 2347469
 2603360



 0025141


 3642273

 0033727 0369286 0441932 0564385
 0439267 0369637 0441923


 0025141
 0439267
 0597277 1708601
 0033727 0369286 0441932 0564385


 0025141



 2347379
 0025141
 0033727 0369286 0441932 0564385 0205437
 0025141

 0597277 1708601
 0331965 0439394 1706495 3642217
 0442532 0033727 0369286 0441932 0564385







 0439394 1706495 3642217
 0332462 1880834

 0439086 2827736 2981702 1549847 0025141

 2603362

 0369773 2603361
 2603360
 0201682

 0025141
 3495095
 0369718 0441922 1553036
 0439394 1706495 3642217
 0005477 0439509 0025141
 2347469
 0021966 0221138 0021966 0221138


 0369637 0441923


 0201682


 0033727 0369286 0441932 0564385 0369773 2603361
 0369773 2603361
 2603360 1708595 3280986
 1418943

 0268596 2700624
 3642273
 0041703
 0439083 0439087 0000857 0600678 1552863
 0043217 2603362

 0759909 1135895
 0439394 1706495 3642217


 0201682

 0033727 0369286 0441932 0564385
 0324525 2347469
 2603360 0369773 2603361
 2603360
 0349590 1262865 0450382

 2347469
 0002716 0011560 0611285 0025141
 2603360
 0033727 0369286 0441932 0564385 2945617
 0369773 2603361



 0201682

 0016327 0439133 1553038 0016327 0439133 1553038 0439394 1706495 3642217 0369718 0441922 1553036 0439267
 0369637 0441923
 0349590 1262865 0450381 0025141



 1315013
 1709269

 0025141
 2347469 2347469 0439394 1706495 3642217 0016327 0439133 1553038 0033727 0369286 0441932 0564385



 0450389 0025141
 0439394 1706495 3642217
 2603362



 0439084 0728893 0025141
 0033727 0369286 0441932 0564385 0369637 0441923
 2347469 0369773 2603361



 0025141



 1315013
 0025141
 0022418
 3272372 0369773 2603361 0369773 2603361



 0201682
 0009993 0037455 0596070 1552856 0005477 0026376 0005532 1521991