 0162443 0449468 1690016 1705102 2700258 0237753 0449788 0033666 1709694 0023779 0725813 0336849 0021622 1272753 0017398 0017399 0021622 1272753 1704729 0022877 3244292 0035168 0242481 0030567 1521736 2681933 0041740 0017480 0376649 1442065 0282413 0021622 1272753 0017398 0017399 0017480
 0254343 0796520 3272379

 0085205 1549619 1880669
 0013849 1705961 0024492 1538057 1547565 0520510 0025663 0025664 0449851 1514811 1706462 1849249 0220781 0439634 1522492 0332256 2700400 0002716 0011560 0030956 0611285 0085151 3538722 0033665 1456454 0002716 0011560 0033684 0611285 1441547 1709634 3245521 1521970 1706388 2346469 2348519
 0085151 3538722 1456454 0033665 0002716 0011560 0033684 0611285 1709634 0205242 0333853 0171484 0171484 1548602 1704686 0030685 0391871 0439180 0680255 1283071 1963578 0033666 1709694
 1883351 0444454 1554204 0085151 3538722 1456454 0033665 0002716 0011560 0033684 0611285 1709634 0851285
 1167250 0336849 1314939 0079411 3146294
 0201950 0428466 0008377 0441889 0205216 0392756 0442797 0033268
 0085151 3538722 1456454 0033665 0002716 0011560 0033684 0611285 1709634 0014442 1412727 0205263 0007603 0025255 0032105 0596901 1550098 1706182 0332220 1883351 0005516
 0003241 0021027 0332220 0033268
 0079411 3146294 0851827 1701901 3244310 0904071 0058836 0185117 0392756 0596988 0061928 1419277 2984553 0752070 0018296 0033684 1879547 1424599 1421113 1421114
 0021467 0021469 1628982 3463820 2983310 0332220
 0302523 0700325 3244290 1705535
 0085151 3538722 0033665 1456454 0002716 0011560 0033684 0611285 1709634 1883351 0171484 0205242 0333853 0336849 0085151 3538722 0010813 0596311 1330957
 0171484 0699919 0079411 3146294 0085151 3538722 0033665 0872079 1456454 0002716 0011560 0033684 0611285 0729333 1709634 1704675 1167250 0336849
 1705313 1167250 0336849
 0002716 0011560 0611285
 1412727
 0002395 1521724 0012634
 0520510 0025663 0025664 0449851 1514811 1706462 1849249 0220781 0439634 1522492 0026691 0030956 0700321 1705240 1839259 0002716 0011560 0030956 0611285 0205447
 0021699 0441729 0038164 0087044 0103404 0021966 0033684 0221138 0332307 0549177 1167322 1547052 2752508 0085151 3538722 1456454 0033665 0002716 0011560 0033684 0611285 1709634 0085151 3538722 1456454 0033665 0002716 0011560 0033684 0611285 1709634 0282443 1552617 0042789 1947903
 0205242 0333853 0014442 0014445 0439787 0849355 1515273 1705313 2826302 0171484
 0014442 1412727 0205396 1550043 1551388 0078989 2717969 0025255 0030946 0205314 0332185 0332297 0596901 0679622 1145667 1167622 1689898 1706182 1947941 2349209 0085151 3538722 0033665 0162808 1456454 1514562 0002716 0011560 0033684 0611285 1709634 0085151 3538722 1456454 0033665 0002716 0011560 0033684 0611285 1709634
 0085151 3538722 1456454 0033665 0002716 0011560 0033684 0611285 1709634 0332255 1708096 1710236 1519623 0021699 0162808 1514562 1167322 1880389 1883221 2752508 3541951 0030685 0391871 0439180 0680255 1283071 1963578
 0171484 0439855 1704241 0299212 1418985 0872078 0205177 0439167 0441655 0740116 1561536 2827735 2981700
 0014442 0171484 0085151 3538722 0033665 1456454 0002716 0011560 0033684 0611285 1709634 0017446 0205147 0085151 3538722 1456454 0033665 0002716 0011560 0033684 0611285 1709634 0171484 0205242 0333853
 0205177 0439167 0441655 1561536 1547282 1883351 0332281 0025543 0680022 0015576 1704727 1412207
 0010813 0596311 1330957 1261552 1704379 1705117 2825408 1711239 0000925 1883724 0085151 3538722 0033665 1456454 0002716 0011560 0033684 0611285 1709634 0017446 0205147 0309872 1292733 0220781 0439634 1522492
 1711239 0010813 0596311 1330957 0085151 3538722 0033665 1456454 0002716 0011560 0033684 0611285 1709634 1710236 0079411 3146294 1883351 0243095 0444454 1554204 0085151 3538722 1456454 0033665 0002716 0011560 0033684 0611285 1709634 0851285
 0332120 0008377 0010813 0596311 1330957
 3642141 0002085 1547282 1883351 0035648 0050325 0960756 0035647 1521761 2827422 0201950 0428466 0441889 0036816 0684224 0700287 3496591 1883351 0006104 1265611 0014507 0332120 0020443 0201950 0428466 0008377 0441889 0442805 0035647
 2611279 0243144 0347980 0020443 0205217 0442805 0220781 0439634 1522492 0025936 0003069 0025914 0025929 0026809 1708715 0333668 0392760 1314939 0079411 3146294 0599779 0003062 1515981 3161035
 1707520 0033268 1145667 1167622 0008377 0021135 1533691 2827718
 0035363 0681367 0947630 1514923 0684224 0700287 3496591 0392756 0547047 0011265 0497327 0332293 0700307 1522326 0243077
 0444868 0947630 3539085 1552961 2347617 0439787 0849355 0008377 0079411 1314939 3146294
 0023882 0700321 2700395 0205309 0441712 0008377 0001721 1184743 1522240
 0004083 0439849 0596306 0699792 1167250 0336849 0033268
 0336849 1706853 1879748 0008377 0282443 1552617 0042789 1947903 0443058
 0039869 1883351 0348078 0376315 1522492 1710360 1708071 1704640 1706515 0007603 3161472 0025255 0596901 1706182 1882932 0025080 0220819 0699733 1184743 1522240
 0449432 1880022 0011740 0146951 0133689 0242759 0047101 0678579 0023973
 1264633 1554103 1412727 1547282 1883351 0332281 0011740 0025255 0332325 2827757
 0010813 0596311 1330957 0018563 1281583 1552914 0021467 0021469 0171484 0205177 0205250 0439167 0441655 1561536 1628982 3163633 3463820 0151718 0333668 1412181 2984597 0171484 1749467 1948047
 0459471 3173575 0085151 3538722 1456454 0033665 0002716 0011560 0033684 0611285 1709634 0150312 0449450 0205447 0332281 1167250 0023779 0336849 3146294 0010813 0205101 0596311 1330957 0336849 1515187 0442504 1704765 1882509 3496241
 0596899 3161035 0033684 0205448 1522240 1548966 1705242
 0597304 0010813 0596311 1330957 1412727 1709305 0336849 1704675 0851285
 0030351 1547566 0557651 2603343 0439849 1999230 0332120 0079411 3146294 1167250 0023779 0725813 0336849 0014429 1879547 1709305 2745955
 1274040 1546471 2825142 0520510 0025663 0025664 0449851 1514811 1706462 0151718 0333668 0018790 0237477 0392351 0521111 0010813 0596311 1330957 0557651 2603343 0237881 0750502 0033666 1709694 0085151 3538722 1456454 1273517 0007600 0007634 0205132 0521390 1269647 1550648 1552960 1704653 1948049 0445079 1524043
 0205435 1279901 0936012 1280500 2348382 0033666 1709694 0085151 3538722 1456454 0024027 0039798 0087111 0205195 1272695 1522326 1533734 1705169 1947911 2746065 3538994
 0024027 0392756 0547047 0599474 0220781 1883254 0030016 2828366 0858034 0008377 0007603
 0007634 3282337 0033727 0369286 0441932 0564385 0392148 0024027 1167624 1947902 2827499 0332293 0010558 1522326 0702093
 0040223 0185115 0684295 3541383 0725813 0201950 0543421 0428466 0008377 0441889 0007634 0243148 0392756 1550141 1882979 2587213 3274648 3282337
 2348485 0040223 3541383 0086045 0039798 0087111 1522326 1533734 1705169 3538994 1272689 1883351 0001721 0007620 0007634 0443348 1269647 1704653 1948049
 0332219 1883351 0030695 0150369 0181904 0596972 1521743 1704646 0033666 1709694 0085151 3538722 1456454 0007634 3282337 0001483 0439663 1142652 0085151 3538722 1456454 0033665 0002716 0011560 0033684 0611285 1709634 1564139 0596988
 0205242 0333853 0332294 0033268 0332462 0678226 1880834 0205250 3538722 1883559
 0010558 0185115 0231290 0684295 0687676 0007634 3282337 1708632 0025646 0011744 0033727 0369286 0441932 0564385
 0021069 0443289 0033268 0851827 1701901 3244310
 0442797 0008377 0036536 0036537
 0392747 0443172 0700321 0150312 1883351 1280500
 0392756 0547047 1547282 0301630 0392756 0441610
 0010813 0596311 1330957 3146294 0392756
 0018563 1281583 1552914 0033268 0010813 0596311 1330957 0205217 0442805
 1517001 1274040 1546471 2825142
 0010813 0596311 1330957 3146294 3276464 0007634 0008377 0205217 0333668 0442805 3282337
 0205246 1553889 1883559 1547386 0332307 0445392 1547052 1709694 3538722 0151718 0008377 0333668 0392760 1314939
 0449911 0333052 2607870 0557702 1272706 1704674 0557702 1272706 1704674
 0151718 0333668 0018790 0237477 0392351 0521111 0010813 0596311 1330957
 0007634 3282337 0392148 0332197 1689985 0033727 0369286 0441932 0564385 0001483 3538722 1883559 0332293 0010558 1522326 0040223 1632851
 0007634 3282337 1883708 1708632 0025646 0011744 0033727 0369286 0441932 0564385
 0021069 1881488 3538722 0443289 0036536 0036537 0151718 0008377 0205216 0333668 0392756 0442797
 0439792 0520510 1552738 0025663 0025664 0449851
 0919534 0033727 0369286 0441932 0564385 0001483 0007634 3282337 0456693 1442458 0702093 1708632 0456693 1442458 0702093 0392148 0010558 0332285 0332152 0392756 0547047 1522538 0201950 0543421 0008377
 0021069 1881488 1547282 0033268 0332255 1708096 0010813 0596311 1330957 3146294
 0040223 3541383 0332255 1708096 0010813 0596311 1330957 3146294 0010813 0596311 1330957 3146294 3538722 0205217 0442805
 1274040 1546471 2825142 1547282 0151718 0333668 0018790 0237477 0392351 0521111 0010813 0596311 1330957 0010813 0596311 1330957 0205217 0442805
 1705535 0008377 1314939 0171484 0699919
 0085151 3538722 1456454 0033665 0002716 0011560 0033684 0611285 1709634 0034845 1167250 1420708 1619635 0023779 0040679 0597357 1442762 0336849 2346714
 0016030 0336849 0456389 0037900 0567416 0750492 0033684 1518422
 1704970 1705920 0178849 0522498 0336849 0445247 2987476
 1547282 0336849 0005516 0178576 0332220 0003241 2828360 0994894
 0005516
 0332220 0005507 0243073 1273517 1510438 0004083 0439849 0596306 0699792
 0392366 0003241 0021027 0332220 1412727 0031686 0740201 1412365 0002059 1318717 0031678 0032043 0230956 1149880 1979842
 0005516 1273517 0034845 1420708 1619635 0040679 0597357 1442762 1235746 1383501 1882141 0034845 1420708 1619635 0008628 0040679 0597357 1442762 0849355
 0596988 0332452 1442161 1511760 1880274 1710082
 0994894 1547282 1883351 0449432 1167250 0023779 0150312
 0681814 0055162 0884358 1418482 3538722
 0055162 1418482 0205419
 0009932 0243148 0681814 1550141 1882979 2587213 3274648 2827421 1547282 1514570 1709694 0004927 2707008 1511726 3245479
 0055162 1418482 0178576 0312586 0332220 0003241 0021027 2828360 1517892 1704666 1292711 0449719 1709471
 3538722 0178576 0332220 0020960 2828360 1517892 1704666 0359168 0033684 0303920 0439851 1947931
 0009932 1707504 1879930 0243148 0681814 1550141 1882979 2587213 3274648 0003242 0085151 3538722 1456454 0033665 1445860 0002716 0003241 0011560 0021027 0033684 0611285 1709634 0003242 0003241 0021027 1412727 1547282 0441615 1511726 3245479
 1518422 0042789 1947903 1705241 1705242 3538722 1883559
 1412727 3538722 1883559 0740201 1412365 0007603 0025255 0032105 0596901 1550098 1706182 0680220 0007634 3282337 0034845 1420708 1619635 0008628 0040679 0597357 1442762 0349966 1337208
 1412727 3538722 1883559 0392752 0445247 0994894 0332220 0349966 1337208
 0002778 0936012 1524024 0439792 1704254 1704922 3542466 1883727 0205450 0683312 1516050 1552601 2827734 2981698 0185027 1948020
 0740116 2827735 2981700 0015230 0185027 0329155 0848332 1427618 1705203 1948020
 0439086 2827736 2981702 0520511 1704711 0080141
 1511726 3245479 0349966 1337208 0178576 0332220 2828360 1517892 1704666 3538722 1883559 0034845 1420708 1619635 0597357 0008628 0033684 0040679 1442762
 0449911 0333052 2607870 0557702 1272706 1704674 0557702 1272706 1704674
 0034845 1420708 1619635 1883559 0008628 0040679 0332307 0445392 0597357 1442762 1547052 3538722 0055162 1418482
 0033727 0369286 0441932 0564385 0007634 3282337 0702093 1439852 1422424 0003241
 0449761 0441615 0055162 1418482 0312586 0003241
 0740201 1412365 0002059 1318717 0031678 0032043 0230956 1149880 1979842 0034845 1420708 1619635 0008628 0040679 0597357 1442762 0359168 0003250 0003241 0025914 0025929 0026809 0746619 1367881 0331965
 0007634 3282337 1548982 0702093 1439852 0250829 0003241
 3538722 0055162 1418482 0034845 1420708 1619635 0008628 0040679 0597357 1442762
 0178576 0332220 2828360 1517892 1704666 3538722 0055162 1418482
 0687760 1551065 0369637 0441923
 0449911 0333052 2607870 0557702 1272706 1704674 0557702 1272706 1704674

 0016318 0079603 1524063 1292711 0002508 0020960 0025033 0205088 0449719 1412727 1705314 1705315 1709471 0332583 3538722 1524063 0332575 1260956
 0033684 0699040 0007634 0205148 1269647 1704653 1704711 1948049 0003241 0021027 0185023 0728733 1522662 1524062
 0332575 1260956 0332583 0003241 0021027 0205263 0441615 1282910 1552828
 0687760 1551065 0369637 0441923
 0449911 0333052 2607870 0557702 1272706 1704674 0557702 1272706 1704674
 1709793 0034845 1420708 1619635 0008628 0040679 0597357 1442762 0055162 1418482 3538722
 0994894 0205450 0441833 0449820 0687744 1257890 1552516 1552839 1705428 1705429 2827734 2981698 0185027 1948020 0740116 2827735 2981700 0994894 0439086 2827736 2981702 0520511 1704711 0080141
 0439165 1549488 1561533 0441833 0687744 1257890 1552516 1705428 1705429 0444504 2347634 2348143
 0003241 0021027 0205263 0332220 0442805 0004083 0439849 0596306 0699792 0750490 1706221 0336849 0022702 0220865 2825046 1518903 1707429
 0441615 0184512 0004083 0439849 0596306 0699792 0011740 0025255 0332325 2827757
 0683454 0021966 0221138 0003241 0021027 0332220 1273517 1883351 0030695 0150369 0181904 0596972 1521743 1704646 1704675
 1292732 0004083 0439849 0596306 0699792 1412727 0332220 0012634 0348080 1705253
 0004083 0439849 0596306 0699792 0011740 0025255 0332325 2827757 1547282 0011740 0146951 0133689 0242759 0047101 0678579 0023973 0023175 0181586 0678624 1442948 1522538 2348269 3275067 0178587 0038636 1161331 0812409
 0681814 0443289 0007634 0205171 0445079 1720467 3282337 1265611 0439084 0728893 0085151 3538722 1456454 0033665 0002716 0011560 0033684 0611285 1709634 1412727 0332325 2827757 0146951 0133689 0242759
 0007634 3282337 0047101 0185115 3541890 1265611 0085151 3538722 1456454 0033665 0002716 0011560 0033684 0611285 1709634 0025255 0178587 0205251 0596901 1264633 1299352 1550472 1554103 1706182 1708071 1511726 3245479
 1273517 0025255 1280500 2348382 0004083 0439849 0596306 0699792
 0007634 3282337 0001483 0439663 0055162 1418482 0011744 0033727 0369286 0441932 0564385 1708632 0025646 0011744 0033727 0369286 0441932 0564385 0332197 1689985 0003241 0021027 0033684 0303920 0392148 1412727 0003241
 0007634 3282337 1883708 0047101 0185115 3541890 2828366 0007703 0439182 0812409 1261552 1704379 1705117 2825408 3642362 0681850 1550501 1706203 2349001 2697811
 1264633 1554103 1412727 0011740 0025255 0332325 2827757 0441615 0349966 1337208
 1709793 0443289 0332220 0085151 3538722 0033665 0054966 1456454 0002716 0011560 0033684 0611285 1709634 0369718 0441922 1553036 1412727 0369718 0441922 1553036 0150312 0205448 1264633 1282910 0011740 0025255 0332325 2827757
 0003241 0021027 0332220 0205217 0442805 1264633 1554103 0369718 0441922 1553036 0369718 0441922 1553036 0085151 3538722 1456454 0033665 0002716 0011560 0033684 0611285 1709634 1412727
 0085151 3538722 1456454 0033665 0002716 0011560 0033684 0611285 1709634 1412727 0205217 0442805 0237834 1514892 0332220 0750492 0558058 1510827 0015127 1524003
 1274040 1546471 2825142 0033684 0336849 1301820 0442805 0004083 0439849 0596306 0699792 0443058
 0449911 0333052 2607870 0557702 1272706 1704674 0557702 1272706 1704674
 1280500 2348382 0332220
 0033727 0369286 0441932 0564385 0055162 1418482 0007634 3282337 0011744 0033727 0369286 0441932 0564385 1708632 0025646 0011744 0033727 0369286 0441932 0564385 0392148 0033684 0003241 0021027 1412727
 0007634 3282337 0024348 0047101 0450376
 0678624 0055162 1418482 0003241 0021027 0301871 1264633
 1709793
 0205263 0441615 0205217 0442805 1265611 0369718 0441922 1553036 1412727 1515981 0369718 0441922 1553036 1264633 1539614 1832370 0332281
 1265611 0439177 0555903 1261360 0033684 0439175 0439810 1265611 1707520 1264633
 0332220 0442805 0220781 0439634 1522492 0010813 0596311 1330957 1883351 1515187 0442504 1704765 1882509 3496241 0003241 0021027 0332220 0205171 1518422 1720467 0442805 0004083 0439849 0596306 0699792 1412727 0205263 0332220 0442805 0033268
 1883351 0243095 0439787 0849355 0868928 1706255 1706256 0936012 1280500 2348382 0332220
 0007634 3282337 0001483 0439663 3538722
 0439509 0702093 1708632 0025646 0011744 0033727 0369286 0441932 0564385 0392148 0033684 1412727
 0003241 0021027 0332220 0205217 0442805 0036536 0036537 0349966 1337208 2347469
 0449911 0333052 2607870 0557702 1272706 1704674 0557702 1272706 1704674
 1280500 2348382 0332220 0151718 0333668
 0007634 3282337 0001483 0439663 3538722 0439509 0702093 1708632 0025646 0011744 0033727 0369286 0441932 0564385 0392148 0003241
 3538722 0178576 0332220 1445860 0003242 0016318 0065011 0003241 0021027 0033684 0303920 2828360 1517892 1704666 1412727 0178576 0332220 0003241 0021027 2828360 1517892 1704666
 1709793
 0456603 1547037 0036849 1442518 1705195 0007634 3282337 1518422 0178576 0332220 0003241 2828360
 1327616 0085151 3538722 0033665 0439177 0555903 1261360 1456454 0002716 0011560 0033684 0439175 0439810 0611285 1265611 1709634 1882115 1881488 0007634 0150312 1269647 1704653 1948049
 1553033 1327616 0178576 0332220 2828360 1517892 1704666 0007634 3282337
 0007634 3282337 0392148 0333668 0332197 1689985 0333668
 0033727 0369286 0441932 0564385 0001483 3538722 0007634 3282337 0332293 0702093 1522326 0010558 0332287 1705690 0439509 0702093 1708632 0025646 0011744 0033727 0369286 0441932 0564385 0392148 0332197 1689985
 1709793
 1265611 0085151 3538722 0033665 0439177 0555903 1261360 1456454 0002716 0011560 0033684 0150312 0439175 0439810 0449450 0611285 1265611 1709634 1882115 1881488
 0456603 1547037 0036849 1442518 1705195 0007634 3282337 0178576 0332220 2828360 1517892 1704666 0008377 0028423 0028609 1513854 0333668
 0205117 0332282 1883708 0332128 1280500 2348382 0003241 0021027 0205263 0033268
 0007634 3282337 0024027 0392148 0332152 1705850 0332293 1522326 1167624 1947902 2827499 0010558 0332287 1705690
 0184661 1948041 2700391 3274430 3538935 3539779 0333668 0201950 0543421 1442946 0008377
 0003241 0021027 0332220 1518422 1327616 0036536 0036537 0349966 1337208
 0012634 0348080 1705253 0336849 0332454 0205217 0442805 0033666 1709694
 0014139 2984285 0205224 0332220 0205171 1518422 1720467 0023175 0336849 0449432 1442948 1522538 2348269 3275067 0392747 0014139 2984285 0178576 0332220 2828360 1517892 1704666 0033684
 0947630 1705535 0014139 2984285 0079411 1514873 3146294 0332583
 1883351 0018790 0237477 0392351 0521111 0014139 2984285 1424599 1421113 1421114 0904071
 1424599 1421113 1421114 0752070 0061928 1419277 2984553 0018296 0033684 1879547 0018790 0237477 0392351 0521111 3156642 0014139 2984285
 0058836 0333262 1314939 0007603 0025255 0032105 0596901 1550098 1706182
 1547282 0185117 0018790 0237477 0392351 0521111 0851827 1701901 3244310 1704259 1705987 2984285
 0007634 3282337 0032136 0205163 1265611 1549782 1547699 2700640 1424599 1421113 1421114 0904071 0700308 0033727 0369286 0441932 0564385 1708632 0025646
 0021069 0085151 3538722 0033665 1456454 0002716 0011560 0033684 0442818 0611285 1709634 0009458 0162867 1254021 1515981 0884358
 1327111 0597295 0005572 0220781 0085151 3538722 1456454 0442739 2346711 0904071
 0332255 1708096 0010813 0596311 1330957 3146294 0036536 0036537 0392756
 0185117 0311403 0036536 0036537
 0332255 1708096 0010813 0596311 1330957 3146294 0205171 0750482 1720467 0205217 0442805 0085151 3538722 0033665 0439177 0555903 1261360 1456454 0002716 0011560 0033684 0439175 0439810 0611285 1707520 1709634
 0014139 2984285 0205224 1709305 2745955 0010813 0596311 1330957 1518422 0014139 1948023 2984285 3463820
 0449911 0333052 2607870 0557702 1272706 1704674 0557702 1272706 1704674
 0014139 2984285 0205224 0003241 0021027 0332220 2983310 0028778 0332206 1533157 1706084 2828370 1516851 0014139 0021467 0021469 1628982 2984285 3463820 0015127 1524003
 1516851 0021467 0021469 1628982 3463820 0033666 1709694 0085151 3538722 1456454
 0040669 1424599 1421113 1421114 0904071 0007634 3282337 0700308 0033727 0369286 0441932 0564385 1708632 0025646
 0021069 0009458 0439536 1705217 3244283 1547282 0392756 0547047 0010813 0596311 1330957 3146294
 2347469 1280500 2348382 1412727 0014139 2984285 0311403
 0007634 3282337 0086022 0442335 1705099 1880497 0021467 0021469 1628982 3463820 0904071 0021467 0021469 1628982 3463820 1708632 0025646 0011744 0033727 0369286 0441932 0564385 0392148 0332197 1689985 0332197 1689985 0033684 1412727
 1709793 1547282 0442805 0012634 0348080 1705253
 0042295 0085151 3538722 0033665 0439177 0555903 1261360 1456454 0002716 0011560 0033684 0150312 0439175 0439810 0449450 0611285 1265611 1709634 1882115 1881488
 0456603 1547037 0036849 1442518 1705195 0007634 3282337 0086022 0442335 1705099 1880497
 1280500 2348382 0332220 0014139 2984285 0904071 0058836 0185117 0311403
 0007634 3282337 0034845 1420708 1619635 0040679 0086418 0597357 1442762 0034845 1420708 1619635 0040679 0597357 1442762 0120285 0020746 1439852 0040679 1442762 0456692 0702093 0392148 0332197 1689985 0332197 1689985 0034805 0003241
 0040679 1442762 0069643 0179038 1425263 1706246 1709793 0040679 1442762 0001128 0202406 0441648 0849355 1185738 1706132 0243148 1550141 1882979 2587213 3274648 0441648 1185738 1706132
 0332220 1518422 0442805 0871786
 0205263 0332220 0220781 0439634 1522492 0014139 2984285 0010813 0596311 1330957 1514873 1709305 2745955 0010813 0596311 1330957 1167250 0023779 0725813 0336849 0205447 0010813 0596311 1330957 0332220 0085151 3538722 1456454 0033665 0002716 0011560 0033684 0611285 1709634 0336849 2983310 0010813 0596311 1330957 1516851 0014139 0021467 0021469 1628982 2984285 3463820 0015127 1524003
 0007634 3282337 2827421 0904071 0681814 0884358
 0028778 0332206 2983591 0014139 2984285 0178576 0332220 2828360 1517892 1704666 0085151 3538722 1456454 0033665 0002716 0011560 0033684 0611285 1709634 1412727 0003241
 1412727 0237881 0442805 0750502 1546944 1274040 1546471 2825142 0036536 0036537 0012634 0348080 1705253 0021467 0021469 1628982 3463820 0014139 2984285 0904071
 0332220 1424599 1421113 1421114 0443289 1274040 1546471 2825142 1511726 3245479
 1883351 0243148 1550141 1882979 2587213 3274648 0003241 0021027 0332220 1372294 0014139 2984285 0904071 0884358 0243148 0681814 1550141 1706386 1882979 2587213 3274648 1524063 0034845 1420708 1619635 0040679 0597357 1442762
 0332220 1518422 0442805 0599281 0871786 0183683 1521721 1707478 0033268 0441615
 0520510 0025663 0025664 0449851 1514811 1706462 1511726 3245479 0449450 0332120 0085151 3538722 1456454 0033665 0002716 0011560 0033684 0611285 1709634 0007603 3161472 0025255 1709694 1883351 1709305 2745955 0336849 0332281
 0205435 1279901 0033268 0851827 1701901 3244310
 1167250 0336849 0008377 0887868 0015252 0728940 0007634 3282337 3640044 0023175 0181586 0332453 0336849 0542341 1442948 1522538 2348269 3275067 0443058
 0332290 0392756 0547047 0311403 0079411 3146294
 1314939 0033268 1517331 0043227 0205156 1521721 1552607 1547282 0008377 1145667 1167622 3544412 0220781 0439634 1522492
 0033684 1412727 0010654 0205449 1709915 1882936 0039259 0014597 1273342 0007634 0221908 0237886 0700314 1947906 3282337
 1274040 1546471 2825142 0205263 0332220 0085151 3538722 1456454 0033665 0002716 0011560 0033684 0611285 1709634 0740201 1412365 0033684
 0033684 0994894 0332256 2700400 0178576 0332220 2828360 1517892 1704666 0034845 1420708 1619635 0040679 0597357 1442762 0005516
 1955473 1273517 0005507 0243073 1510438 0030695 0150369 0181904 0596972 1521743 1704646 0033684 0750490 1706221 0336849 0699040 0205148
 0003241 0021027 0003339 0332220 0023175 0181586 0220781 0439634 0549177 1442948 1522492 1522538 2348269 3275067 1555715 1704332
 0851827 1701901 3244310 0441615 0008377 0015252 0311403 0728940
 0003241 0021027 0332220 0205217 0442805 0004083 0439849 0596306 0699792 1412727 0033684 0332281 0336849
 0205171 1720467 1264633 1554103 1412727 0332281 0011740 0025255 0332325 2827757 0033684 0750492 0150312 0678587 0205361 1301808 1442792 3148680 0337051 0336849 0332281 0205101 0392752 0336849
 0851285 1518422 2963144
 0684224 0700287 3496591 0085151 3538722 1456454 0033665 0002716 0011560 0033684 0611285 1709634 1412727 0376525 1512485 0442805 0033268 1511726 3245479
 0861064 0023175 0205217 0336849 0442805 1442948 1510827 1522538 2348269 3275067
 0205148 0597357 0034805 0597357 2983605 2603360 0034789 0004561 0007634 0597357 1269647 1704653 1948049 0376525 1517880 0023688 0243122 1145667 1167622 1547282 1883351 0442805 0004083 0439849 0596306 0699792
 0376525 0004083 0439849 0596306 0699792 1412727
 1412727 0205171 0439044 0679994 1518422 0205410 0205263 0010813 0596311 1330957
 0010813 0596311 1330957 0014139 0725813 2984285
 0681814 1707689 2983265 1883351 0018790 0237477 0392351 0521111 0014139 2984285
 0449445 1292724 1424599 1421113 1421114 0061928 1419277 2984553 0752070 0018296 0033684 1879547 0904071
 0205156 0750523 3156642 0014139 2984285 0851827 1701901 3244310 1704259 1705987
 1274040 1546471 2825142 0000925 1883724 2963144 0079411 3146294 0311403 0085151 3538722 1456454 0033665 0002716 0011560 0033684 0611285 1709634 0205242 0333853
 0684224 0700287 1517001 0010813 0596311 1330957 0699040 0007634 0205148 1269647 1704653 1709305 1948049 2745955
 0043227 0684224 0700287 3496591 0010813 0596311 1330957 1709305 1159342 0205087 1327616 1704259 1705987 0011209 0559563 1705822 0699040 0205148 0014139 1515981 2984285 0332583
 1516851 0021467 0021469 1628982 3463820 0449445 1292724 1705535 0439092 0547044 0007634 3282337 0010813 0205393 0596311 1330957 0871786 1709305 2745955
 0151718 0333668 0205309 1883351 0392756 0547047 0871208 1521828 0332148 0750492 0010813 0205216 0392756 0442797 0596311 1330957 1880177
 1280500 2348382 0021467 0021469 1628982 3463820 0014139 2984285 2983310 0332220 0085151 3538722 0025252 1456454 0033665 0002716 0011560 0033684 0611285 1709634 1412727
 1883351 1551359 2741673 2981730 1274040 1546471 2825142 0010813 0596311 1330957 1518422 1515187 0442504 1704765 1882509 3496241 0085151 3538722 0025252 1456454 0033665 0002716 0011560 0033684 0611285 1709634 1412727 0750501 0205393 0332148 0750492 0150312 0443299 0449450 0336849 0349966 1337208
 0336849 0700321 0205250 0699040 0007634 0205148 0332624 1269647 1704653 1948049 1705535 1883351 0332256 2700400 0205171 1720467 1515021
 0033204 0205251 1299352 1550472 0085151 3538722 1456454 0033665 0002716 0011560 0033684 0611285 1709634 1412727 0027361 0237401 0336849 0445247 1551058
 0010813 0596311 1330957 1709305 2745955 0336849 1883351 1555715 1704332 1883351 0085151 3538722 1456454 0033665 0002716 0011560 0033684 0611285 1709634 1412727
 0085151 3538722 1456454 0033665 0002716 0011560 0033684 0611285 1709634 1412727 0014139 1550543 2984285 0009085 0336849
 0009085 0871786 0007603 0025255 0032105 0596901 1550098 1706182 1518422 0205309
 0009085 0699040 0007634 0205148 0205263 1269647 1704653 1948049 0332220
 0861064 0010813 0023175 0205217 0442805 0596311 1330957 1442948 1522538 2348269 3275067 0994894 0332256 2700400 0085151 3538722 1456454 0033665 0002716 0011560 0033684 0611285 1709634 1412727 1441672
 1518422 0442726 0033666 1709694 0021467 0021469 1628982 3463820 0014139 2984285
 0678226 1264633 0004083 0336849 0439849 0549178 0596306 0699792 1554103 3146286 0085151 3538722 0025252 1456454 0033665 0002716 0011560 0033684 0611285 1709634 1518422 0010813 0596311 1330957
 0018563 1281583 1552914 0151718 0333668 0333051 2347509 1167250 0336849 0023768 0023779 0010813 0023175 0442805 0596311 1330957 1441672 1442948 1522538 2348269 3275067
 0449911 0333052 2607870 0557702 1272706 1704674 0557702 1272706 1704674
 3161035 0597304 0010813 0596311 1330957
 0678587 0205361 1301808 1442792 3148680 0012634 0348080 1705253 0337051 1412727 0007603 0025255 0032105 0596901 1550098 1706182 2987476
 0205447 0332281 0336849 0005680 0027567 0085756 0439541 0205101 0336849
 0336849 0700321 0205250 0699040 0007634 0205148 0332624 1269647 1704653 1948049
 0332256 2700400 0205171 1720467 0033684 0085151 3538722 1456454 0033665 0002716 0011560 0033684 0611285 1709634 1412727 0392752 0443299 0336849 0007603 0025255 0032105 0596901 1550098 1706182
 0014139 2984285 0336849 0010813 0596311 1330957 1555715 1704332 1707491
 0085151 3538722 1456454 0033665 0002716 0011560 0033684 0611285 1709634 0205242 0333853 0336849 1412727
 2347469 0009085 0311403 0185117 0904071 0028778 0332206 1533157 1706084 2828370 0332303 1301771 0003241 1412727 0085151 3538722 1456454 0033665 0002716 0011560 0033684 0611285 1709634
 0023175 0181586 1442948 1522538 2348269 3275067 0336849 0007603 0025255 0032105 0596901 1550098 1706182 1274040 1546471 2825142 0010813 0596311 1330957
 0012634 0348080 1705253 1883351 1184743 1522240 1515187 0442504 1704765 1882509 3496241
 0010813 0596311 1330957 1705535 0033666 1709694 1167250 0014406 0023779 0336849 0725813
 0007634 3282337 1412727 1883351 0336849 1412727 0700364 1883351 0205254
 1707959 0205309
 0301641 0025320 0392747 0443172 1705241 0036457 0348078 0376315 1522492 0205266 0725813 0872403 1947912 0336849
 1519624 1325417 0005528 1317949 3495449 0086982 0037080 0037083 1160185 1704259 1705987 1710082 0034678 0037083 3537152 2603360 1155003 1332420 1326120 1879547 0004561 0441712 0336849 0851827 1701901 3244310
 0043227 0597304 0010813 0596311 1330957 0851827 1701901 3244310 1519193 0349966 1337208

 0441712 0599896 0009085 1412727 0027552 0686904 1883351 0205396 1550043 1551388
 1511726 3245479 0183683 1521721 0035820 1705810 0033666 1709694 0085151 3538722 1456454 0079411 3146294
 1883351 0444454 1554204 0171484
 0439855 1704241 1547282 1883351 0336849 0332281
 0332255 1708096 1710236 0011740 0025255 0150312 0332325 2827757 0037640
 0171484 0079613 1883351 0439787 0849355 1518422 0205309
 0681088 0034036 0205549 2348044 3154893 3539897 2612181 0443301 0033414 1705535 0332281 0336849 0301641 0392747 0443172 1705241 0033414 0220781 0439634 1522492 0333463 2936349
 0205390 1300072 1306673 0008377 0012737 0036849 1442518 1521991 1705195 1167250 0336849 0333463 2936349 0002716 0011389 0011560 0220781 0332461 0439634 0611285 1522492 1880177 0543483 0699748
 0520510 0520510 0025663 0025664 0449851 1514811 1706462 0010453 0220814 0430400 2242979 0058217 0641456 0242295 1947943 2348609 0030842 0220892 0038425 0017797
 0007634 3282337 0026018 1273517 0009325 1167364 1301886 1522408 0009458 0439536 1705217 3244283 0031430 0031428 0070570 0332575 1260956
 0034760 0003241 0010558 0677647 0010572 1719918 0024027 0043194 0258432 1421478
 0003241 0085151 3538722 0033665 1456454 0002716 0011560 0033684 0611285 1273517 1709634 1979003 0085151 3538722 0033665 1456454 0002716 0011560 0033684 0442824 0611285 1709634 0439851 1947931 0359168 0442726 0085151 3538722 1456454 0033665 0002716 0011560 0033684 0611285 1709634 1979003 1235746 1882141 1979003 0312586 0003241 0021027 0034493 0085151 3538722 0033665 1292711 1456454 0002508 0002716 0011560 0025033 0033684 0205088 0449719 0611285 1705314 1705315 1709471 1709634 0439851 1947931
 0016318 1445860 0003241 1979003 0120285 0442818 1514798 0004611 1510439 2347473 0359168 0026381 0182400
 1979003 0312586 0003241 0021027 0034493 0002508 0025033 0043194 0205088 0258432 0444930 1412727 1421478 1705314 1705315 2746065
 0034805 0003250 0003241 0021027 0746619 0043194 0258432 0331965 1421478
 0025914 0025929 0026809 0746619 1979003 1624602 0312586
 2827421 0079411 3146294 2827421 1552738
 0332256 2700400 2827421 0332283 1719822
 0072149 0868946 0030685 0391871 0439180 0680255 1283071 1963578
 0003316 1883708 1524062 1524063 0028953 1882940 0205145 0443288
 0028953 1273517 0439084 0728893 0439084 0728893
 0332255 0348011 1708096
 2827421 0085151 3538722 1301820 0332283 1719822
 0085151 3538722 1456454 0033665 0002716 0011560 0033684 0611285 1709634 1522485 1708632 1299987 1709305 2745955 0162808 1514524 1514562 1880389 1883221 3541951
 0021107 0441587 1512796 1883719 0085151 3538722 1456454 0033665 0002716 0011560 0033684 0611285 1709634 0162768 0038164 0008109 0033684 1274040 1546471 2825142 1550518
 0032520 0677874 0441962 0022877 1619828 1883712 0205145 1515974 2825164 0205145 1515974 2825164 0221874
 0028953 1273517 0439084 0728893 0205145 1515974 2825164 0004793 0162326 0162327 1519249 0150103 0336766 1708943 0441962 0439084 0728893 0205145 1515974 2825164 0004793 0162326 0162327 1519249 0150103 0336766 1708943 0441962
 1514468 1704444 0332255 1708096 0868946
 0085151 3538722 1456454 0033665 0002716 0011560 0033684 0611285 1709634 0332255 0348011 1708096
 0001483 1552738 1521827
 0740201 1412365 2827421 1552738
 0904071 1999230
 0331895 0035172 0021622 0035168 0242481 1272753 1555265 0006556 0369637 0441923 1999230
 0021622 1272753 0017398 0017399
 0040669 0042769 0009450 0521026 0033727 0369286 0441932 0564385 0020498 0001483 0439663 1514798 0033727 0369286 0441932 0564385 0444499 0009458 0439536 1705217 3244283
 0009458 0439536 1705217 3244283 0007634 3282337 0033727 0369286 0441932 0564385 1439852 1883708 0205474 1273517 0005507
 0040669 1524063 0032931 0032932 1642401 2584299 0006711 0006712 1161320 0032136 0185117 0439267 0884358 0999213 1552738
 0151718 0333668 0007634 3282337 0009458 0439536 1705217 3244283 1883708 0058217 0641456 0017797 0242295 1947943 2348609 0024027 0677647 0009458 0205197 0439536 0725685 1705217 3244283
 1883708 0439663 0033727 0369286 0441932 0564385 1517331 0009458 0439536 1705217 3244283
 0007634 3282337 0332293 0702093 1522326 0010558 0332287 1705690 0009458 0439536 1705217 3244283 0009458 0439536 1705217 3244283 0020498 1708632 0025646
 0681814 1706386 0725813 0007634 3282337 0033727 0369286 0441932 0564385 0009458 0439536 1705217 3244283 0332256 2700400 1979886 0439267 0439526 0010572 0018790 0237477 0392351 0521111 0597295 0033684 0220781 1883254
 0680730 0026381 0005507 0008377 0182400 0243073 0332575 0812225 1150635 1260956 1272695 1510438 1521991 1705212 1705213 2746065 3273202 0443289 0333668 0201950 0543421 0008377 0039798 0087111 1522326 1533734 1705169 3538994 0205195 1947911 0024027
 0021069 1709793 0007585 0010454 0007634 0009458 0010453 0220814 0430400 0439536 1269647 1704653 1705217 1948049 2242979 3244283 1516695 1516698 0007592 2828366 1521827 1524063 1720830 1823521 0332256 2700400 0046453 0068941 0439509 0740116 1706141 2827735 2981700 1300565 0439526 0055676 1457900 0064858 0003403
 0301871 0033684 0521108 0991566 0936012 0071499 0077068 0017243
 0175723 1524063 1514743 1706461 0037585
 0016318 0079603 0441615 0007634 3282337 0231441 0443218 0702093 2827483 0070066 1720830 1823521 0332283 0001963 0702093
 1253961 0007634 3282337 0700308 0033727 0369286 0441932 0564385 1439852 0079240 1948037 0003241 0017237 1145617
 0441648 0017237 1145617 0003241 0027627 0175668 0205436 1439852 0017237 1145617
 1883351 1555715 1704332 0033684 0003241 0009458 0085862 0439536 1299583 1705217 2347816 3244283 1720119 1948037 0332256 2700400
 0003241 1720119 1948037 2827734 2981698 1420708 1619635 0034805 0003250 0034845 0003241 0021027 0040679 0597357 0746619 1442762 0033684 1412727 0003241 0443737 0700271 0033684 2827734 2981698
 0007634 3282337 0702093 1439852 0205195 1947911 0003241 1422424 1548982 1517331 0702093 1439852 1422424 0205430 3160715 1708632 0003241
 0003241 1720119 1948037 2827734 2981698 0003241 1720119 1948037 2827734 2981698
 0007634 3282337 0231441 0443218 1552738 2827483
 1704254 1704922 3542466 0181839 0439661 1706379 3245488
 1709793 0205419 3244092 0185117 0441889 0033684 1268727 0162657 0332479 0348078 0522512 1709793 1552738 0332152 1705850
 1704254 1704922 3542466 0033684 0205447 1883727
 0027361 0237401 1518422 1314939 0449820 1704254 1704922 3542466 0683312 2827734 2981698 0185027 1948020 0740116 2827735 2981700 0994894 0439086 2827736 2981702 0520511 1704711 0080141
 0439165 1549488 1561533 0456387 1705943 0681814 0444504 2347634 2348143
 0455052 1521827 0047101 0884358 1552738
 0007634 3282337 0020498 0001483 0439663 0085151 3538722 1456454 0033665 0002716 0011560 0033684 0611285 1709634 0011744 0033727 0369286 0441932 0564385 1708632 0025646 0011744 0033727 0369286 0441932 0564385 0009458 0439536 1705217 3244283 0332256 2700400 1979886 1300565 0439526 0010572 0003241 1515981 2827734 2981698
 0007634 3282337 1548982 1720092 1720830 1823521 1948045 0020746 0184933 0444082 2678549 1882074 0020283 0450407 0450408 0450409 0037494 1959973 0006353 0332256 2700400 1300565 0439526 0055676 1457900 0064858 0003403
 0007634 3282337 0027551 0439267 1704318 1882041 0702093 0179834 0582523
 1550101 0185115 0684295 0681850 1550501 1706203 2349001 2697811 0456693 1442458 0702093 0450376
 2828366 0439509 0456081 3642362 0133271 0444456 1706359 0439526
 0007703 0011744 0033727 0369286 0441932 0564385 0582523 1264633 1516695 1516698 1704458 0085151 3538722 1456454 0033665 0002716 0011560 0033684 0611285 1709634 0021069 0521108
 0243144 0347980 0036563 1705192 1882540 2346495 0034845 1420708 1619635 0040679 0086418 0597357 1442762 0034845 1420708 1619635 0040679 0597357 1442762 0120285 0034845 1420708 1619635 0040679 0597357 1442762 0441962 0022877 1619828
 0332173 0439228 0439505 0337426 1304647 1548982 1720830 1823521 0456963 1883708 0702093 1439852 0020746 0040679 1442762 1300565 0439526 0439294 2346927 0009458 0439269 0439526 0439536 1705217 1960952 3244283 0242295 1947943 2348609
 0441648 1720830 1823521 0456963 0702093 1439852 0020746 0079240 1948037 0331965 0009458 0439536 1705217 3244283 0205171 0439044 0679994
 0007634 3282337 1548982 0456963 0009264 0009443 0020746 0234192 1720830 1823521 0456692 0702093 1439852 0683607 0871786
 0040679 1442762 0205148 0205449 0849355 0441648 0702093 0000983 0000985 0001128 0202406 0981805 0037494 1959973
 0007634 0243148 1550141 1882979 2587213 3274648 3282337 1273517 1883351 1265611 0456963 0009264 0009443 0020746 0234192 1439852 1720830 1823521 0040223 3541383
 0007634 3282337 0024348 1720830 1823521 0046453 0068941 0439509 0740116 1706141 2827735 2981700
 1292711 0449719 1709471 1328924 0024488 0075278 0563532 0991566 1439852 1522408 0003241 0021027 0439148 1519795 1704753 1880519 1979003 0003241 0021027 0035973 1948027
 0034760 1552738

 0040679 1442762 1883708 0069643 0179038 1425263 1706246 1709793
 2825232 0000723 0030351 1273517 1547566 0002716 0011560 0030956 0611285
 0002395 1521724 0012634
 0085151 3538722 1456454 0033665 0002716 0011560 0033684 0611285 1709634 0085151 3538722 1456454 0033665 0002716 0011560 0033684 0611285 1709634
 0085151 3538722 1456454 0033665 0002716 0011560 0033684 0611285 1709634
 1412727 0014442
 0010825


 1539614 1832370 0011740 0025255 0332325 0596901 1706182 2827757
 0033684 0033684

 0740201 1412365 0002059 1318717 0031678 0032043 0230956 1149880 1979842 0740201 1412365 0002059 1318717 0031678 0032043 0230956 1149880 1979842
 1564139 0596988
 0034845 1420708 1619635 0040679 0597357 1442762 0034845 1420708 1619635 0040679 0597357 1442762
 3538722 1883559 0085151 3538722 1456454 0033665 0002716 0011560 0033684 0611285 1709634
 2986676 0443058 0034754 1705179 0600659
 2986676 0005575 0018896 0040679 0243144 0347980 0681814 1442762 1552861 2700256
 0205090 0684010 2603358
 0018173 1521721 1548284 0369773 2603361
 0018173 1521721 1548284 0597277 1708601
 0443058 0369773 2603361
 1521721
 1515023 1527075 1272684 1548435 1514811 1706462 0520510 0025663 0025664 0449851 1514811 1706462 2603360 0597277 1708601

 0369637 0441923
 0033727 0369286 0441932 0564385
 2603360


 1880022 0017082 0078939 1456454 1750295 2362547 3484390 0002716 0011560 0033684 0330390 0439096 0611285 2004068
 0230467 0741204


 0025141 0369718 0441922 1553036 1018233 2603362

 1553033

 0439267
 0043217

 1149161 1148636 1149098 0023779 0243122 1145667 1167622 1149531 0243122 1145667 1167622 1707455 1959616 0015684 0001128


 0450388 0025141 0331778 0086903 2827790 0439267 0597277 1708601
 0073187
 2347469
 2347469


 0439836 1301808 1442792 3148680 0021107 0441587 1512796 1883719 0025255


 0439394 1706495 3642217
 0369637 0441923




 2603362
 0016327 0439133 1553038


 0449935 1709694 0014442
 0033382 2987124 1519623 1511625 1880389 1883221 3541951 0001721 0205177 0439167 0441655 1561536 0033268 3484390


 0201682
 1553033
 0439267
 2347469


 0085151 3538722 1456454 0033665 0002716 0011560 0033684 0611285 1709634 0027882 0021135 1533691 2827718 0150312 0449450 0230653 0871161 1292721


 0201682
 0678579 0718133 0073187
 0023973

 0596901 0678594 0036679 0237868 1881713 0682529 0005532 0025255 0205460 1709305 2745955


 2347379

 0025141

 0337841
 1425836
 0453908
 0205090 0684010 2603358
 2347469
 1512024 0073187
 0205090 0684010 2603358
 0005680 0027567 0085756 0439541

 0332120 0529196 1412186 0041368 1168005 1456820 1323304 0333516 0014442 0027540 0027651 0439095 1334928 1521761 1578706 2003941 2350010 2827422 3273930 0171484 0699919 0085151 1955168


 0201682
 0439394 1706495 3642217
 0205090 0684010 2603358
 2347469




 0237886 0700314 1947906 0439801 1549649 2349209 0033268 0078939 0611285


 0201682
 0999213 0033727 0369286 0441932 0564385


 1517499 0017337 0040671 1705822 0449913 1553451 1704459 0012854

 0025141 0369773 2603361
 0369637 0441923
 2603362
 2603360
 0205090 0684010 2603358
 0999213 0597277 1708601


 1708071 1512571 0035820 0007613 0920644 0031843 0542341 0700205 1705273 0034789

 1517844
 0025141 0033727 0369286 0441932 0564385 2346751 0369637 0441923


 0369773 2603361


 0035853
 0369637 0441923


 0178602 0869039 1114758 1281905 0035647 0015576 1704727
 0036397
 0025141 0033727 0369286 0441932 0564385 2603360

 0439394 1706495 3642217
 0331895

 0205263 0857127 0028778 0332206 1533157 1706084 2828370 1749557 0220781 0439634 1522492 0887883


 0000857 0600678 1552863
 0332583

 0887837 0237886 0700314 1947906 3548417 1709694

 0740116 2827735 2981700 0025141 2347469


 1514570 1709694 0007613 0815043 1527118 0005532 0205460 0542341 0031845

 3642273
 0205090 0684010 2603358 2347469


 0597277 1708601
 0443058 0369773 2603361


 1720834 0205419 0006104 1269537 0030274 1278931


 2347379

 0025141 0439493 1513009 0369637 0441923


 0936090 0015450
 0036397
 0597277 1708601 0369637 0441923
 0443058
 0369637 0441923

 0369773 2603361
 0033727 0369286 0441932 0564385
 2603362
 2603360


 0074554 0441889 0021135 1533691 2827718 1515655
 1418943

 0268596 2700624
 3642273
 0041703
 0597277 1708601 2603360
 0039461
 0597277 1708601
 0443058

 1180347 1523872 1704241 0014597 1273342 0007634 0221908 3282337
 0005477
 0025141 0016163 2349190 2700184
 0331895 0033727 0369286 0441932 0564385


 0332120 0542341


 1553033 0033727 0369286 0441932 0564385


 0544691 1823998 0073187


 1159372 0221284 1521840 0024369 1709694
 0349590 1262865
 0025141 0369773 2603361
 0369773 2603361
 0597277 1708601
 0443058

 0596845 0596901 0678594 1880389 1883221 3541951 0025255 0441615 0443289 0449432 0596901 1706182


 2603360 2603362
 0035561
 1006780
 2347469


 0449913 1553451 1704459
 1418943

 0268596 2700624
 3642273
 0041703
 0205090 0684010 2603358
 2347469
 0369637 0441923


 0871786


 0033727 0369286 0441932 0564385 0205090 0684010 2603358
 2348952 0369637 0441923
 0369637 0441923
 0369773 2603361
 0033727 0369286 0441932 0564385

 0369637 0441923
 0597277 1708601
 0369637 0441923
 0369637 0441923


 0120465 1539548 0018340 0018353 0678640 1521761 2827422 1142901 1425034 0439855 1704241 1517892 1704666 0678640 0031843 0542341 0700205 1705273
 0007634 1269647 1704653 1948049
 0439083 0439087 0025141 0073187

 2349138 0369637 0441923

 3539821

 0678723 0870861 1254042 1159372 1521840
 1412727 1454853 0171484 0330390 0439096 2004068


 0201682
 0234833 0722388
 0021966 0221138


 0332621 0439168 0034790 0487637 0034788 0039194 0037083 1514760 1514762 0003320 0007634 0597357 1269647 1704653 1948049 3537152


 0234833 0722388
 0021966 0221138
 0234833 0722388


 0035820 1705810 0034790 0487637 0034788 0039194 0003320 0007634 0597357 1269647 1704653 1948049 3537152

 1517844
 0025141 0033727 0369286 0441932 0564385 0439294
 2603362
 2603362
 0718133 0073187


 0360714 0035647
 0777169
 0025141 0021966 0221138 2603362
 0597277 1708601

 0597277 1708601


 2247791 0597295 0599474 1157367 0220781 0439634 1522492 0036563 1705192 1882540 2346495


 0201682

 0016327 0439133 1553038

 0331964 0439394 1706495 3642217


 0004462 1179949 1519624 0005528 1317949 3495449 0299212 1418985 0872078 0085151 3538722 1456454 0033665 0002716 0011560 0033684 0611285 1709634
 0349590 1262865
 0025141
 0369773 2603361
 2603360
 0369637 0441923
 0597277 1708601
 0033727 0369286 0441932 0564385




 0035648 1553898 0078057 0005847 0035647 1558950 1801960 1521761 2827422 0002395 1521724 0012634 1709599 0023981 0681876 0557651 2603343

 0073187 0205090 0684010 2603358 0369637 0441923
 0369718 0441922 1553036
 0205090 0684010 2603358


 0035820 1705810 0439084 0728893 2753244 0029237 0029246 0220885 1300196 1522486 1513492 1705994
 0007634 1269647 1704653 1948049
 0025141 0033727 0369286 0441932 0564385 2603362
 0033727 0369286 0441932 0564385
 2603360
 0597277 1708601


 2603362
 0597277 1708601
 0998924 2603362


 1412207 0205177 0439167 0441655 1561536 0379526 1273518 0085151 3538722 1456454 0033665 0002716 0011560 0033684 0611285 1709634


 0025141 0439267
 2603362

 0016327 0439133 1553038


 0860920 0008377 1704259 1705987 1412181 2984597
 1418943

 0268596 2700624
 3642273
 0041703
 0033727 0369286 0441932 0564385 0439394 1706495 3642217


 0332120 0033268 0030685 0391871 0439180 0680255 1283071 1963578 1704259 1705987


 0201682
 0205090 0684010 2603358
 1553033
 0718133
 0033727 0369286 0441932 0564385




 0023823 0023820 0178587 0205251 1299352 1550472 0456947 0006104 0441889 1269537 1420510 1705543


 2347379

 0025141 0597277 1708601

 0597304 0010813 0596311 1330957 1706853 1879748 0018670 1281590 1706305 0162570
 0349590 1262865
 0025141
 0205090 0684010 2603358
 2603362
 1551090 0205090 0684010 2603358
 0369637 0441923

 0016327 0439133 1553038


 0597304 0010813 0596311 1330957 0025543
 1418943

 0268596 2700624
 3642273
 0041703
 1553033 2346751 0369637 0441923
 0369773 2603361



 1167250 0336849 1514762 0037083 3537152


 1517844
 0025141 0439394 1706495 3642217
 0439267
 2603362
 0439267
 0369637 0441923



 0033684 0427184 0700114 1707511 3537152 0599896 1419212
 0349590 1262865
 0025141


 0369773 2603361
 1708595 3280986


 1185625 2986730 0332256 2700400 1420510 0330390 0439096 2004068 1515655


 0025141 3495095 0369637 0441923
 0369637 0441923
 0443021


 2603360


 0439267


 0243077 0205681 0299212 1418985 0181496 0205145 0205177 0872078 1515974 2825164 2827499 0439851 1947931
 0349590 1262865
 0025141 2603360 0369637 0441923
 0033727 0369286 0441932 0564385
 0369637 0441923
 0205090 0684010 2603358

 0597277 1708601


 0079411 3146294 0007585 0010453 0220814 0430400 2242979


 0201682
 0021966 0221138
 0033727 0369286 0441932 0564385
 1510707
 2347350 0369637 0369718 0441922 0441923 1553036


 0597304 0010813 0596311 1330957 0379526 0171484 0699040 2336523 0007634 0205148 0521390 1709305 2745955 3282337
 0005477
 0025141 0205090 0439267 0684010 2603358 2603362

 2347469

 0073187

 0999213
 0033727 0369286 0441932 0564385


 0079866 3146302 1710082 0031227 0243127 0443331 0079411 3146294 0332257


 0201682
 0369773 2603361

 0597277 1708601
 0443058 2346601 0597277 1708601


 0887868 0336849 0205219 0700321 1551338 0007603 0025255 0032105 0596901 1550098 1706182 1512977 0007634 3282337


 0021966 0221138


 0205090 0439267 0684010 2603358
 0016327 0439133 1553038


 0080141 1167250 0336849 0005532 0205177 0205460 0439167 0441655 1514873 1561536


 0439086 2827736 2981702 0025141 0439394 1706495 3642217 0439267


 0439114
 1538923


 0369637 0441923


 0001374 0009226 0009235 0008380 0001390 0443264 0079411 3146294


 0439086 2827736 2981702 0025141 0369637 0439394 0441923 1706495 3642217 2347469

 2603360
 0205090 0684010 2603358
 0086903 2827790 0439267
 0597277 1708601
 0597277 1708601
 0369637 0441923


 0020443 1522133 0521110 0030664 0205469 0677042

 0451119 1444662
 0025141 0073187 0205090 0684010 2603358 0439267
 0021966 0221138



 0178587 1167250 0336849


 0025141 0597277 1708601 0439267
 0439114
 0016327 0439133 1553038
 0597277 1708601


 0185115 0684295 0667093 0053407 0010558 0330390 0439096 2004068 1749557 0220781 0439634 1522492 1166729 1166734
 0027960 0324740 0439189 1456781 1824986

 0007634 1269647 1704653 1948049
 0205090 0684010 2603358


 0369637 0441923

 2347469
 0016327 0439133 1553038
 0205090 0439267 0684010 2603358


 0379710 0887901 1512032 0018790 0237477 0392351 0521111 0682568 0031843 0542341 0700205 1705273


 2827734 2981698 0025141 2347469
 0439394 1706495 3642217



 0193959 2603360
 0597277 1708601
 0439267


 1512485


 0201682
 0073187

 0002395 1521724 0012634 0017337 0033684 0039798 0087111 1363945

 2347961
 0443058 0597277 1708601


 1167250 0336849 0037083 1160185 1710082

 2347961
 0027960 0324740 0439189 1456781 1824986

 2827734 2981698 0025141 0443058 0369773 2603361
 2347469
 0597277 1708601
 0439267
 0597277 1708601
 0443058

 0151718 0333668 0018790 0237477 0392351 0521111 0079411 3146294 0027882
 1418943

 0268596 2700624
 3642273
 0041703
 0443058 0369773 2603361




 0008377 0002395 1521724 0012634 1517892 1704666
 0027855
 1883069 0439394

 0439070 1705160 0033727 0369286 0441932 0564385
 2603360
 0073187 0205090 0684010 2603358
 0439806

 0205263 0857127 0597879 2825879 0006104 0034493 0008395 0008377
 1417055

 0025141 0033727 0369286 0441932 0564385 0597277 1708601

 0033727 0369286 0441932 0564385
 0439267
 2603362


 1006780 0369637 0441923
 0597277 1708601


 1517945 0078939 0611285 0521102 3484390 0037083 3537152


 0201682
 2346751 0369637 0441923

 0369637 0441923

 0086903 2827790 0439267
 0718133
 0035853

 0003595 0003591 1149161 0243122 1145667 1167622 0017270 0376249 0439603 0871396 1561548 1705502 0338448 0494463 0276496 0277558 0002395 1521724
 1418943

 0268596 2700624
 3642273
 0041703
 0439083 0439087 0000857 0600678 1552863 0439267 0033727 0205090 0369286 0441932 0564385 0684010 2603358

 0369637 0441923
 1708595 3280986

 0475264 1744691 1167250 0336849 0037083 0522506 1280519 1514873 1704419 3537152 0007589 1511938 2945687 1819944 0038952 0220921
 0027882
 0025141 0369637 0441923


 0439394 1706495 3642217
 2347469



 0151718 0333668 0033666 2263112 0392747 1554963 0018790 0237477 0392351 0521111 0220781 0439634 1522492


 0000857 0600678 1552863 0369773 2603361
 0051767 0057671

 0369637 0441923
 2603360
 2346686 0033727 0369286 0441932 0564385
 0439267 2603362
 2603360


 0205177 0439167 0441655 1561536 0887868

 0451119 1444662
 0025141 0597277 1708601
 0597277 1708601
 0597277 1708601
 2347469


 0020792 0205396 2717969 0030946 1947941
 0036397
 2347469
 0369773 2603361
 1319635
 0439267


 0033105 0220900 0009226 0332281 0009235 0030016 0243077 0700307
 0230467 0741204

 0597277 1708601


 0611285 0078939 1750295 2362547 3484390 0002726 0522527 1456454

 0001811
 0025141 0597277 1708601
 0369718 0441922 1553036
 0998924


 0078939 1456454 1750295 2362547 3484390 0002716 0011560 0033684 0330390 0439096 0611285 2004068 1420510 0330390 0439096 2004068 0348078 0376315 1522492 0002395 1521724 0012634


 2827734 2981698 0025141 0024888 0699816 1549534


 1527021 1554111 1705606 3541382