 0035820 1705810 0162610 0006638 0441655 0870614 0036375 0588053 1547183 0041740 1532717 1881335 0022341 1704729 0036375 0022341 0034036 0034037 1514756 1704324 0348078 0376315 1515981 1522492 1527075 0557061 2584313 1514811 1706462 0868928 1533148 0026882 0299212 1418985 0872078
 0557651 2603343 0332128 0035820 1705810 0162610 0006638 0242606 0038435 0311404 2986669 0162638
 0596988 1547282 0332325 0237834 1514892 0162638
 0018563 1281583 1552914 0596988 0206243 0699809 0599155 0026882 1705285 1547282 0205177 0439167 0441655 1561536 1274040 1546471 2825142
 0162638 0851827 1701901 3244310 1413133
 0010976 0018790 0237477 0392351 0521111 0030685 0391871 0439180 0680255 1283071 1963578 0309872 1292733 0162638
 0014239 0035295 0392752 0205263 0162638 0014239 0035295 0598268
 1883357 0037088 0243095 2825141 1311407 0299212 1418985 0872078 1274040 1546471 2825142 1705535 1314939 0242606 0038435 0311404 0262405 0031847 0277785
 0557061 2584313 1514811 1706462 0868928 1533148 0026882 0299212 1418985 0872078 0299212 1418985 0872078 2827734 2981698
 0299212 1418985 0872078 0021699 0025252 0025255 0033684 0443238 0596901 1706182 1519623 1167322 2752508 1880389 1883221 3541951 0027882 0006104 1269537 0014239 0035295 0392752 0018042 0243111 1947951 0740116 2827735 2981700 0439086 2827736 2981702
 0299212 1418985 0872078 0205224 0033684
 0026882 0442805 0441889 0006104 0007600 0007634 0205132 1269647 1704653 1948049 0003069 0003062
 0242606 0038435 0311404 0000768 0000769 0032214 0600138 0035820
 1514559 0007600 0007635 3282338 0442805 0040539 0600688
 0205170 0205309 3146287 0242606 0038435 0311404 0032214 0600138 0035820 1705810 0242606 0038435 0311404 0162638 0002395 1521724 0012634 1517892 1704666
 2931257 1425075 0299212 1418985 0872078 0162638 1314939
 0162610 0006638 1418985 0299212 0017337 0872078 1334043 1514762 0037083 3537152 0026882 1705285 0243067 1657987 0243107 0678723 1527148

 1547282 1311407 0299212 1418985 0872078 0033621 1168438 1418943 3540567 0033684
 0557651 2603343 1883351 0242606 0038435 0311404 1314939 0162638
 1516084 2986669 0439849 1705630 1706279 3540605 0007587 0007634 0011065 1269647 1306577 1704653 1948049 1273517 0162610 1553033 0596988
 0556642 1881830 0596988 1457869 1861101 2263441 1752477 0678851 0013846 0005528 1317949 3495449 0337112 1524075 1547282 0020517 0520946 0030493

 0684224 0700287 3496591 0079411 3146294 0205250 0556642 0596988 1881830 3163633
 0237753 0449788 0556642 1441672 1881830 0013935 0392360 1707391 1883351 1292732 0596988
 0596988 0332128 0557651 2603343
 0206243 0699809 0599155 0026882 1705285 0206243 0699809 0544885 0026882 0746939 1705285 0033684
 1882932 2985437 0002085
 0005516 0596988 0243148 0332128 1550141 1882979 2587213 3274648
 0557651 2603343 0851285 1327622 1521761 2827422 0042153 0457083 1947944 0010976 0028778 0332206 1533157 1706084 2828370 0030685 0391871 0439180 0680255 1283071 1963578
 0557061 2584313 1514811 1706462 0035150 0002085 0162610 1273517 0332283 1719822 1883559 0080194 0332307 0445392 0456178 1518614 1547052 2987481




 1413133
 1413133
 0556642 1881830
 0556642 1881830 1825868
 0556642 1881830 1825868
 1883559 0080194 0332307 0445392 0456178 1518614 1547052 2987481 1413133 0080194 0456178 0043227 1273517 0006638 0017398 0017399 1301820 0205099 1832232 1553317 0027468 0016820 0018684 0021622 3245503 1513889 0683939 0205099 1513889
 0025663 0025664 0449851 0024501 0080194 0456178 1273517 1518614 2987481 0010453 0220814 0430400 2242979
 0003062 1139930 0004611 1510439 1548795 1634625 2347473 2982691 0036563 1705192 1882540 2346495 0449416 1705919
 0038215 0600673 0871424 0002778 0936012 1524024 1710574 0022885 0038492 0039593 0392366 1272695 1551041 1552573 2700112 2746065 1554961 1705847 0002778 0936012 1524024 0007634 3282337 0596988 1709320 0002780 0002778 0205447 0936012 1272695 1524024 1711260 2348152 2746065 2826344
 0036667 0312418 0427965 1511883 1522640 2346484 2349185 0030493 0019269 0025663 0122922 0449851 0871511 1979842 1521827 0450348
 0003062 0001771 0442504 1704765 1882509 3496241 0005971 1139930 3537155 0016343 1273517 1883351 0028778 0332206 1533157 1706084 2828370 0243107 0678723 1527148
 1710063 0439228 0001771 0348011 1139930 0332256 2700400 0030493
 0003062 0038952 0220921 0332283
 0332173 0439228 0439505 0274281 0332157 0030493 0237753 0449788 0750480 1705566
 0038954 0038952 0220921 0871208 1521828 0332291 0085862 0205450 0332283 1299583 0008976
 0036667 0312418 0427965 1511883 1522640 2346484 2349185 0020281 0020275 0031180 0523702 0885426 0003062 0010453 0220814 0302908 0430400 1304698 1546699 1561501 2242979 0009458 0439536 1705217 3244283 0008377
 0439228 0598016 0020281 0020275 0031180 0523702 0885426 0086045 1524062
 0274281 0332157 0011744 0237753 0449788 0310255 0750480 1705566
 0038954 0038952 0220921 0871208 1521828 0332291 0085862 0205450 0332283 1299583 0008976
 0005507 0243073 1510438 0007587 0013936 0243100 0243107 0678723 1527148 0332283 1524063 0029144 1947950 0007634 3282337 0750480 1705566
 0013935 0025663 0122922 0449851 0871511 1516695 1516698 1979842
 0007584 0237753 0449788 0750480 1705566 0008976
 0039798 0087111 1522326 1533734 1705169 3538994 0003062 0001771 0005971 0010976 1139930 3537155
 0332173 0439228 0439505 0013935 0025663 0122922 0449851 0871511 1516695 1516698 1979842
 0007587 0920487 0752350 0007634 0011065 1269647 1306577 1704653 1948049 0332128 1552738
 0557061 2584313 1514811 1706462 0596988 1547282 0332325 0237834 1514892 1883351 1292732 0439849 1705630 1706279 3540605 0332128 0038954 0038952 0220921 0871208 1521828 0242606 0038435 0311404
 0413070 0040539 0600688 0020281 0020275 0031180 0523702 0885426 0015264 1516240 0038836 0003075 0302912 0700307 0003062
 0332293 1522326 0003062 0309872 0027581 1704319 1947962 1704776 0018889 0018893 0040820 0596988 0031437 1285572 0013710 0242821 1995017 1524063 0016343
 0038954 0038952 0220921 0871208 1521828 0349966 1337208 1442162 1550718 3244317
 2827734 2981698 2347469
 0030493 1547282 0038952 0205134 0220921 0080194 0243148 0456178 1518614 1550141 1707455 1882979 2587213 2987481 3274648 0450344 1553633
 1979874 1547282 0038954 0038952 0220921 0871208 1521828 0038954 0038952 0220921 0871208 1521828 0274281 0332157 0030493 0205250 3163633 1707455 0349966 1337208 2347469 1553033 0038954 0038952 0220921 0871208 1521828 1547282 0442739 1548568 0392747 0443172 1705241 0349966 1337208
 0039798 0087111 1522326 1533734 1705169 3538994 1883351 1547282 1705241 1705242 1273937 0237881 1511726 3245479 1518422 1547282
 1547282 0332325 0237834 1514892 1707455 1416886 1442449
 0449911 0333052 2607870 0557702 1272706 1704674 0557702 1272706 1704674 0349966 1337208
 2827734 2981698
 0038952 0205134 0220921 0596888 0003062
 0003062 0001771 0442504 1704765 1882509 3496241 0005971 0030493 1139930 3537155 0038952 0220921 0332282 0332283
 0016343 1273517 1883351 0309872 0243107 0678723 1527148
 0038952 0205134 0220921 1547282 0038954 0038952 0220921 0871208 1521828 1707455
 2347469 0038952 0205134 0220921
 0205173 0596988 1705764 1705765 1547282 0038954 0038952 0220921 0871208 1521828 1707455 0038954 0038952 0220921 0871208 1521828 1547282 0442739 1548568 0392747 0443172 1705241
 0038954 0038952 0220921 0871208 1521828 0274281 0332157 0030493 0332173 0439228 0439505 0598016

 0038952 0220921 0205345 0080103 1522609 1547039 0038954 0038952 0220921 0871208 1521828 0332173 0439228 0439505 0231162 0012634 0348080 1705253
 0038954 0038952 0220921 0871208 1521828 1707455 0237881
 0369773 2603361
 0073187 0038954 0038952 0220921 0871208 1521828 0596888 0003062
 0003062 0020281 0020275 0031180 0086045 0523702 0885426 1446561 0010453 0220814 0430400 2242979 1292425
 0038954 0038952 0220921 0871208 1521828 0205548 0001758 0039798 0087111 0750572 1522326 1533734 1705169 3538994
 0038952 0220921 0205345 0080103 1522609 1547039 0038954 0038952 0220921 0871208 1521828 0020281 0020275 0031180 0523702 0885426
 0038954 0038952 0220921 0871208 1521828 0020281 0020275 0031180 0086045 0205250 0523702 0885426 1446561 3163633 1707455 0020281 0020275 0031180 0205250 0392148 0523702 0885426 3163633
 0369773 2603361
 0309872 1292733 0556642 1881830 0162638 2827421 0205173 1705764 1705765 0596988 2986669 0035820 1705810 0162638 0242606 0038435 0311404 0031847 0277785
 0237753 0449788 0013935 0162610 1553033 0332219 0029144 0205396 1550043 1551388
 0007610 0453985
 0237753 0449788 0556642 1441672 1881830 0013935 0450354 1706096
 0237753 0449788 0556642 1881830 0013935 0205216 0392756 0442797 1704970 0309872 1292733 0162638 0450354 1706096
 0449911 0333052 2607870 0557702 1272706 1704674 0557702 1272706 1704674 0349966 1337208
 0740116 2827735 2981700
 1704254 1704922 3542466 0080194 0456178 1518614 2987481 1547282
 0006629 1080898 1444656 0556642 1881830 1825868
 2347469 0556642 1881830 1825868
 2347469 0237753 0449788 0441960 0556642 1881830 0556642 1881830
 0231008 0006629 0007634 0449820 1269647 1516044 1704653 1948049
 0237753 0449788 0556642 1881830 0205217 0442805 1883559 0332307 0441960 0445392 1547052 1707455
 0237753 0449788 0556642 1881830 0205173 1705764 1705765 0596988 0205216 0392756 0442797 1707455 0556642 1881830
 0369773 0556642 1881830 2603361
 0017431 0332283 1719822
 0556642 1881830 1825868
 0556642 1881830 1825868
 0237753 0449788 0013935 0205250 3163633 0237753 0449788 0205217 0442805 1707455 0349966 1337208 2347469
 0237753 0449788 0243148 0332128 1550141 1882979 2587213 3274648 0557651 2603343 0332232 1278655 0445247 0441960 1883559 0450365 1706097
 0205117 0332282 1883708 2827421 1413133 0596988 2986669 0441712 1706376 0007587 0007634 0011065 1269647 1306577 1704653 1948049
 1514468 1704444 1334043 0205224
 1514468 1704444 1413133 1334043 1515877 1879547
 0026882 0162638 0007587 0007634 0011065 1269647 1306577 1704653 1948049
 1413133 0013935 1413133 0311403 0162638 0349966 1337208 2347469 1553033 1704970 0162638 0851827 1701901 3244310 0205177 0439167 0441655 1561536 1413133
 0449911 0333052 2607870 0557702 1272706 1704674 0557702 1272706 1704674 0349966 1337208
 0439086 2827736 2981702
 0006629
 1704254 1704922 3542466 0596988 1547282
 0006629 1080898 1444656
 2347469
 2347469 0002778 0392762 0936012 1524024 1413133 0013935
 0231008 0006629 0007634 0449820 1269647 1516044 1704653 1948049 1547282 0237753 0449788 0596988 1707455
 1413133 0018790 0237477 0392351 0521111 0162638
 0369773 2603361
 1704254 1704922 3542466 1413133 0013935 1547282
 0162638 0205197 0013935 0311403
 2347469 1413133
 0039798 0087111 1522326 1533734 1705169 3538994 0309872 1292733 0162638 0947630 1444656 0030685 0391871 0439180 0680255 1283071 1963578 1521761 2827422 0162638 0450355
 0332293 1522326 0010976 0018790 0237477 0392351 0521111 0030685 0391871 0439180 0680255 1283071 1963578
 0013935 0010976 0332293 1522326 0162638 0205216 0392756 0442797 0349966 1337208 1705535 0851285 1327622 0030685 0391871 0439180 0680255 1283071 1963578 0014239 0035295 0598268 0920487 0007634 3282337
 0449911 0333052 2607870 0557702 1272706 1704674 0557702 1272706 1704674 0349966 1337208

 1280500 0162638
 0019269 0332293 0010976 1522326 0309872 0030685 0391871 0439180 0680255 1283071 1963578 0596235
 0013935 1883708 1516695 1516698 0006629 0007634 0449820 1269647 1704653 1948049
 0237753 0449788 0013935 0010976 0039798 0087111 0392756 1522326 1533734 1705169 3538994

 1514811 1706462 0557651 2603343 0035820 1705810 1334043 0162638 0242606 0038435 0311404 0725813 0031847 0277785
 0596988 1882932 2985437 0002085 0332325 0237834 1514892 0020281 0020275 0031180 0523702 0885426
 1883351 1292732 0035820 1705810 0441655 0242606 0038435 0311404 0031847 0277785 0162638 0332128
 0017337 2700640 1711351 1419908 0010583 1423085 0449432 1705248
 0026882 1705285 0205250 3163633 0079411 3146294 0026237 0205217 0442805 0237753 0449788 1883559 0441730 0013935 0332307 0441960 0445392 1547052 1707455 0556642 1881830 0596988 1547282 0237753 0449788 0556642 1707455 1881830 1704970 0309872 1292733 0162638
 0332290 0332529 0332325 2827757 0030493 0020281 0020275 0031180 0523702 0885426
 0018563 1281583 1552914 0596988 0205217 0442805 0237753 0449788 1707455 1883559 0332307 0445392 1547052
 0007634 3282337 1260953 1413133 0013935 0444504 2347634 2348143 0162638 1413133 0851827 1701901 3244310 1709305 1883351 0162735 2924612 0026882 1552961 1705285 2347617 0276496 1843013 0002395 1521724 1709908 0277558 0012634 0015576 0022275 0241888 0337810 0684224 0700287 3496591 0067430 1425077 1517001 0871161 1292721 0276496 2931257 0002395 0299212 1418985 1521724 0277558 0012634 0015576 0241888 0596988 0872078 1515981 1425075
 0033268 0026882
 0033268 3266896 0205263 0857127 1418867 1518860 1552158 0750591 1883351 1274040 1546471 2825142
 0332148 0750492 1517378 2348205
 0947630 1418867 1518860 1552158 1660771 0019868 0450355
 0150312 0039798 0087111 1522326 1533734 1705169 3538994 1260953 0162638 1704970 0740472 0006675 0006726 0030685 0205161 0391871 0439180 0680255 0851285 1283071 1327622 1963578 2347472 2699333 2936886 0014239 0035295 0598268 0920487 0007634 3282337
 0557651 2603343 1882932 2985437 0002085 1444656 0205263 0162638 0031847 0277785 0039869 1883351 1517378 0162638 0014239 0035295 0598268
 0031437 1285572 1311407 0299212 1418985 0086418 0872078 1705535 0031843 0542341 0700205 1705273 0299212 1418985 0872078
 0299212 1418985 0872078 0007587 0007634 0011065 0205263 1269647 1306577 1314939 1704653 1948049 0242606 0038435 0311404 0031843 0542341 0700205 1705273
 0683954 2607943 2926606 3539655 0162638 0242606 0038435 0311404 0439849 0445223 0018896 1552861 1517331 1883351 0162340 0002395 1521724 0012634
 2986676 0031831 1707664 2348314 3540849
 0021966 0221138

 2825232 0043227 0018173 0018896 0449435 1521721 1548284 3540469 0683933 0035168 0036397 0242481 0013621 0013622 0013658 0039401 0010453 0220814 0430400 2242979 0038039 1552306 0036397 0039421 0018173 0022864 0043227 0037440 2986512 0016617
 0010186 0220812 0449719 1709471 0220808 0680264 0007961
 1706852 0522501 1706089 0949214

 0282413 0376649 1442065 0027855 0870614 0036375 0588053 1547183 0041740 1532717 1881335 0022341
 0254343 0796520 3272379

 0085205 1549619 1880669
 0013849 1705961 0024492 1538057 1547565
 0034037 1704324 0030351
 1511726 3245479
 0439394 1706495 3642217 1553033 0369637 0439394 0441923 1706495 3642217 1553033 0439267 0007320 0085973 0556657 1299503 0684224 0700287 0868928 1706255 1706256 3273238 0002395 1521724 0012634 0012634 0043038 0012358 0012764 1444662 1512015 0073187 1511726 3245479
 0000723 0000723 1273517 0276496 0277558 0002395 1521724 0276496 0277558 0002395 1521724
 0014239 0035295 0598268 0014239 0035295 0598268
 0299212 1418985 0872078 0299212 1418985 0872078
 1514811 1706462 0557061 2584313 1514811 1706462 2827734 2981698
 0205090 0684010 2603358
 0021966 0221138
 0439267 3613423 1720589 0033727 0369286 0441932 0564385 0861352 1553033 3495095 0439267 0597277 1708601
 0349590 1262865 0025141 0740116 2827735 2981700
 0591397 0439267
 0205090 0684010 2603358 0033727 0369286 0441932 0564385
 0033727 0369286 0441932 0564385 2603360
 2603362
 0080045
 0439394 1706495 3642217 2603362
 2603362
 0027882 0025141 0439086 2827736 2981702

 0033727 0369286 0441932 0564385
 1704732 0597277 1708601
 2603360
 0205090 0684010 2603358

 0205090 0684010 2603358
 0439114
 0439267 0205090 0684010 2603358 0597277 1708601
 2347469
 2603360 0205090 0684010 2603358



 0740116 2827735 2981700 0025141
 2347469 0369773 2603361 0597277 1708601 0033727 0369286 0441932 0564385 0439267 0597277 1708601 0016327 0439133 1553038
 0349590 1262865 0025141 0439084 0728893
 0043402 0369637 0441923



 0025141
 2347469 0369773 2603361 0369773 2603361 0597277 1708601

 0033727 0369286 0441932 0564385 0369637 0441923
 0086894 0851346 2314876
 0205090 0684010 2603358
 0349590 1262865 0025141
 0439267 0021966 0221138
 1418943

 0268596 2700624
 3642273
 0041703

 1553033 0872005 0759909 1135895 0998924 0369718 0441922 1553036 0005595 2603360
 0369773 2603361 0439267 0205090 0684010 2603358 0439394 1706495 3642217 2603362


 0740116 2827735 2981700 0025141

 0205090 0684010 2603358 0439267
 2347469 0369637 0441923
 0597277 1708601 0016327 0439133 1553038 2603360
 0439267 0033727 0369286 0441932 0564385
 0033727 0369286 0441932 0564385 0205090 0684010 2603358
 0021966 0221138 2603362
 0369718 0441922 1553036
 0439267 0369718 0441922 1553036
 0080045
 2603362
 0439267 2603362
 2603362
 0027882 0025141
 0597277 1708601 1553033 1553033 1006780
 0439394 1706495 3642217 0582521 0369637 0441923
 0439394 1706495 3642217 0439394 1706495 3642217 2347469 2603362
 0349590 1262865 0025141

 0205090 0684010 2603358
 0230467 0741204


 0597277 1708601 0439267 0033727 0369286 0441932 0564385 1979971 0205090 0684010 2603358


 2347469 0033727 0369286 0441932 0564385
 0680861
 2603362
 0369773 2603361
 0443013 0369773 2603361
 0597277 1708601 0205090 0684010 2603358
 2347469 0439267 0554249 0369637 0441923




 0597277 1708601 2347469

 0439267 0443050 0369718 0441922 1553036 0439267
 0369637 0441923
 0369773 2603361
 0025141
 2347469
 0597277 1708601
 0439267 0443050 0369718 0441922 1553036 0439267
 0369637 0441923
 0369773 2603361



 0369637 0441923
 0369773 2603361

 2347961
 0027960 0324740 0439189 1456781 1824986
 0007634 1269647 1704653 1948049

 2827734 2981698 0025141
 2347469 0597277 1708601 0369773 2603361
 0597277 1708601 2603360 2347469
 0439394 1706495 3642217
 0036397
 0021966 0221138
 0349590 1262865 0025141
 0369718 0441922 1553036 2347469 1553033 0205090 0684010 2603358
 0349590 1262865 0025141
 2603360
 0439267 0369637 0441923
 0597277 1708601 0439267 0033727 0369286 0441932 0564385
 0033727 0369286 0441932 0564385 2603362
 0021966 0221138
 1418943

 0268596 2700624
 3642273
 0041703

 0369718 0441922 1553036 0369773 2603361
 0597277 1708601 0369718 0441922 1553036 0998924 0597277 1708601
 0349590 1262865 0025141
 0369718 0441922 1553036 0597277 1708601 2603360 0033727 0369286 0441932 0564385 0369773 2603361
 0369718 0441922 1553036


 0201682

 2603362
 0017398 0017399 0450389 0450348

 2603362
 0017398 0017399
 0205090 0684010 2603358
 1417055

 0025141

 0205090 0684010 2603358

 1418943

 0268596 2700624
 3642273
 0041703
 0000857 0600678 1552863
 0205090 0684010 2603358
 2603362
 1417055

 0450348 0025141
 0033727 0369286 0441932 0564385
 0033727 0369286 0441932 0564385
 0205090 0684010 2603358
 0007634 1269647 1704653 1948049 0025141
 0369637 0441923

 0025141
 0033727 0369286 0441932 0564385
 0205090 0684010 2603358
 0243107 0678723 1527148
 0033727 0369286 0441932 0564385
 0033727 0369286 0441932 0564385
 0205090 0684010 2603358
 0007634 1269647 1704653 1948049 0025141 0450355


 0597277 1708601 0337841 1553033




 0025141
 0369637 0441923
 0021966 0221138 0016327 0439133 1553038
 0369637 0441923


 0201682

 0369637 0441923
 2347469
 0369773 2603361 0205090 0684010 2603358

 0021966 0221138 0205090 0684010 2603358
 2603360



 0201682

 0369718 0441922 1553036 0597277 1708601 2603360 0597277 1708601 0998924 0597277 1708601

 2347379
 0025141
 0369773 2603361
 2603360



 2347379

 0025141 0009993 0037455 0596070 1552856 0005477 0026376 0005532 1521991
 1527021 1554111 1705606 3541382 0333052 0441061 0179636 1824528 0239110 1706852 0239110 1705565 1947976 0687676 1704687 0557854 0013849 1705961 1706852 0282420 1706852 1138432 0239110 0162443 0205314 0033213 1706387 1706852 0369718 0441922 1553036
 1706852 0369718 0441922 1553036
 1706852 0369718 0441922 1553036
 1706852 0369718 0441922 1553036
 0039224 1706073 1706074 0162443 1521991 0162443 0026376 0005532 0009993 0013621 0013622 0013658 0037455 0039401 0596070 1521991 1552856 0005477 0026376 0005532 1521991