 0042196 0205263 0301630 0392756 0441610 0041740 0011318
 1704729 0018943 0200627 0019994 1510665 0038995
 0683954 1274040 1546471 2825142 0557061 2584313 1514811 1706462 0333843 0007634 0026764 3282337 3538749 0456981 0003320 0021013 0042196 1521840
 0030705 0030490 0369637 0439859 0441923 0449432 1705248 1998793 0123759 1524115 0021764 1527200 0205171 0439044 0679994 0205195 1947911 0079460 0376563 1149401 1332791 0079784 1524095 0079459 0009392 0018183 0024432 0439158 1521761 1947989 1948023 2827422
 1280500 2348382 0027625 3272887 0431085 0004561 0009013 0030695 0150369 0181904 0596972 1521743 1704646 0025663 0449851 0871511 1709846 0034746
 0039798 0087111 1522326 1533734 1705169 3538994 1442162 1550718 3244317
 0301630 0392756 0441610 0030705 1441672 0030705 0677874 0544452 0687702
 0439086 2827736 2981702 0030705 0871261 1704632 1706817 2911692 0205263
 0030705 0441889 0456079 1547707 2946261 0005773 0431085 0030705 0449878 0871261 1704632 1706817 2911692 1518422
 0442739 1548568 0392747 0443172 1705241 1316572 1317574 1369612
 0042196 1521840 2986546 0004561 0009013 0007634 3282337 1705535 0679199
 2826293 0237881 0750502 1883351 0443211 1272684
 0683954 1274040 1546471 2825142 1514811 1706462 0237629 0871208 0871261 1521828 1704632 1706817 2911692 0030705 0026764 0439064 3538749 1328050 0444956 0013216 0013217 0178602 0205250 0392920 0869039 1114758 1299351 2700149 0001554 0376636 1273870 3273539 0026764 0439064 3538749 0033213
 0039796 0723712 0027552 0686904 1883351 1880198 0243148 1550141 1882979 2587213 3274648 0012634
 0021013 0021013 0021027 1621846 0041361 0456981 0003320 0027651 0205369 1552740 1578706 3273930 1521840 2986546
 1709305 2745955 0333843 0039194 0007634 3282337 0205396 1550043 1551388 0039194 0007634 3282337 1521840 2986546 1704241 0024348 0431085 0042196 0039798 0087111 1522326 1533734 1705169 3538994 0449445 1883351 0205263 0521982 0039194 0007634 0021013 0039796 0205369 0302350 0871261 1269647 1552740 1704632 1704653 1706817 1948049 2911692 0439086 2827736 2981702 0178566 0026764 0439064 3538749 0439234 0021013 1883351 0003320
 1883351 0871261 1704632 1706817 2911692 0079189 1524094 1524062
 0079460 0376563 1149401 1332791 0079784 1524095 0079459 0009392 0018183 0024432 0439158 1521761 1947989 1948023 2827422 0079460 0376563 1149401 1332791 0079784 1524095 0079459 0009392 0018183 0024432 0439158 1521761 1947989 1948023 2827422 0205217 0695468 1998319 1516240 0123759 1524115 0021764 1527200 0123759 1524115 0021764 1527200 0301872 0439662 0871261 1704632 1706817 2911692 0039194 0441729 0007634 0441732 0449475 2346662 0023175 0181586 0332307 0871261 1269647 1442948 1522538 1547052 1704632 1704653 1706817 1948049 2348269 2911692 3275067 0871261 1704632 1706817 2911692 1883351 2987476 1718423 0684320 0684321 0871261 1704632 1706817 2911692 0242633 1999230 0024299 0205282 0334590 1533592 0205263 0039194 0007634 3282337 0153869 0026764 0677874 0005767 0005768 0205197 0229664 0439064 0544452 0687702 0725685 1521991 3538749 0042196 1444748 0871261 1704632 1706817 2911692 1280500 0012634 1293130 1948049 2349967 1185625 2986730 1882932 0332257 0007634 3282337 0007584 0237753 0449788 1883351 0012634 0439849 0445223 2828008 0009013 0007634 3282337 0024518 1753349 2245017 0441885 2698967 0019627 0021966 0205164 0221138 0439855 0456387 1704241 1705943 0567416 0032112 0007634 0032105 1550098 3282337 0567416 1184482 0039194 0221284 3272919 0007634 0021013 0205369 1521840 1552740 3282337
 0557651 2603343 0030695 0150369 0181904 0596972 1521743 1704646 0005773 0431085 0025663 0449851 0871511 1709846 0034746 0030705 0026764 0042196 1547282 0020971 0042196 3244291 1524063 0021013 0301630 0392756 0441610
 0683954 1274040 1546471 2825142 0557061 2584313 1514811 1706462 0030705 0278722 2346458 0683149 0086045 1446561 0332257 3538986
 0030705 0557651 0750591 2603343
 0030705 0085732 1299581 0030695 0150369 0181904 0596972 1521743 1704646 0441889 0456079 1547707 2946261 0887928 0021024 0032520 1268228 0007634 0017446 0205147 0205369 0332285 0337112 0443286 1114821 1335439 1522642 1524063 1524075 1552740 1704387 3282337 0009013 0005507
 1274040 1546471 2825142 0332257 0684224 0700287 3273238 3538986
 0557651 2603343 0021622 0026531 0205540 1272753 2699414
 0030490 0369637 0441923 0449432 1705248 1998793 1552738 0030705 0021013 0439859 0123759 1524115 0021764 1527200 0079460 0376563 1149401 1332791 0079784 1524095 0079459 0009392 0018183 0024432 0439158 1521761 1947989 1948023 2827422 0332283 1719822 2827734 2981698 0441833 0687744 1257890 1552516 1705428 1705429 0079460 0376563 1149401 1332791 0439269 1960952 2346927 0051519 0002367 0031603 0031701 1601799 2348254 0042196 0077967 0038995 1442162 1550718 3244317 0332173 0439228 0439505 0079460 0376563 1149401 1332791 0079459 0079784 1524095 0009392 0018183 0024432 0439158 1521761 1947989 1948023 2827422 0699995 0331973 0027971 0205145 0445247 1515974 2825164 0439228 0964553 1334110 1827144 1636666 0021755 0439418 1522428 0123759 1524115 1638318 0021764 0022718 0332173 0439209 0439228 0439505 1527200 0023973 0041700 1708611 0166872
 0740116 2827735 2981700 0441833 0687744 1257890 1552516 1705428 1705429 0123759 1524115 0439269 1960952 2346927 1442162 1550718 3244317 0332173 0439228 0439505 0123759 1524115 0021755 1426048 1522428 2697780 0021764 1527200
 0020971 0439230 1272695 2746065 0740116 2827735 2981700
 0025663 0025664 0449851 0185125 1883351 0442726 0039194 0007634 3282337 0005507 0243073 1510438 0243126 0021747 0733470
 0025664 0449851 1522508 1552738 1561567 0334094 1514485 0005507 0243073 1510438 1321301 0005773 0229664 0806987 0016327 0332255 0439133 0486805 1553038 1948023 1998793 0439297 0439526 0439267 0439526 0946139 0021017 0150103 0205170 0746619 1515895 1708943 3146287 0030705 0439228 0010453 0220814
 0040077 1442460 1442448 0439227 1524062
 0022885 0392366 0205174 3274438 0205332 0444686 1441506 1443182 0205174
 0429928 0040223 3541383 0444504 1522609 2347634 2348143 0021013 0086045 1301820 1705242 1273517
 0918012 1292856 1552854 1637833 1948023 0332849 0444686 1441506 1443182 0034553 0007634 3282337
 0021747 0521125 0733470 0920508 0205170 3146287 0021747 0025914 0025929 0026809 0733470 0746619 1522408 0038995 0450376
 0015252 0728940 0037633 0525069 1139930 1548982 0991865 0006353 0031603 0031701 0036082 1601799 1720725 1948050
 1510844 1521827 1321301 0005773 0229664 0806987 2699156 0439526 0205170 1524062 3146287
 0007634 3282337 0016327 0332255 0439133 0439859 0486805 1439852 1553038 0439297 1300565 1637390 0439526 0439391 0439526
 1883351 0015230 0329155 0848332 1427618 1705203 0021747 0037179 0087136 0205171 0733470 0007634 3282337 0007634 3282337 0991865 0006353 0031603 0031701 0036082 1548982 1601799 0205170 3146287 0021747 0034493 0733470 0746619 1439852 1292425 0439227
 0441648 0022877 1524062 0332283 0004434 0005575 0027021 0031179 0439855 1318719 1704241 2700256 0812225 1150635 1705212 1705213 3273202 0022877
 0487602 1704680 1524063 1719918 3272372 3538743 0237753 0449788 0007634 3282337 1327616 0021747 0733470 1524063 0025080 0699733 0017480
 1274040 1546471 2825142 0015230 0237753 0329155 0444504 0449788 0848332 1427618 1705203 2347634 2348143 0007634 3282337 0205170 3146287 2348589 0237753 0444504 0449788 2347634 2348143 0015230 0329155 0848332 1427618 1705203 0007634 3282337
 1522609 0086045 1301820 1446561 1273517
 0030705 0750591 1883351 0039194 0007634 3282337 0871261 1704632 1706817 2911692 1441672 0439547 0205447 0022885 0039593 0392366 0034754 0439787 0849355 1705179 0449913 1553451 1704459
 1883351 0443211 1547597 0441889 0456079 1442160 1547707 2946261 0024264 0027015
 0918012 1292856 1552854 1637833 1948023 0205172 2827734 2981698 0019737 0750591 0871261 1704632 1706817 2911692
 0021747 0150312 0332285 0733470 0201595 0005507 0243073 0920508 1510438 0750591 0871261 1704632 1706817 2911692 3541329 2827734 2981698 0019737
 0441889 1442160 0205132 0205156 1550648 1551058 1552607 1552960 1274040 1546471 2825142 0030705 0392366 0439230
 0079411 3146294 0206415 0182400 0004793 0017337 0162326 0162327 1519249 1555029 1524063 0200931 0002778 0936012 1524024 0884358 1552738 1709846 0032520 0677874 1550177 0332256 2700400 0370003 2347026 0000702 2678549 0020283 0450407 0450408 0450409 0024472 2348935 0002085 0005507 0028953 0205369 0243073 1510438 1552740 0369637 0441923 0045186 0146894 0242246 0045191 0011485 0146894 0057430 0011503 0146894 0057470 0011535 0146894 0012892 0012854 1335439 0077845 1817832 0086045 1446561
 0206415 0439084 0728893 0182400 1704681 2347609 3536729 0002085 0005507 0028953 0205369 0243073 1510438 1552740
 0005507 0243073 1510438 0439780 0086045 0086045 1446561 0369637 0441923
 0449468 0456081
 0079411 3146294 0205134 1273517
 1550507 0185125 1999230 0008848 0242298 0344349 3262831
 0012634 0348080 1705253 0332257 3538986 0439232 0700321 0702093 1282918 2347166 0456692 1442446 0439232 0700321 0702093 1282918 2347166 0332283 1511572 1442447 0439232 0700321 0702093 1282918 2347166
 0443286 1114821 0004793 0162326 0162327 0180392 0814195 0884358 1328319 1519249 1705235
 1516698 1704814 0010992 0002778 0936012 1524024 0004793 0037585 0162326 0162327 0180392 0333052 1272695 1519249 1705235 2607870 2746065
 0178913 0370003 2347026 0439230 1301820 0004561 0007634 0441889 1261322 1516048 1522642 1704387 3282337 0009013
 0370003 2347026 1510844 0002778 0936012 1524024 0681850 1550501 1706203 2349001 2697811 0370003 2347026 0370003 2347026
 0242574 0032520 0133828 0337112 0443286 1114821 1335439 1524075 0332257 0035668 0884358 1552738 1274040 1546471 2825142 0683954 1274040 1546471 2825142 0557061 2584313 0021013 0042196 0243107 0678723 0679199 1514811 1527148 1706462 0030705 0026764 0000936 2981153 0441766 0021966 0221138 0302523 0700325 1527178 1705938 1964257 0030705 0205390 1300072 1306673 0026764 0439064 3538749 0015272 1519720 0449475 0039194 0007634 3282337 1279941 0205087 0205390 1300072 1306673 1519715 0449475 0039194 0007634 3282337 0150312 0449450 0557651 2603343 3152857 2825407 0871261 1704632 1706817 2911692 0680240 0302523 0700325 3244290 1279919 0441766 0021966 0221138 0007613 0039194 0007634 0542341 1269647 1704653 1948049 1883351 0033085 0205170 3146287 1511726 3245479
 0030705 0441766 0557651 0750591 2603343 0085732 1299581 0162326 0004793 0162327 1519249
 0030705 1707689 2983265 0206415 0182400 1704681 2347609 3536729 0182400 1704681 2347609 3536729 0887928 0021024 1268228 0007634 0017446 0205147 1524063 3282337 0039224 1706073 1706074
 0887928 0021024 1268228 0007634 0017446 0205147 1524063 3282337 0012854 0392366 0441833 1999270 3537156 0030705 0218063 0206415 0205171 1720467 0004793 0162326 0162327 1519249
 1953382 0887928 0021024 1268228 0007634 0017446 0205147 0206415 0439780 1524063 3282337 1707689 2983265 1883351 1711300 2700613 0205144 1706311 0231965 0887928 0021024 1268228 0007634 0017446 0182400 0205147 1524063 1704681 2347609 3282337 3536729 1707689 2983265 1883351 1711300 2700613 0205144 1706311 1947971 0037791 1511884 0039224 1706073 1706074
 0449911 0039224 1706073 1706074 0557702 1272706 1704674 0557702 1272706 1704674 0039224 1706073 1706074
 0017351 0021034 0017350 1302674 1420192 0017337 0021027 0337112 0439539 1524075 1621846 0004793 0030705 0162326 0162327 1519249 0002778 0936012 1524024 0005773 0004561 0333843 0884358
 0740116 2827735 2981700 0030705 0175630 0431085 0009013 0233535 1709793 1709846 0034746 0032520 0133828 0337112 0443286 1114821 1335439 1524075
 0036667 0312418 0427965 1511883 1522640 2346484 2349185 0004561 0431085 0597032 0007634 0027651 1269647 1514721 1522642 1578706 1704387 1704653 1948049 2348147 3273930 3542016 0009013 0024264 0004561 0431085 0004561 0431085 0597032 0007634 1269647 1704653 1948049 0009013 0002085 0028953 0205369 0599161 1552740 0030705 1527428 0030705 0021013 0021027 1621846 0123759 1524115 0021764 1527200 0205171 0439044 0679994 0026764 0439064 3538749 0026764 0439064 3538749 0026764 0439064 3538749 0030705 1514756 0205195 1947911 0079460 0376563 1149401 1332791 0079784 1524095 0079459 0009392 0018183 0024432 0439158 1521761 1947989 1948023 2827422 0026764 0439064 3538749 0026764 0439064 3538749 0026764 0439064 3538749
 0039798 0087111 1522326 1533734 1705169 3538994 0439531 0557651 1442162 1550718 1948053 2603343 3244317
 0449911 0333052 2607870 0557702 1272706 1704674 0557702 1272706 1704674
 1274040 1546471 2825142 1709846 0034746
 0441889 1709846 0032520 0133828 1550177 0034746 0002085 0028953 0040223 0205369 0237400 0337112 0443286 0444706 1114821 1335439 1524075 1552740 3272377 3541383 3541902 0035171 2983265 2986888 0557651 1707689 2603343 0030705 0021013 0439859 0439230 0589120 1522577 1704685 3274571 0332283 1719822
 0336721 0040223 1632851
 0030705 1514756 0123759 1524115 0021764 1527200 0205171 0439044 0679994 0026764 0439064 3538749 0026764 0439064 3538749 0026764 0439064 3538749 0030705 1514756 0079460 0376563 1149401 1332791 0079459 0079784 1524095 0009392 0018183 0024432 0439158 1521761 1947989 1948023 2827422 0026764 0439064 3538749 0026764 0439064 3538749 0026764 0439064 3538749 0001551 0001552 1522673
 0178655 1707513 0237753 0449788 0042196 0442726 0589507 1158830 1511790 1704686 0036849 1442518 1705195
 0042295 2735567 0205265 0370003 0439165 1279901 1442162 1550718 1555582 1705685 2347026 3244317
 1547282
 0040539 0600688 0030705 1441672 0000768 0000769 0023901 0232741 0022885 0023884 0031843 0392366 0542341 0700205 0736268 1278929 1705273 2346688 1316572 1317574 1369612 1511726 3245479 1518422 1547282
 0013404 0005910 0043100 1305866 1705104 0036973 0439659 1292425 0439227 0332282 0042196
 0683368 1457887 0439227 0564385
 0026764 0030705 0439064 3538749 0015967 0439584 0456696 1442770 0439227 0042196 0007114 0853813 0221743 0443286 0444099 1114821 1123023 1278993
 0026764 0030705 0439064 3538749 0007114 0853813 0221743 0443286 0444099 1114821 1123023 1278993 0040223 1632851
 0026764 0030705 0439064 3538749 0230446 0042196 0333284 0441994 1140621 1548802 2003888 0019080 0678226 0006901 0015376 0750591 0935624 1280521 3146286
 0030705 0026764 0439064 3538749 0677874 0544452 0687702 2827734 2981698 0205160 1513916 2825415 2825491 0032520 1524063 0002085 0028953 0205369 1552740 1550177 0040223 0237400 3272377 3541383 0242574 0032520 0337112 0443286 1114821 1335439 1524075
 0030705 0301630 0392756 0441610 0004561 0007634 3282337 0026764 0439064 3538749 0026764 0439064 3538749 0026764 0439064 3538749
 0030705 0026764 0439064 3538749 0026764 0439064 3538749 0441889
 0030705 0392747 0443172 1705241 0439531 0557651 1441672 1948053 2603343 0039224 1706073 1706074
 0449911 0039224 1706073 1706074 0557702 1272706 1704674 0557702 1272706 1704674 0039224 1706073 1706074
 0871261 1704632 1706817 2911692 1327413 0033268 0086045 1446561 1519667 0021013 0021027 0027651 0439859 1441547 1578706 1621846 3245521 3273930 0205195 1947911 0026764 0001551 0001552 0030705 0079189 0439064 1522673 1524094 3538749 0026764 0439064 3538749 0026764 0439064 3538749 0026764 0439064 3538749 0449878 0871261 1704632 1706817 2911692 0026764 0030705 0439064 3538749 0026764 0439064 3538749 0871261 1704632 1706817 2911692 0442726 1511790 0039224 1706073 1706074
 0030705 0181909 0449878 0871261 1704632 1706817 2911692 0301630 0392756 0441610 0431085 0597032 0030705 0871261 1704632 1706817 2911692 1547282 0392756 0547047
 0030705 0026764 0439064 3538749 0301630 0392756 0441610
 1882365 0025202 0030705 1552738 2984289 3539018 0030956 1709015
 0728938 1550516 0677874 0205197 0544452 0687702 0725685 0039194 0007634 1301820 1709015 3282337 0030705 1524063 0021013 0085732 1299581 1518422 0442726 0301630 0392756 0441610 0032520 0337112 0443286 1114821 1335439 1524075
 0392360 1518422 2963144 2360800 0678226 1830427 0030705 0237753 0449788 0700321 2987476 3146286 0086960 0030705 0015272 3277427 0031847 0277785
 0079460 0376563 1149401 1332791 0079459 0079784 1524095 0009392 0018183 0024432 0439158 1521761 1947989 1948023 2827422 0021756 0879590 0020898 0021764 0022271 0001551 0001552 0079189 1273517 1522673 0030705 1514756 0123759 1524115 0021764 1527200
 0332185 0599779 0003062 3161035 1547282 0020971 0042196 3244291 0079460 0376563 1149401 1332791 0079784 1524095 0079459 0009392 0018183 0024432 0238767 0439158 1521761 1706086 1947989 1948023 2827422 0879338 1334205 0017337 0123759 1524115 0205263 0334094 0871261 0443737 0700271 0021027 0746619 1327616 1621846 0439851 1947931 0003062 0205172 0439083 0439087 0027651 0798503 0805586 1578706 3273930 3274764 0332148 0750492 1518422 0123759 1524115 0021764 1527200 0205171 0439044 0679994 0431085 0597032 0005773 0005767 0005768 0007634 0027651 0229664 0301630 0392756 0441610 1269647 1578706 1704653 1948049 3273930 0030705 1441672 0178602 0869039 1114758 0442811 0205251 1299352 1550472
 0178602 0205171 0869039 1114758 1720467 1524063 0030705 0039798 0087111 1273517 1522326 1533734 1705169 3538994 0006826
 0030705 0301630 0392756 0441610 1316572 1317574 1369612 0030490 0683149 0086045 0229671 0369637 0441923 0444706 0449432 1446561 1546774 1550100 1705248 3541902 0205360 1547311 0030705 0333843 0039194 0007634 3282337 0205171 1720467 0085732 1299581 1449699 2828008
 0557651 2603343 1547282 0020971 0042196 3244291 0085732 1299581 0205263 0301630 0392756 0441610 2348205 0021083 0205263 0544452 0687702 0205263 0205210 0544452 0687702 1524063 0279694 0281176 0039798 0087111 1363945 0003250 0393022 1707478 0042196 0026764 0439064 3538749 0205263 0431085 1521840 2986546 0175630 0431085 0009013 0004561
 0042196 0185125 1449699 1550025 1704782 1708715 0205251 1299352 1550472 0242656 0679245 0012634 0750729 1279919 0013216 0013217 0392920
 0079809 1879489 1883727 1883351 0205217 0007613 0039194 0007634 0542341 1269647 1704653 1948049 0301872 0439662 0871261 1704632 1706817 2911692 1518422 0205263
 2986676
 2825232 1515023
 0450348 1272684 1548435

 0005767 0005768 0229664 2348291
 0449719 1521721 1709471 0016617 0037455 0037455 0037455 0016617 0016617 0016617 0016617 2986512 0016617
 0205090 0684010 2603358 2346686 0033727 0369286 0441932 0564385 1880177 0557651 2603343
 0034036 0034037 1704324 0010186 0220812 1706852 0449719 1709471 0220808 0680264
 1706852 0522501 1706089 0949214 0041703 0205155 1293097 1522472 1552923 1705191
 3273171 1704729 0019994 1510665 0038995
 0013849 1705961 0024492 1538057 1547565 1514811 1706462 0683954 1274040 1546471 2825142 0557061 2584313 1514811 1706462 0033727 0369286 0441932 0564385 0439267 0001905 1412243
 0080202 2362651 1515021 1449699 1550025 1704782 1708715
 0005767 0005768 0229664
 0369637 0441923
 0678836 0524637 3538720 3540595 0039194 0007634 3282337
 0005767 0005768 0229664

 0039195 0039194 0024264 0677881 1511636 0332120 0024348 1510985 0431085
 0005767 0005768 0229664
 0439073 0439082
 0020971 0042196 3244291 0079460 0376563 1149401 1332791 0079784 1524095 0079459 0009392 0018183 0024432 0205195 0439158 1521761 1947989 1948023 2827422 0030705 0205263 0441729 0021966 0221138 3538720 3540595 0024518 1753349 0871261
 0005767 0005768 0229664
 1412999 0268059
 0027015 0260034 0026764 0033684 3538749 1291777
 0041703
 0450388 0000857 0600678 1552863
 0242568 1504315 0871261 0122040 1705258 1837204 0030705

 0369637 0441923
 0205197 0544452 0687702 0314597 0079459 0009392 0079460 0440740 0018183 0026473 0030705 0042196 0205263 0205369 0332287 0439158 1521761 1552740 1947989 1948023 2827422 0024299

 0439084 0728893 0025141 1415842
 0042196 3161035 0301521 0376659 0042210 0033684 0042210
 0040833 1521798


 0699032


 0439267 0919442 1705347
 0005953 0086590 0262950 0376152 0391978 1266908 1266909 1546708 0332256 2700400 0032659 1257890 0032112 0334227 0007634 0032105 0205282 0334590 0439849 0445223 1269647 1533592 1550098 1704653 1948049

 0000857 0600678 1552863 0369637 0441923
 0332120 0334227 0004793 0162326 0162327 0347978 1519249 0021027 1621846 2825347 1327616 0026764 0439064

 0000857 0600678 1552863 0597277 1708601 0005005
 0333843 0007634 0026764 3282337 3538749 0038952 0205216 0220921 0392756 0442797 0332120 0009013 0026764 1522642 3538749 1707719
 0005767 0005768 0229664
 0033727 0369286 0441932 0564385
 0175630 0333843 0009013 0007634 3282337 1518422 0035696 0007634 0037179 0087136 0205171 0444706 1269647 1704653 1948049 3541902 1709846 0034746 0032520 0337112 0443286 1114821 1335439 1524075 0005507 0243073 1510438

 0025141
 1709793 0026764 0439064 3538749 1524063 1709846 0034746 0032520 0005507 0243073 0337112 0443286 1114821 1335439 1510438 1524075

 0025141 0439267 0597277 1708601 0033727 0369286 0441932 0564385
 0039194 0333843 0007634 3282337 0178628 0278372 0220825 1261322

 0025141 0369637 0441923
 1718423 0684320 0684321 0030705 1441672 0278883 0025202 0036525 1522484 2984289 3539018 0332293 0030956 1522326 1706471 0017337 0679058 1709015 2700640 0019731 0449450
 0006826 0998265 1306459
 0025141 0369637 0441923
 0199798 0042196 0079411 3146294 1328050 0444956 0013216 0013217 0178602 0205250 0392920 0869039 1114758 1299351 2700149
 0005767 0005768 0229664
 0369637 0441923
 0079460 0376563 1149401 1332791 0079784 1524095 0079459 0009392 0018183 0024432 0439158 1521761 1947989 1948023 2827422 1819439 0312852 3159141 0033268 0033414 1318468 1155250 0301872 0870868 0007634 0086597 0127400 0439662 0871261 1269647 1704653 1948049 0020966 3536823 3161035 0456844
 1517844
 0025141 0369637 0441923
 0150369 1516647 2945739 0393022 0024301 0024299 0439682 1571705
 0005767 0005768 0229664
