 1157543 1157519 3537096 0851285 1327622 0021641 1533581 1579433 0002520 0001128

 0439114 0205090 0684010 2603358

 0330099

 0740116 2827735 2981700
 1301808 1442792 3148680 0085410 1704729 0683939 0205099 0205155 1293097 1522472 1552923 1705191 0587482 1704729 0557806 0039711
 0031842 0031843 0557806 0030853 1515023 0450348 0000857 0025663 0025664 0205088 0348078 0376315 0449851 0557061 0600678 1272684 1522492 1546485 1548435 1552863 1704458 2584313 1514811 1706462 0947630 1547282 0199782 0021440 1272892 1621368 0348016 0574032 1827465 0002520 1709098 1292856 1948023 0021289 0021641 1533581 1579433 0002520 0079613 1280500 2348382
 0018017 1571704 1883351 0035820 1874187 0002520 0021289 0243148 0441712 1519614 1550141 1882979 2587213 3274648 1136317 0030943 1519613 0597603 0040712 0589507 0597295 1158830 1519614 1704686 1521761 2827422 0562342 1171285 1444748 1948027 0035696
 1256369 0021641 0036536 0036537 1533581 1579433 0028778 0037659 0332206 1881011 2983591 0039005 1135183 0441833 0687744 1257890 1552516 1705428 1705429 0021641 1533581 1579433 1883351 0032105 0441889 1550098 0740116 2827735 2981700 0439340 1880521 2945590 0439526 0002520 0015663 1550565 0175721 0441889 0444956 0178602 0869039 1114758 0020459 0015663 1550565
 0021641 1533581 1579433 0002520 0205217 0442805 1158886 0031715 1149297 0242210 0033684 0243122 1145667 1167622 0058988 0087044 0103404 0242210 0033684 0243122 0450378 1145667 1167622 0205216 0392756 0442797 0058988 0030943 0450378 0589507 1158830 1521761 1704686 2827422 0205217 0442805 1149297 1622039 0243122 1145667 1167622 0871208 1521828 1372531 1518422 0001721 0205177 0439167 0441655 1561536
 0332197 1689985 0021641 1533581 1579433 0002520 1301751 1280500 2348382 0205217 0442805 0871208 1521828 0597295
 0021641 1533581 1579433 0015663 1550565 0441889 1518422 0392747 1148909 1152945 0205177 0439167 0441655 1561536 0030943 0597603 0871208 1521828
 0031715 1158886 0087044 0103404 0242210 0033684 0243122 0450378 1145667 1167622 1265611 0058988 0030943 0332297 0450378 0589507 1145667 1158830 1167622 1521761 1689898 1704686 2349209 2827422 0058988 0030943 0450378 0589507 1158830 1521761 1704686 2827422 0058990 0332297 1145667 1167622 1689898 2349209 0202098 0428405 0021641 0441889 0456079 1533581 1547707 1579433 1707520 2946261 0441889 0456079 1547707 2946261 0002520 2917660 0871208 1521828 0597295
 0021641 1533581 1579433 0002520 0026832 0597295 0026845 0033684 0220781 1883254 0443264 0470187 1156141 1706853 1879748 1184743 1522240 0597295 0033684 0220781 1883254
 0028707 0392209 1442959
 0018270 0220844 1621966 2911660
 0058988 0030943 0450378 0589507 1158830 1521761 1704686 2827422
 0073337 0031727 1419024 1419741 1861424 2348600 0935562 0439531 1948053 0333584 0033684 0205250 0333562 1299351 1880022 2700149 0871208 1521828 0018270 0220844 1621966 2911660 0577559 1306372 3152252 0242692 1280260 0026845 0037253 0521324 1709305 2745955
 0947630 0039005 1135183 0871208 1521828 0597295 0678226 0021289 0033684 0220781 0332148 0750492 1883254 3146286 0871261 1704632 1706817 2911692 0204695 2987508 0003062
 1292856 1948023 1709305 2745955 2983684 0040300
 0204695 2987508 0026845 2348042 2826345 0085639 0238715 1148853 0243122 1145667 1167622 1753319 1956015 1711351 0450355
 0021641 1533581 1579433 0002520 0032214 0600138 0035820 0021289 2239178 2939425 0450382
 0947630 0450382 0039005 1135183 1547282 0021641 1533581 1579433 1707797 0920563 0021641 0036667 0312418 0427965 1511883 1522640 1533581 1579433 2346484 2349185 0243107 0392756 0547047 0678723 1527148
 0202098 0428405 0021641 1533581 1579433 0574032 1827465 0442805 0026832 0597295 0026845 0033684 0220781 1883254 0150312 0342895 0449450 1301808 1442792 3148680 0002520 0017725 0015663 0441889 1314677 1550565
 1273690 0574032 1827465 0178602 0869039 1114758 0342895 1301808 1442792 3148680 0441889 0205171 0439044 0679994 0205420 0442805 0597295 0026832 0033684 0220781 1883254 0449286 1704240 2348205 0199782 0021641 0574032 1533581 1579433 1709305 1827465 2745955 0205171 0439044 0679994 1515981 0871261 1704632 1706817 1709305 2745955 2911692 0204695 2987508
 0871261 0002520 0243107 0392756 0547047 0678723 1527148
 1883727 1883357 1274040 1546471 2825142 0021641 1533581 1579433 0002520 0037083 0086982 0242692 1280260 0026845 0037253 0521324 0021289 2239178 2939425
 1524063 0079318 0175721 0332185 0021641 1533581 1579433 0002520 0026832 0597295 0026845 0033684 0220781 1883254
 0441712 0002520 0026832 0597295 0026845 0033684 0220781 1883254 1518422
 0392747 0443172 0332257 0678226 0021641 1533581 1579433 3146286 1292856 1948023 0002520 2917660 0392747 0443172 0851285 0871208 1521828 0040712 0597295 1519614 0035696 1515926 0871208 1521828 0589507 1158830 1704686
 1519613 0589507 1158830 1704686 0243122 1145667 1167622 1753319 1956015 1711351 0443286 1114821 0013729 0083982 0030943 0086597 0127400 0589507 1158830 1521761 1704686 2827422 0220781 0439634 0439855 1274040 1522492 1546471 1704241 2825142
 0243122 1145667 1167622 1711351 0205177 0439167 0441655 0443264 0606869 0851285 1561536 0678640 0018340 0013729 1166851 3539639
 1327622 1519614 1184743 1522240 1148853 0243122 1145667 1167622 0439855 1704241 1180347 1523872 0033684 0058989 0086597 0127400 0439855 1704241 2826592 3273427 3539643
 0033684 0439855 1704241 1414349 3273427 3539640 0084378 0920283 0058988 0030943 0450378 0589507 1158830 1521761 1704686 2827422 0033684 0179586 0678594 1145667 1167622 1657858 1706092 0444930 2746065 0035696 0058990 1179132 0033684 1753319 1956015 0035553 1145667 1167622 1711351
 0031715 1158886 0470187 0058988 0030943 0450378 0589507 1158830 1521761 1704686 2827422 3157044 1706853 1879748
 0031715 1158886 0058988 0442805 0004083 0439849 0596306 0699792 1414349 3273427 3539640 1510827 0444930 2746065 0035696 0439509
 0470187 0058988 1706853 1879748 0439855 1704241 0243122 0439801 1145667 1167622 3542948 1149297 0013728 0058988 0030943 0087044 0103404 0242210 0033684 0243122 0450378 0589507 1145667 1158830 1167622 1521761 1704686 2827422 0087044 0103404 0242210 0033684 0243122 0450378 1145667 1167622 0242210 0033684 0243122 1145667 1167622 0058990 0243122 1145667 1167622 0058988 0030943 0450378 0589507 1158830 1521761 1704686 2827422
 1158886 0031715 1510827 0058988 0030943 0450378 0589507 1158830 1521761 1704686 2827422 0220781 0439634 1522492
 0441471 3541888 1519613 0443264 0033640 0293060 1307407 1414805 0044602 0073336 0086982 1419741 0037080 0035552 0037083 1622856 0024660 0031621 0031727 0033684 0035553 0072980 0332273 1160185 1419024 1521840 1532717 1550549 1704259 1705987 1710082 1861424 2348046 2348600 2986546
 0681827 0947630 1547282 0442805 0021289 2239178 2939425 0332281 0442805 0013682 0442805 1879547 0030943 1519613 0597603 0040712 0589507 0597295 1158830 1519614 1704686 1521761 2827422 1148853 0035696 0243122 1145667 1167622 1314939 1753319 1956015 1711351 0450355
 0021289 2239178 2939425 0204695 2987508 0442805 0031715 1158886 0033618 0087044 0103404 0242210 0033684 0243122 0450378 1145667 1167622 1336789 1283071 0058988 0030943 0450378 0589507 1158830 1521761 1704686 2827422 0442808 0004083 0439849 0596306 0699792 0058990
 0444868 0871261 3539085 0243107 0678723 1527148 0242692 1280260 0026845 0037253 0521324 0150312 0332285 2348042 2826345 1879547 1512804 2984300 2984427 0037083 0086982
 0392747 0443172 0021289 2239178 2939425 0072980 0851827 1701901 3244310 0450355
 0204695 2987508 1518422 0392747 0205177 0439167 0441655 1561536 0243122 1145667 1167622 1753319 1956015 1711351 0205177 0439167 0441655 1561536 0243107 0678723 1527148
 0150312 0449450 0557651 2603343 1423524 3273411 3273412 1883351 0021641 1533581 1579433 0002520 0597295 0220781 1883254 0443264 1879547 0030943 1519613 0597603 0040712 0589507 0597295 1158830 1519614 1704686 1521761 2827422
 1423524 3273411 3273412 1883351 0021641 1533581 1579433 0002520 1148853 0243122 1145667 1167622 0439855 1704241 0058989 0086597 0127400 0220781 0439634 0439855 1522492 1704241 2826592 3273427 3539643
 1883351 0376649 1442065 0033213 1706387 0079318 0175721 0039005 1135183 1273517 1552240 1552264 2939425 0015663 0028778 0332206 1533157 1706084 2828370 1256369 0021641 0036536 0036537 1533581 1579433
 0021641 1533581 1579433 1883351 0441889 0284447 0439092 0547044 0015663 1550565 0015663 1550565 0205103 1550465 2827755 0012634 0348080 1705253
 0002520 0015663 1550565 0175721 0342895 0441889
 1274040 1546471 2825142 1547282 1292856 1948023 0021641 1533581 1579433 0002520 0441712 1148853 0243122 1145667 1167622 1753319 1956015 1711351 1704259 1705987 2249873 0030943 0332291 1519613 0597603 0040712 0085862 0589507 0597295 1158830 1299583 1519614 1551058 1704686 1879547 1519616 1521761 2827422
 0557061 2584313 1514811 1706462 0003062
 0684075 2825406 2986716 1704729 0006147 0020056 0022925 0027361 0237401 1547703 0012155 0680536 1314677 1442959 1519433 2983588 3272563 1510670 0043047 0599638 1550678 1879743
 1314680 0684075 0204695 2987508
 0001779 0022718 0439209 0439228 0439418 2826182
 1708065 2826182 0439228 0039005 1135183 1720436 0085590 0543467 0022427 1280188 0042449 0441587 1278960 0007272 0162859 0003842 0226004 0741968 1524063 0025664 0232920 0449851 0678108 1552738 0450382
 0332156 0684075 0557651 2603343
 0442711 1507394 1522729 2348563 0178478 0003062 0205540 1947933 2699414
 0557651 2603343 0027472 0035168 0181090 0242481 0302614 1551807 1706050 3245503 0004927 1947933 1524063 0042153 0457083 1947944
 0079318 0175721
 0184661 1948041 2700391 3274430 3538935 3539779 1552738

 0039005 1135183 0442504 1704765 1882509 3496241 0234422 0015663 0456962
 2585282 0427728 0427743 0699870 1287281 1313904 2827768 0086045 1446561 0205548 0332287 0348000 0241232 1705204 0220853 0683150 0086045 0439086 2827736 2981702 1883351 0002520 0001128 0017725 0030274 0332282 1273517 0175721 1705942 1883710 0184661 1948041 2700391 3274430 3538935 3539779 0456693 1442458 0205112 0439531 0443211 0702093 1272684 1948053
 0175721 1705942 1883710 0871133 1548602 1704686 1300563 0022718 0439209 0549178 1442450 0037659 1881011 0574032 1827465
 0574032 1827465 0037659 1881011 0444889 0574032 1827465 1442450 0331851 0150312 0332285 1548602 1704686 0175721 0439531 0444930 0549178 1705942 1883710 1948053 2746065
 0021641 1533581 1579433 0683150 0086045 0740116 2827735 2981700 0439340 1880521 2945590 0439526 0284447 0439092 0547044 0015663 1550565 0015663 1550565 0205103 1550465 2827755 0202098 0428405 0021641 0441889 1533581 1579433
 0178602 0869039 1114758 0021641 1533581 1579433 0002520 0175721 1705942 1883710 0015663 1550565 0439300 0439526 0002521 0441889 0456079 1547707 2946261 0150369 1516647 0002521 0002520 2917660 0001128 0202406 0337112 1253959 1524075 2700384 0702093 2964135 0871208 1521828 1883351 0024501 0683150 0086045 1446561 0441889 0456079 1547707 2946261
 0444956 0178602 0869039 1114758 0002520 0683607 1883351 0015663 0085639 0238715 0441889 1550565 0750563 0175721 1705942 1883710 0002520 2917660
 2585282 0427728 0699870 1313904 0427743 1287281 0086045 0444706 0702093 1272706 3541902 2964135 0871208 1521828 0456081 1883351 0024501 0427743 1287281 0086045 1446561
 0178913 0370003 2347026 1272706 1883727 1148554 0021641 1533581 1579433 0017687 0876232 0205224 0086045
 0597295 0033684 0220781 1883254 1515655
 0871208 1521828 0016248 0021114 0178602 0444706 0869039 1114758 1442460 3541902 0031453 1720154 0702093 0439531 1948053
 0039005 1135183 0162388 0033727 0369286 0441932 0564385 0370003 2347026 1516695 1516698 1637379 0016701 0677542 0871208 1521828 1552738
 0019932 1710236
 0086045 0444263 0370003 2347026 1301820 0702093 0008562 0025663 0444706 0449851 0871511 3541902 1185738 1706132 0043047 1552738
 0683150 0086045 0444706 3541902 1524063 3538743 0021644 0003241 0021027 0038137 0175675
 0683150 0086045 0444706 3541902 1524063 0003241 0021027 0038137 0175675
 1514534 0020985 0002778 0936012 1524024
 1524063 0812225 1150635 1705212 1705213 3273202 1552738
 0162524 1450278 0444706 3541902 1524063 2697665 0449913 1553451 1704459 1524063 0037585
 1274040 1546471 2825142 0439183 0439148 1264693 1519795 1882932 0522510 0936012

 1510844 1550101 0018837 0456692 0702093 2348236 0005903 0039476 1547703 1548792 1883708 0439267 0179834 0456692 0702093 0450376
 1550101 0006353 0370003 2347026 1720119 1948037 1883708 0020985 1514534 0002778 0033684 0936012 1524024 0681850 1550501 1706203 2349001 2697811 1552738
 0025255 0432616 0242821 0460148 1268086 1439852 1158886 0031715
 1709793 1704241
 0004083 0439849 0596306 0699792 0087044 0103404 0242210 0033684 0243122 0450378 1145667 1167622 0058990 1552738
 0058988 0030943 0450378 0589507 1158830 1521761 1704686 2827422 0026845 0439267 0301871 1550101 0003250 1524063 0003241 0021027 0042153 0457083 0746619 1947944 0058988 0030943 0450378 0589507 1158830 1521761 1704686 2827422
 0205117 0332282 1883708 0033684 0600209 0013862 0071500 0596607 1883708 0025255 0071710 0348011
 0025255 1883708 0087044 0103404 0242210 1624602 1524063 0331955
 0019941 0027021 0031179 0330510 0939835 1110641 1318719 0003242 0175668 1979003 0003241 0021027 0027627 0034493 0205436 1948027 1883708 1439852 0456693 1442458 0702093 2348236 0005903 0039476 1547703 0025255 0058988 0030943 0003242 0003250 0003241 0021027 0450378 0589507 0746619 1158830 1521761 1704686 2827422
 0042295 1301820 1524063 0087044 0103404 0242210 0033684 0243122 0450378 1145667 1167622 1624602 0058988 0030943 0450378 0589507 1158830 1265611 1521761 1704686 1882115 2827422 0301871
 0242485 0423896 0456205
 0348078 0376315 0040291 0040300 1547928 2828366 0022169 0000936 0086972 0439267 0443299 0687118 2981153 0017243 1382104 0020985 1514534 0002778 0033684 0936012 1524024 0003250 0003241 0021027 0746619 0058988 0030943 0450378 0589507 1158830 1521761 1704686 2827422 1552738
 0242485
 0427785 0006353 0205163 0205195 0370003 0449468 1549782 1690016 1705102 2347026 2700258 0370003 2347026 0013855 0681850 1550501 1706203 2349001 2697811 0071500 0017243 0071499 1382104
 0370003 2347026 1883708 0020985 1514534 0002778 0033684 0936012 1524024 0681850 1550501 1706203 2349001 2697811 0042153 0457083 1947944 1624602 1979003 1552738
 0242485
 0205177 0439167 0441655 1561536 0231484 0444706 0678640 1442460 3541902 0018340 0013729 0332297 1145667 1166851 1167622 1689898 2349209 3539639 0018340 0018353 1552738
 0013729 1166851 3539639 1442460 0439855 1704241 0024472 0008203 0024467 0205431 0332197 0596019 1689985 2348270
 0013729 1166851 3539639 1442460 0439855 1704241 1883708 0024472 0008203 0024467 0184512 0596019 1883712 2348270 0086045 1446561
 0013729 1166851 3539639 1442460 0439855 1704241 1439852 0370003 2347026 0332256 2700400 0606869 0018353 0040223 1632851
 0439962 0600190 0180860 0581406 1522664 1704449 1704684 1875155 0180860 1548982 0034553 0180860 0332297 0581406 1145667 1167622 1522664 1689898 1704449 1704684 1875155 2349209 1524063 0036405 1710025 0677601 0678573 1705206
 1441506 0038215 0600673
 0871208 1521828 3541894 1709500 0439165 1549488 1561533 0332173 0439228 0439505 1883254 0444686 0702093 1441506 1443182 1512024 1634619 0034553 0205369 1552740
 0702093 1955394 0034553 0205369 1552740 0040223 3541383 0040278 1516698 1704814 0023733 2346679 0205132 0684320 0684321 2826596 0439084 0728893 0456693 1442458 0702093
 2603360 0040223 3541383 0439232 0700321 0702093 1282918 2347166
 1955394 0034553 0205369 1552740 0178602 0869039 1114758 0031453 0014653 1547026 0034553 0205369 1552740
 0031453 0558058 1955394 0034553 0205369 1552740
 0002780 0002778 0936012 1524024 0870071 1273517 1883351 1516048 1280500 2348382 0002520 1704675 1883351 1518422 0205132 0439849 1705630 1706279 3540605 0002521 0002520 2917660 0001128 0202406 0337112 1253959 1524075 2700384 1148909 1152945 0205177 0439167 0441655 1561536 0030943 0597603 1148909 0030943 1152945 1519613 0597603 0040712 0205177 0439167 0441655 0589507 0597295 1158830 1515981 1519614 1521761 1561536 1704686 2827422 0597295 0033684 0220781 1883254
 0022885 0038492 0039593 0392366 1551041 1552573 1273517 1883351 0022885 0039593 0205369 0392366 1552740 1705241 1705242 0441833 0687744 1257890 1552516 1552839 1705428 1705429
 1883351 1280519 0002520 2917660 0001128 0202406 0086045 0086045 0205112 1707455 0042153 0457083 1947944 0871472 0022885 0039593 0392366 2603360
 0042295 0750591 0237881
 0557061 2584313 1514811 1706462 0574032 0019932 1710236
 0015663 0456962 0039005 1135183 0037659 1881011 1883351 0028778 0332206 1533157 1706084 2828370 1256369 0021641 0036536 0036537 1533581 1579433 0017687 0876232 0441889 0017725 0027552 0686904 1883351 0024501 0441889
 0021641 1533581 1579433 0178602 0205450 0441889 0284447 2827734 2981698 0439092 0547044 0015663 1550565 0740116 2827735 2981700 0015663 1550565 0439086 2827736 2981702 0205103 1550465 2827755 0342895 0012634 0348080 1705253
 0039224 1706073 1706074 1547282 1276042 0202098 0428405 0857690 0021641 0032105 0441889 1533581 1550098 1579433 0683454 0021966 0221138 0740116 2827735 2981700 0439340 1880521 2945590 0439526 0039798 0087111 0441833 0687744 1257890 1522326 1533734 1552516 1552839 1705169 1705428 1705429 3538994
 0002520 0015663 1550565 0175721 0441889 0002521 0002520 0332294 2917660 1253959 0001128 0202406 0337112 0678226 1524075 2700384 0439300 0439526
 0444956 0178602 0869039 1114758 0020459 0002520 0683607 1883351 0085639 0238715 0439300 0015663 0439191 0439526 0441889 1550565 1883351
 0086045 0205224 0002521 0002520 0168634 1442488 1707455 0040223 3541383 0042295 0039224 1706073 1706074 1547282
 0017725 0086045 0015663 0168634 0441889 1314677 1442488 1550565 0574032 1827465 0037659 1881011 0017687 0876232 0021641 1533581 1579433 0002520 1511726 3245479 1518422 1547282
 0449911 0039224 1706073 1706074 0557702 1272706 1704674 0557702 1272706 1704674 0039224 1706073 1706074
 0857690 0021641 0032105 1533581 1550098 1579433 1547597 0441889 0021641 1533581 1579433 0574032 1827465 0021641 1533581 1579433 0178602 0869039 0871261 1114758 1704632 1706817 2911692
 0332185 0039005 1135183 1552240 1552264 2939425 0021641 1533581 1579433 0002520 0597295 0026832
 0681832 1285529 1883351 0243148 0441712 1519614 1550141 1882979 2587213 3274648 0871261 1314939 1704632 1706817 2911692
 1285529 1707455 0332257 3538986 0684224 0700287 3496591 1511726 3245479
 0450344 1553633 1707455 0178602 0869039 0871261 1114758 1280500 1704632 1706817 2348382 2911692 0026832 0597295 0026845 0033684 0220781 1883254 0392148 0015663 1550565 0441889
 0442805 0086045 1446561 0021641 1533581 1579433 0205217 0442805 0369773 2603361
 0002520 0205217 0442805 0026832 0597295 0026845 0033684 0220781 1883254 0369773 2603361 0178602 0869039 1114758 0021641 1533581 1579433 0332257 0178602 0869039 1114758
 0444956 0178602 0869039 1114758 0020459 0026832 0597295 0026845 0033684 0220781 1883254 0369773 2603361
 0178602 0869039 0871261 1114758 1280500 1704632 1706817 2348382 2911692 0026832 0597295 0026845 0033684 0220781 1883254 0392148 0015663 1550565 0441889
 1280500 0002520 0442796 1550602 0021641 0342895 1533581 1579433 0441889
 0449911 0333052 2607870 0557702 1272706 1704674 0557702 1272706 1704674 0349966 1337208
 2827734 2981698
 0871208 1521828 3541894 1148909 1152945 0205177 0439167 0441655 1561536 0030943 0597603 0016327 0439133 1553038 0039005 1135183 0740116 2827735 2981700 0202098 0428405 0857690 1276042 0021641 0032105 0441889 1533581 1550098 1579433 0002521 0002520 2917660 0001128 0202406 0337112 1253959 1524075 2700384 0002521 0002520 2917660 0001128 0202406 0337112 1253959 1524075 2700384 0439526 0439300 0439526
 0042295
 0441848 0039798 0087111 0369718 0441833 0441922 0687744 1257890 1522326 1533734 1552516 1553036 1705169 1705428 1705429 3538994
 0021641 1533581 1579433 0205217 0442805 3541894 0030943 0597603 1519613 0040712 0589507 0597295 1158830 1519614 1521761 1704686 2827422 1158886 0031715 0369773 2603361 0423896 0456205 0369773 2603361 0073337 1419742 3539803 0073336 1419741 0033640 0035552 1622856 0031727 0033684 0035553 1419024 1861424 2348600 0073337 0031727 0031715 1158886 0369773 2603361 0423896 0456205 0369773 2603361
 0002520 0205217 0442805 3541894 1158886 0031715 0369773 2603361 0423896 0456205 0369773 2603361 0031715 1158886 0073337 0369773 2603361 0423896 0456205 0369773 2603361
 1705242 0441889 0456079 1547707 2946261 0369773 2603361
 1705242 0441833 0687744 1257890 1552516 1705428 1705429 0369773 2603361
 1883351 0441712 1292856 1948023 0021641 1533581 1579433 0002520 0178602 0869039 0871261 1114758 1280500 1704632 1706817 2348382 2911692 0392148 0015663 1550565 0441889 0423896 0456205 0030943 0597603 0031715 1158886 0332128
 0243122 1145667 1167622 1753319 1956015 1711351 0392747 0443172 0851285 0205177 0439167 0441655 1561536
 0871261 1704632 1706817 2911692 0178602 0740116 2827735 2981700 0439340 1880521 2945590 0439526 0002520 0015663 0456962 0441889 0444706 3541902
 1705241 1705242 0021641 1533581 1579433 0178602 0869039 1114758 0002520 2917660 0450345
 0007585 0010453 0220814 0430400 2242979 1547282 0058988 0030943 0450378 0589507 1158830 1521761 1704686 2827422 0032214 0600138 0035820 1705810 0439855 1704241 0031843 0542341 0700205 1705273 0031715 1158886 1301808 1442792 3148680 0470187
 1883351 0021641 1533581 1579433 0002520 0392760 1314939 0449438 0058988 1265611 0348078 0376315 1522492 0439165 1549488 1561533 0332128
 1301751 1280500 2348382 0002520 0001128 1511726 3245479 1518422 1547282
 0470187 0392747 0443172 0851285 1265611 0058988 0030943 0450378 0589507 1158830 1521761 1704686 2827422 0087044 0103404 0242210 1158886 0031715 0439855 1704241
 1158886 0031715 0205145 1515974 2825164 1547282 1883351 0004083 0439849 0596306 0699792 0450355
 0021641 1533581 1579433 0369773 2603361 0002520 0369773 2603361 1158886 1519063 0031715
 1280500 0021641 1533581 1579433 0033618 1158886 1874187 1148572 0002520 0001128 0369773 2603361
 0441833 0687744 1257890 1552516 1552839 1705428 1705429 0443289 1280500 2348382 1158886 0031715 0205103 1550465 1709305 2827755 0369773 2603361 0205250 1299351 2700149 0369773 2603361 0178602 0392148
 1280500 2348382 1158886 0031715 0444956 0020459 0021641 0178602 0869039 1114758 1522410 1533581 1579433 1709305 0369773 2603361
 1158886 0031715 0007634 3282337 0010453 0220814 0430400 2242979 0021135 1533691 2827718 0392756 0547047 0004083 0439849 0596306 0699792 0058988 0030943 0450378 0589507 1158830 1521761 1704686 2827422 0683607 0058988 0030943 0450378 0589507 1158830 1521761 1704686 2827422 0058990 1145667 1167622
 1883351 1280500 2348382 0021641 1533581 1579433 0178602 0869039 0871261 1114758 1704632 1706817 2911692 0058988 0030943 0450378 0589507 1158830 1521761 1704686 2827422 0058988 0030943 0003242 0003241 0021027 0450378 0589507 1158830 1521761 1704686 2827422 0301871 0020985 0332283 0002778 0936012 1524024 0003242 1445860 0003241 0021027
 0021641 1533581 1579433 0369773 2603361 0002520 0369773 2603361 0205216 0392756 0442797 1265611 0301871 0058988 1416886 1442449
 1704675 0002520 0002778 0936012 1524024 0039798 0087111 0441833 0687744 1257890 1522326 1533734 1552516 1552839 1705169 1705428 1705429 3538994 1280500 2348382 0087044 0103404 0242210 0033684 0243122 0450378 1145667 1167622 0444956 0020459 0021641 0178602 0869039 1114758 1522410 1533581 1579433 1709305 0369773 2603361 1883351 0178602 0205103 0869039 1114758 1550465 1709305 2745955 2827755 0369773 2603361 0392148
 0392148 1280500 2348382 0087044 0103404 0242210 0033684 0243122 0450378 1145667 1167622 0205112 0205251 1299352 1550472 1709305 0369773 2603361 0205103 1550465 2827755 0369773 2603361 0205250 1299351 2700149 0369773 2603361 0178602
 1280500 2348382 0004083 0439849 0596306 0699792 0058988 0030943 0450378 0589507 1158830 1521761 1704686 2827422 0087044 0103404 0242210 0033684 0243122 0450378 1145667 1167622 0205251 1299352 1550472 1709305 0178602 0205103 1550465 2827755 0369773 2603361 1883351 0444956 0178602 0205250 0869039 1114758 1299351 1709305 2700149 2745955 0369773 2603361
 1622039 0243122 1145667 1167622 0058988 0030943 0450378 0589507 1158830 1521761 1704686 2827422 1148853 0243122 1145667 1167622 1753319 1956015 1711351 0450355
 0150312 0449450 0557651 2603343 1265611 0058988 0030943 0332297 0450378 0589507 1145667 1158830 1167622 1521761 1689898 1704686 2349209 2827422 0058988 0030943 0444706 0445247 0450378 0589507 1158830 1521761 1704686 2827422 3541902 1273517 1883351 0087044 0103404 0242210 0033684 0243122 0450378 1145667 1167622 0058988 0030943 0332297 0450378 0589507 1145667 1158830 1167622 1521761 1689898 1704686 2349209 2827422
 0021641 1533581 1579433 0369773 2603361 0002520 0369773 2603361 0205217 0442805 1265611 0058988 0030943 0332281 0450378 0589507 1158830 1521761 1704686 2827422 1704675 0002520 0001128 0369773 2603361
 0021228 1705241 1705242 0443289 1280500 2348382 1265611 0058990 0058988 0030943 0332281 0450378 0589507 1158830 1521761 1704686 2827422 0444956 0020459 0021641 0178602 0869039 1114758 1522410 1533581 1579433 1709305 0392148 0369773 2603361
 0392148 0021641 1533581 1579433 1883351 0442805 0004083 0439849 0596306 0699792 0369773 2603361 0205217 0442805 0004083 0439849 0596306 0699792 0058988 0030943 0450378 0589507 1158830 1521761 1704686 2827422 0205103 1550465 2827755 0369773 2603361 0444956 0178602 0369773 2603361
 0002520 0205217 0442805 0004083 0439849 0596306 0699792 0058988 0030943 0450378 0589507 1158830 1521761 1704686 2827422 0205251 1299352 1550472 0178602 0205103 1550465 2827755 0369773 2603361
 0087044 0103404 0242210 0033684 0243122 0450378 1145667 1167622 0073337 0031727 0293060 1307407 1414805 0024660 0072980 0522506 1521840 1551058 2986546 0851827 1701901 3244310 1879547
 1514534 0020985 0002778 0936012 1524024 0031715 1158886 1301808 1442792 3148680
 0348078 0376315 1522492 0700572 0205198 0205216 0392756 0425245 0442797 0449580 1274040 1546471 1706082 2825142 0600209 0013862 0071500 0596607 0013855 0017243 0071499 1382104
 0021641 1533581 1579433 0369773 2603361 0002520 0369773 2603361 0031715 1158886 1704675 0002520 0031715 1158886 0073337
 0443289 0031715 1158886 0073337 0020459 1707810 0444956 0021641 0178602 0205217 0442805 0869039 1114758 1522410 1533581 1579433 0557899 0392148 0369773 2603361 0369773 2603361
 0031715 1158886 0369773 2603361
 0002520 2917660 0001128 0202406 0178602 0869039 0871261 1114758 1704632 1706817 2911692
 1547282 0178602 0869039 0871261 1114758 1280500 1704632 1706817 2348382 2911692 0015663 1550565 0015663 1550565 0441889 0021641 1533581 1579433 1883351 0284447 0441889 0456079 1547707 2946261 0443264 0030943 0597603
 1547282 0871208 1521828 0002520 2917660 1291157 0001128 0175630 0202406 0441889 0442805 0205217 0442805 0015663 1550565 0441889 0456079 1547707 2946261 0369773 2603361 1883351 0442805 1517331 0002520 0205217 0342895 0441889 0442805 0369773 2603361
 1511726 3245479 0449450 1707455
 0002520 1301751 1280500 2348382
 0002520 0205217 0442805 0015663 1550565 0441889 0392148 0086045 0031715 1158886 0073337 0004083 0439849 0596306 0699792 0205217 0442805 0369773 2603361
 0002520 0015663 0442818 1550565 0441889 0031715 1158886 0073337 1158886 0031715 0205217 0442805 0004083 0439849 0596306 0699792 0392756 0369773 2603361
 0449911 0333052 2607870 0557702 1272706 1704674 0557702 1272706 1704674 0349966 1337208
 0740116 2827735 2981700
 0205177 0439167 0441655 1561536 0231484 0392148 0020459 0439340 1880521 2945590 0439526 1707455 0439300 0439526 0002521 0439300 0439526 0002521 0439300 0439526
 0042295
 0441848 0039798 0087111 0369718 0441833 0441922 0687744 1257890 1522326 1533734 1552516 1553036 1705169 1705428 1705429 3538994
 0002520 0205217 0442805 0871208 1521828 0597295 0369773 2603361
 1705242 0369773 2603361
 1705242 0369773 2603361
 3541894
 0006409 1824728 1148909 1152945 0205177 0439167 0441655 1561536 0030943 0597603
 1280500 2348382 0332197 1689985 0175721 1705942 1883710 0002520 2917660 0030943 1519613 0597603 0040712 0589507 0597295 1158830 1519614 1704686 1521761 2827422
 0332185 1709098 1292856 1948023 0021641 1533581 1579433 1518422 1292856 1948023
 0557651 2603343 1148909 1152945 0205177 0439167 0441655 1561536 0030943 0597603 0332128 0021641 1533581 1579433 0342895 0441889 0456079 1547707 2946261 0392148 0015663 1550565 0439300 0439526 0002521 0439092 0547044 0015663 1550565 0441889 1274040 1546471 2825142 0650607 0015663 0021641 0205112 1533581 1550565 1579433 1707455 0012634 0348080 1705253
 2348205 0871208 1521828 0021641 1533581 1579433 0205217 0442805 1265611 0058988 0030943 0332281 0450378 0589507 1158830 1521761 1704686 2827422 0332197 1689985 0175721 1705942 1883710 0002520 2917660 0369773 2603361 0441889 0456079 1518422 1547707 2946261 0205397 0002520 0015663 0441889 1550565 0175721 0369773 2603361
 0021641 1533581 1579433 0205217 0442805 0031715 1158886 0369773 2603361 0002520 2917660 0001128 0175721 0202406 0332197 1518422 1689985 1705942 1883710
 1158886 0031715 0450366 0004083 0439849 0596306 0699792 0058988 0030943 0450378 0589507 1158830 1521761 1704686 2827422 0450363 2986797 1273937 0237881
 0205177 0439167 0441655 1561536 2986417 0450365 1706097
 0449911 0333052 2607870 0557702 1272706 1704674 0557702 1272706 1704674 0349966 1337208
 0439086 2827736 2981702
 1148909 1152945 0205177 0439167 0441655 1561536 0231484 0039005 1135183 0392148 0020459 0439340 1880521 2945590 0439526 0439300 0439526 0002521 0012634 0015663 0205112 0348080 1550565 1705253 1707455 1623737 3539687
 0042295
 0441848 0039798 0087111 0369718 0441833 0441922 0687744 1257890 1522326 1533734 1552516 1553036 1705169 1705428 1705429 3538994
 1705242 0369773 2603361
 1705242 0369773 2603361
 3541894
 0006409 1824728 1148909 1152945 0205177 0439167 0441655 1561536 0030943 0597603
 1707520 1148909 0683150 0086045 1446561
 1547282 0439849 1705630 1706279 3540605 0021641 1533581 1579433 0002520
 1511726 3245479 1547282 1707455 0450373 1553636
 0557651 2603343 1148909 1152945 0205177 0439167 0441655 1561536 0030943 0597603 0683150 0086045 0439849 0445223 0205435 0237881 0750502 1279901 1444656 1515273 1705313 2826302 0349966 1337208 0016327 0439133 1553038
 0439849 1705630 1706279 3540605 0031715 1158886 0073337 0369773 2603361 1158886 0031715 0369773 2603361 0423896 0456205 0369773 2603361 0439849 1705630 1706279 3540605 0423896 0456205 0369773 2603361
 0439849 1705630 1706279 3540605 0021641 1533581 1579433 0002520 0004083 0439849 0596306 0699792 0369773 2603361 0004083 0439849 0596306 0699792 0369773 2603361
 0002520 1883351 0439849 1705630 1706279 3540605 1158886 0031715 0031715 1158886 0073337 0349966 1337208 0016327 0439133 1553038 0369773 2603361
 0439849 1705630 1706279 3540605 0205132 0205177 0439167 0441655 1561536 1276042 0202098 0428405 0857690 0021641 0032105 0441889 1533581 1550098 1579433 0450375
 0449911 0333052 2607870 0557702 1272706 1704674 0557702 1272706 1704674 0349966 1337208

 1707520 1148909 1152945 0205177 0439167 0441655 1561536 0030943 0597603 0016327 0439133 1553038 0392148
 0205132 1550648 1552960 1707520
 0205132 1550648 1552960 1707520 1235746 1882141
 1707520 1148909 0002521 0002520 2917660 0001128 0202406 0337112 1253959 1524075 2700384 0020459
 0392148 0202098 0428405 0021641 0441889 1533581 1579433 1707520 0871208 1521828 0597295 0031715 1158886 0073337 1158886 0031715 0369773 2603361 0369773 2603361 0369773 2603361 0349966 1337208
 1707520 0002521 0002520 2917660 0001128 0202406 0337112 1253959 1524075 1709305 2700384 0423896 0456205 0369773 2603361
 0002521 0002520 2917660 0001128 0202406 0337112 1253959 1524075 2700384 0205177 0439855 1265611 1704241 1707520 0369773 2603361 0871208 1521828 0439849 0445223 0369773 2603361
 1707520 0002521 0002520 2917660 0001128 0202406 0337112 1253959 1524075 2700384 0205177 0439167 0441655 1561536
 0449911 0333052 2607870 0557702 1272706 1704674 0557702 1272706 1704674 0349966 1337208
 0439084 0728893
 1707520 1148909 1152945 0205177 0439167 0441655 1561536 0030943 0597603 0016327 0439133 1553038 0039005 1135183
 1707520 0443264 0030943 0597603
 0439849 1705630 1706279 3540605 1148909 1152945 0205177 0439167 0441655 1561536 0332128 0349966 1337208
 0439849 1158886 0031715 0369773 2603361 0369773 2603361 0369773 2603361
 0439849 1705630 1706279 3540605 0031715 1158886 0073337 0369773 2603361
 0205132 0439849 1705630 1706279 3540605 0205177 0439167 0441655 1561536
 0449911 0333052 2607870 0557702 1272706 1704674 0557702 1272706 1704674 0349966 1337208

 1707520 1148909 1152945 0205177 0439167 0441655 1561536 0030943 0597603
 1514811 1706462 0021641 1533581 1579433 0205166 1706317 0035820 1705810 0851285 1327622 0597295 0033684 0220781 1883254 0003062
 0681827 0947630 0021641 1533581 1579433 0002520 0032214 0600138 0035820 0021289 2239178 2939425 0439084 0728893
 0683954 1274040 1546471 2825142 1524063 0079318 0175721 1705535 0021641 1533581 1579433 0002520 0597295 0220781 1883254 1280500 0002520 0442796 1550602
 1709098 1292856 1948023 0021289 2239178 2939425 2249873 1879547 1519616 0450355 1423524 3273411 3273412 1883351 0035820 0002520
 0683954 1274040 1546471 2825142 1547282 0021641 1533581 1579433 0002520 0026832 0597295 0026845 0033684 0220781 1883254 0087044 0103404 0242210 0332281 0031715 1158886 0073337 1706853 1879748 1148853 0243122 1145667 1167622 0439855 1704241 0205170 0441712 3146287 0332291 0085862 1299583 1551058 1704259 1705987
 1280500 0021641 1533581 1579433 0178602 0869039 0871261 1114758 1704632 1706817 2911692
 2945843 0205145 1515974 2825164 0243122 1145667 1167622 1753319 1956015 1711351 0441471 0013729 0086597 0127400 1166851 3539639
 1261552 1704379 1705117 2825408 0606869 0851285 0678640 0018353 0013729 1166851 3539639
 0007585 0010453 0220814 0430400 2242979 1705535 0021641 1533581 1579433 0002520 0442805 0205177 0439167 0441655 1561536
 0683949 0003062 0241863 0557651 0947630 2603343 1705535 0021641 1533581 1579433 0032214 0600138 0035820 1705810 0450348
 0557651 2603343 0021641 1533581 1579433 0002520 1280500 2348382
 0681829 0947630 0039005 1135183 1705535 0205177 0439167 0441655 1561536 1518422 0392747 0443172 0851285 0392209 0449438 1521739 2707262 0450355
 1519613 0589507 1158830 1704686 1148853 0243122 1145667 1167622 0439855 1704241 0058989 0086597 0127400 2826592 3273427 3539643 1180347 1523872 0439855 1704241 0332257 1552866 2700399 0058988 0030943 0450378 0589507 1158830 1521761 1704686 2827422
 3157044 1706853 1879748 0031715 0851285 1158886 0470187 0058988 0030943 0450378 0589507 1158830 1521761 1704686 2827422
 0449438 0058988 0439165 1549488 1561533 0332128 0521116 0557651 1705970 2603343 1547282 0007585 0010453 0220814 0430400 2242979 0557651 0947630 2603343 1883351 1148853 0035696 0243122 1145667 1167622 0442805 0597295 0033684 0220781 1883254
 1301751 1280500 2348382 0002520 0001128 0557651 1441672 2603343
 1274040 1546471 2825142 0231448 0439792 0683954 0557651 2603343 2607943 2926606 3539655 1547282 0204695 2987508 1301751 1280500 2348382 0021289 2239178 2939425
 1515655 0443264 1518422 1261552 1704379 1705117 2825408 1709098 1292856 1948023 0021641 1533581 1579433 0002520
 1261552 1704379 1705117 2825408 1148853 0035696 0243122 1145667 1167622 1184743 1314939 1522240 0004083 0439849 0596306 0699792 0087044 0103404 0242210 0033684 0243122 0450378 1145667 1167622 1336789 1519614 0058990 0058988 0030943 0450378 0589507 1145667 1158830 1167622 1521761 1704686 2827422
 1158886 0031715 1510827 0058988 0030943 0450378 0589507 1158830 1521761 1704686 2827422 0087044 0103404 0242210 0033684 0243122 0450378 1145667 1167622 1149297 0243122 1145667 1167622 0058990
 1158886 1519063 0031715 0021641 1533581 1579433 1948023 0002520
 1280500 2348382 1709305 0202098 0428405 0021641 0205171 0205250 0441889 1533581 1579433 1720467 3163633 0392148 1280500 2348382 0150312 0449450 0444956 0020459 0021641 0178602 0205171 0869039 1114758 1522410 1533581 1579433 1720467
 1979874 0871208 1521828 0597295 0020459 1707810 0021641 0178602 0205217 0442805 0869039 1114758 1533581 1579433 0442805 0597295 0033684 0220781 1883254 0021641 0178602 0869039 1114758 1533581 1579433 0002520 0284447 0441889
 0205419 1280500 2348382 0033618 1158886 1874187 1148572 0002520 0001128 0178602
 2607943 2926606 3539655 1705535 0445550 1708745 0178602 1158886 0031715
 1274040 1546471 2825142 1705535 0442805 0002520 0021641 1533581 1579433
 0037088 0243095 2825141 0332290 0034693 0034721 0241863 1547282 0023401 2349975 0597295 0220781 1883254 1158886 0031715 0023401 0205217 0442805 1158886 0031715 0444956 0178602 0205250 0869039 1114758 1299351 2700149 0021641 1533581 1579433 0740116 2827735 2981700
 0557651 2603343 0443289 0599946 0574032 1827465 0231174 0680095 0026832 0597295 0026845 0033684 0220781 1883254 2827734 2981698
 0441712 1706376 1274040 1546471 2825142 1524063 0011847 0011849 0037659 1881011 0202098 0428405 0021641 0441889 1533581 1579433 3161035 1512045 0178602 0851827 0869039 1114758 1701901 3244310
 0034693 0034721 0002520 0021641 1533581 1579433 1158886 0031715 0557651 2603343 1123019 0439775 0702240 0205217 0442805 0087044 0103404 0242210 0033684 0243122 0450378 1145667 1167622
 1883357 1274040 1546471 2825142 1705535 2987476
 1261552 1704379 1705117 2825408 1148853 0035696 0243122 1145667 1167622 1184743 1314939 1522240 0004083 0439849 0596306 0699792 0058990 0332282 0086168 0058988 0030943 0450378 0589507 1158830 1521761 1704686 2827422
 3157044 1706853 1879748 1171285 1148853 0035696 0243122 1145667 1167622
 0947630 0039005 1135183 1547282 0442805 0871261 1704632 1706817 2911692 0450355
 0557651 2603343 0021641 1533581 1579433 0002520 0205216 0392756 0442797 1706853 1879748
 1280500 2348382 0439808 0392148 0021641 0178602 1533581 1579433 1709305 0392148
 0021641 1533581 1579433 0002520 0205217 0442805 1265611 0058988 0030943 0332297 0450378 0589507 1145667 1158830 1167622 1521761 1689898 1704686 2349209 2827422
 1280500 2348382 1709305 0444956 0178602 0205171 0869039 1114758 1522410 1720467 0205103 1550465 1709305 2827755 0444956 0178602
 0037088 0243095 2825141 0026832 0597295 0038164 0026845 0033684 0220781 0871261 1704632 1706817 1883254 1979874 2911692 0178602 0021641 1533581 1579433 1705535 0441712 1709098 0026832 0597295 0449621 0026845 0033684 0220781 1292856 1314939 1883254 1948023 0021641 1533581 1579433
 0002520 0205217 0442805 1265611 0058988 0030943 0332297 0450378 0589507 1145667 1158830 1167622 1521761 1689898 1704686 2349209 2827422 0205251 1299352 1550472 0178602 0205103 1550465 2827755 1705535 1706853 1879748 0202098 0428405 0650607 0015663 0021641 0205112 0441889 1533581 1550565 1579433
 0392148 0302523 0700325 1964257 0178602
 0034693 0034721 0241863 0023401 0205217 0442805 0597295 0033684 0220781 1883254 1883351 0442805 0220781 0439634 1522492 0740116 2827735 2981700
 0039798 0087111 1522326 1533734 1705169 3538994 1260953 1156616 0597295 0033684 0220781 1883254 1301751 1280500 2348382 0423896 0456205 2827734 2981698
 0449438 0293060 1307407 1414805 1521840 2986546 0033618 0087044 0103404 0242210 0033684 0243122 0450378 1145667 1167622 1336789
 0947630 1547282 0204695 2987508 1879547 0024660 0072980 0332285 1521840 2986546 0015127 1314792 1524003 0450355
 0442805 0073336 1419741 0035552 1622856 0033684 0035553 1419024 1861424 2348600 0597295 0040712 1519614 0332256 2700400 0205088 1185740 1705314 1705315 2700640 0013879 0332257 0035552 0086206 1521761 2827422
 1879547 0700364 1883351 0442805 0597295 0220781 1883254 0597295 0035696 0040712 1314939 1519614
 0150312 0449450 0557651 2603343 0020459 0205217 0442805 0031715 1158886 0073337 1280500 2348382
 1280500 2348382 0031715 1158886 0073337 0150312 0449450 0020459 0021641 0178602 0205171 1533581 1579433 1720467 0444956 0205250
 2607943 2926606 3539655 0332290 0332529 0034693 0034721 0001675 0086418 1547282 0442805 0002520 0442805 0202098 0428405 0021641 0441889 1533581 1579433 2827734 2981698 0557651 1979874 2603343 0034693 0034721 1547282 0021641 1533581 1579433 1518422 2349975 0031715 1158886
 1707478 0699810 1705241 1705242 3161035 0178602 0869039 1114758 0205396 1705535 0441712 1706376 0021641 1533581 1579433 0002520 2987476
 0683954 1274040 1546471 2825142 0851827 1701901 3244310 0073337 2984427 1704259 1705987 1874187 0597295 0026832 0033684 0220781 1883254 1948023
 0002520 2917660 0001128 0202406 0178602 0869039 0871261 1114758 1704632 1706817 2911692
 0332185 1547282 0002520 0442805 0237629 1512044 0871208 1521828 0026845
 0043227 0205435 1279901 0557651 2603343 1883351 0178602 0869039 0871261 1114758 1280500 1704632 1706817 2348382 2911692 1148909 1152945 0205177 0439167 0441655 1561536 0030943 0597603
 0392148 0202098 0428405 0021641 0441889 1533581 1579433 0002520 0205217 0442805 0031715 1158886 0073337 1158886 0031715 0423896 0456205 0423896 0456205 0205217 0442805 0015663 1550565 0015663 1550565 0441889
 1511726 3245479 0470187 1156141 1706853 1879748 0242692 1280260 0026845 0037253 0521324 0021289
 0235198 0332268 2825407 0441889 0205177 0439167 0441655 1561536 0557651 2603343 0301630 0392756 0441610 1979874 0205177 0439167 0441655 1561536 0023216 1269079 1456800 1522391 0034693 0034721 0009458 0023401 0439536 1705217 3244283 1549542
 0037088 0243095 2825141 1705535 0002520 1518422 0032214 0600138 0035820 1705810 1515655
 1280500 2348382 0030943 1519613 0597603 0040712 0589507 0597295 1158830 1519614 1704686 1521761 2827422 0332197 1689985 0175721 1705942 1883710 0002520 2917660
 1547282 0021641 1533581 1579433 0026832 0597295 0392148 0015663 1550565 0002520
 0150312 0449450 0557651 2603343 0004083 0439849 0596306 0699792 0020459 0021641 0205217 0442805 1533581 1579433 0332197 1689985 0175721 1705942 1883710 0002520 2917660 0428202 0002520 2917660 0001128 0015663 0175721 0202406 0392148 0441889 0456079 1515981 1547707 1550565 1705942 1883710 2946261 1318720
 0332268 0205177 0439167 0441655 1561536 0030943 1519613 0597603 0040712 0589507 0597295 1158830 1519614 1704686 1521761 2827422 0002520 0015663 0441889 1550565 0868928 1533148 0392148 0441889 1292856 1948023 1519613 0589507 1158830 1704686
 1274040 1546471 2825142 1705535 0021641 0851827 1533581 1579433 1701901 3244310 1704259 1705987 1157519 1157723 0026832 0242692 0597295 1280260 0449621 0026845 0033684 0037253 0220781 0521324 0851285 1314939 1327622 1883254 0021289 2239178 2939425
 1707520
 1148909 1152945 0205177 0439167 0441655 1561536 0030943 0597603 1276042 0202098 0428405 0857690 0021641 0032105 0441889 0456079 1533581 1547707 1550098 1579433 2946261 0392148 1547282 0439849 1705630 1706279 3540605 0031715 1158886 0073337 1158886 0031715 0423896 0456205 1706853 1879748 0439849 1705630 1706279 3540605 0871208 1521828 0597295
 1705535 0202098 0428405 0441889 0442805 1148909 1152945 0205177 0439167 0441655 1561536 0030943 0597603 0442805 0242692 1280260 0026845 0037253 0521324 0021289 2239178 2939425 1709305 2745955
 1707478 0439849 1521721 1705630 1706279 3540605 0026832 0597295 0026845 0033684 0220781 1883254 1148909 1152945 0205177 0439167 0441655 1561536
 0439849 0026832 0597295 0026845 0033684 0220781 1883254 1158886 0031715 0004083 0439849 0596306 0699792 0423896 0456205 0031715 1158886 0073337 0002520 2917660 0001128 0202406 0441889 0456079 1547707 2946261 0005767 0005768 0229664
 1705535 0002520 0205217 2249873 1879547 1519616 0242692 1280260 0026845 0037253 0521324 0021289 2239178 2939425
 0439849 1705630 1706279 3540605 0086045 1446561 0392148 0020459 0443289 0439849 1705630 1706279 3540605 0031715 1158886 0073337 1158886 0031715 0220781 0439634 1522492 0439849 1705630 1706279 3540605
 0871208 1521828 0597295 0439849 0445223 1883351 0163712 0441889 1705535 0086045 1301751 1280500 2348382 0597295 0033684 0220781 1883254
 1979874 0205177 0439167 0441655 1561536 1547282 0439849 1705630 1706279 3540605 0441889 0597295 0332290 0332529 0039005 1135183 1301751 1280500 2348382 0150312 0450355
 1883357 1274040 1546471 2825142 1705535 0443264 1753319 1956015 1711351 0032214 0600138 0035820 1705810 0021289 2239178 2939425

 0557651 2603343 1524063 0079318 0175721 0035820 1874187 0002520 0001128 0021289 2239178 2939425
 1547282 0021641 1533581 1579433 0002520 0392747 0205177 0439167 0441655 1561536 0031715 1158886 0058988 0021641 1533581 1579433 0002520 0205217 0442805 0031715 1158886 0087044 0103404 0242210 0033684 0243122 0450378 1145667 1167622 0058988 0030943 0332294 0599947 0030685 0391871 0439180 0450378 0589507 0678226 0680255 1158830 1283071 1521761 1704686 1963578 2827422 0004083 0439849 0596306 0699792 0087044 0103404 0242210 0033684 0243122 0450378 1145667 1167622 0058990 0058988 0030943 0450378 0589507 1145667 1158830 1167622 1521761 1704686 2827422 0205431 1522492 0439855 1704241
 0871261 1704632 1706817 2911692 0150312 0449450 0178602 0205171 1720467 0439093 0443228 1704243 1280500 2348382 1148909 1152945 0205177 0439167 0441655 1561536 0030943 0597603 0205397 0021641 0205171 0392148 1533581 1579433 1720467
 1274040 1546471 2825142 1705535 0021641 1533581 1579433 0002520 0026832 0597295 0026845 0033684 0220781 1883254 0441712 0087044 0103404 0242210 0332281 0073337 0220781 0439634 1522492 0441712 1515981 1704259 1705987
 2986676 0369637 0441923

 2603362



 0016327 0439133 1553038
 0442992

 0439114
 0554249 0439394 1706495 3642217



 0331851 0680854 0724601 0770206 0021641 0039005 1135183 1533581 1579433
 0043227 0034036 0034037 1704324 0085410 1704729 0683939 0205099 0587482 1704729 0557806 0020017 0008059 0019994 0039711 0680063 1510665
 1709701 0016820 0449719 1709471 0027468 0018173 0018684 0021622 2986463 3245503 0011318 1515981 0085410 1704729 0035168 0242481 0557854 2825316 3245478

 0035168 0242481 0449719 1521721 1709471 0027468 0555633 0018173 0018684 0021622 0040607 0220931 1548284 2673163 3245503 2707291 2707292
 0456205 1552853 1518422 0558058 0449911 0242456 0085410 1704729 1547887 1514468 0029246 0018104
 0376649 1442065 0282413 2603360

 0085410 1704729 0683939 0205099 0557806 0013849 1705961 0024492 1538057 1547565 0059804
 0010186 0220812 0449719 1709471 0220808 0680264 0007961
 1706852 0522501 1706089 0949214
 0205155 1293097 1522472 1552923 1705191
 1514811 1706462 0557061 2584313 1514811 1706462 0558269 1552984 1515101 2986905 0337445
 1880177 0243148 1550141 1882979 2587213 3274648 0597295 0033684 0220781 1883254 0242692 1280260 0026845 0037253 0521324 0023401
 0001905 1412243 0337445 1515101 2986905 0558269 1552984
 0023401 2349975 0597295 0026832 1335665 0033684 0220781 1883254 0332197 1689985 0442805 0087044 0103404 0242210 0033684 0243122 0450378 1145667 1167622 0031715 1158886 0073337
 0011847 0011849 0279759 0279766 1418864 3538934 3538935 1506978 1705538 0022575 1705783
 0005507 0243073 1510438 0185125 1947919 2347934 3539080 0036667 0312418 0427965 1511883 1522640 2346484 2349185 0021641 1533581 1579433
 0003461 2939124 0025141 1506978 1705538 1275573 0439526
 0597295 0026832 0022378 1278922 0205342 0039005 1135183
 1506978 1705538 1275573 0439526 0016327 0439133 1553038
 0035820 1705810 1874187 0002520 0001128 0021289 2239178 2939425
 0025141 1506978 1705538 0439526 0279759 0279766 1418864 3538934 3538935 1275573
 1280500 0205100 0597295 0033684 0220781 1883254
 1506978 1705538 0439526 1275573 0279759 0279766 1418864 3538934 3538935 1419366
 1292856 1948023 0021641 1533581 1579433 0002520 1710548 0039005 1135183
 1506978 1705538 0439526 1275573
 0035714 0035711 1537998 0337051 0016248 0021114 0031453 0178602 0869039 1114758
 1506978 1705538 0439526
 0597297 0031227 0243127 0443331
 0056167 1456376 1506978 1705538 0439526
 0871261 1704632 1706817 2911692 0857690 0021641 0032105 1533581 1550098 1579433 0034693 0034721
 0056167 1456376 1506978 1705538 0439526
 0002520 2917660 0005885 0001128 0202406 0486616 0392747 0443172 1705241 0034693 0034721
 0025141 1506978 1705538
 0392747 0443172 0458003 0678723 0242692 1280260 0026845 0037253 0521324 0023884 0736268 1278929 2346688

 1156805 0025519 0025520
 3538806 1549972 0205090 0684010 2603358
 0017728 0079318 0175721 0449851 1705942 1883710 0025663 0449851 0871511 0237834 1514892
 0043127 0022558
 1280500 2348382 0589507 1158830 1704686 0597295 0033684 0220781 1883254 0227525
 0007634 1269647 1704653 1948049 0369637 0441923 3476815
 1280500 2348382 0013470 0489617 1512806 0034693 0034721
 0025141 3476815
 0439831 0449851 0871208 1521828 0040300 1442460 0031453
 0025141 1412573 2350443 3539770
 0030943 0589507 1158830 1704686 1521761 2827422 0035553 0182953
 0282443 0443048 3538933 0868955
 0282443 0369773 2603361

 0016080
 0597297 0031227 0243127 0443331 0231256 0018270 0220844 1621966 2911660 1882714 0022646 0227665 1278978 1514845 0015965 0242291 1305737 0231337
 0025141 2951520
 0441712 1706376 0871712 0002520 2917660 1882726 0023884 0034693 0034721 0736268 1278929 2346688
 0851285 1327622 1314939 0021467 0021469 1628982 3463820
 0201682 1552154 0439267 0439526
 0023401 0021641 1533581 1579433 1515877 1879547 1136240 0073337 0031727 0242692 1280260 0026845 0037253 0521324
 3540510 0054868 3540479
 1280500 0011847 0011849 0745343 0039798 0087111 1522326 1533734 1705169 3538994 1882854 0242692 1280260 0026845 0037253 0521324
 0025141 1550751
 0851285 1327622 0597297 0031227 0243127 0443331
 0201682 0000857 0600678 1552863 0041405 1824670 3272447
 0851285 1327622 0026845 0034693 0034721 0241863
 0016080
 0243148 1550141 1882979 2587213 3274648 1882854 0242692 1280260 0026845 0037253 0521324
 0178742 0243107 0678723 1527148 0455052 1521827 1956015 1711351 0002778 0936012 1524024 0220781 0439634 1522492 1704241
 0201682 0043127 0022558
 1157563 0589507 1158830 1704686 0007625 0449913 1553451 1704459 0034693 0034721 0227525
 0007634 1269647 1704653 1948049 3541314 1506978 1705538
 0597295 0026832
 1419337 3539667
 0058988 1157563 0030943 0450378 0589507 1158830 1521761 1704686 2827422 0002520 0596995
 0201682 1419337 3539667
 0086982 0037080 0037083 1160185 1704259 1705987 1710082 1157519 1157723 0597295 0033684 0220781 0851285 1314939 1327622 1883254 0021641 1533581 1579433 0596995
 0007634 1269647 1704653 1948049
 0441712 0021641 0441472 1314939 1533581 1579433 3266814 0597295 0033684 0220781 1883254
 0011847 0011849 2347961 0025141 1506978 1705538
 0204695 2987508 0597295 0026832 0023884 0736268 1278929 2346688 0293060 1307407 1414805 0024660 0072980 0332273 0851827 1184743 1521840 1522240 1550549 1701901 2986546 3244310
 3538987
 0597295 0026832 0033684 0220781 1883254 1948023 2349975 0004083 0439849 0596306 0699792 0058990 0030943 0589507 1158830 1521761 1704686 2827422
 0007634 1269647 1704653 1948049 1419366 0033727 0369286 0441932 0564385
 0243114 1998793 1880022 0023884 0736268 1278929 2346688
 0025141 0033727 0369286 0441932 0564385
 0035820 1705810 0851285 1327622 0033684 1512977 0007634 3282337
 0028606 0001128 0007610 0027960 0202406 0324740 0439189 1456781 1824986 2347379 0025141 1261082 1551056 2981682 1419337 3539667
 0023401 0597295 0040712 1519614 0596995 0293060 1307407 1414805 0024660 0072980 0086597 0127400 0332273 0392747 0443172 1521840 1550549 2986546 0470187 0058988 0030943 0450378 0589507 1158830 1521761 1704686 2827422 1158886 0031715
 0201682 0041405 1824670 3272447
 1157519 1157723 0851285 1327622 0021641 1533581 1579433
 2347961 0025141
 0597304 0010813 0596311 1330957 1706853 1879748 0018670 1281590 1706305 0162570
 0349590 1262865 0025141 3538806 1420811 0489607 1550026 0439267
 1517892 1704666 0030779 0031858 0752312 1979930 0033640 0018284 0026249 0031727 0033684 1879547 1519613 0589507 1158830 1704686
 0036397 0025141 1718783
 0002520 0242692 1280260 0026845 0037253 0521324 0030779 0031858 0031715 1158886
 1515101 2986905 0205090 0684010 2603358
 0031715 1158886 0058988 1518422 0597295 0021135 1533691 2827718 1515655

 0243148 1519614 1550141 1882979 2587213 3274648 0597295
 0243148 1519614 1550141 1882979 2587213 3274648 0868955
 0475311 0027976 1879958 0022877 3244292 0369773 2603361

 0582525 0439526 0012836 2986904
 1514893 1706463 2699488 0058988 0450378 1510827
 0041703 0268596 1418943 2700624 3642273 0000857 0600678 1552863 1515101 2986905 0369637 0441923 0454673 1550752
 0031715 1158886 1879547 0039194 0024264 0030943 0205217 0220781 0439634 0439855 0442805 0450379 0589507 1158830 1521761 1522492 1704241 1704686 2827422
 0000857 0600678 1552863 1506978 1705538
 0021641 1533581 1579433 0002520 0597295 0220781 1883254
 0489607 1550026 1412573 2350443 3539770 1506978 1705538
 1292856 1948023 0031715 1158886 0182953 1704734 1704735 0031843 0542341 0700205 1705273
 0349590 1262865 0025141 0054868 3540479 2951520
 0441712 0021641 1533581 1579433
 0025141 2986904
 1157519 1157723 0851285 1327622 0030943 0589507 1158830 1704686 1521761 2827422 2949735 0035696 0035553
 0025141 0014963 1457900
 0021665 1334089 0021966 0037657 0221138 0021641 1533581 1579433 0220781 0439634 1522492 0026845 0023884 0736268 1278929 2346688

 1157519 3537096 0851285 1327622 0007595 0018284 0018270 0220844 1621966 2911660
 0025141 1506978 1705538
 0392747 0443172 0458003 0678723 0039005 1135183
 0041405 1824670 3272447
 2249874 1292856 1948023 1882854 0242692 1280260 0026845 0037253 0521324
 1412573 2350443 3539770 0439267
 2984427 0037083 0332152 1419024 1419741 1522538 1861424 2348600 1158886 0031715 2924612 0072980 0205383 0205548 0332324 1550474 1552961 2347617 1136240 2827383
 0007634 0027960 0324740 0439189 1269647 1456781 1704653 1824986 1948049 0000857 0600678 1552863 3539617 0054868 3540479
 1157519 1157723 0851285 1327622 0016030
 1879547 0021641 1533581 1579433 0018284 0018270 0220844 1621966 2911660 1521761 2827422
 0025141 0369637 0441923 0439254
 0851285 1327622 0031715 1158886 1515655
 0002778 0936012 1524024 1524063 0443640 0003241
 0201682 0279759 0279766 1418864 3538934 3538935 1506978 1705538
 0042153 0175721 0243107 0392756 0547047 0678723 1527148
 1275573 0279759 0279766 1418864 3538934 3538935 0439526 0039247 1506978 1705538
 0871261 1704632 1706817 2911692 0021641 1533581 1579433 0039005 1135183 0243107 0392756 0547047 0678723 1527148
 0016327 0439133 1553038 0041405 1824670 3272447
 1280500 2348382 1519613 0589507 1158830 1704686 1882854 0242692 1280260 0026845 0037253 0521324 0023884 0736268 1278929 2346688
 3476815
 0035820 1705810 0027061 0026832 0596984 0018787 0026845 1522601
 0597299 0025519 0025520 0019905 1537997 1853668 0868955
 0027976 0205314 1510747 1550724 3242376 0449468 0560268 1690016
 0369773 2603361
