 0441712 0015127 1524003 0242606 0038435 0311404 0010656 1621396 1704259 1705987

 0041740 0017480 1704729 0021622 1272753 0017480 0034036 0034037 1514756 1704324 0348078 0376315 1515981 1522492 1527075 0450348
 0557061 2584313 1514811 1706462 1832428 0348078 0376315 0085151 3538722 0033665 0751455 0596611 1456454 0002716 0011560 0017337 0026882 0033684 0611285 1709634 0015127 1524003 0596611 0017337 0026882 1515981 0299212 1418985 0872078 1547699 2700640 0528480 1418986 0872078
 0521115 0332120 0231298 0242606 0038435 0311404 0032214 0600138 0035820 1705810 0680074
 1292732 0949293 1280500 2348382 0085151 3538722 1456454 0033665 0002716 0011560 0033684 0611285 1709634 0441712 0085262 0007634 3282337
 0949466 0005863 0002778 0936012 1524024 1705493 0010813 0596311 1330957 0010656 0557651 0947630 2603343 1710236 0443289 1150132 1150130 0205177 0439167 0441655 1561536 0039798 0087111 1522326 1533734 1705169 3538994 0020281 0020275 0031180 0523702 0885426 0007634 3282337 0332256 2700400 0026882 1705285 0085151 3538722
 0205177 0439167 0441655 1561536 1274040 1546471 2825142 3269136 0162638 1704259 1705987 3269138 0332257 1159825 1879547 0667830 0010656
 1441672 1879547 0599946 0968383 1999216 1545588 0031847 0277785 2267000 0301630 0392756 0441610
 2607943 2926606 3539655 1999230 0332120 0027746 1274040 1546471 2825142 1879547 0162638 1704259 1705987 0686907 0441889 0242606 0038435 0311404
 0557061 2584313 1514811 1706462 0002395 1521724 0012634 0524851 0012634 0333463 0392079 0392148 1880022 0085400
 0333463 0392079 2936349 0333562 0038164 0033684 2827734 2981698 0597304 0085151 3538722 1456454 0033665 0002716 0011560 0033684 0611285 1709634 0085151 3538722 1456454 0033665 0002716 0011560 0033684 0611285 1709634 0010813 0596311 1330957 1414078 0085151 0078939 1750295 2362547 3538722 1456454 2825879 0033665 0002716 0011560 0014442 0033684 0205145 0330390 0439096 0611285 1515974 1709634 2004068 2825164 0740116 2827735 2981700 0332283 0000925 0171484 1883724 1979900 0026385 0948775 0005910 0043100 0205250 0439855 1299351 1305866 1521991 1704241 1705104 2700149 2982691 0872078 0439086 2827736 2981702 1538050 3541303 3273588 0439084 0728893 0750492 1332101 1705550
 0026882 0017337 0015127 1524003 0276496 0002395 1521724 0277558 1832428 0276496 0277558 0002395 1521724
 0026882 0392747 0033666 1709694 0033268 0332281 0205217 0442805 0007587 0007634 0011065 1269647 1306577 1704653 1948049
 0597304 0010813 0596311 1330957 0886515 0230767 0018042 0333262 1327616 1441547 1709305 2745955 3245521 0085151 3538722 1456454 0033665 0002716 0011560 0033684 0611285 1709634 0010813 0596311 1330957
 0033268 0085151 3538722 0023175 0181586 0332462 1442948 1522538 1880834 2348269 3275067 0205217 0442805 0033268 0750492 0850310 3154893 0003737
 0684224 0700287 0033684 0276496 0277558
 0025914 0025929 0026809 0003069 1520150 1883559 0025914 0025929 0026809 0332307 0445392 1547052 0015272 0442805 0441889 0011560 1705760 0333562 0450348
 2607943 2926606 3539655 0441712 1273518 0001779 0030705 0276496 0277558 0205197 1518422 0162340
 0332120 0242606 0038435 0311404 0032214 0600138 0035820 1705810
 0026882 2349975 0242606 0038435 0311404
 1319127 0441889 0039485 0007776 0150312 0442043 0542339 0678975 1176472 2362314 2700441 0030705 0276496 1521713 0006104 0003069 1547282 0086439 0243102 0014442 0205177 0439167 0441655 1561536
 0332120 0162638 0750492 1516044 1704259 1705987
 1883351 0032214 0600138 0035820 1705810 2754100 0011065 1306577 0441889 0242606 0038435 0311404 0684336 2598156
 0332120 0441471 3541888 1819041 0599177 1879547
 0242606 0038435 0311404 0015127 1524003 1879547 1150587 1367731 1705632 0872280 0033640 0018850 0031727 0033684 0038435 0205309 1879547 0027882
 1314939 0205263 0857127 0253023 1515370 0023688 1660771 0162638 1552738

 1879547 0011560 0332281 1705760 0002716 0333562 0611285 0025914 0025929 0026809 1441672 0003069 0439509
 0021467 0021469 1628982 3463820 0039796 0302350 1441414 1521840 1553874 1578820 2986546 3245505 0101467
 0010656 1720986 0010656 0332849 1444748 1720985 0010656 0392148 0549177 1527178 1705938 0017446 0205088 0205147 1705314 1705315
 1720986 0010656 0332256 2700400 0259419 1453171 0010656 0667830 0010656 0910167 0010656 0758959 0010656 2363430 1720985 0010656 0291573 0010656 0538091 0010656 0537969 0010656 0079613 0522506 0597304 0007634 0010813 0033684 0178539 0205369 0596311 1314939 1330957 1552740 0282443 1552617 0042789 1947903 1425988
 0010656 0291573 0010656 0543488 0700364 1883351
 0291573 0010656 0010656 0332281
 0684224 0700287 1280500 3273238 0026882 1705285 0611285 1955168 1524063 0085262 0662453 0031511 2697417 0007634 3282337 0085151 3538722 1564139 1456454 0033665 0002716 0011560 0033684 0611285 1709634 0085151 3538722 1456454 0033665 0002716 0011560 0033684 0611285 1709634 0086022 0442335 1705099 1880497
 0332128 1280500 2348382 1879547 0010656 1621396 1704259 1705987 0439849 1705630 1706279 3540605 0205217 0442805 0033268 2754100 0007587 0007634 0011065 1269647 1306577 1704653 1948049
 1292732 1280500 1999216
 0557061 2584313 1514811 1706462 3536909 0003241 0037083 0007634 0039421 0869011 1269647 1704653 1948049 3537152 0003241 0021027 0010749 0010754 0653778 1153524 1426584 0043194 0258432 1421478
 1567334 0291573 0010656 1320096 0003241 0037083 0007634 0039421 0869011 1269647 1704653 1948049 3537152
 1320096 0003241 0021027 0259419 1453171 0445425 0869011
 1320096 0003241 0021027 0667830 0043194 0258432 1421478
 1710236 0869011 0048553 0030563 0068820 0048553 0030563 0068820 0048553 0030563 0068820 0048553 0233072 0030563 0068820 0538091 0010656 0259419 1453171 0010656 0667830 0010656
 0968383 0003175 1254288 2827734 2981698 0072662 1292425 0205447 0043194 0258432 1421478
 0007585 0007634 0010453 0220814 0430400 1269647 1704653 1948049 2242979 0079411 3146294 1880022 0085151 3538722 1564139 1456454 0033665 0002716 0011560 0033684 0611285 1709634 0009013 1552738
 0085262 0007634 3282337 0012931 0012854 2827421 0475311 0596988 0085151 3538722 1456454 0033665 0002716 0011560 0033684 0611285 1709634 0017337 0010825 0086860 0441587 0522506 1524063 0449851 0681834 0036397 0185125
 0085262 0662453 0085262 0662453 0010454 0009458 0325564 0392747 0439536 1551720 1705217 3244283 0010453 0220814 0430400 2242979 0015965 0018837 0229671 0230445 0521457 1305418 1546774 1550100 0242295 1947943 2348609 1518416 0019944 0229671 0242616 1265527 1546774 1550100 0030842 0220892 0038425 0052009 0021178 0332256 2700400 2347816
 0009013 1550079 1561481 0442788 1367453 1705265 0150312 0449450 0557651 2603343 1707391 0185117 1527178 1705938 2348205 0332462 1880834 0205217 0442805 0036536 0036537 0009013 0349966 1337208
 1883351 0805874 0870077 1446409 0009013 0220908 1305399 1705053 0150312 0332285 2348042 2826345 0043227 0449450
 1515926 0150312
 0449911 0333052 2607870 0557702 1272706 1704674 0557702 1272706 1704674 0349966 1337208
 2827734 2981698
 1171362 0185117 0007600 0007634 0205132 1269647 1704653 1948049
 1366752 0085262 0007600 0007634 0205132 1269647 1550648 1552960 1704653 1948049
 0085262 0662453 0009013 1522642
 0085262 0662453 0009013 1522642
 0175723 0439645 1521913 1979900 0085151 3538722 0033666 0033665 1456454 2263112 0002716 0011560 0033684 0392747 0611285 1554963 1709634
 1171362 0185117 0085151 3538722 1142652 2348205 0009013
 2347469 0936012 0162518 0009458 0162867 1254021
 0009013 1547282 0442805 0033268 0009013 1707455 0086022 0442335 1705099 0369773 2603361 0369773 2603361 0369773 2603361 0369773 2603361 0022885 0039593 0392366
 0442805 0085862 0205449 0521093 0681814 0750484 1299583 0009013 1522642
 0085262 0007634 3282337 1704689 1547282 0205171 1720467 0442805 0085262 0007634 0086022 0442335 0662453 1705099 1707455 3282337 0086022 0442335 1705099 0369773 2603361 0369773 2603361 1550079 1561481 0442788 1367453 1705265 0022885 0039593 0392366
 0442805 0039798 0087111 1522326 1533734 1705169 3538994 0020281 0009013 0007600 0007634 0205132 1269647 1550648 1552960 1704653 1948049
 0162638 0007587 0007634 0011065 1269647 1306577 1704653 1948049 0033470 0021966 0033468 0487602 1516048 1704680 0016263 0806140 0814048
 0085262 0007634 3282337 1547282 0036667 0312418 0427965 1511883 1522640 2346484 2349185 0332324 0007634 0086022 0442335 1705099 1707455 3282337 0086022 0442335 1705099 0369773 2603361
 1705241 1705242 0332283 1719822 0022885 0039593 0392366 0369773 2603361
 0369773 2603361
 0369773 2603361
 0369773 2603361
 0369773 2603361
 0042295 1704970 0681814
 1511790 1511790 1273517 0014441 2717977 0005507 0014442 0021075 0243073 1510438 1517892 1704666 0557351 0003250 0003241 0746619 1552738
 0007587 0011065 1306577 0020281 0020275 0031180 0205263 0523702 0885426 0037633 0525069 0369637 0441923 1719918
 0681814 1516312 0243077 1524062 0041119 0033727 0369286 0441932 0564385 0020281 0369637 0441923 0020283 2348952 0033727 0369286 0441932 0564385 1516312 1999216 0291573 1311742 1707170 1824761 1516312 1999216 0538091 0672008 1516312 1999216 0667830 1516312 1999216 0910167 1259600
 1516312 0243077 1273517
 0242485 0005971 1139930 3537155 0332173 0439228 0439505 1301886
 0039798 0087111 1522326 1533734 1705169 3538994 0020281 0007634 3282337 1512335 0007703 1261552 1515981 1704379 1705117 2825408 0010454 0009458 0010453 0220814 0430400 0439536 1705217 2242979 3244283 0700198
 0441436 0993610 1998480 1548982 1720830 1823521 0006353 0024348 1536403 0019215 0146951 0133689 0242759 0031493 0016327 0013618 0012789 0064858 0047101 2678549 1882074 0020283 0450407 0450408 0450409
 1881488 0439267 0179834 0456692 0702093 1550101 0005507 0010656 0243073 1273517 1510438
 1265611 0201123 0521093 0788300 0038164 0022885 0033684 0039593 0392366 0750484
 1150130 0205177 0439167 0441655 1561536 0010813 0444706 0596311 1330957 3541902 0048553 0030563 0068820 0048553 0030563 0068820 0048553 0030563 0068820 0048553 0030563 0068820 0048553 0233072 0030563 0068820 0538091 0010656 0259419 1453171 0010656 0667830 0010656 0910167 0010656
 0033268 0456693 1442458 0702093 0030695 0150369 0181904 0596972 1521743 1704646 0182256 0312860
 1150130 0205177 0439167 0441655 1561536 0392747 0443172 1705241 0439148 1519795
 0439148 1519795 1704753 1880519 0014442 1265611 1704788 3539106 1514873 1883351 0439192 0702093 0007634 3282337
 1709793 0033470 0021966 0033468 0487602 1704680 0002778 0936012 1524024 0079366 1552738
 0085262 0007634 3282337 0006353 0024348 0142825 0008857 0037473 0376259 0597484 0146951 0133689 0242759 0332256 2700400 0033470 0021966 0033468
 0370003 2347026 0016263 0806140 0814048 0936012 1524063 0037585 0331782
 0007634 3282337 0007634 1516044 1704788 3282337 3539106 0444505
 0007634 3282337 0007585 2347576 0007634 0010453 0020498 0178587 0220814 0430400 2242979 3282337 0162339 0180454 1166718 0005971 1139930 1301886 0332293 0020281 1522326
 0007634 3282337 1512335 0006353 0024348 0370003 2347026 0020283 0450407 0450408 0450409 0017861 0012789 0006247 1260957
 0242301 1546559 0033684 0013855 0086972 0443299 0687118 0071500 0017243 0071499 1382104
 0033684 0071710 0025255 0348011 0596901 1706182
 0025255 0071720 0491958 0205343 0332575 1260956 2986582 1883351 0033684
 0457192 0205145 0991850 0026131 0028778 0332206 0332296 0349374 0424612 0444318 1880497 1996904 2825079 2983591 0041175 0006353 0036082 0077281 0814229 0041415
 1150587 1367731 1705632 0205225 0234621 0439631 1548787 0442726 0872280 0018850 0033640 0031727 0033684 0038435 0205171 1150587 1367731 1705632 1720467 1879547
 3536909 0442726 1511790 3536909 0003241 0021027
 0441648 0025255 0034760 0439844 1511790 1999244 0332157 0004400 0086296 1561571 1561572
 0025255 0001271 0243148 1550141 1882979 2587213 3274648 1321564
 0007634 3282337 0007585 2347576 0007634 0010453 0020498 0178587 0220814 0430400 2242979 3282337 0162339 0180454 1166718 0005971 1139930 1301886 0332293 0020281 1522326
 0439531 1948053 0040223 3541383 0009458 0439536 1705217 3244283 0700198 0007634 3282337 0005863 1567334 0291573 0010656 0667830 0010656 1320096 0003241
 0441633 0522510 1706907 2348589 1524063 0002778 0936012 1524024
 1148554 1179889 0026237 0391871 0521451 1283071 1883067 1383501 0012256
 0007634 3282337 0242606 0332157 0038435 0311404 0439531 1948053 0040223 3541383
 0441648 0991865 0006353 0031603 0031701 0036082 1601799 0007634 3282337 0006353 0332256 2700400 0037494 1959973 0038636 1161331 0031493 0016327 0033607 0012256
 0332282 1261552 1704379 1705117 2825408 0456692 0702093 1550101 0086972 0441436 0443299 0687118 0993610 1998480 0026237 0332529 0440266
 1550101 0332256 2700400 1333198 0033684 0007703 1998793 0439267 0456692 0702093
 1265611 0439267 0017243 0050587 1382104 1708715 0600209 0086972 0443299 0687118 1704732
 0020985 0003250 0003241 0021027 0025255 1321564 1413634 0001271 0218063 1708715 0332197 1689985
 1148554 0005971 1139930 3537155 0332173 0439228 0439505 0005971 1139930 3537155
 0007634 3282337 0700308 0033727 0369286 0441932 0564385 0968383 0020281 0444953 0033727 0369286 0441932 0564385 1524062
 1720920 0230840 0025251 0596952 0025255 0596901 1706182 3245505 0444706 3541902 1524063 0073192 0600322
 0013343 0007585 0010454 0007634 0009458 0010453 0220814 0430400 0439536 1269647 1524062 1704653 1705217 1948049 2242979 3244283 0086045 1446561 0369637 0441923 0702093
 0007634 3282337 1548982 0120742 0543134 0036140 0037494 0037633 0205415 0206136 0525069 1720725 1948050 1423529 0016315 0016315 1514743 1706461 0677601 1705206 0005526 0036397 0376558
 0520511 1704711 1720920 0025251 0596952 0025255 0026237 0521451 0596901 0725813 1706182 3245505
 0444504 1442162 1550718 2347634 2348143 3244317
 1707455 1709451 0022885 0039593 0392366 0022885 0038492 0039593 0392366 1551041 1552573 0086022 0205447 0442335 1705099 0332283 0022885 0039593 0392366 0687676 1704687 0086022 0205448 0442335 1705099 0042295 1709380 0750591 0237881
 0557061 2584313 1514811 1706462 0079411 3146294 1880022 1514559 1292732 1280500 0162638 1273517 0009013 0085151 3538722 0033665 1456454 0002716 0011560 0033684 0611285 1709634 0006556
 1171362 0185117 0007600 0007634 0205132 1269647 1704653 1948049 0005863 0521093
 1517001 0443640 0003241 0021027 1518422 1705920 0450344 1553633 1171362 0428479 0185117 0441889 3244092 0009013 0007634 0442726 1511790 3282337 0009013 0007634 1515981 3282337 0332256 2700400 0026882 1705285
 0007585 0010453 0220814 0430400 2242979 1550101 0936012 0033268 0443289 0332462 1880834 0205250 3163633 0441889 0009013 0007634 1707455 3282337 0450345
 0026882 1705285 0023175 0181586 1442948 1522538 2348269 2349975 3275067 0205263 0162638 1524063 0020281 0020275 0031180 0523702 0885426
 0376669 0332472 1881708 1179920 0033470 0021966 0033468 0442726 0487602 1511790 1704680 0016263 0806140 0814048
 0442824 0009013 1704689 0026882 1705285 0332157 0274281 0242606 0038435 0311404 0033727 0369286 0441932 0564385 0442805 0007634 3282337 0086045 1446561 0020281
 0039798 0087111 1522326 1533734 1705169 3538994 0007634 0442805 0806909 1516044 1552615 1708698 2349975 2826546 3282337 0085262 0007634 3282337 0007634 1704689 1707455 3282337 0031249 0007634 0086022 0243148 0442335 1550141 1705099 1882979 2587213 3274648 3282337
 0009013 0036667 0312418 0427965 1511883 1522640 2346484 2349185 0007587 0007634 0011065 1269647 1306577 1704653 1948049
 0242606 0038435 0311404 0205263 1159825 1879547 0038435 0006104 1269537 1850496 0598940 0007634 0015127 0205164 0205447 0521390 1269647 1517945 1524003 1704653 1948049 0030705
 0441712 1706376 0439673
 0700364 1883351 1145667 1167622 0025552 0009968 2347872 2348263 0860976 0302583 0376520 1166521 0020281 0332294 0020275 0031180 0033268 0523702 0678226 0885426
 2611812 1707310 1879547 0332282 0242606 0038435 0311404 1518422 0557651 2603343
 0557651 2603343 0444706 0449770 0205177 0439167 0441655 1561536 0005863
 0010813 0596311 1330957 2828366 0392148 0010453 0274281 0332157 0020281 0020275 0031180 0523702 0885426
 0205177 0439167 0441655 1561536 0205263 0007634 1279919 3282337 0011744 0033727 0369286 0441932 0564385 0205263 0857127
 1150139 1150130 0205177 0439167 0441655 1561536 0259419 1453171 0040223 0205250 3163633 3541383 0007634 0086022 0442335 1705099 1707455 3282337
 1150139 1150130 0205177 0439167 0441655 1561536 0011744 0033727 0369286 0441932 0444706 0564385 3541902 0205177 0439167 0441655 1561536 0007634 3282337 0085262 0007634 0086022 0150312 0332285 0442335 0662453 1705099 3282337 0450354 1706096
 0449911 0333052 2607870 0557702 1272706 1704674 0557702 1272706 1704674 0349966 1337208
 0740116 2827735 2981700
 0449247 0808270 0040223 0750729 3541383 0033684 0085262 0007592 0007634 0662453 2828366 3282337 0039798 0087111 1522326 1533734 1705169 3538994 0020281
 0439582 0040223 0439531 1948053 3541383 0007634 3282337 0015272 1150139 0474395 1150130 0205177 0439167 0441655 1561536 0007634 1707455 3282337 0031249 0086022 0442335 1705099 0243148 1550141 1882979 2587213 3274648
 0086022 0205448 0442335 1705099 0443289 1705241 1705242 0369773 2603361 0449247 0040223 0750729 3541383 0369773 2603361
 2347469 1150139 1150130 0205177 0439167 0441655 1561536 0259419 1453171 0205263 0007634 1279919 3282337 0011744 0033727 0369286 0441932 0564385 1518761 0205263 0857127 0242606 0332462 1880834 0205250 1299351 2700149 0031249 0086022 0442335 1705099 1707455 0243148 1550141 1882979 2587213 3274648 0369773 2603361
 1511726 3245479 1704970 0681814
 0949466 0005863 0001282 0002778 0936012 1524024 1705493 0085262 0007634 3282337
 0185117 0007634 3282337
 0441712 1706376 0010813 0014436 0596311 1330957 1548958 1705294 1709305 2745955 0030685 0391871 0439180 0680255 1283071 1963578 0549177 0010813 0596311 1330957 1514468
 2607943 2926606 3539655 1148554 0205177 0439167 0441655 1561536 0010813 0596311 1330957 0011744 0033727 0369286 0441932 0564385 0205263 0857127 0020281
 1159825 1879547 0205250 1299351 2700149 0031249 0086022 0442335 1705099 1707455 0243148 1550141 1882979 2587213 3274648
 1314939 0077503 0041368 1323304 1456820 0332281 0333516 1720947 0245662 0425043 0011065 0015576 0027540 0027651 0597357 1306577 1334928 1521761 1578706 1704727 2827422 3273930 1150142 1150130 0205177 0439167 0441655 1561536 0667830 1135629 0296346 0033684
 1314939 1709694 0085151 3538722 1456454 0033665 0002716 0011560 0033684 0611285 1709634 0162638 0667830 0010656 0684224 0700287 3496591 0332185
 0233660 0332206 0966060 0007587 0007634 0011065 1269647 1306577 1704653 1948049
 0332128 1159825 1879547 0007600 0007634 0205132 1269647 1704653 1948049 1514559 0441889 1314939 0242606 0038435 0311404
 0048553 0030563 0068820 0079809 0242485 1150142 1150130 0205177 0439167 0441655 1561536
 0150312 0332285 2348042 2826345 1150142 1150130 0205177 0439167 0441655 1561536 0667830 0205217 0332462 0442805 1880834 0011744 0033727 0369286 0441932 0564385 0205263 0857127 0085262 0007634 3282337 0026882 1705285 0040223 0851827 1701901 2349975 3244310 3541383 0031249 0086022 0442335 1705099 1707455 0243148 1550141 1882979 2587213 3274648 0349966 1337208 2347469
 1159825 1879547 0597304 0010813 0596311 1330957 0332255 1708096 1532717 0332255 1708096 1517331 1522240 1532717
 0332255 1708096 1883708 0205242 0333853 1883351
 1273517 0003241 0021027 0332255 1708096
 0949466 0005863 0002778 0936012 1524024 1705493 1547282 0185117 0085262 0007634 3282337
 0439582 0040223 0439531 1948053 3541383 1171362 0185117 0205250 1299351 2700149 0031249 0086022 0243148 0442335 1550141 1705099 1707455 1882979 2587213 3274648 0450366
 0449911 0333052 2607870 0557702 1272706 1704674 0557702 1272706 1704674 0349966 1337208
 0439086 2827736 2981702
 0449247 0040223 0750729 3541383 0033684 0085262 0007592 0007634 0662453 2828366 3282337 0039798 0087111 1522326 1533734 1705169 3538994 0020281
 2347469 1150142 1150130 0205177 0439167 0441655 1561536 0011744 0033727 0205263 0369286 0441932 0444706 0564385 0857127 3541902
 0007634 3282337 0015272 1707919 0205177 0439167 0441655 1561536 0031249 0086022 0442335 1705099 1707455 0243148 1550141 1882979 2587213 3274648 0369773 2603361 0086022 0442335 1705099 0086022 0442335 1705099
 0439582 0040223 0439531 1948053 3541383 1171362 0185117 0205250 1299351 2700149 0031249 0086022 0243148 0442335 1550141 1705099 1707455 1882979 2587213 3274648 0003241 0021027 0442726 1511790 0332255 1708096
 0005863 1547282 0302523 0700325 3244290
 1883712 0936012 1150137 1150130 0441655 0538091 0010656 1524063 0048553 0030563 0068820 0048553 0030563 0068820
 0442739 1548568 0392747 0443172 0538091 0010656 0007587 0242606 0007634 0011065 0038435 0150312 0205263 0311404 1269647 1306577 1704653 1948049 0018956 0085262 0007634 3282337 0243148 1550141 1882979 2587213 3274648 1511726 3245479 1518422 1547282
 1150132 0474395 1150130 0205177 0439167 0441655 1561536 0871261 1704632 1706817 2911692 1521827 0007592 2828366 0444706 3541902 0085732 1710236 0291573 0010656 0205242 0333853
 2828366 1547282 1183162 0010813 0596311 1330957 0349966 1337208
 0012634 0348080 1705253 1705241 1705242 0086022 0442335 0442726 1511790 1705099 0085262 0007634 3282337
 0274281 0332157 0242606 0038435 0311404 1150132 1150130 0205177 0439167 0441655 1561536 0291573 0205217 0442805 2584321 0205177 0439167 0441655 1561536 0442805 1720986 0259419 1453171 0010656 1444748 1707455
 0085262 0007634 3282337 1547282 1150132 1707919 1150130 0205177 0439167 0441655 1561536 0009013 0086022 0442335 1705099 1707455 0442805 0007634 3282337 0450373 1553636
 0005863 0150312 1171362 0185117 0085262 0007634 3282337 0007634 0243148 1550141 1707455 1882979 2587213 3274648 3282337 0450375
 1171362 0185117 0444953 0332120 0020281 0033727 0274281 0332157 0369286 0441932 0564385 0020985 0002778 0936012 1524024 0450376
 0449911 0333052 2607870 0557702 1272706 1704674 0557702 1272706 1704674 0349966 1337208

 0449247 0040223 0750729 3541383 0033684 0085262 0007592 0007634 0020281 0332293 0662453 1522326 2828366 3282337
 1150132 1150130 0205177 0439167 0441655 1561536 0444953 0033727 0369286 0441932 0564385 2584321 0010813 0596311 1330957
 0007634 3282337 1547282 1150132 1150130 1707919 0205177 0439167 0441655 1561536 0007634 0086022 0442335 1705099 1707455 3282337
 1150132 1150130 0205177 0439167 0441655 1561536 0444953 0033727 0274281 0332157 0369286 0441932 0564385 2584321 0020281 0369773 2603361 0369773 2603361 0086022 0442335 1705099 0086022 0442335 1705099
 1511726 3245479 1704970 0205451 0681814
 2347469 1718396 0449247 0040223 0750729 3541383 0086022 0205448 0442335 1705099 0007600 0007634 0205132 1269647 1550648 1552960 1704653 1948049 0369773 2603361 0449247 0040223 0750729 3541383 0369773 2603361
 0427716 1304757 0086045 1446561 0444953 0020281 0033727 0274281 0332157 0369286 0441932 0442726 0564385 1511790 0020985 0002778 0936012 1524024
 0369773 2603361
 0369773 2603361 0243148 1550141 1882979 2587213 3274648
 1511726 3245479 1704970 0681814 1553033
 1159825 1879547 0871261 1704632 1706817 2911692 0026237 0242606 0032214 0600138 0035820 1705810
 0031847 0277785 0332257 0010749 0010754 0653778 1153524 1426584 0010798 1325304 0763396 1826618 0162638 0205263 1521761 2827422 0391871 1283071 1383501
 0220781 0439634 1522492 0664613 1332098 0030946 1516044 1521761 1879547 1947941 2827422 0910167 0010656 1515877 1879547 0010656 0162638 0007587 0007634 0011065 0332152 1269647 1306577 1516044 1522538 1704653 1948049 0450382
 0332128 0242606 0038435 0311404 1515877 1879547 0910167 0010656 1524063 0312586 0003241 0021027 0205369 1552740 1335533 0033684 0205242 0332255 0333853 0486805 1515981
 0442726 1511790 0442805 0039798 0087111 1522326 1533734 1705169 3538994 0007634 3282337 0020281 0020275 0031180 0523702 0885426 1553637
 0085262 0007634 3282337 1547282 0185117 0007634 0086022 0442335 1705099 1707455 3282337
 0442805 0005863 0949466 0442726 1511790 1705493 1524063 0443640 0003241 0021027
 1265611 1518761 0242606 0033727 0038435 0205263 0311404 0369286 0441932 0442726 0564385 0857127 1511790
 1883712 1150135 1150130 0441655 0444706 3541902 1524063 0048553 0030563 0068820 1881488 0007634 3282337
 1159825 1879547 0011744 0033727 0369286 0441932 0564385 0205177 0439167 0441655 1561536 0085151 3538722 0033665 0018956 1456454 0002716 0007634 0011560 0033684 0205217 0442805 0611285 1709634 3282337 0031249 0086022 0442335 1705099 1707455 0243148 1550141 1882979 2587213 3274648 1705242 0007634 3282337
 0449911 0333052 2607870 0557702 1272706 1704674 0557702 1272706 1704674 0349966 1337208
 0439084 0728893
 0949466 0005863 0001282 0002778 0936012 1524024 1705493 0085262 0007634 3282337
 1511726 3245479 0681814 1551058 1706386 1882932 0040223 0205341 0205449 1632851 2607943 2926606 3539655
 0185117 0007634 3282337
 2347469 1881488 0031249 0086022 0442335 1705099 1707455 0243148 1550141 1882979 2587213 3274648 0369773 2603361 0086022 0442335 1705099 0369773 2603361 0086022 0442335 1705099 1883559 0332307 0445392 1547052
 0030685 0391871 0439180 0680255 1283071 1963578
 1264633 0026237 0086972 0359583 0443299 0687118 1264633 0005863
 0442805 0442726 1511790
 0243148 1550141 1882979 2587213 3274648 1718641 0001271 0003241 0021027 0220825 1708715
 1879547 0185112 0300926 0872280 0018850 0033640 0031727 0033684 0038435 1879547 1150587 1367731 1705632 0032214 0600138 0035820 1705810 0871732 0014406 0038435 0205263 0332307 0041625 1961129 0034519 0560559 0851346 1522449 1524020 1524021 0079189 1524094 0012860 0010957 0012854 1883709
 0007587 0007634 0011065 1269647 1306577 1704653 1948049 3266896 1879547 1150587 1367731 1705632 0225828 0596981 1441672
 0376649 1442065 1522634 1879547 0085151 3538722 0033665 1456454 1514559 0002716 0011560 0033684 0392760 0611285 1314939 1709634
 0884358 0005863 0442726 1879547 0162508 3536909
 0039798 0087111 1522326 1533734 1705169 3538994 0205263 0031715 1158886
 0185117 0033727 0369286 0441932 0442726 0564385 1511790 0185117 0007634 3282337 0007634 1707455 3282337 0031249 0086022 0243148 0442335 1550141 1705099 1882979 2587213 3274648
 1879547 1150587 1367731 1705632 0007610 0040649 0162508 3536909 0040648 0040649 1521761 2827422
 1150587 1367731 1705632 1441672 1825598 1879547
 0681814 0022702 0220865 2825046 0031715 1150587 1158886 1367731 1705632 1707520 1511790 3536909 0033727 0369286 0441932 0564385 0039798 0087111 1522326 1533734 1705169 3538994
 0185117 0522501 0205250 3163633 0332293 1522326 1707455 0031249 0243148 1550141 1882979 2587213 3274648 0020275 0444953 0033727 0369286 0441932 0564385
 0449911 0333052 2607870 0557702 1272706 1704674 0557702 1272706 1704674 0349966 1337208

 1879547 0162508 3536909 0007634 3282337 0005863 1524063 1150587 1367731 1705632 0368815 0369773 0003241 1150587 1367731 1705632 0872280 0205177 0439167 0441655 1561536
 0007634 3282337 0015272 1171362 0428479 0185117 0441889 3244092 0085262 0007634 3282337 0007634 0086022 0442335 1705099 1707455 3282337
 1150587 1367731 1705632 0033727 0274281 0332157 0369286 0441932 0442726 0564385 1511790 0242606 0038435 0311404
 0185117 0522501 0007634 0205250 3163633 3282337 0332293 0031249 0020281 0086022 0442335 1522326 1705099 1707455 0243148 0039798 0087111 1522326 1533734 1705169 3538994 0020281
 1265611 0444953 0007634 0020281 0033727 0039798 0087111 0369286 0441932 0442726 0564385 1511790 1522326 1533734 1705169 3282337 3538994
 0369998 1718641 0003242 0001271 0003241 0021027 0521093 0750484 1456348 1708715
 0005863 1547282 0302523 0700325 3244290
 0199176 1706420 2700409 1879547 0010656 0871261 1704632 1706817 2911692 0242606 0038435 0311404 0332128 3245505 0085262 0007634 3282337 0162638
 1516312 0243077 0085262 0007585 0007634 0010453 0662453 1524062 3282337 0040223 3541383 1511726 3245479 1518422 1547282
 1545588 1516312 0010656 0243077 1999230 1883712 0086045 1446561 0033727 0369286 0441932 0564385 1883310 0274281 0332157
 0349966 1337208 1547282
 0205171 1720467 1516312 1999216 1311742 1707170 1824761 0085732 1299581 0007634 3282337 0441889 0456079 1547707 2946261 0031249 0007634 0243148 1550141 1882979 2587213 3274648 3282337
 1550147 2709094 3539075 3539076 0243077 0667830 0010656 1444748 0441889 0007634 3282337
 0449911 0333052 2607870 0557702 1272706 1704674 0557702 1272706 1704674 0349966 1337208

 0162638 0007587 0007634 0011065 1269647 1306577 1704653 1948049 0020281 0085262 0007634 3282337
 0162638 0007587 0007634 0011065 1269647 1306577 1704653 1948049 0033470 0021966 0033468 0487602 1516048 1704680 0016263 0806140 0814048
 0085262 0007634 3282337 1547282 0036667 0312418 0427965 1511883 1522640 2346484 2349185 0332324 0007634 0086022 0442335 1705099 1707455 3282337 0369773 2603361 0022885 0038492 0039593 0392366 1551041 1552573
 0681814 0007634 3282337 0041119 0033727 0369286 0441932 0564385 1516312 0243077 0968383 0312860 1883708 0332157 0020281 0033727 0369286 0441932 0564385
 1516312 1999216 0392756 0162638 0007587 0007634 0011065 1269647 1306577 1704653 1948049 0369773 2603361 1709451 0022885 0039593 0392366
 1550147 2709094 3539075 3539076 1150587 1367731 1705632 0667830 0010656 1516312 0243077 0392756 0162638 0007587 0007634 0011065 1269647 1306577 1704653 1948049 0007634 0086022 0442335 1705099 3282337
 0042295 1704970 0681814
 0005863 1547282 0040669 0007634 3282337 1621396 0023175 0181586 1150587 1367731 1442948 1522538 1704259 1705632 1705987 1879547 2348269 2349975 3275067 0242606 0038435 0311404
 1292732 1280500 2348382 1999216 3161035
 0444706 3541902 1150130 0441655 1720920 0025251 0596952 0025255 0026237 0521451 0596901 1706182 3245505 1999216 0449234 1704772 1882133 1314939
 0150312 2267000 0301630 0392756 0441610 0086022 0205448 0442335 1705099 0369773 2603361 1150132 1150130 0205177 0439167 0441655 1561536 0291573 0086022 0205448 0442335 1705099 0369773 2603361 1881488 0312860 1150587 1367731 1705632 1999216 1150139 1150130 0441655 0667830 0010656 1518422 0392747 0349966 1337208
 1150135 0910167 1150130 2267000 0010656 0205177 0301630 0392756 0439167 0441610 0441655 1561536 0085732 1299581 0442726 1545588 1720920 0025251 0596952 0025255 0026237 0521451 0596901 1706182 3245505 0968383 0349966 1337208 1314939 0026237 0037083 3537152 0242606
 0039798 0087111 1522326 1533734 1705169 3538994 0007634 0237881 0442805 0750502 1516044 1546944 1708698 3282337 0085262 0007634 3282337 0450389 0007600 0007634 0086022 0205132 0442335 1269647 1550648 1552960 1704653 1705099 1707455 1948049 0439073 0439082 0007634 3282337 1150587 1367731 1705632 1999216 0015272 0441889 0349966 1337208
 0449911 0333052 2607870 0557702 1272706 1704674 0557702 1272706 1704674 0349966 1337208

 2267000 0301630 0392756 0441610
 0007634 3282337 0312860 0968383 0020281 1439852
 1150130 0441655 0033684 0444706 1383501 3541902
 1881488 1150587 1367731 1705632 1999216 0392756 0007634 1707455 3282337 1550147 2709094 3539075 3539076 1999216 0086022 0205448 0442335 1705099 0369773 1550147 2603361 2709094 3539075 3539076
 2267000 0301630 0392756 0441610 1550147 2709094 3539075 3539076 0007634 3282337 1999216 0011744 0033727 0274281 0332157 0369286 0441932 0444706 0564385 3541902 0242606 0038435 0311404 0369773 2603361 0007634 3282337 0369773 2603361 0007634 3282337
 0291573 0010656 0392756 1150587 1367731 1705632 1999216 0086022 0205448 0442335 1705099 0449247 0040223 0369773 0750729 2603361 3541383 1550147 2709094 3539075 3539076 0301630 0392756 0441610 1150132 1150130 0205177 0439167 0441655 1561536 0291573 0274281 0332157 0011744 0242606 0038435 0311404 0369773 2603361 0007634 3282337
 1150139 1150130 0441655 0667830 0010656 1518422 0392747
 0042295 1704970 0681814
 0449911 0333052 2607870 0557702 1272706 1704674 0557702 1272706 1704674 0349966 1337208

 0002778 0936012 1524024 1720920 0242606 0038435 0311404 0023175 0181586 0392756 0547047 1442948 1522538 2348269 3275067 1720920 0025251 0596952 0025255 0026237 0521451 0596901 1706182 3245505 0085262 0599757 0007634 0369637 0441923 0662453 3282337
 2612224 1156295 0301630 0392756 0441610 0007634 1709305 2745955 3282337 0369773 2603361 0007634 3282337 0871472 0022885 0039593 0392366 2603360
 1550147 2709094 3539075 3539076 0968383 0274281 0332157 0020281 0026237 0392756 0547047 0007600 0007634 0205132 1269647 1704653 1948049 0369773 2603361 0007634 3282337 1709451 0022885 0039593 0392366
 2985663 0557651 1514811 1706462 2603343 1999230 0332120 0085151 3538722 0033665 1456454 0002716 0011560 0026882 0033684 0611285 1705285 1709634 1710263 0015127 1524003 0441712 1706376 1548602 1704686
 0007587 0007634 0011065 1269647 1306577 1704653 1948049 1522168 1555712 0947630 2347946 1184743 1522240 1515655 1518422 2963144
 0947630 1883254 0030956 0185125 0439300 0441889 0205251 0205296 0439282 0441889 1299352 1550472 1551058 1979874 0006104 0150312 1269537 0007806 0007807 0005889 0302908 0444611 1704353
 0235032 0205263 0557651 0947630 1280500 2603343 0012634 0348080 1705253 0027552 0686904
 0007634 3282337 0333562 0333463 0392079
 0007613 0542341 1882932 0441471 1707310
 1705175 1705176 1705177 1705178 1882348 1515655 1883351 0085262 0018956 0427861 0007634 3282337 0026882 1705285 0611285 1955168
 0085262 0007634 3282337 1547282 1171362 0185117 0428255 0205251 0332152 0441889 1299352 1522538 1550472 0033268 0439297 0439526 0439297 0439526 0587267 1515655
 0007600 0205132 0683607 1883351 0557651 2603343 1280500
 0185117 0085262 0007634 3282337 0274281 0332157 0242606 0038435 0311404
 0332148 0750492 0033268 0871133 0007634 3282337 0007587 0007634 0011065 1269647 1306577 1704653 1948049 0683579 1705535 1883351 0006104 1269537 1709305 2745955
 0085732 1299581 1547282 1150132 1150130 0205177 0439167 0441655 1561536 0291573 2349975 0007634 0086022 0442335 1705099 1707455 3282337
 1547282 1150132 0474395 1150130 0205177 0439167 0441655 1561536 0031249 0007634 0086022 0243148 0442335 1550141 1705099 1707455 1880497 1882979 2587213 3274648 3282337 0439792 0547044 0007634 3282337
 1511726 3245479 1705535 0442811 0205251 1299352 1550472 0441889 0205410 0750492 0871133 0007634 3282337 0162638
 0521093 0750484 2607943 2926606 3539655 1150135 1150130 0205177 0439167 0441655 1561536 0910167 0205217 0442805 1720920 0025251 0596952 0025255 0026237 0040223 0445247 0521451 0596901 1515981 1706182 3245505 3541383 0441994 1272755 2003888 2347578 0007634 0205170 3146287 3282337 0031249 0007634 0086022 0243148 0442335 1550141 1705099 1707455 1882979 2587213 3274648 3282337 0205263 0857127 0242606 0038435 0311404
 1883712 0332128 1720986 0010656 1552738 3269136
 0667830 0010656 1514762 0011065 0037083 0597357 1306577 1314939 3537152 0242606 0037083 0038435 0311404 1879547 3537152 0085262 0007634 3282337
 1879547 0522501 0007634 0205250 3163633 3282337 0007634 1707455 3282337
 0442805 0678226 1280500 3146286 1327616 0007587 1720947 1514760 0007634 0011065 0597357 1269647 1306577 1704653 1948049 0086597 0127400 1518422 2963144 1261322 1552578
 0150312 0332285 2348042 2826345 0085262 0007634 0662453 1441672 3282337 1159825 1879547 0037083 3537152 0242606
 0007634 3282337 0205177 0439167 0441655 1561536 0332462 1880834 0205250 1299351 2700149 0085262 0007634 0086022 0442335 0662453 1705099 1707455 3282337
 0037088 0243095 2825141 0543488 1511726 3245479 0259419 1453171 0010656 0175996 0178719 0392752 1185625 1382196 0332257 0026237 0018042 1383501 0007610
 0038435 0015127 1314792 1524003 1159825 1879547 0026237 1514873 0205263 0030685 0391871 0439180 0680255 1283071 1963578 0450387
 2349975 0033268 0185117 0205217 0442805 1709305 2745955 1325278 0243102 1537044 0205177 0439167 0441655 1561536 0205681
 0441889 0259419 1453171 1159825 2346661 0010656 0023175 1442948 1522538 1879547 2348269 2349975 3275067 0541749 1709743 3266896 1879547 0026237 0450388
 0686907 0010749 0010754 0653778 1153524 1426584 0010798 1325304 0391871 1283071 1383501 0332294 0678226 1879547 0439855 1704241 0664613 1332098
 0521115 1280500 0750591 1705241 1705242 1159825 1879547 0007634 3282337
 1511726 3245479 0205263 0599947 0030685 0391871 0439180 0680255 1283071 1963578 0026237 1427590 3540545 3540629 1427590 3540629
 1427590 3540545 3540629 0439673 1521761 2827422 0007634 1269647 1314939 1704653 1948049 3161035
 1159825 1879547 0259419 1453171 1709305 2745955 0007634 1269647 1279919 1704653 1948049 3161035 0027882 0011065 1306577 0010656 1883351 0032214 0600138 0035820 1705810
 1442162 1550718 3244317 0035820 1705810 1704259 1705987 0752312 1979930 1516373 0007634 0032214 0037083 0038435 0178539 0600138 3537152 1292732 0439849 1705630 1706279 3540605 0162638 0026882 1705285 0085151 3538722
 0242606 0038435 0311404 0023175 0181586 1150587 1367731 1442948 1522538 1705632 1879547 2348269 3275067
 1150587 1367731 1705632 0449604 2945843 0205145 2349975 0205177 0439167 0441655 1561536
 0442824 0085732 1299581 0085262 0007634 0662453 3282337 1704689 1879547 0162508 3536909 2349975 0007634 1707455 3282337
 0040223 3541383 1879547 0162508 3536909 0205217 0442805 0007634 0086022 0442335 1705099 1707455 3282337
 1705535 1705242 0441889 0205263 1879547
 2267000 0301630 0392756 0441610 1524063 0968383 1150139 1150130 0441655 0667830 0010656 1709843
 1999216 0205432 1704258 0242606 0038435 0311404 0205263
 0086282 0031715 1158886 0450389 1150587 1367731 1705632 1274040 1546471 2825142 0183683 1521721 0332120 1150587 1367731 1705632 0392747 0031843 0542341 0700205 1705273
 0332185 1709908 0684224 0700287 1705242 3496591 0441833 0687744 1257890 1552516 1552839 1705428 1705429 1422725 1417025 1145667 1167622 1511625 0162808 1514562 1880389 1883221 3541951
 0033684 1179132 0033684 1300196 0680022 1707310 1883351 0037083 3537152
 1441414 1553874 1578820 1179132 0033684 0085139 1622129 0086597 0040756 2239248 0085151 3538722 1456454 0033665 0002716 0011560 0033684 0611285 1709634 1883351 0597357
 1511726 3245479 1709694 0032214 0600138 0035820 1705810
 1179132 0038164 0033684 0332620 0337143 1709305 2745955 1883351 0016884 2986669
 1883712 1292732 1280500 1999216
 0205171 1720467 1516312 1999216 0291573 0085732 1299581 0162638 0441889 0456079 1547707 2946261 0007634 0243148 1550141 1882979 2587213 3274648 3282337
 0021467 0021469 1628982 3463820 0910167 0010656 1280519 1704419
 0235828 0332268 0162638 0007587 0007634 0011065 1269647 1306577 1704653 1948049 0231186 1704259 1705987 0449234 1704772 1882133
 0039798 0087111 1522326 1533734 1705169 3538994 0020281 0020275 0031180 0523702 0885426 1720986 1159825 0010656 0023175 0181586 1442948 1444748 1522538 1879547 2348269 3275067 0021467 0021469 1628982 3463820 1518422 0162638 1704259 1705987 2987476 0349966 1337208
 0152057 0152058 0220808 0027882 0003062
 0332268 1515670 0035696 0185117 0205217 0205432 0442805 0033684 1427590 3540545 3540629
 0449911 0333052 2607870 0557702 1272706 1704674 0557702 1272706 1704674 0349966 1337208

 0004793 0162326 0162327 1519249 0007587 0007634 0011065 0332152 1269647 1306577 1522538 1704653 1948049 0276496 0002395 1521724 0277558
 1704259 1705987 0085151 3538722 0033665 0085262 0018956 1456454 0002716 0007634 0011560 0033684 0611285 0662453 1709305 1709634 2745955 3282337 0012634 0348080 1705253
 0205102 0439674 1704259 1705987 1879547 0007634 3282337 0026237 0031847 0277785 0332152 0521451 1522538 0031249 0086022 0442335 1705099 1707455 0243148 1550141 1882979 2587213 3274648
 0026237 0002684 0079613 0010749 0010754 0653778 1153524 1426584 0010798 1325304 0391871 1283071 1515877 1879547 0910167 0010656
 1705241 1705242 1150135 1150130 0205177 0439167 0441655 1561536 0007634 3282337 1441672 1521761 2827422 1427590 3540545 3540629 1512772 0332283 0086282 1332320 0015576 0021467 0021469 0162638 0680022 1628982 1704727 1999216 3463820 1314939
 0332462 1880834 0205250 3163633 0441889 0007634 1707455 3282337 1150587 1367731 1705632 2349975 1274040 1546471 2825142 0259419 1453171 0010656 1159825 1879547 0667830
 0443193 1446614 2700387 0291573 1159825 0010656 1274040 1546471 1879547 2825142 1278561 1705848
 0233660 0332206 0018790 0237477 0392351 0521111 0419518 0445022 1518422 0309872 0007587 0007634 0011065 1269647 1306577 1704653 1948049
 1552616 1706244 0004793 0162326 0162327 1519249 1517892 1704666 0276496 0277558 0002395 1521724 0033268 1879547 0031847 0277785 1850496 0349966 1337208
 0006104 1269537 0870882 0311400 0871208 1521828 1524026 2707259 0332157 1319127 0441889 0376558
 0030705 0276496 1319127 0441889 0039485 0007776 0205217 0442043 0442805 0542339 0678975 1176472 2362314 2700441
 0557651 2603343 1524063 3161035 0750492 0205217 0442805 0033268 0376558 0861064 0023175 0205217 0442805 1442948 1522538 2348269 3275067 0162638 0007587 0007634 0011065 1269647 1306577 1704653 1948049 0027882 0030705 0276496 0277558
 2825232 0043227 0018173 1521721 0424093 0031831 1707664 2348314 3540849

 0010186 0220812 0449719 1709471 0220808 0680264 0007961
 1706852 0522501 1706089 0949214
 0205155 1293097 1522472 1552923 1705191
 0282413 0376649 1442065
 0700085 0205225 1542147 0017480
 0254343 0796520 3272379
 0450388
 0085205 1549619 1880669 0450388
 0013849 1705961 0024492 1538057 1547565 0011198 0017480 3541240 0000723 1273517 0002716 0011560 0611285 0033684
 0085151 3538722 1456454 0033665 0002716 0011560 0033684 0611285 1709634 0085151 3538722 1456454 0033665 0002716 0011560 0033684 0611285 1709634
 0002395 1521724 0012634
 0276496 0277558 0002395 1521724 0276496 0277558 0002395 1521724
 0348078 0376315 1522492
 0085151 3538722 1456454 0033665 0002716 0011560 0033684 0611285 1709634
 1150587 1367731 1705632 0248813 0380051 1367731 0872123 0872053 1334482 1367019 1707271 0162508 0031727 0205088 1553033 1705314 1705315 3536909
 0048553 0030563 0068820 0048553 0030563 0068820
 0047101 0439086 2827736 2981702 0001128 0202406
 0033470 0021966 0033468 0033470 0021966 0033468
 0002780 0002778 0936012 1524024
 0001992
 1514811 1706462 0557061 2584313 1514811 1706462 0205090 0684010 2603358 0369637 0441923
 0369637 0441923
 0033727 0369286 0441932 0564385 0369637 0441923


 0205090 0684010 2603358 0369718 0441922 1553036

 0205090 0684010 2603358

 2347469
 0439267 0681440 0439394 1706495 3642217
 0205090 0684010 2603358
 0439394 1706495 3642217 0150789 0183644 0369637 0441923

 0349590 1262865 0025141 0205090 0684010 2603358 2347469

 0332319 0369773 2603361
 2347469 0331968 2699100 0369773 2603361 0205090 0684010 2603358 0337841 0325045 1688274 0369637 0441923

 2603360
 0016327 0439133 1553038 3463939 0439267 0759909 1135895 0369637 0441923
 0036397 2347469 0759909 1135895 0205090 0684010 2603358 0597277 1708601



 0201682
 2945617
 0999213 0016327 0439133 1553038 1006780 0439267 1006780 0033727 0369286 0441932 0564385 0033727 0369286 0441932 0564385 2603362
 2603360
 0205090 0684010 2603358
 0369773 2603361
 2603362
 0181909 0449878 0033727 0369286 0441932 0564385
 2603360 0369773 2603361 0369773 2603361



 0201682
 0033727 0369286 0441932 0564385 0439267


 0201682
 2603362
 0016327 0439133 1553038 3495095 0033727 0369286 0441932 0564385 1006780 1553033 1551910 1006780 0439267


 0201682
 0205090 0684010 2603358

 2603360
 0205090 0684010 2603358
 2603362


 0451119 1444662
 0439086 2827736 2981702 0025141 0369637 0441923
 0678579 0016327 0439133 1553038 0439394 1706495 3642217 0439394 1706495 3642217 0369718 0441922 1553036 0439394 1706495 3642217
 0349590 1262865 0025141



 0201682
 1553033 0544691 1823998


 2347469


 0201682
 0998924 0369718 0441922 1553036 2603360
 2603360 0064494
 0439394 1706495 3642217 1708595 3280986 1553033 2603360
 2603362
 0439267
 0036397 0025141 2347469 1553033 0033727 0369286 0441932 0564385 1553033



 2347379
 0025141 0597277 1708601 1553033 0369718 0441922 1553036 0337799 1553033


 0451119 1444662
 0025141 2347469 0016327 0439133 1553038

 1708595 3280986 2603362




 2347379
 0025141 2347469
 0597277 1708601
 0439267 0443050 0369718 0441922 1553036 0439267
 0369637 0441923
 0369773 2603361


 1553033
 0759909 1135895 0369773 2603361 0439394 1706495 3642217



 2827734 2981698 0025141 0064494
 2603360
 2603362
 0439267
 0036397 0025141 0759909 1135895 2603360 1553033 0439394 1706495 3642217 0544691 1823998
 0369773 2603361 1553033 0021966 0221138

 0349590 1262865 0025141 0205090 0684010 2603358 1431628 0369773 2603361 2603360
 0439267 0205090 0684010 2603358


 0201682
 2347469 0014878 0522667 0730321 1553033 0205090 0684010 2603358 1553033
 0439267


 2827734 2981698 0439114 0439267 0337799 1553033 0439267 0439394 1706495 3642217 0597277 1708601 2603360



 0025141
 2603360 0369637 0441923
 2603360
 1553033

 0205090 0684010 2603358 0597277 1708601
 0205090 0684010 2603358
 2603362



 0369637 0441923
 2945617
 0266700 1553033
 0369773 2603361 0205090 0684010 2603358 0369718 0441922 1553036 1556084 0439267 1553033 0016327 0439133 1553038 1553033 0369773 2603361
 0439267
 0369773 2603361



 0201682
 0033727 0369286 0441932 0564385 0439267 2603360
 2347379
 0025141 0439267 0033727 0369286 0441932 0564385 0033727 0369286 0441932 0564385 0439267


 0201682
 0369773 2603361 0205090 0684010 2603358 0439114 0554249 0439267 0369637 0441923

 0451119 1444662
 0025141 0597277 1708601
 0369637 0441923
 0369773 2603361 1431628
 0016327 0439133 1553038 0205090 0684010 2603358


 1418943

 0268596 2700624
 3642273

 2603362

 0000857 0600678 1552863 0369718 0441922 1553036 0597277 1708601
 0860630



 0025141 0337799 1553033 0597277 1708601 0369718 0441922 1553036



 0025141 0016327 0439133 1553038
 2347469
 2603360

 1553033 0326402 0439267

 0325074
 0025141
 2603360 0014878 0522667 0730321

 0205090 0684010 2603358


 1418943

 0268596 2700624
 3642273

 2603362

 0439083 0439087 0369637 0441923
 0369773 2603361

 2347961



 0001811
 2827734 2981698 0025141 2347469
 1553033


 0027960 0324740 0439189 1456781 1824986

 0025141 0439267

 1328660


 0025141
 0033727 0369286 0441932 0564385 0033727 0369286 0441932 0564385 0597277 1708601 2603360


 0201682
 0033727 0369286 0441932 0564385 0597277 1708601 0369773 2603361
 0028271 2603360 1825632 2603362


 0201682

 0597277 1708601
 0439267 0439267 0033727 0369286 0441932 0564385 0554249 0369637 0441923



 0025141 2603360 0033727 0369286 0441932 0564385 0205090 0684010 2603358 0205090 0684010 2603358
 0369637 0441923



 0331893 0369637 0441923
 0861352
 0439267
 0205090 0684010 2603358 0016248 0375741
 0439267 0205090 0684010 2603358



 1420811 1883402
 2603362

 2603360
 0369637 0441923
 0439394 1706495 3642217 0439394 1706495 3642217



 0025141
 0439394 1706495 3642217
 2603362
 0033727 0369286 0441932 0564385

 2347961

 0450387 0025141 2347469

 0349590 1262865 0025141 3284170 0597277 1708601 0016327 0439133 1553038
 2347469 0439114 0439267 0444649
 0439394 1706495 3642217


 0201682
 0016327 0439133 1553038
 0439267 0439267

 0369773 2603361 0554249 0369637 0441923

 2986502 0033727 0369286 0441932 0564385 0557775 1511780 0439394 1706495 3642217
 0033727 0369286 0441932 0564385 2603362
 0369718 0441922 1553036
 0205090 0684010 2603358


 0007634 0439073 0439082 1269647 1704653 1948049 0025141 0439394 1706495 3642217 0491928 0999347 2347469

 0597277 1708601 0439394 1706495 3642217


 0201682
 1420811 1883402
 2603362

 2603360
 0016327 0439133 1553038 0678579 0597277 1708601 0369637 0441923
 0439394 1706495 3642217


 2603360 0033727 0369286 0441932 0564385 0369718 0441922 1553036 3495095 2347469

 0349590 1262865 0025141 0033727 0369286 0441932 0564385 1553033 1553033


 0201682
 0033727 0369286 0441932 0564385 2347469 0759909 1135895 0369773 2603361

 0033727 0369286 0441932 0564385 0597277 1708601


 0201682
 0205090 0684010 2603358


 0025663 0025664 0449851 0025141

 0597277 1708601 0330099
 0021966 0221138
 0439267 0554249 0369637 0441923

 1328660


 0025141 2347469
 0439114

 1328660


 0025141 0597277 1708601
 0369773 2603361
 2603360
 2603360


 0451119 1444662
 0025141 2603362
 2347469 0043016 0439267 2603362
 0038817 0376223

 0439267
 0369637 0441923

 0021966 0221138 1551730 0205090 0684010 2603358
 2603360 2347469
 0597277 1708601
 0205090 0684010 2603358
 0439394 1706495 3642217
 0021966 0221138
 0349590 1262865 0025141 0369637 0441923
 0033727 0369286 0441932 0564385 2603360 0205090 0684010 2603358
 0205090 0684010 2603358 1425836 0205090 0684010 2603358
 0562547 3160718
 2603362


 0201682
 0369773 2603361


 0439394 1706495 3642217 0332583 2603362
 0033727 0369286 0441932 0564385


 0000857 0600678 1552863 2347469

 2603360 2347469

 2603362
 2603360
 2603362
 0024554 0025266 0086418


 1418943

 0268596 2700624
 3642273

 2603362



 0036397 2603360

 0230467 0741204
 0033872 0033873 1315013

 0025141 2603360 2603362
 2347469 0369773 2603361
 0020789 0063555 2275731 0369718 0441922 1553036 0331964 0439267
 0444649

 0439267 0597277 1708601 0597277 1708601


 0439086 2827736 2981702 0025141

 0369718 0441922 1553036
 0439394 1706495 3642217



 0439267 1553033 1553033


 0201682
 2347469 2603362
 0007587 0007634 0011065 1269647 1306577 1704653 1948049
 0025141 0369773 2603361
 0036397
 2347469 2603362


 0201682
 2603362
 2603360
 2603362


 0201682

 1553033 0597277 1708601


 2945618 0597277 1708601

 0999213 2603362




 0597277 1708601 2603360 0033727 0369286 0441932 0564385


 0201682
 0597277 1708601 2347469 1553033 1553033
 1553033 2603362


 0201682
 0369637 0441923
 0033727 0369286 0441932 0564385 0205090 0684010 2603358 0369773 2603361 0369773 2603361
 0439394 1706495 3642217


 0201682
 2603360 1415618 2603360 2603360 0597277 1708601 0450955 2603360
 0021966 0221138


 0033727 0369286 0441932 0564385 0998924 2603360


 0201682
 0033727 0369286 0441932 0564385 0597277 1708601
 0597277 1708601 0998924 2603360


 0201682
 0597277 1708601
 0205090 0684010 2603358 2347469
 2603360
 2347469



 0016327 0439133 1553038 0331964
 0439394 1706495 3642217
 2603362
 0349590 1262865 0025141 1420811 1883402
 2603362

 2347469
 0439394 1706495 3642217
 0369637 0441923
 0439394 1706495 3642217


