 0678951 0032529 0011860 0332281 0441730 1320657 0011847 0011849 0332307 1547052 0025266 0018787 1281570 0024109 0819757 1278908 0369637 0441923
 0021966 0221138


 0740116 2827735 2981700 0439394 1706495 3642217
 0022877 3244292 0587475 1704729 0036375 0006037 1704729 0036382 0036370 0557800 0036375 0006037 1704729 0036375 0006037 0086343 0021782 1555750 0013227 0025118 0205102 0205246 1553872 1553889 1619620 1706354 0439148 1519795 1293097 2919030 2919031 0086343 1704729 0020008 0019994 0205246 1510665 1553889 0036378 0036375 0006037 0035171 0035168 0242481 1707689 2983265 0025663 0025664 0449851 1514811 1706462 0947630 0024779 1706473 0919453 0079429 0314611 0017337 0575519 0446516 1269078 1269612 0008652 0008633 0205396 1550043 1551388 0597336 0392762 0599883 1708726 0001721 0428568 1261430 0005802 0005767 0005768 0015663 0017725 0229664 1550565
 1332838 0017337 0021669 1415875 0014442 0021641 1533581 1579433 3161035 0011860 0332281 0441730 1320657 0011847 0011849 0332307 1547052
 0752046 0028630 0032529 0037179 0087136 0205171 1273517 1883351 0024779 1706473 0028778 0332206 1533157 1706084 2828370 0443289 0004083 0439849 0596306 0699792 0202042 0455280 0015663 0017725 0032105 1550098 1550565 0202042 0455280 0015663 0017725 0032105 1550098 1550565 0439234 0444706 3541902
 0004083 0025266 0150312 0370003 0445356 1704623 2347026
 0042295 0332281 0018591 0332256 2700400 0002085 0002085 0202042 0455280 0015663 0017725 0032105 0752046 1527094 1550098 1550565 0202042 0455280 0015663 0017725 0032105 0444504 1550098 1550565 2347634 2348143
 0018591 3538933 0332281 0205250 3163633 0369773 2603361 0011860 1320657 0441730 0011847 0011849 0332307 1547052 0369773 2603361 0028873 0456603 1547037
 0332120 0449450 0183683 1521721 0021669 1415875 0014442 0021641 1533581 1579433 0919453 0079429 0017337 0032659 1257890 0680043
 0035171 0035168 0242481 1707689 2983265 0025663 0025664 0449851 1514811 1706462 0947630 0023745 0202042 0455280 0015663 0017725 0032105 1550098 1550565 0202042 0455280 0015663 0017725 0032105 1550098 1550565 2827734 2981698 0202042 0455280 0015663 0017725 0032105 1550098 1550565 0202042 0455280 0015663 0017725 0032105 1550098 1550565 0441889 0439234 0444706 3541902 2827734 2981698 2827734 2981698 0011860 1320657 0441730 0011847 0011849 0332307 1547052 0740116 2827735 2981700 0456603 1547037 0015663 0017725 1550565 0439086 2827736 2981702
 0598312 1883725 0947630 1524063 0032659 1257890 1881534 0017446 0205147 2346874
 1332838 0017337 0085639 2827734 2981698 0233535 1709908 0441833 0684224 0687744 0700287 1257890 1552516 1552839 1705428 1705429 3496591 0740116 2827735 2981700 0439086 2827736 2981702 0021669 1415875 0014442 0021641 1533581 1579433 0021669 1415875 0014442 0021641 1533581 1579433 0024188 0020289 0021669 1415875
 0032529 0011860 0332281 0441730 1320657 0011847 0011849 0332307 1547052 3161035
 0021669 1415875 0014442 0021641 1533581 1579433 0237753 0449788 0332257 0021665 1334089 3180941 0021966 0037657 0221138 0040691 1527194 0018284 0018270 0220844 1510411 1521761 1621966 2827422 2911660 0027481 0051989 1144709 2709270 3537020 0018792 0030956 0597421 0033684 0439084 0728893
 1883351 0004083 0439849 0596306 0699792 0202042 0455280 0015663 0017725 0032105 1550098 1550565 0202042 0455280 0015663 0017725 0032105 1550098 1550565 0936012 0752046 0028630 0032529 0037179 0087136 0205171 0752046 0028630 0032529 0037179 0087136 0205171 0021669 1415875 1333402 1337112 0014442 0017337 0021641 1515981 1533581 1579433 0370003 2347026 0681850 1550501 1706203 2349001 2697811 0036849 1442518 1705195 0489835 0557651 2603343 0039224 1706074 0740116 2827735 2981700
 0733755 0017270 0439603 0039224 1442162 1550718 1706073 1706074 3244317 0349966 1337208 1547282
 2827734 2981698
 1883351 1516048 0439812 0023746 0023745 0281825 0394006 0220825 1524063 1709697 2728259 3484370 1527178 1705938 3161035 0439148 1519795 1704753 1880519 0012751 1704788 3539106 0582519 0004083 0439849 0596306 0699792 0085639 0238715 0349966 1337208
 0205132 0205324 0457933 1550648 1552960 0023746 1880153 0023745 0281825 0394006 0028778 0332206 1533157 1706084 2828370
 0028778 0332206 1533157 1706084 2828370 0021669 1415875 0014442 0021641 0444930 1441672 1533581 1579433 2746065 0680240 0684224 0700287 3273238 0349966 0444930 1337208 2746065
 0024779 1706473 1947971 0205197 0449911 0370003 2347026
 0449911 0039224 1706073 1706074 0557702 1272706 1704674 0557702 1272706 1704674 0038215 0600673 0009253 0036864 0079399 1314687 1522384 0449911 0039224 1706073 1706074 0557702 1272706 1704674 0557702 1272706 1704674 0038215 0600673 0679646 0009253 0036864 0079399 1314687 1522384 0449911 0039224 1706073 1706074 0557702 1272706 1704674 0557702 1272706 1704674 0005516 0080103 0205345 0733755 1547039 0021669 1415875 0014442 0021641 1533581 1579433 0449911 0333052 2607870 0557702 1272706 1704674 0557702 1272706 1704674 0349966 1337208
 2827734 2981698
 0599777 0024779 1706473 0004083 0439849 0596306 0699792
 0750572 0023746 1881534 1524063 1555015
 0012751 0004083 0439849 0596306 0699792 0392756
 0733755 1547282 0449738 0336721 1444656
 2347469 0024779 1706473
 0450429 1515974 0027365 1547383 0039224 1442162 1550718 1706073 1706074 3244317
 0042295 0205160 1513916 2825415 2825491 2986775 1709380 0039224 1442162 1550718 1706073 1706074 3244317
 0733755 1547282 0449738 0336721 1444656
 0332128 0004083 0439849 0596306 0699792 0202042 0455280 0015663 0017725 0032105 1550098 1550565 0369718 0441922 1553036 0369718 0441922 1553036 0681850 1550501 1706203 2349001 2697811
 0004083 0439849 0596306 0699792 1299395 0017431 1441672 0441889 0681850 1550501 1706203 2349001 2697811 0369773 2603361 0039224 1706073 1706074
 0752046 1527094 0202042 0332281 0455280 0015663 0017725 0032105 1550098 1550565 0369773 2603361 0202042 0455280 0015663 0017725 0032105 1550098 1550565 0369773 2603361
 0752046 1527094 1337112 1333402 0017337 0021669 1415875 1547282 2348205 0449774 0441889 0202042 0455280 0015663 0017725 0032105 1550098 1550565 0369773 2603361 0369773 2603361 0005516 0442504 1704765 1882509 3496241 0439084 0728893 1337112 1333402 0017337 0021669 1415875 0443289 0004083 0439849 0596306 0699792
 0449911 0039224 1706073 1706074 0557702 1272706 1704674 0557702 1272706 1704674 0042295 1709380 0022885 0039593 0392366 0004083 0439849 0596306 0699792 0599883 1427926 0025266 0043210 0004083 0150312 0002778 0936012 1524024 0025266 1709595 0370003 2347026 0039224 1706073 1706074
 1274040 1546471 2825142 0349966 1337208 1547282
 2827734 2981698 0205160 1513916 2825415 2825491 2986775 1708728 2986775 0369773 2603361 0733755 0752046 1527094 0039224 1706073 1706074
 0237881 0750502 0205216 0750482 0376209 0456081 0683269 1518422 1547282
 0449911 0039224 1706073 1706074 0557702 1272706 1704674 0557702 1272706 1704674 0042295 1709380 0681850 1550501 1706203 2349001 2697811 1883351 0022885 0039593 0392366 0004083 0439849 0596306 0699792 0042295 1516084 1883351 0205173 0205341 1883725 0370003 1274040 1546471 1705242 2347026 2825142 0969625 3266812 0036849 1442518 1705195 1524063
 3161035 0004083 0150312 0441889 0202042 0455280 0015663 0017725 0032105 1550098 1550565 0369773 2603361 0369773 2603361
 0150312 0004083 0036849 1442518 1705195 0678226 0004083 1517001 3146286 0004093 0370003 0445356 1441672 1704623 2347026
 1883351 0220825 0032529 0023745 1551359 2741673 2981730 0684224 0700287 3496591 0456081 3161035
 0442739 1548568 0392747 0443172 1705241 0733755 0150312 1274040 1546471 2825142 1518422 1547282 1705535 0150312 0449450 0023745 1551359 1710082 2741673 2981730
 0392366 0032529 0205214 1522138 1552551 3245511 3272371 0011860 0332281 0441730 1320657 0011847 0011849 0332307 1547052
 0681850 1550501 1706203 2349001 2697811 0750591 0752046 1527094 0443289 3645563 0004083 0439849 0596306 0699792 0369773 2603361 0039224 1706073 1706074
 0002778 0936012 1524024 0004927 0039224 1706073 1706074 3645563 0004083 0439849 0596306 0699792 0205397 0450305 0369773 2603361
 0599883 1427926 1524063 0018591 0752046 0028630 0032529 0037179 0087136 0205171 1527178 1705938 0002085 2603360 0002085 1553033
 0237881 1709380 0038215 0750502 1707761 3274524 0599883 1427926 0018591 0871421 0449820 1444656 0349966 0449450 1337208

 0018591 0332281 0441889 0441994 0599883 1548802 2003888 0018591 0332281 0441889 0205250
 1707429 0349966 0449450 1337208
 0450354 1706096 0443289 1521798 0599883 1427926 0332281 0018591 0042295
 0449911 0333052 2607870 0557702 1272706 1704674 0557702 1272706 1704674 0349966 1337208
 0740116 2827735 2981700
 0205448 1303103 0002778 0936012 1524024
 0018591 2827421 1524063 0004083 0439849 0596306 0699792 0202042 0455280 0015663 0017725 0032105 1550098 1550565 0369718 0441922 1553036 0202042 0455280 0015663 0017725 0032105 1550098 1550565 0369718 0441922 1553036 0369718 0441922 1553036 1882348 1524063 0449820
 0205246 2348867 1709380 0042295 0022885 0039593 0392366 1442162 1550718 3244317
 0042295 0237881 0750502 1546944 1551058
 2347469 0750572 0599883 1427926 0750572 0028873 0599883 1427926 0079809 0242485 0004083 0439849 0596306 0699792 0599883
 0042295 1441547 3245521 1524063 0033204 2698872
 0042295 0237881 0750502 1546944 1551058
 0018591 0205450 1527178 1705938 1708726 3161035 0042295 0205246 2348867
 1547282
 0004083 1441672 0752046 0936012 0002085 0205164 0392148 0018591 0205250 1299351 2700149 0042295 0205216 1979874
 1883712 0752046 0002085 0002085 2603360 1518422 3161035 0443289 0015672 0332281 0042295 0599883 1708760 0332281 0042295 0599883 1522410 0332290
 0004083 1441672 0752046 0936012 0002085 0205164 0392148 0018591 0205250 1299351 2700149 0042295 1979874
 0002778 0936012 1524024 1518422 0015576 0884358 1704727 1546466 0018591 0392148 0023746 0023745 0281825 0394006
 0392366 0004083 0439849 0596306 0699792 0011860 1320657 0441730 0011847 0011849 0332307 1547052
 3161035 1273937 0237881 0750502 1546944 0370003 2347026 0392366
 1979874 3161035 0237881 0750502 1546944 1444656 0018591 0011860 0332281 0441730 1171304 1320657 0011847 0011849 0035647 0205217 0332307 0442805 1547052 0369773 2603361 1709380 1522609 0450302
 0028873 0456603 1547037 0080103 0205345 1547039 2827734 2981698
 1883351 0220825 0681850 1550501 1706203 2349001 2697811 0362046 0004083 0009253 0036864 0079399 0205369 1314687 1522384 1552740 1441672 0025266 1550543 0243161 0002778 0936012 1524024 1554077 2828389
 0004083 0441889 0024554 0086582 0150098 0205397 0680946 1706180 1706233 1706428 1706429 0202042 0455280 0015663 0017725 0032105 1550098 1550565 0369773 2603361 0369773 2603361 2585491 0202042 0455280 0015663 0017725 0032105 1550098 1550565
 0332281 0042295 0205251 0599883 1299352 1550472 0369773 2603361 0018591 0369773 2603361
 1274040 1546471 2825142 0035820 1705810 1326961 0019868 0860800
 0150312 0449450 0332120 0005516 1337112 1333402 0017337 0021669 1415875 0441889 0202042 0455280 0015663 0017725 0032105 1550098 1550565 0202042 0455280 0015663 0017725 0032105 1550098 1550565 0011860 1320657 0441730 0011847 0011849 0332307 1547052
 1280500 2348382 0205393 0025266
 0678226 0025266 0205217 0237753 0442805 0449788 3146286 0202042 0455280 0017725 0032105 1550098 0036849 1442518 1705195 0043210 1707455
 0004083 0237881 0332282 0680251 2828389 0202042 0455280 0017725 0032105 1550098 0002778 0936012 1524024 0025266 1705535 1518422 0681841
 0012655 0220898 1264642 1547045 0011860 0585733 0441730 1320657 0011847 0011849 0026809 0205448 0332307 0591833 0684224 0700287 1547052 3161035 3496591 0332281 0028754 1963185
 3161035 1518422 1527178 1705938 0025933 0025914 0025929 0026809 0237753 0449788 0449864 0024779 1706473 0456148 0549184 0043381 0008633
 0342940 0028754 1963185 0035648 0960756 0035647 0205164 1521761 1552738 2827422 0011860 1320657 0441730 0011847 0011849 0332307 1547052 0004083 0684224 0700287 3496591 0376209 0456081 0683269
 0018591 1882932 0002085 0002085 0332281 0042295 0441994 0599883 1272755 2003888 1705535 2700640 0205419 0442805 0013682
 0021641 1533581 1579433 0027552 0686904 1883351 0428554 0005802 0428548
 1979874 0205419 0205216 0021641 0441472 1533581 1579433 3266814 0861064 0042295 0332152 0599883 1522538 0011860 1320657 0441730 0011847 0011849 0332307 1547052
 0004083 0024779 1706473 0750558 1710571 1514524 1880389 1883221 3541951 1704837 0017337 0444930 2746065 0439084 0728893
 0026882 3161035 0011860 1320657 0441730 0011847 0011849 0332307 1547052 1518422 0001721 1150095 0205177 0439167 0441655 1561536
 0237753 0449788 1999230 0681841 0441472 3266814
 1707959 0392747 0443172 1705241 0001721 0205360 2347098 0040712 0597295 1519614 0392747 0014440 0202098 0428405 1287349 0428479 0441889
 0009219 0032529 0392747 1660642 0475264 1744691 1512485 0872079 1704675
 0017337 0700364 1883351 0017446 0023745 0205147 1880177 0684224 0700287 3496591 1955473 0599883 1427926 1710082 1518422 0205216 0376209 0456081 0683269 0752046 1527094
 0947630 0442799 0678922 2827447 0017296 0314603 0439855 0557651 0599883 0947630 1427926 1704241 2603343 1521761 0017270 0376249 0439603 0871396 1561548 1705502 0205250 1299351 2700149 1280500 2348382 0700321
 0037088 0243095 2825141 0332290 0042789 1947903 0021669 1415875 0014442 0018591 0021641 1533581 1579433 3538933 1720725 1948050 0332148 0750492 0011860 0332281 0441730 1320657 0011847 0011849 0332307 1547052 0018591
 0441704 0872404 0205419 0001721 1326961 0019868
 1441414 1553874 1578820 1709993 0752046 1527094 0205410 2350277
 1547282 0752046 0004083 0439849 0596306 0699792 0042295 0018591 0002085 0150312
 0441704 0872404 0752046 1527094 1518422 0205410 0442726 0332196 2828389 0004083 0012634
 0035171 0035168 0242481 1707689 2983265 0086912 0035171 0035168 0242481 1707689 2983265 0025663 0025664 0449851 1514811 1706462 0681850 1550501 1706203 2349001 2697811
 1273517 0681850 1550501 1706203 2349001 2697811 2827734 2981698 0441835 0441833 0687744 1257890 1552516 1705428 1705429 0599755 0681756 1279919 0740116 2827735 2981700 1079230 1515021 0030761 0443228 0489835 0557651 2603343
 0441833 0687744 1257890 1552516 1705428 1705429 0332256 2700400 0680220 1517519 0017428 0034606 0332257 0441633 2338314 2826292 3538986 1274040 1546471 0684224 0700287 3496591
 2827734 2981698
 0038215 0600673 0039224 0449450 1706074 0740116 2827735 2981700
 0557651 2603343 0006037 0041740 0086911 0205540 0021430 1511481 1522154 1554192 0681850 1301820 1550501 1706203 2349001 2697811
 0599883 1427926
 0242485 1552738 2827734 2981698
 0370003 2347026 0681850 1550501 1706203 2349001 2697811 0202042 0455280 0015663 0017725 0032105 1550098 1550565 0444706 0582103 1511572 3541902 0470187
 0202042 0455280 0015663 0017725 0032105 1550098 1550565 1522609 0205449 0205172 0202042 0455280 0015663 0017725 0032105 0079809 0242485 1550098 1550565 1879489 0582103 0439234
 0027361 0237401 0582103
 0036849 1442518 1705195 0202042 0455280 0015663 0017725 0032105 1550098 1550565 0470187 0202042 0455280 0015663 0017725 0032105 1550098 1550565
 1317301 0449438 0011860 1320657 0441730 0011847 0011849 0332307 1547052 1704788 3539106 0013227 3244316 2347285 0439269 1960952 2346927 3642216 0582103
 1524063 0243161 0025266 0370003 2347026 0043210 0008902 0241863 0681850 1550501 1706203 2349001 2697811 0039224 1706074 0740116 2827735 2981700
 0243161 1704788 3539106 2347285 0439269 1960952 2346927 3642216 2347285 0439269 1960952 2346927 3642216 0011860 0441730 1320657 0011847 0011849 0332293 0332307 1522326 1547052
 0034394 1273517 1883351 1533716 0459840 0009830 1947907 0279025 0019932 0039798 0087111 1363945 0026606 0031809 0205177 0205485 0439167 0441655 0918012 1509143 1552854 1561536 1637833 0005910 0043100 0439227 0444686 1305866 1441506 1443182 1510992 2825518 0683317 0205177 0439167 0440102 0441655 0441889 1561536
 1285573
 0752046 0028630 0032529 0037179 0087136 0205171 0183396 1518101 0039685 0183395 0282597 0449820 0577559 1306372 1710143 1825291 2348791 3152252
 0871424 0002778 0936012 1524024
 1609982 0444686 1441506 1443182 1524063 0023733 2346679 0205132 0684320 0684321 3161035 0001779 0001779 0205120 1552595 1880194 1880195 0009253 0036864 0079399 1314687 1522384 0037369 0453996 1881674 0026606 0031809 0205177 0205485 0439167 0441655 1509143 1561536 0001948 0001962 0001975 0009830 1947907
 3161035 0025266 1273517 0043210
 1609982 1883708 0699794 1882115 2827734 2981698
 0040682 1510411 1705163 0205216 0750482 0237881 0750502 0684224 0700287 3496591
 0370003 2347026 0681850 1550501 1706203 2349001 2697811 0004083 0017431 0220825 1524063 3161035
 0004083 0439849 0596306 0699792 0392366 1524063 0449820 1280500 0750572 1524063 0684320 0684321 0025664 0184661 2700391
 1280500 0574055 0184661 0205390 0205448 0750572 1300072 1306673 1948041 2700391 3274430 3538935 3539779
 0205435 1279901 0018591 0002045 0679201 1553907 3245504 1524063 0073187
 1555015 0037585
 1883708 0033204 1273517 3161035
 1280500 2348382 0079809 0242485 1879489 0002778 0936012 1524024 1707455 0018591 0018591
 0237881 0750502 1524063 1709380 0042295 1882348 0449820 1301820
 0027361 0237401 0015576 1704727 1527178 1705938 1880496 0004083 0022885 0039593 0392366 0439849 0596306 0699792 1709697 2728259 3484370 0442796 1273517 1550602 3161035
 0489835 0557651 2603343 1521721 0018787 1281570 0024109 0819757 1278908 0021622 1272753 0027468 0018684 0021622 3245503 0325001 1521895 0035173 0205225 0401925 0018787 1281570 0027468 0024109 0819757 1278908 0021622 1272753 0332522 1705564 0020268 1413512 0018787 1281570 0027468 0024109 0819757 1278908 0005767 0005768 0020268 0021622 0229664 1272753 1413512 1579933
 0557651 2603343 0449719 1521721 1709471 0018173 1548284 1705019 0004083 0011847 0011849 0439849 0596070 0596306 0699792 0031831 1707664 2348314 3540849 0331828 1521895 0035173 0205225 0401925
 0369637 0441923 1705019 0004083 0004446 0011847 0011849 0178534 0243107 0439849 0596070 0596306 0678723 0699792 1521721 1527148 0544094
 2986676 0851286 1947908 0043227 0884358 1883351 0183683 1521721 0557651 2603343 0031831 1707664 2348314 3540849

 0333052 2607870 0031831 0282443 1707664 1709940 2348314 3540849
 2986676 1999230 0019602 0600659 1412323 0011847 0011849 0032529 0557651 2603343
 0282413 3273171 0331828 0686900 1272683 1522634 0022877 3244292 0587475 1704729 0036375 0006037
 0013849 1705961 0024492 1538057 1547565 0059804 0034036 0034037 1514756 1704324 0348078 0376315 1272684 1522492 1527075 1548435
 0489835 0557651 2603343 0489835 0557651 2603343
 0202042 0455280 0015663 0017725 0032105 1550098 1550565 0202042 0455280 0015663 0017725 0032105 1550098 1550565
 0021669 1415875 0014442 0021641 1533581 1579433 0021669 1415875 0014442 0021641 1533581 1579433
 0202042 0455280 0017725 0032105 1550098 0202042 0455280 0017725 0032105 1550098
 0023746 0023745 0281825 0394006 0023746 0023745 0281825 0394006
 0439148 1519795 1704753 1880519 0023746
 0202042 0455280 0015663 0017725 0032105 1550098 1550565 0202042 0455280 0015663 0017725 0032105 1550098 1550565
 0752046 1527094 0752046 0028630 0032529 0037179 0087136 0205171 1882417
 1514811 1706462 0035171 0035168 0242481 1707689 2983265 0025663 0025664 0449851 1514811 1706462 1550751 0035493 2699077 2699078 0242397 0023031 1517519 0017428 0034606 0332464 0441633 2338314 2826292 0455280 0202042 0428548 0370003 2347026 0030761 0557651 0680063 2603343 3166866
 0439509 0369637 0441923 0369637 0441923 0145779 3540468 0546866 0205090 0684010 2603358 0032463 0369637 0441923 0016703 1551081 0205090 0684010 2603358 0023617 2986899 0034606 0441633 2826292 0011860 0441730 1320657 0011847 0011849 0231203 0332307 1547052 0032659 1257890 0872261 0002778 0936012 1524024 0359589 1999230 0598312 1883725 1327882
 0025141 2951520 0228339 1424729 1858854 1366480 1416656 0597277 1708601 0597277 1708601 0439267 2347167 0597277 1708601 0205090 0684010 2603358 1550751 1261322 1552578 0596425 0017398 0017399 0011860 2697407 0011854 0332466 1293131 0557651 2603343
 0021966 0221138
 1517519 0017428 0034606 0441633 2338314 2826292 0011860 0441730 1320657 0011847 0011849 0332307 1547052
 0025141 0033727 0369286 0441932 0564385 0369637 0441923 1708595 3280986 0033727 0369286 0441932 0564385 0021669 1415875 0014442 0021641 1533581 1579433 0919453 1332838 0011847 0011849 0012655 0017337 0205396 0220898 1264642 1547045 1550043 1551388 0034693 0034721
 0013123 2825512 1412999 0439214 2348814 3547574 0243125 0699900 1272688 1280477 3245505
 0582525 0369637 0441923 1261322 1552578 0015576 1704727 0557651 0680063 2603343 3166866
 0000857 0600678 1552863 0031831 1707664 2348314 3540849 3538705 0023746 0023745 0281825 0394006 0023746 0023745 0281825 0394006 0024779 0026045 1706473 0028778 0332206 1533157
 0205090 0684010 2603358 0016327 0439133 1553038 0439526 0033727 0369286 0441932 0564385 0439267 0022337 1419366 0205090 0684010 2603358 0369637 0441923 0439254 0023746 0023745 0281825 0394006 1511978 0004083 0439849 0596306 0699792
 0025141
 0312860 0015576 1704727 1527178 1705938 0871511 0025663 0449851 0679199
 0025141 0012836 0011198 0017480 3541240 2951520 0237855 0237856 0022885 0392366 0599883 1427926 0018591 0205390 1549102 3539086
 0025141 0012836 0022337 0037585 0014653 1547026
 0025141 1520135 3540812 0597277 1708601 1417166 0017337 0599739 0449864 1880177
 0000857 0600678 1552863 1520135 0597277 1708601 0043092 1420098 0205463 1880022 1511371 1511372 0025914 0025929 0026809 1708726
 0025141 0006413 1552663 2827109 0443315 1563740 0001527 0040300 0442045 1547928 0028754 1563743 0080103 0869014
 2347167 0021669 1415875 0795635 0014442 0021641 1533581 1579433 0004611 1510439 2347473
 0025141 0022718 0439209 0369637 0441923 0449774 0017429 0017428 2338314
 0025141 0033727 0369286 0441932 0564385 0022337 0369637 0441923 0369637 0441923 0205090 0684010 2603358 0205090 0684010 2603358 0439254 0678594 0017429 0017428 0028778 0086418 0332206 1533157 1706084 2338314 2828370
 0597277 1708601 0016884 1096774 2360551
 0025141 0582525 0018684 0026606 0031809 0205177 0205485 0439167 0441655 0814225 1509143 1561536 0557651 2603343
 0025141 0006797 0369637 0441923 0205090 0684010 2603358 0205090 0684010 2603358 0205090 0684010 2603358 0033727 0369286 0441932 0564385 0201975 3539604 0243107 0678723 1527148 1880022 1518101 0282597 0596822 2348791 0037813 0023089 0040223 0436196 0458142 0577559 0596801 1023865 1269765 1306372 1555977 1704640 1706315 1706515 2610507 3152252 3541383
