 0162443 0010741 0449468 0560268 1690016
 0009993 1552856 0037455
 0002778 0936012 1524024 0587493 1704729 0021622 1272753 0040371 0006104 0678594 1269537 0021622 1272753 0040371 0587494 1704729 0020029 0019994 1510665 0040371 1704729 0020021 0019994 1510665 0026848 0012634 0205099 0033872 0033873 0040371 1704729 0036375 0002424 0442592 0040371 0282413 0876934 1540677 1555824 0021622 1272753 0683432 1424053 0040371 0022341
 0013849 1705961 0024492 1538057 1547565 0520510 0023866 0034036 0443211 1272684 0025663 0449851 0871511 0359168 0003250 0003241 0021027 0746619 0440746 0459385 0332461 0006104 0040300 1269537 1547928
 0205447 0037640 1720119 1948037 0042971 1336938 0042974 1521761 2827422 0175631 2827662 0205171 0332149 1705910 1720467 2362652 1517480 1521871 1705759
 0312586 0003241 0021027 0025397 0234621 1979003 0003242 0003241 0021027 0034493 0522529 0234621 0312586 0003241 0021027
 0003250 0003241 0021027 0746619 1883351
 0205155 1293097 1522472 1552923 1705191 2348043 1883351 0683607 0450363 0205449 0439534 1707753 0450363 2986797 0302523 0700325 1964257
 0392752 0444669 1167518 1706352 1882467 3274653 0678594 0934502 0332158 1180033 0005847 0337611 0677535 1558950 1705415 1801960 1998882 0238767 1706086 0443286 1114821
 0333463 0150312 0449450 1708632 0443286 1114821
 1705241 1705242 1705535 0441712 0080103 0869014 0005847 0221198 0680240 1546698 0205288 0440042 0445247 1521738 2346620 2349184 3539073
 1705313 0016318 0079603 0450363 0439534 0020912 0524865 0600395 0242842 0026018 0002716 0011560 0611285 0440207 1095832 0520510 0023866 0034036 0011389 0332461 0333463 0440207 0332307 1547052 0006104 0030705 0205397 0276496 0277558 0002395 1521724 0002395 1521724 0012634 0205422 1515981
 0333463 0002722 0038164 1456454 0002723 0011560 0333584 1705760 0002716 0033684 0333562 0611285 1880022 2986815 0439090 1423767 1705920 2362652 0205390 0333562 1279919 1314939
 0729650 0439849 1705630 1706279 3540605 1705920 0449432 0543488 0333562 1705920 0750591 1883351 1849249 0333463 0011389 0220781 0332461 0392079 0439634 1306673 1522492 1705242 1709305 2745955
 0034493 0205447 0262500 1512358 3538713 1624602 0432616 1457900
 1444647 1883351 0439849 1705630 1706279 3540605 1524063 0021044 0557775 1511780
 0205447 0003241 0185125 0445247 0205155 1293097 1522472 1552923 0445247 1705920
 0025664 0184661 2700391 1441414 1553874 1578820 1883351 1299586 0597535
 1707959 1160466 0005575 2700256 0025397 0683607 0430425 1511790 1265611 0184661 1948041 2700391 3274430 3538935 3539779 0557775 1511780
 0449445 0439787 0441648 0849355 0003241 0442811 0728725 0020283 0205251 0450407 0450408 0450409 1299352 1550472 1511572
 0039798 0087111 1522326 1533734 1705169 3538994 0243107 0678723 1527148 0003241 0021027 0684224 0700287 3496591 1883351 1280519 1704419
 0025664 0184661 2700391 1272703 0392752 0003316 1272460 1706839
 0557651 2603343 1705920 0332149 1705910 2362652 0332255 1708096 0003241
 0205173 1167624 1705764 1705765 1947902 2827499 0332281 0237881 0392756 0547047 0750502 1546944 0036667 0312418 0427965 1511883 1522640 2346484 2349185 0205447 0003241 0185125 0205231 0233660 0332206
 0020580 1880261 2348085 0036667 0312418 0427965 1511883 1522640 2346484 2349185 0205447 0025663 0449851 0871511 0333562
 1517480 1521871 1705759 0019941 0027021 0031179 0086597 0127400 0330510 0939835 1110641 1318719 0003241 0021027 1879547 0005575 0332297 1145667 1167622 1689898 2349209 2700256
 0041485 0033684 0231441 2316368 0205155 1293097 1522472 1552923 1705191 0205145 1515974 2825164 0443286 1114821
 0005575 2700256 0041485 0332297 1145667 1167622 1689898 2349209 1883708 0234621 0331762
 0025663 0449851 0871511 0012632 2987623 0332149 1705910 2362652 0036667 0312418 0427965 1511883 1522640 1527178 1705242 1705938 2346484 2349185 1517480 1521871 1705759
 0003241 0021027 1273517 0441889 0456079 1547707 2946261 1720119 1948037 0025397 1708632 0233535 0441889 0456079 1547707 2946261
 0150312 0449450 0557651 2603343 1273517 0312586 0003241 0034493 0003316 0392752 0678594 0042971 1336938 0042974 1521761 2827422 0005516
 0003241 0021027 0359168 0003250 0368582 0003241 0021027 0746619 0449432 0085103 0205195 1524063 1708632 0443640 2754943 0003241 0021027 0205369 1552740 0010357 0312586 0003241
 0678594 0333463 0392079 1280412 0205462 0205547 0369637 0441923 0205155 1293097 1522472 1552923 1705191 1518422 0449719 0205155 0332257 1293097 1522472 1552923 1705191 3538986 0302523 0700325 1964257 1882932 0678594
 1301820 0205155 1293097 1522472 1552923 1705191 0302523 0450363 0700325 1964257 2348043 2986797
 0729707 0020912 0524865 0443211 0557651 1272684 2603343 1999230 0678594 0439849 1705630 1706279 3540605 0923800
 0520510 0520510 0023866 0034036 0030705 0002395 1521724 0011900 0012634 0333463 0392079 0392148 1527178 1705938 0085400
 0333463 0392079 0018964 0487602 1704680 0234621 1521970 1706388 2346469 2348519 0444669 1167518 1706352 1882467 3274653
 1883712 0444669 1167518 1706352 1882467 3274653 0678594 0333562 1441672
 0262496 1704257 0332281 0031437 1285572 1883351 2986669
 0205435 1279901 0681814 0443211 0086045 0025663 0025664 0449851 1273517 0079240 1948037 0025663 0234621 0333562 0335038 0449851 0871511 1522485 1705915 1709908 1517480 1521871 1705759
 0745732 3272378 0039224 1706073 1706074 1999230
 0205449 0205155 1293097 1522472 1552923 1705191 0085185 1533157 0028778 0030415 0231441 0332206 0443218 0949307 1301820 1707903 2827483 0028785 1268980 0796494 1184145 1428707 3539671 0030705
 0205155 1293097 1522472 1552923 1705191 0016576 0332293 0885348 0001128 0202406 1522326 0702093 2349975 0597879
 0332293 0020281 1522326 1720830 1823521 0205155 1293097 1522472 1552923 1705191 0450376 1439852 1442455 0439228 0086045 2827734 2981698 0003242 0003241 0021027
 0205447 0234621 1517480 1521871 1705759 0333562 1552738 0331762
 0185125 1947919 2347934 3539080 0018019 1265549 1510458 1881534 0019941 0027021 0031179 0330510 0522529 0939835 1110641 1318719 0019941 0027021 0031179 0330510 0939835 1110641 1318719 2827734 2981698
 0020898 0021764 0022271 1710082 0019941 0673361 2827734 2981698
 0006037 0085216 0234621 0075278 0522529 2827734 2981698
 0086022 0442335 1705099


 0051979 0034493 0234621 0018019 1265549 1510458 1881534 0085216 0522529
 0086022 0442335 1705099
 0449911 0039224 1706073 1706074 0557702 1272706 1704674 0557702 1272706 1704674 0039224 1706073 1706074
 0003241 0079240 0869040 0557651 1273517 2603343 0205155 1293097 1522472 1552923 1705191 0681850 1550501 1706203 2349001 2697811 1517480 1521871 1705759 0205447 0312586 0003241 0034493 1881534

 0042971 1336938 0042974 1521761 2827422
 0011318 1552738 0234621 0250829 0075278 0522529 2827734 2981698

 0042971 1336938 0042974 1521761 2827422 0005516 0313543 0003242 0042971 1336938 0042974 0003241 0021027 1521761 2827422 0005847
 0205155 1293097 1522472 1552923 1705191 1883708 0439962 1439852 2827734 2981698
 0359168 0003250 0003241 0021027 0746619
 0004950 0312586 0003241 0021027 0450376 1442455 0439228 0332582
 0003241 0051979 0432616 0025914 0025929 0026809 0234621 0439962 0036945 1123019 1881534 0522529 0600322 2827734 2981698
 3541314 0051979 0034493 0018019 1265549 1510458 1881534 0085216 0522529
 0086022 0442335 1705099
 0302523 0700325 1964257 1533157 0028778 0332206 1548982 1720830 1823521 0038636 0204774 1161331 0991865 0006353 0031603 0031701 0369637 0441923 1601799
 0205155 1293097 1522472 1552923 1705191 0369637 0441923 0016701 0181856 0700320 1301820
 0025663 0205174 0449851 0871511 0681850 1550501 1706203 2349001 2697811 1282910 1552828 1547085 0439228 0003241 0021027
 0205155 1293097 1522472 1552923 1705191 0017861 0439083 0439087 0449878 0991865 0006353 0031603 0031701 1601799 0332256 2700400 0031468 1626420 0023089 0034606 0181839 0441633 0458142 1023865 1441672 1706315 1706379 0017480
 0549255 0449819 0039224 1706073 1706074
 0205155 1293097 1522472 1552923 1705191 1301820 0002778 0450363 0936012 1524024 2348043 2986797 0037585 0814229 0450363 2986797 0449913 1553451 1704459 0040371 0022341
 0449911 0039224 1706073 1706074 0557702 1272706 1704674 0557702 1272706 1704674 0039224 1706073 1706074
 0016320 0013343 2757062 2911146 1517892 1704666 0023866 0034036 0031082 0079240 1948037 0025663 0449851 0871511 0450344 1553633 0086045 1446561 2827734 2981698 1883351 1301820 1706701 1167624 1947902 2827499
 1517480 1521871 1705759 0450345 1442450 0562342 1883351 0042153 0457083 1947944 0003241 0021027 2827734 2981698 1883351 1301820 1706701 0871362 1710082 0487602 1704680
 0003241 0021027 0673361 0849355 1710082
 1274040 1546471 2825142 0003242 0003241 0021027 1301820 1511726 3245479 1518422 1547282
 0449911 0333052 2607870 0557702 1272706 1704674 0557702 1272706 1704674
 0007776 1176472 1709450 2700441 0079240 1948037 1440044 2827734 2981698 0012358 1553033 2827734 2981698 0016327 0439133 1553038 2827734 2981698 0439267 0033727 0369286 0441932 0564385 0234621 1515981 2347469 1517480 1521871 1705759
 0079240 1948037 0333562 0335038 1167624 1517480 1521871 1522485 1705759 1705915 1709908 1947902 2827499 0234621 0333562 0016327 0439133 1553038 1517480 1521871 1705759 0231175 1883351 0015272 1167624 1947902 2827499
 0369637 0441923
 0205435 1279901 0884358 0234621 0250829 1260957 1547282
 0205173 1167624 1705764 1705765 1947902 2827499 2827734 2981698
 0332575 1260956 1515981 2827734 2981698
 0332583 0003241 0021027 0051979 0025914 0025929 0026809 0234621 0439962 0522529 0600322 0051979 0034493 0085216 0522529
 0349966 1337208 1547282 0010357
 0681814 0332283 1947971 1274040 1546471 2825142 0349966 1337208
 0449911 0333052 2607870 0557702 1272706 1704674 0557702 1272706 1704674
 0007776 1176472 2700441 0205148 1879655 1879656 0682708 0007457 0043157 0220938 0205091 1552822 1879655 1879656 0332583 1260957 0332575 1260956
 0333562 0205274 0205369 0439742 0520511 1552740 1704711
 2347469 0440042 1521738 2346620 2349184 3539073
 1880274
 0520511 1704711 0332120
 0333562 0521114 0522498 1514917 2945706 0333562 0439064
 1707156 3274014 3541345 0369637 0441923

 0444669 1167518 1706352 1882467 3274653 0678594 1080898 0439178 1446409 1514241 2825490 0333463 0439178 1446409 1514241 2825490 0336721
 0369637 0441923

 1260957 0332583 2700455 1720655 1947974 0332575 1260956
 0333463 2945706 0439178 1446409 1514241 2825490 0679823
 0444669 1167518 1706352 1882467 3274653 0678594 1080898 0005847 1283786 1511228 0336721 0439178 1446409 1514241 2825490 1515981 0439792
 0085103 0440207 0010196 0043220 0330523 0330524 0333463 1095832 1561494
 0369637 0441923

 0439175 0439810 1710693 0004457 0999597 1522496 0205155 0205174 1280412 1293097 1301820 1522472 1552923 1705191 1708632 0332583 0332575 1260956 2700455 1720655 1947974 1260957 0042971 1336938 0042974 0078057 1521761 2827422 0007776 1176472 2700441
 0729707 0020912 0524865 0450363 0037585 0884358
 1704254 1704922 3542466 1710693
 0444669 1167518 1706352 1882467 3274653 0678594 0005847 1283786 1511228
 0205447 1710693 0205125 0007457 0043157 0205132 0220938 1444656 1553033
 1704254 1704922 3542466 1444656
 1704254 1704922 3542466 1444656
 1704254 1704922 3542466 0007457 0043157 0205132 0220938 1264693 1444656 1550648 1552960 0015385 0278454 0453107 0522501 1080898 1706089 2945706
 0333562 0005847 0677535 1511228 0595960 0678594 0005847 0677535 1511228
 0369637 0441923
 0440207 0010196 0043220 0205393 0330523 0330524 0333463 1095832 1561494 0003242 0003241 0021027 1708632 0332583 0336721 1260957 0679823 0728938 1550516 1260957 0060087 0332583
 1979874 0333562 0444669 1167518 1706352 1882467 3274653 0678594 1080898 0349966 1337208 0521114 0522498 1514917 2945706 1260957 0332256 2700400 1080898
 0002778 0936012 1524024 0450363 0444669 1167518 1706352 1882467 3274653 0439178 1446409 1514241 2825490 0349966 1337208 0332583 1998882 0005847 1283786 1511228 0453107 1080898
 0003316 1998882 0005847 0392752 0677535 1511228 0595960 0444669 1167518 1706352 1882467 3274653 0678594
 0443286 1114821 0442726 0600322 1511790 0150312 0449450 2945706 0332575 1260956 0522498 0444669 1167518 1441672 1706352 1882467 3274653 0678594 1080898 0005847 0677535 1511228 0336721
 0449911 0205155 1293097 1522472 1552923 1705191 1705535 3272897 0450373 1553636 0205392 0444669 1167518 1706352 1882467 3274653 3540770 0678594 1998882 0005847
 0302523 0700325 1964257 0562342 1883351 2711609 0449911 2700455 1720655 1947974 0005847 1283786 1511228
 0449911 0005847 1283786 1511228 0453107 1080898 2945706 0349966 1337208 1547282 0005847 1283786 1511228 0205132 0450378
 0520510 0023866 0034036 0884358 0034493 0442818 0359168 0003250 0003241 0021027 0746619
 2986669 0079240 1948037 1517480 1521871 1705759 2827734 2981698 1167624 1947902 2827499 0079240 1301820 1948037 1517480 1521871 1705759 0333562
 0205447 0003316 0003241 0442818 0445247 1705920 0725813 1705241 1705242 0086045 1446561 0003241 0021027 0016318 0079603 0557651 2603343
 0003242 0003241 0021027 0037640 1720119 1948037 2827734 2981698 0003316 0234621 0205171 1517480 1521871 1705759 1720467 0175631 2827662 2348029 0205436 0457385 0565930 1273517 1511572 1561503 1705190 0332324 1518422 1550474 0442726 0003242 0003241 0021027 1720119 1948037 0332462 1517331 1880834 0449864
 0332149 1705910 2362652 0003242 1979003 0003241 0021027 0034493 0205435 1273517 1279901 1511572 1517480 1521871 1705759 0449416 1705919 1510827 0312586 0003241 0021027 0034493 2348029 0205436 0457385 0565930 1273517 1511572 1561503 1705190
 0443286 1114821 0150312 1883351 0439092 0449864 0547044 1511790 0349966 1337208 1547282 0036679 0237868 1881713 0003316
 1167624 1947902 2827499 0003241 0559956 1299987 0349966 1337208 1999230 0332120 0010357 0332269
 0332197 1689985 0003241 0021027 0086045 0205225 0205251 0205435 0439631 1279901 1299352 1446561 1550472 1979003 0003242 0003241 0021027 0034493 1265611
 1265611 0205108 0449864 1511790 0312586 0003241 0021027 0231441
 0036679 0237868 1881713 0085216 1710082 0250829 1515981 1881534 0332149 1705910 2362652 0441587 1743766 1883719 1710082 0010357 2986468 0039224 1706073 1706074 0600322 0181496 2827499 1707689 2983265 0003250 0003241 0021027 0746619 0051979 2003901 0312586 0003241 0034493
 0205155 1293097 1522472 1552923 1705191 0440207 0010196 0043220 0330523 0330524 0333463 1095832 1561494 0003242 0003241 0021027 2986582 0439090 1423767
 0205447 0444669 1167518 1706352 1882467 3274653 0678594 0003242 0003241 0021027 1708632
 0444669 1167518 1706352 1882467 3274653 0678594 0521114 0522498 1514917 0450354 1706096 1518422 0332281 0333562
 0439849 1705630 1706279 3540605 0678594 0005847 0332147 0750491 1705052 0205448 0302523 0700325 1964257 0349966 1337208 0020912 0524865 0521093 0750484 0595960 0003242 0003241 0021027 1708632 0349966 1337208
 0020912 0524865 0562342 1883351 1704254 1704922 3542466 0205171 1518422 1720467 0004457 0999597 1522496 0205132 1264693 1550648 1552960 0442822 1524031 1883002 0678594 1521840 2986546 0005847 0349966 0450378 1337208 1547282
 0439849 1705630 1706279 3540605
 1167624 1947902 2827499 0085103 0013604 0038999 2346714 0522498 0332281 0444669 1167518 1706352 1882467 3274653 0678594
 0678594 0439742 0439751 0444667 1280412 0205155 1293097 1522472 1552923 1705191 1999230 0556981 0442726 1511790 0678594 1517586 0012634 0348080 1705253 0185125 1280412 0205155 1293097 1522472 1552923
 0332437 0543482 0700329 0700619 1521970 1706388 2346469 2348519 0004083 0439849 0596306 0699792 0150312 1883351 1705242 0444669 1167518 1706352 1882467 3274653 0678594 0005847
 1705241 1705242 1705535 0441712 0333562 1314939 1705242 0150312 0205288 0440042 0445247 1521738 2346620 2349184 3539073
 1552616 1706244 0443211 1272684 0025663 0449851 0871511 0359168 0003250 0003241 0021027 0746619 0042971 1336938 0042974 1521761 2827422 0003316 2700455
 0185125 1947919 2347934 3539080 0450363 0936012 1527178 1874451 2986797
 1521970 1706388 2346469 2348519 0520511 1704711 0150312 1883351 1705242
 1705535 0441712 1706376 0333463 1705242 0333562 0444669 1167518 1706352 1882467 3274653 0678594
 0025663 0449851 0871511 0205229 1272460 1706839 1547902 1706245 0011900 1704338 1704656
 0449719 1521721 1709471 0018173 1548284 1532464 2700314 0038039 1552306 0036397 0039421 0022341
 0034754 1705179 0600659
 0034036 0034037 1514756 1704324
 1272684 1548435
 0023866 0034036 0520510 0023866 0034036 1517480 1521871 1705759 0019941 0027021 0031179 0330510 0939835 1110641 1318719 0038128 1710082
 0439509 0033727 0369286 0441932 0564385 0033727 0369286 0441932 0564385 0033727 0369286 0441932 0564385 0597277 1708601
 0011560 0333584 1705760 0333562 0596260 0444930 0007776 1176472 2700441 0030705 0002395 1521724 0012634 0580327 0557651 1441616 2603343 0205369 1552740 0001898 0444930 2746065 1709915 1882936
 2347379 0025141 0439255 2346650 0333562 0025663 0449851 0871511
 0185125 1947919 2347934 3539080
 0025663 0025664 0449851 1517844 0025141 0205090 0684010 2603358 0369637 0441923 0033727 0369286 0441932 0564385
 0205419 0037771 0221166 0333463
 0349590 1262865 0025141 0597277 1708601 0439267 1517480 1521871 1705759 1710082 1517480 1521871 1705759
 0000857 0600678 1552863 0033727 0369286 0441932 0564385 0175631 2827662 0333463 1420510 0330390 0392079 0439096 0439509 2004068 0746619 0332120 1705920 1420510 0330390 0439096 2004068
 0027882 0025141 0597277 1708601 1550147 2709094 3539075 3539076 0016576 0885348 2349975 0002716
 0022877 0025141 1539791 0012836 1419366 2347947 0487602 0025663 0449851 0871511 1524063 0042153 0457083 1947944 0018851 1883351 0028778 0332206 1533157 1706084 2828370 0010357 0872139 1880190 0003320
 0439073 0439082 0205090 0684010 2603358 0333463
 1417055 0450319 0025141 0036140 0037494 0206136 0021966 0221138 1275573 0184661 1948041 2700391 3274430 3538935 3539779 0085188
 0369637 0441923 0369637 0441923
 0003250 0003264 0003241 0746619 1720655 1947974 0003316 0031678 0332324 1149880 1550474 0439851 1947931
 0025141 0475264 1744691 1524063 0025663 0449851 0871511 0598670
 0557651 2603343
 0025141 0033727 0369286 0441932 0564385 0597277 1708601 1832586 0004398 0868928 1706255 1706256 0333463
 0876934 1540677 1555824 0033727 0369286 0441932 0564385 0369637 0441923 0033727 0369286 0441932 0564385 0439269 1960952 2346927
 1442161 1511760 1880274 0015127 1314792 1524003 0033268
 0201682 1832586 0033727 0369286 0441932 0564385 0002395 1521724 0012634 0333463
 2347379 0025141 0033727 0369286 0441932 0564385 0033727 0369286 0441932 0564385 0597277 1708601 3613423 0600396 0600395 0023089 0026018 0034606 0441633 0458142 1023865 1706315 0185125 1947919 2347934 3539080 0444184 0440744 0440746 0459385 0006104 0040300 1269537 1547928
 0369637 0441923 1627358 2349975 0333562 0679823 0220781 0439634 1522492 0085400
 0007634 1269647 1704653 1948049 0025141 0021002 0025664 0449851
 1524063 0042153 0457083 1947944 0003250 0003241 0746619
 0025663 0025664 0449851 1517844 0025141 0033727 0369286 0441932 0564385 0369637 0441923 0002395 1521724 0012634 0031437 1285572
 1417055 0025141