 1280500 0871261

 2827734 2981698
 0439394 1706495 3642217
 2827734 2981698 0439086 2827736 2981702
 0018701 0013621 0013622 0013658 0039401 1704729 0018417 0237419 0041740 0029040 1515023 0000857 0012625 0025663 0025664 0205088 0348078 0376315 0449851 0557061 0600678 1272684 1522492 1546485 1548435 1552863 1704458 2584313 1514811 1706462 0557651 2603343 0392366 1512571 0032961 3484365 0392747 0005889 0302908 0444611 1704353 2265833 0871261
 0871261 0441833 0687744 1257890 1552516 1705428 1705429 0017504 1148461 0001779 0439671 0332174 0439230 0243148 1550141 1882979 2587213 3274648 0009932 0243148 0441833 0687744 1257890 1550141 1552516 1705428 1705429 1882979 2587213 3274648 0035253 1622890 1707455 1515981 1511572 0449864
 0035253 1622890 0086045 1446561 0369773 2603361 0205250 1299351 2700149
 0009932 0243148 0441833 0687744 1257890 1550141 1552516 1705428 1705429 1882979 2587213 3274648 0860721 0032105 0086741 0201803 1547034 1550098 0086045 0037473 0597484 0441994 1548802 2003888
 0086045 1446561 2348205
 0086045 0205217 0442805 0035253 1622890 0449864 0009932 0243148 0441833 0687744 1257890 1550141 1552516 1705428 1705429 1882979 2587213 3274648 0442805 2348205
 0442805 0555903 1261360 0033684 0439175 0439810 0486291 0086045 0043227 0871208 1521828 2348205
 0441833 0687744 1257890 1552516 1705428 1705429 0009932 0243148 0441833 0687744 1257890 1550141 1552516 1705428 1705429 1882979 2587213 3274648 0015272 0242705 0333051 0015259 1522704 0442805 0332197 2699517 0332161 0599946 0032961 3484365
 0449971 0005889 0205217 0302908 0444611 0449468 1690016 1704353 1705102 2700258 0449234 1704772 1882133 1301808 1442792 3148680 0035253 0150312 0449450 1622890 0003009 0003018
 0003779 1527128 0003765 0042413 1705480
 0027481 0051989 1144709 2709270 3537020 0018792 0030956 0597421
 0033308 2757070
 0086741 0201803 1547034 0032961 3484365 1514989 0015259 1522704 1280500 0376554 1280500 1518422 1317750 1831145 0034037 0557651 0684224 0700287 1704324 2603343 3496591
 0557651 2603343 0004927 1883351 1280500 0858120 0013832 3536863 0086741 0201803 1547034 2265833 0871261 1282910 1552828 0002749 0449864 1515981 3641081
 0747845 0032961 3484365 0301630 0392756 0441610 0019932 0439671 0449234 1704772 1882133 1515877 1879547 0441712 0442805 0301630 0392756 0441610 0450348
 0301630 0392756 0441610 0392756 0547047 0015127 1524003 1515877 1879547 0449913 1553451 1704459 0678227 0020488 0035280 0333117 1753315
 0683150 0032105 0035094 0035100 0086045 1419338 1446561 1550098 1150120 0032961 0205250 3163633 3484365
 0086045 1446561 0030685 0391871 0439180 0680255 1283071 1963578 0542203 2584327 0035280 0043047 0332152 0333117 0599638 1522538 1550678 1753315 0439084 0728893
 0449864 0032961 0441994 1272755 2003888 3484365 0449864 0039971
 1285529 1883351 0442802 0442805 0005850 0005767 0005768 0229664 0449468 1690016 1705102 2700258 0027481 0051989 1144709 2709270 3537020 0018792 0030956 0597421 0871261 1327616 1704632 1706817 2911692 0042449 0332156 0348013 0012359
 0032961 3484365 0175630 0683150 0086045 0027481 0051989 1144709 2709270 3537020 0018792 0030956 0597421 0684224 0700287 3496591 1883351 0392756 0547047 0442805 0442739 2346711 0032961 3484365
 0005850 0005767 0005768 0229664 0449468 1690016 1705102 2700258 0042449 0332156 0348013 0205217 0442805 0032961 0205087 0450348 0012359 0018787 0393293 0700124 1522601 0019932 0086597 0127400 0439671 0747845 0032961 1279919 1709305 2745955 3484365
 0309872 0677038 1881187 0442805 0600080 0037640 0234402 0442805 0030685 0391871 0439180 0680255 1283071 1963578 0027481 0051989 1518422 0392760 1314939
 0871261 1704632 1706817 2911692 0015259 1522704 0860721 0032105 0086741 0201803 1547034 1550098 1150120 0086045 1446561 0027481 0051989 1144709 2709270 3537020 0018792 0030956 0597421 0086045 1446561 0002006 1456606 0025266 0442805 0043210
 1292856 1948023 0030685 0391871 0439180 0680255 1283071 1963578 0851827 1701901 3244310 0522510 0030054 1955473 0684224 0700287 3496591 0002006 0032105 1550098
 0032105 1550098 0027481 0051989 1144709 2709270 3537020 0018792 0030956 0597421 0442805 0015259 0522510 1522704 0205251 1299352 1550472 0030054
 1879547 0015259 1522704 0007634 1292856 1948023 3282337 0227650 0449234 0035070 1527409 0232338 0005767 0005768 0022646 0229664 0806140
 0442805 0333051 0043047 0599638 1550678 0005839 0030685 0391871 0439180 0680255 1283071 1963578 0033414 0542203 2584327 0035280 0333117 1753315
 0175630 0036536 0036537 1412113 0034787 0205101 0005854 1305865 0005767 0005768 0006104 0229664 1269537 1706912 0439084 0728893
 1292856 1948023 0015259 1522704 0018896 1552861 1883351 0032127 0032105 0449468 1550098 1690016 1705102 2700258 0024501 0007227 0007226 0031843 0542341 0700205 1705273 0005905 0262758
 0015259 0729333 1522704 2349975 0042449 0332156 0348013 1274040 1546471 2825142
 1514989 0015259 1522704 0332281 0232826 3159008 0086168 0441889 3179308 1280500 2348382 0221102 0037473 0597484 0033414 0235395 1517945
 0025266 1150120 0002006 0871261 1704632 1706817 2911692 0015259 1522704
 0443228 1704243 0032127 0032105 0449468 1550098 1690016 1705102 2700258 0439092 0547044 0871261 1704632 1706817 2911692
 0032127 0032105 0449468 1550098 1690016 1705102 2700258 1441672 1883351 0032105 0441994 1274040 1546471 1548802 1550098 2003888 2825142 0205250 1299351 2700149 0027481 0051989 1144709 2709270 3537020 0018792 0030956 0597421 0015259 1522704 1274040 1546471 2825142 0392747 0443172 0035253 0441889 1512899 0019932
 0557651 2603343 1707455 0871261 0043210 0702093 0015259 0522510 1522704 0449864 0449864
 0018173 1527178 1548284 1705938 2607943 2926606 3539655

 1280500 0032127 0032105 0449468 1550098 1690016 1705102 2700258 0025266 0365304 0032127 0032105 0449468 1550098 1690016 1705102 2700258 0599946 0871261 1704632 1706817 2911692 0015259 1522704
 0012625 1514811 1706462 0681850 1550501 1706203 2349001 2697811
 0681850 1550501 1706203 2349001 2697811 0033011 0043210 0441833 0687744 1257890 1552516 1705428 1705429 0439234 0332174 0439230 0043210 0009932 0243148 0441833 0687744 1257890 1550141 1552516 1705428 1705429 1882979 2587213 3274648 0439234 0683970 1521970
 0681850 1550501 1706203 2349001 2697811 0205276 0456387 0678804 1456706 1705943 2828394 0683971 0032659 0205246 1257890 1515981 1553889 0949214 0376675 0683877 0332158 0337611 1705415
 0449297 1382187 2825073 0031831 0804815 1301820 0150369 1516647 0849979 0032961 3484365 0032961 3484365
 0681850 1550501 1706203 2349001 2697811 0205197 0034394
 0348078 0376315 1516990 0031842 0031843 0206293 3541260
 0043266 1576875 2584304 0021430 1511481 1522154 1554192 1301820 0681850 1550501 1705654 1706203 2349001 2697811 0557651 2603343
 1507394 2348563 0442711 0557651 1522729 2603343 0009797 0348078 0376315 1522492 0814851 0015000 0035168 0205540 0242481 0972401 1527243 1948070 0015535 0041740 0079816 1556038 0035168 0242481 0086418 0681850 1550501 1706203 2349001 2697811 1253959 1881507 2700383 2826234
 0242485 0332257 3538986 0005890 0487985 0242821 0460148 0489786 1268086 0518010 0242821 0460148 0577559 1268086 1306372 3152252 0005823 1271104 1272641 0005767 0005768 0033095 0229664 0460139 1306345
 0005893 1305855 0518010 0242821 0460148 0577559 0918012 1268086 1306372 1552854 1637833 3152252 0518010 0242821 0444686 0460148 0577559 1268086 1306372 1441506 1443182 3152252 0456689 0457242
 0441833 0687744 1257890 1552516 1705428 1705429 0042295 0001779 0444504 2347634 2348143 0005890 0487985 0242821 0460148 0489786 1268086 0518010 0242821 0460148 0577559 1268086 1306372 3152252 1709908 0681850 0684224 0700287 1550501 1706203 2349001 2697811 3496591 0030563 0595999 1456706
 0680022 0884358 0015260 0015259 0022885 0392366 1522704 0332174 0439230
 0681850 1550501 1706203 2349001 2697811 1518422 1524063 0009905
 0681908
 0681850 1550501 1706203 2349001 2697811 0015260 0015259 0022885 0392366 1522704 3570325 1955120 0180748 1511572 0332173 0439228 0439505
 1883351 0018896 1552861 0392209 0449438 1521739 2707262 1883351 0218063 1321013 0681850 1550501 1706203 2349001 2697811 0444664 1998602 0439259 1556156 0007004 0424612 0033684 0033727 0369286 0441932 0564385 1514989 0026606 0031809 0205177 0205485 0439167 0441655 1509143 1561536 0006644
 0022885 0039593 0392366 1273517 1883351 0449864 1883351 1516048 2371107 1516240
 0442711 1507394 1522729 2348563 1314939 0702093 0687712 0332283 0442805 0043227 0871208 1521828 0702093 0018810 0018787 0871208 1281570 1521828 0439385 0702093 2584321
 0871261 0429627 0030054 0243144 0347980 0030054 0225386 0444706 3541902 1527178 1874451 1524063 0449913 1553451 1704459 0225386 0029040 0006823 0183396 0183395 0577559 1306372 1710143 3152252 0013850 0043193 1708533 2698172 0750490 1706221 1552738
 0025663 0449851 0871511 0740116 2827735 2981700 1273517 1883351 0449864
 0018810 0018787 0871208 1281570 1521828 0018810 0018787 0871208 1281570 1521828 0030695 0150369 0181904 0596972 1521743 1704646 0030695 0150369 0181904 0596972 1521743 1704646 0027976 1879958 0013798 0180600 1623258 0013850
 0232117 0391850 1947910 0018810 0018787 0871208 1281570 1521828 0018810 0018787 0871208 1281570 1521828 0439385 0702093 2371107 0043227 0444686 0918012 1441506 1443182 1510824 1516240 1552854 1637833
 0015260 0015259 0022885 0039593 0392366 1522704 1314939 0449239 0439531 1948053 0332283 0589120 1522577 1704685 3274571 0687712 0702093 0442805 0439582 0040223 0439531 1948053 3541383 0043227 0871208 1521828 0449864
 0043227 0871208 1521828 0549178 0702093 0001072 0043227 0871208 1521828
 0681850 1550501 1706203 2349001 2697811 0035253 0702093 0441889
 0022885 0039593 0392366 0007439 0177049 0085590 0439848 1704454 0230372 1285501 1185737 0018563 0042449 0205095 0441587 1278960 1281583 1552914 0205108 0040067 1269613 0332149 1705910 2362652
 0018563 1281583 1552914 0446516 1269078 1269612 0179245 0043047 0150141 0204774 0599638 0687712 1550678 0021107 0441587 1512796 1883719 0085590 1704454 1883708 0600424 0701415 0442504 1704765 1882509 3496241 0018851 0179400 1533124 1883351 0033414 0042401 0595862 3537065
 0178913 0370003 2347026 1883708 0035253 1516695 1516698 1622890 0015259 0439232 0700321 0702093 1282918 1515981 1522704 2347166 0449864
 0178913 0370003 2347026 0428190 0201931 0391839 0020283 0086045 1446561 0039142 1516695 1516698 1706072 0332256 2700400 0019134 0770546 0936012 0205548 1524063 0179038 1706246
 0242485 1532039 0521093 0750484 0012727 0205419 1705236 0032961 3484365 0015259 1522704
 1283174 0034378 1561524 1610034 1524063 0302908 0039593 0392366 0439228 1272695 2746065
 0005767 0005768 0229664 0858120 0013832 0032105 1273517 1550098 3536863 0555903 1261360 0033684 0439175 0439810 0002778 0936012 1524024
 0032105 0373690 0005767 0005768 0229664 0019134 0023870 0039142 0332256 0439526 0770546 1516695 1516698 1706072 2700400
 0178913 0444263 1303103 0370003 2347026 0027481 0051989 1144709 2709270 3537020 0018792 0030956 0597421 0439526 1516695 1516698 0085593 1883522 0332256 2700400 0331782 0003641 0439458 1635169 0205548 0370231 1546552 1608383 1608936 0005767 0005768 0229664 0444667 1524062 0439268 1635169 0087870 0031370 0947272 0032105 0439526 0443224 1524062 1550098 2827486 1148554
 0229671 0427728 0699870 1313904 0005767 0005768 0229664 1516695 1516698 1883522 0332256 2700400 0442796 1550602 0020746 0442504 1704765 1882509 3496241 0033727 0369286 0441932 0564385 0683607 0040223 3541383 0009074 0302148
 0005767 0005768 0229664 0032105 1516695 1516698 1550098 0002778 0936012 1524024 0456692 0702093 0179834 0439267 0032105 1550098 0229671 1546774 1550100 0016701 0677542 0002778 0936012 1524024 1552738
 0683150 0086045 0597484 1272460 0032821 0597277 0597277 1708601 0008203 0596019 0936012 1524063 0206189 0013812 0022023 1700702
 0086045 1446561 0444706 3541902 1524063 0005507 0243073 1510438
 0086045 1446561 0596235 0600069 0006675 0006726 0086045 0439175 0439810 0444686 1441506 1443182 1446561 2936886
 0860721 0032105 0086741 0201803 1547034 1550098 1524063 0016701 0449851 0444700 3161035 0449913 1553451 1704459
 0427716 0555903 1261360 1304757 0033684 0086045 0439175 0439810 1446561 0555903 1261360 0033684 0439175 0439810 0444706 3541902 1524063 1704536 0025663 0449851 0871511
 0486291 0086045 1446561 1524063 0025663 0449851 0871511
 0034580 0444706 0812225 1150635 1705212 1705213 3273202 3541902 1524063 0021622 1272753 0011900 0348026 1551529
 0237820 1555688 2004454
 0027481 0051989 1144709 2709270 3537020 0018792 0030956 0597421 0034580 0444706 3541902 1081142

 0347985 0681921 0205419 1707429 0439086 2827736 2981702 0027481 1144709 2709270 3537020 0051989 0018792 0030956 0597421
 0005507 0243073 1510438 0027481 0051989 1144709 2709270 3537020 0018792 0030956 0597421 0036667 0312418 0427965 1511883 1522640 2346484 2349185 0175730 1547937 1561954 1704730
 0033308 2757070 0034580 0444706 3541902 0022877 0020008 0019994 0205246 1510665 1553889
 0871424 0002778 0936012 1524024
 1521970 0030054 0232117 0391850 1947910 0441833 0687744 1257890 1552516 1552839 1705428 1705429 1707455 1524063 0038215 0600673 2348149
 1511726 3245479 0015259 1515981 1522704 0449864 1707455 1515981 0681850 1550501 1706203 2349001 2697811 1524063 0441833 0687744 1257890 1552516 1552839 1705428 1705429 1710497 0441889 0456079 1547707 2946261 0871881 0079809 1879489 1521761 2827422
 0237881 0750502 1546944 1441672 0022885 0039593 0392366 1273517 1883351 1705241 1705242 0035253 1622890 0449864 0449864 1515981
 0237881 0750502 1546944 0681850 1550501 1706203 2349001 2697811 0205225 1280500 1542147 2348382 1704675 1441672 0022885 0392366 1273517 1883351 0442726 1705241 1705242 0449864 0449864
 0439095 2003941 2350010 0369773 2603361
 0012625 1514811 1706462 1707689 2983265 1705241 1705242 0001779 0005890 0487985 0242821 0460148 0489786 1268086 0030563 0595999 0039224 1706073 1706074
 1517001 0518010 0242821 0460148 0577559 1268086 1306372 3152252 0005893 1305855 0518010 0242821 0460148 0577559 0918012 1268086 1306372 1552854 1637833 3152252 0439093 0443228 1704243 0040223 3541383 0039593 0392366
 0518010 0242821 0460148 0577559 1268086 1306372 3152252 0005893 1305855 0518010 0242821 0460148 0577559 0918012 1268086 1306372 1552854 1637833 3152252 2348205
 1705241 1705242 0030054 0449864 0232117 0391850 1947910 0521093 0750484 0441833 0687744 1257890 1552516 1552839 1705428 1705429 0441889 0456079 1547707 2946261
 0681850 1550501 1706203 2349001 2697811 0441833 0687744 1257890 1552516 1705428 1705429 0681850 1550501 1706203 2349001 2697811 1518422 0681850 1550501 1706203 2349001 2697811 0150098 0036849 1442518 1511726 1705195 3245479 0027481 0051989 1144709 2709270 3537020 0018792 0030956 0597421 0033308 2757070 0555903 1261360 0033684 0439175 0439810 0019054 1630417 2937287 2945560 0178913 0370003 2347026 0042373 1546466
 0205171 1720467 0150098 0036849 0205197 0681850 0725685 1442518 1511726 1550501 1705195 1706203 2349001 2697811 3245479 1511726 3245479 0449864 0449864 0002778 0332257 0439828 0936012 1524024 3538986
 0242618 0456389 1524063 0002778 0439828 0936012 1273517 1524024 0039224 1706074 1547282 0439086 2827736 2981702 0439084 0728893 0349966
 2827734 2981698 0740116 2827735 2981700 0439086 2827736 2981702
 0449911 0039224 1706073 1706074 0557702 1272706 1704674 0557702 1272706 1704674 0039224 1706073 1706074
 0681884 1519021 1706465 1521970 0449911 0039224 1706073 1706074 0557702 1272706 1704674 0557702 1272706 1704674 0039224 1706073 1706074
 0030054 0018810 0018787 0871208 1281570 1521828 0043227 0871208 1521828 0449911 0039224 1706073 1706074 0557702 1272706 1704674 0557702 1272706 1704674 0039224 1706073 1706074
 0858120 0013832 3536863 0086741 0201803 1547034 0043227 0871208 1521828 0449911 0039224 1706073 1706074 0557702 1272706 1704674 0557702 1272706 1704674 0039224 1706073 1706074
 0032120 0036825 0555903 1261360 0033684 0439175 0439810 0001924 0043227 0871208 1521828 0449911 0039224 1706073 1706074 0557702 1272706 1704674 0557702 1272706 1704674 0039224 1706073 1706074
 1318402 0033308 2757070 0043227 0871208 1521828 0449911 0333052 2607870 0557702 1272706 1704674 0557702 1272706 1704674 0349966 1337208
 2827734 2981698
 0683150 0086045 1446561 0035253 1622890 0043227 0871208 1521828
 0449864 0449864
 1705241 1705242 0369773 2603361 0441833 0687744 1257890 1552516 1552839 1705428 1705429
 0392747 0443172 1705241 0369773 2603361 0441833 0687744 1257890 1552516 1705428 1705429 0035253 1622890
 0449911 0333052 2607870 0557702 1272706 1704674 0557702 1272706 1704674 0349966 1337208
 0740116 2827735 2981700
 0683150 0086045 1446561 0043227 0871208 1521828
 1705241 1705242 0369773 2603361 0441833 0687744 1257890 1552516 1552839 1705428 1705429
 0392747 0443172 1705241 0369773 2603361 0441833 0687744 1257890 1552516 1705428 1705429 0035253 1622890
 0392747 0443172 1705241 0369773 2603361 0441833 0687744 1257890 1552516 1705428 1705429 1511572 0449864 1511572 0449864
 0449911 0333052 2607870 0557702 1272706 1704674 0557702 1272706 1704674 0349966 1337208
 0439086 2827736 2981702
 0683150 0086045 1446561 0027481 0051989 1144709 2709270 3537020 0018792 0030956 0597421 0035253 1622890 0043227 0871208 1521828
 0392747 0443172 1705241 0369773 2603361 0441833 0687744 1257890 1552516 1705428 1705429 0035253 1622890
 0392747 0443172 1705241 0369773 2603361 0441833 0687744 1257890 1552516 1705428 1705429 1511572 0449864 1511572 0449864
 0018810 0018787 0871208 1281570 1521828 0205250 1299351 2700149 0009932 0243148 0441833 0687744 1257890 1550141 1552516 1705428 1705429 1882979 2587213 3274648 0030054 0039224 1518422 1706073 1706074
 1705241 1705242 0030054 0449864
 0018810 0018787 0871208 1281570 1521828 0205250 1299351 2700149 0009932 0243148 0441833 0687744 1257890 1550141 1552516 1705428 1705429 1882979 2587213 3274648 0449864 1518422
 0030054 0018810 0018787 0871208 1281570 1521828 0205217 0442805 0035253 0441833 0687744 1257890 1552516 1552839 1622890 1705428 1705429 0449864 0449864
 0086741 0201803 1547034 0441994 1548802 2003888
 0009932 0243148 0441833 0687744 1257890 1550141 1552516 1705428 1705429 1882979 2587213 3274648 0043227 1515981 0871208 1521828
 0086741 0201803 1547034 0205217 0442805 0035253 1622890 0449864 1515981 0449864 0441833 0687744 1257890 1552516 1552839 1705428 1705429 0039224 1706073 1706074
 1704675 0441889 0456079 1547707 2946261
 0597484 1272460 0597277 1708601 0441994 1548802 2003888 0009932 0243148 0441833 0687744 1257890 1550141 1552516 1705428 1705429 1882979 2587213 3274648 0043227 0871208 1521828
 0597484 1272460 0597277 1708601 0205217 0442805 0035253 1622890 0449864 1515981 0449864 0441833 0687744 1257890 1552516 1552839 1705428 1705429 0597484 1272460 0449864
 1704675 0441889 0456079 1547707 2946261 0597277 1708601
 0596235 1705242 0035253 1622890 0205250 1299351 2700149 0009932 0243148 0441833 0687744 1257890 1550141 1552516 1705428 1705429 1882979 2587213 3274648 0449864
 0596235 0035253 0205217 0442805 1622890 0449864 0441833 0687744 1257890 1552516 1705428 1705429 1515981 0449864 0441833 0687744 1257890 1552516 1552839 1705428 1705429
 1704675 0441889 0456079 1547707 2946261 0596235
 0596019 0035253 0205217 0442805 1622890 0449864 0441833 0687744 1257890 1552516 1705428 1705429 0035253 1622890 0441833 0687744 1257890 1552516 1552839 1705428 1705429
 1704675 0441889 0456079 1547707 2946261 0596019
 0555903 1261360 0033684 0439175 0439810 0428519 0001924 0441889 0441994 1548802 2003888 0009932 0243148 0441833 0687744 1257890 1550141 1552516 1705428 1705429 1707455 1882979 2587213 3274648 0040223 1632851 0039224 1706073 1706074
 0555903 1261360 0033684 0439175 0439810 0428519 0001924 0441889 0205217 0442805 0035253 1622890 0449864 1515981 0449864 0441833 0687744 1257890 1552516 1552839 1705428 1705429
 1704675 0428479 0441889 0456079 1547707 2946261 0428519 0001924 0441889
 0205250 1299351 2700149
 0009932 0243148 0441833 0687744 1257890 1550141 1552516 1705428 1705429 1882979 2587213 3274648 0043227 0871208 1518422 1521828
 0599156 2700061 0035253 1622890 0449864 0205217 0442805 0009932 0243148 0441833 0687744 1257890 1550141 1552516 1705428 1705429 1882979 2587213 3274648 0232973 2826362 0441833 0549206 0553641 0600457 0687744 1257890 1518422 1552516 1705428 1705429 0349966 1337208
 1704675
 0032105 1550098 0441994 1548802 2003888
 0009932 0243148 0441833 0687744 1257890 1550141 1552516 1705428 1705429 1882979 2587213 3274648 0043227 0871208 1521828
 0086045 1446561 0205217 0442805 0035253 1622890 0009932 0243148 0441833 0687744 1257890 1550141 1552516 1705428 1705429 1882979 2587213 3274648 0349966 1337208
 1704675 0441889 0456079 1547707 2946261
 0027481 0051989 1144709 2709270 3537020 0018792 0030956 0597421 1705242 0043227 0871208 1521828
 0027481 0051989 1144709 2709270 3537020 0018792 0030956 0597421 0205217 0442805 0035253 1622890 0449864 1515981 0449864 0441833 0687744 1257890 1552516 1705428 1705429 0205250 1299351 2700149 0035253 1622890 0441833 0687744 1257890 1552516 1552839 1705428 1705429 0349966 1337208
 1704675 0441889 0456079 1547707 2946261 0027481 0051989 1144709 2709270 3537020 0018792 0030956 0597421
 1517001 0042295 0205250 1299351 2700149
 0009932 0243148 0441833 0687744 1257890 1550141 1552516 1705428 1705429 1882979 2587213 3274648 0039224 1706073 1706074
 0042295 0558058 0681850 1550501 1706203 2349001 2697811 1818633 0025329 0025344 0392366 0585064 1067936 1511572
 0428409 0033308 0441889 2757070 0205217 0442805 0441833 0549206 0553641 0600457 0687744 1257890 1552516 1705428 1705429 0035253 1622890 0449864 1515981 0449864
 1704675 0428409 0441889 0456079 1547707 2946261
 0012625 1514811 1706462 0557651 2603343 0392366 1512571 0032961 3484365 0599946 2265833 0871261
 0037088 0243095 2825141 0871261 1704632 1706817 2911692 0036536 0036537 0871261 1704632 1706817 2911692 0015259 1522704 0032961 0205087 1997138
 1979874 0871261 1518422 0332161 0599946
 0392747 0443172 1518422 0444706 3541902 0557651 1947931 2603343 1524063 0042153 0457083 1947944 0558058 0242705 0333051 2347509 0015259 1522704 1273517 0205156 0549206 0553641 0600457 0947630 1552607 0439086 2827736 2981702 0043210
 0237607 3245512 1527178 1705938 0178735 0032120 1518422 2828360 1706912 0871261 1704632 1706817 2911692 0441722

 0450348 0684224 0700287 3496591 0442805 0001924
 0042295 0332174 0439230 2348205
 1517945 0700321
 0242485 0558058 0019009 0232989 0032961 0086418 0205307 0439166 1709305 2347086 2745955 3484365
 0042295 0001924 0441994 1548802 2003888 0681850 1550501 1706203 2349001 2697811
 0871261 1704632 1706817 2911692 0015259 1522704 0854379 1441672 0043227 0441833 0687744 1257890 1552516 1552839 1705428 1705429 0871208 1521828 0555903 1261360 0033684 0439175 0439810 0486291 0086045 0086741 0201803 1547034 0205217 0442805 0035253 1622890
 0441833 0687744 1257890 1552516 1552839 1705428 1705429 2348205 0392747 0443172 1444656 2348205 0555903 1261360 0033684 0439175 0439810 0486291 0086045 1446561
 0555903 1261360 0033684 0439175 0439810 0486291 0086045 0205217 0441833 0442805 0549206 0553641 0600457 0687744 1257890 1552516 1705428 1705429 0035253 1622890 0449864 0439084 0728893 0035253 1515981 1622890 0449864 0450317 0442808
 0332290 0332529
 0450348 1441672 0547047 0332174 0439230 0549206 0553641 0600457 0332174 0439230 1707455 0086839 0702093 1511572
 0205250 1299351 2700149 0441833 0687744 1257890 1552516 1705428 1705429
 0009932 0243148 0441833 0687744 1257890 1550141 1552516 1705428 1705429 1882979 2587213 3274648 0332290 0332529 0150312 0240783 0683150 0032105 0035094 0035100 0086045 1419338 1446561 1550098 1150120 0032961 3484365
 0175630 0009932 0243148 0441833 0687744 1257890 1550141 1552516 1705428 1705429 1882979 2587213 3274648 1274040 1546471 2825142 0025515 0870882 0311400 0449297 0871208 1382187 1521828 1524026 2707259 2825073 0032961 3484365
 0033308 2757070 0441994 1880177 2003888 0001554 1533734 1883351 0392756 0547047 0441889 0450355
 0086045 1446561 1518422 0444706 0557651 2603343 3541902 0234402 0449864 0030685 0391871 0439180 0680255 1283071 1963578 0032961 3484365 0019932 0392756 0547047 0449864 0043210
 0441889 0456079 1547707 2946261 0035253 1622890 1705242 0009932 0243148 0441833 0687744 1257890 1550141 1552516 1705428 1705429 1882979 2587213 3274648
 0741276 2348360 0020564 1293134 2711450 0600080 0027481 1144709 2709270 3537020 0051989 0018792 0024501 0030956 0205307 0439166 0441889 0597421 1880177 2347086
 0871261 1704632 1706817 2911692 0015259 1522704 0332161 0441833 0549206 0553641 0599946 0600457 0687744 1257890 1552516 1705428 1705429 0009932 0243148 0441833 0687744 1257890 1518422 1550141 1552516 1705428 1705429 1882979 2587213 3274648 0441857 0441835 0040223 0237881 0441833 0558058 0687744 0750502 1257890 1546944 1552516 1704675 1705428 1705429 3541383
 0009932 0871261 1704632 1706817 2911692 0015259 1522704 0332290 0871261 1704632 1706817 2911692 0015259 1522704 0009932 0243148 0441833 0687744 1257890 1550141 1552516 1705428 1705429 1882979 2587213 3274648 0042295 1518422 0522510
 0035070 1527409 0232338 0005767 0005768 0229664 0806140 1518422 0032961 0392756 3484365 0015259 1522704 0033268 1518422 1948023
 0086045 1446561 1518422 0392747 0443172 1705241 0441925 0441889 1518422
 0442805 0032961 3484365 0450348 0194133 0022646 0031001 0184511 0332272 1561611 1274040 1546471 2825142 0015259 1522704


 0002006 0032105 1550098 0871261 1704632 1706817 2911692 0015259 1522704 0025266 1441672 0032127 0032105 0449468 1550098 1690016 1705102 2700258 0035070 1527409 0232338 0005767 0005768 0022646 0184511 0229664 0332272 0439849 0445223 0806140 1561611 0015259 1522704
 0599946 0015259 0032961 1522704 3484365 2348205 1709908 0018173 0684224 0700287 1548284 3496591

 0871261 1704632 1706817 2911692 0032127 0032105 0449468 1550098 1690016 1705102 2700258 0025266
 0814843 0456389 0700364 1883351 0439792 0439849 0445223 0546817
 0032127 0032105 0449468 1550098 1690016 1705102 2700258 0205217 0442805 0032961 3484365 0450348 1274040 1546471 2825142 0018173 0231448 1261322 1548284 1880641 0449911


 0365304 0032127 0032105 0449468 1550098 1690016 1705102 2700258 0025266 0557651 0871261 2603343 0015259 1522704 0702093
 0557651 2603343 0332128 1280500 0871261 0681850 1550501 1706203 2349001 2697811 0702093 0015259 1522704 0032863 0205289 0806909 1510824
 0683954 1274040 1546471 2825142 0868560 1301808 1442792 3148680 0549178 1521798 0032127 0032105 0449468 1550098 1690016 1705102 2700258 0018173 0443211 1272684 1548284 1524063 0439165 1549488 1561533 0232097 0032127 0032105 0442805 0449468 1550098 1690016 1705102 2700258
 0013126 0683454 0021966 0221138 0441994 1548802 2003888 0014563 0441889 0018173 1441672 1548284

 1883351 0002006
 0205177 0439167 0441655 1561536 0035070 1527409 0232338 0005767 0005768 0022646 0229664 0806140 0015127 1314792 1524003 0553257 0007634 3282337 0227650 0442805 0522116 0036536 0036537
 0541749 1709743 0175630 0205250 1274040 1546471 2825142 3163633 0002006
 0022877 3244292 2267000 0301630 0392756 0441610 0015259 1441672 1522704 0681850 1550501 1706203 2349001 2697811 0032961 0043227 0871208 1521828 0449864 0201998 0014563 0441889 0441994 1444656 1548802 2003888 0449864 0014563 0441889 2827734 2981698
 0392756 0015259 1522704 0441833 0687744 1257890 1552516 1705428 1705429 0686907 0013126
 0015127 1524003 0332268 1704970 3271396 0036536 0036537 1518422 1948023 1883351 0442805 0035280 0333117 1753315 0032961 3484365
 0871261 1704632 1706817 2911692 1276393 0015259 0441833 0549206 0553641 0600457 0687744 1257890 1522704 1552516 1705428 1705429 0009932 0243148 0441833 0687744 1257890 1550141 1552516 1705428 1705429 1882979 2587213 3274648
 0009932 0243148 0441833 0687744 1257890 1550141 1552516 1705428 1705429 1882979 2587213 3274648 1517001 0442808 0871261 1704632 1706817 2911692 1514989 0015259 1522704 0871261 1518422 1704632 1706817 2911692 0015259 1522704
 0042295 1518422 0442805 0871261 1704632 1706817 2911692 0043227 0871208 1521828
 0441833 0687744 1257890 1552516 1552839 1705428 1705429 0442805 0043227 0871208 1521828 1517001 0234402 2348205
 0871261 1704632 1706817 2911692 1997138 0234402

 1441672 0032127 0015259 0032105 0449468 1522704 1550098 1690016 1705102 2700258 0205435 0439227 0442711 0564385 1279901 1507394 1522729 2348563
 0597357 0232104 0034929 0596002 1314939 1997138 0871261 0015259 1522704 1522634
 0005823 1271104 1272641 0005767 0005768 0033095 0229664 0460139 1306345 1518422 0150312 0444706 0449450 0557651 2603343 3541902 0681827 0557651 2603343 2827734 2981698 1273517 0449876 0442711 1507394 1522729 2348563 0439064 0445247 0747726 0681850 1550501 1706203 2349001 2697811 1441672 1705241 1705242 0015259 1522704 0277814 2584297 0015259 0741605 1282927 1522704 1806781 2350002 0702093 0449864 0878751 0032961 3484365 1301808 1442792 3148680
 1527178 1874451 1705535 0232104 0007226 0033095 0460139 1306345 0449468 0597357 1690016 1705102 2700258 0019932 0871261 1314939 1997138
 0557651 2603343 0027552 0686904 1883351 2986669 0033213 1706387
 1705241 1705242 0027481 0051989 1144709 2709270 3537020 0018792 0030956 0597421 0035853 0995005 0043227 0441833 0687744 1257890 1552516 1552839 1705428 1705429 0871208 1521828 0871261 2348205
 0442805 0871261 1704632 1706817 2911692 0015259 1522704 0150312 0441833 0449450 0557651 0687744 1257890 1552516 1552839 1705428 1705429 2603343 1517001 0043227 0871208 1521828 0522510 0449864 0871261 1704632 1706817 2911692 0027481 0051989
 0332290 0332529

 1547282 0871261 1704632 1706817 2911692 0442805 0027481 3547105 1144709 2709270 3537020 0051989 0018792 0030956 0597421 0015259 1522704 0150312 0449450 0681850 1550501 1706203 2349001 2697811 0032127 0032105 0449468 1550098 1690016 1705102 2700258
 0150312 0449450 0557651 2603343 0441889 0871261 1515981 1704632 1706817 2911692 0015259 1522704 2348205 1301808 1442792 3148680 0042449 0332156 0348013 0035253 1441672 1622890 0015259 1442989 1515981 1522704 2828392 0032961 3484365 0741276 2348360 0018792 0020564 1293134 1711330 2711450 0037640 0441889 0449286 0542560 1561545 2348088 0234402 1518422 0392760 1314939
 0032127 0032105 0449468 1550098 1690016 1705102 2700258 0947630 0027481 1144709 2709270 3537020 0051989 0018792 0030956 0042295 0597421 0205250 1274040 1299351 1707455 0243148 1550141 1882979 2587213 3274648 0035253 1622890 0441889 0015259 1522704 1274040 1546471 2825142 0032127 0032105 0449468 1550098 1690016 1705102 2700258 0332294 0042449 0332156 0348013 0678226 2349975 1518422 0741276 2348360 0018792 0020564 1293134 1711330 2711450
 0032961 0392760 1314939 3484365 0015259 1522704 0871261 1518422 0234402 1705242
 0004457 0999597 1522496 0392747 0443172 0005850 0005767 0005768 0229664 0449468 1690016 1705102 2700258 0194133 0022646 0031001 0033095 0460139 1306345 1292856 1948023 0392747 0443172 0234402 1819802 0036536 0036537 0027481 0051989 0042449 0205217 0332156 0348013 0442805 1948023 0012359
 1707478 1274040 1546471 2825142 0183683 1521721 1512571 0681850 1550501 1706203 2349001 2697811 0015272 2265833 0871261
 1280500 2348382 1274040 1546471 2825142 0022646 0227665 1278978 1514845 0028351 0332294 0459422 0205307 0392756 0439166 0547047 0599946 0678226 2347086 0035070 1527409 0232338 0005767 0005768 0022646 0229664 0806140 0871261 1704632 1706817 2911692 0015259 1522704 1709366
 0441926 0441889 1883708 0871261 1441672 1551359 2741673 2981730 0015259 1522704
 1979874 0871261 1704632 1706817 2911692 0027481 0015259 1522704 0443129 0449864 2348205
 1705241 1705242 0871261 0015259 1522704 0441833 0687744 1257890 1552516 1552839 1705428 1705429 0015272 0392747 0443172 0555903 1261360 0033684 0439175 0439810 0486291 0086045 1705535 0376209 0456081 2945673
 0557651 2603343 0332128 1280500 0015259 1522704 0443303 0947630 0004927 1883351 1280500 0871261 0015259 1522704 0449238 2926735
 0846101 0557651 2603343 0015259 1522704 0032961 3484365 0042153 0457083 1947944 0162340 0441712 1273518 0871261
 1514811 1706462 0557651 2603343 0079816 1549454 1556038 0035176 0035168 0205476 0242481 0680778 1521721 0332522 1705564
 0037455 0016617 1555466 0243098 0376244 0680848 0678530 0014279 0035168 0036397 0205296 0242481 1551807

 0369773 2603361
 0029040 0036365 0588053 1521721 1547183 0036397 0039421 0004446
 0376649 1442065 0282413 0439394 1706495 3642217

 0262624 0036375 0018701 0013621 0013622 0013658 0039401 0041740 0029040 0013849 1705961 0024492 1538057 1547565
 0010186 0220812 0449719 1709471 0220808 0680264 0007961
 1706852 0522501 1706089 0949214
 0205155 1293097 1522472 1552923 1705191
 1514811 1706462 0012625 1514811 1706462 0023031 2827664 0439254
 1280500 0232164 0518003 0004388 0018787 0031843 0542341 0700205 1522601 1705273 0449864 1515981
 0439083 0439087 1858559 0597277 1708601 0005005
 0025663 0449851 0871511 0678640
 1858559
 1710236 0871261 0205390 1300072 1306673 0032961 3484365
 1858559 0016080 0018381 0039462 1705540
 1280500 0871261 0015259 1522704
 0450382 1858559 0205090 0684010 2603358 0439269 1960952 2346927
 0003779 1527128 0003765 0042413 1705480 0871261 0086597 0127400 0449560 0597357 1412113 0025266
 0025519 0025520 0025141 0454673 1550752
 0032127 0032105 0449468 1550098 1690016 1705102 2700258 0086741 0201803 1547034 0003779 0042413 1705480 1150120 0695406 0024554 0025266 0086418
 1858559 0454673 1550752
 0032127 0032105 0449468 1550098 1690016 1705102 2700258 0035094 0035100 1419338 2265833 0871261 0040607 0220931 2673163
 1858559 0439254 0039676 2349943 3539704 0439267 1366480 1416656
 0365291 0369663 0449438 0003779 0032105 0042413 1550098 1705480 1150120 0871261
 1858559 0246138 1824812 1538681
 0747845 0032961 3484365 0019010 0392747 0443172 1705241 0019868 0376209 0456081 2945673 1444748 0085639 0205225 0238715 0439631 0032930
 0025141 0005005 1708595 3280986 0039676 2349943 3539704 0546866
 0458083 2265833 0871261 0336809 1552514 0024554 0086582
 1858559 0005005 0546866 1708595 3280986
 0013832 3536863 0871261 0015259 1522704 0522510 0851827 1701901 3244310
 1858559 0014963 1457900 0242397 3541314
 0458083 0871261 0439548 0439587 0015259 0040223 0332173 0439228 0439505 1522704 3541383 0439511 1818633 0205390 0025329
 1858559 0036154 0036154 3642216 1708595 3280986
 0005889 0302908 0444611 1704353 0871261 0015259 1522704 0032127 0032105 0449468 1550098 1690016 1705102 2700258
 1858559 0023031
 0851285 1327622 0449864 1515981 0032961
 1858559 0597277 1708601 0033727 0369286 0441932 0564385 0369637 0441923 0021966 0221138 0205090 0684010 2603358
 0871261 0035096 2984247 0003018 0035094 0035100 0449913 1419338 1553451 1704459 0027481 0051989 1144709 2709270 3537020 0018792 0030956 0597421 0015259 0025266 1522704 0043210
 1704351 2239486 0025141 0022337
 0029391 0311417 0449972 0243148 1550141 1882979 2587213 3274648 0032961 3484365
 0022646 0227665 0451119 1278978 1444662 1514845 0025141 0022337
 0043064 1510659 1154419 0036536 0036537 0025519 0025520
 0025141
 0005850 0449468 1690016 1705102 2700258 0007165 0018787 1522601 1709366 1512571
 0056167 1456376 1552950 0016327 0439133 1553038 3538743
 0027481 0051989 1144709 2709270 3537020 0018792 0030956 0597421 0004457 0999597 1522496 0024554 0025266 0086418
 0038039 1552306 3642273 0025141 0439254 0039676 2349943 3539704
 0015259 1522704
 1709269 0450388 0025141 0033727 0369286 0441932 0564385
 0449913 1553451 1704459 0086907 0035096 2984247 1115104 0002006 0003018 0035094 0035100 0449913 1419338 1553451 1704459 0032961 3484365
 0022877 0022337 0018510 0677607
 0871261 0015259 1522704 1704536 0439851 0449851 1441586 1947931
 0000857 0600678 1552863 0022337
 1515926 0033684 0032961 3484365
 0038039 1552306 3642273 0025141 0036154
 0032127 0032105 0449468 1550098 1690016 1705102 2700258 0392747 2265833 0871261 1704632 1706817 2911692
 2347379 0025141 0369637 0441923 0439267
 0027481 0051989 1144709 2709270 3537020 0018792 0030956 0597421 0392747 0443172
 0020538 1963138 0035487 0439526 0230613
 2698650
 1315013 0025141 3642216
 2945677 3179447 1280500 0851285 1327622 0005889
 1858559 0023031 0205090 0684010 2603358
 0205419 0007412 0002006 0043210
 1858559
 1420098
 0027481 0051989 1144709 2709270 3537020 0018792 0030956 0597421 0027481 0051989 1144709 2709270 3537020 0018792 0030956 0597421 0232989 0019010 0392747 0439849 0443172 0445223 0449468 0851285 1327622 1690016 1705102 2700258
 0025141
 0003018 0086597 1292856 1948023 0332206 3540676 0078077
 1858559 0033727 0369286 0441932 0564385 0027470
 1518681 1280500 2348382 0003779 1527128 0003765 0042413 1705480 0027481 1417807 0027479 0018792 0597421 1521761 2827422
 1315013 0025141 0369637 0441923 1235746 1882141 0021966 0221138 1419337 3539667 0454673 1550752 0268060 1415529
 0005823 1271104 1272641 0005767 0005768 0033095 0229664 0460139 1306345 0449913 1553451 1704459 0009253 0036864 0038317 0079399 1314687 1522384
 0450387 0025141 0023031 0018387 0439254
 1280500 0015259 1522704 0031843 0542341 0700205 1705273
 0025141 1527021 1554111 1705606 3541382 0333052 0239110 1706852 0239110 1705565 1947976 0687676 1704687 0557854 0013849 1705961 1706852 0282420 1706852 0282111 1706852 1138432 0239110 0162443 0205314 0033213 1706387 1706852
 0369773 2603361
 1706852 0369637 0441923

 1706852
 0369773 2603361
 1706852 0369637 0441923

 0039224 1706073 1706074 0545082 1512346 2826704 0009993 0037455 0162443 0205394 0205463 0596070 1552856