 1512167 0185117 0031437 1285572

 2603360


 0005526 0036397 1293097 2919030 2919031 0041740 1704729 0031330 1524059 0021622 1272753 0041740 0041700 1708611 0166872 0034036 0034037 1514756 1704324 0348078 0376315 1515981 1522492 1527075
 0520510 0557061 2584313 1514811 1706462 0037083 3537152 1159570 1159569 0005528 1317949 3495449 1001067 0022674
 1705175 1705176 1705177 1705178 1882348 1947931 0220825 0005528 1317949 3495449 2987167 2252271 1515655
 0013138 1028876 1504613 3146294 0185117 0007634 0205369 3282337 0013126 1515655
 0185117 0032520 0677874 1711411 0005863
 0521093 0750484 0037791 1511884 1658979 0475264 1744691
 0015272 1323606 0474395 1753334 0205177 0439167 0441655 1561536 0018338 0441889 0205132 0243148 1550141 1707455 1882979 2587213 3274648
 1547282 1883559 0332307 0445392 1547052 0332324 1550474 1705417 0332324 0036667 0312418 0427965 1511883 1522640 2346484 2349185 1707455 0243148 1550141 1882979 2587213 3274648
 0423896 0456205 0243148 0441889 1550141 1882979 2587213 3274648 0529793
 2987167 0333118 0205177 0439167 0441655 1561536 0036667 0312418 0427965 1511883 1522640 2346484 2349185 0013138 1028876 1504613
 0185117 0007634 3282337 1183869 0031437 0221908 1274040 1285572 1546471 2825142 0392756 1648294 0871208 1521828 1159569 0005528 1317949 3495449
 0021467 0021469 1628982 3463820 0529793 0205112 0489879 0243148 0441889 1550141 1882979 2587213 3274648
 0010132 1295117 1366488 0599947 0001655 1283071 1521761 1523997 2827422 0005528 1317949 3495449 1155589 0037083 0050063 1879547 3537152 2986417 0521093 0750484 0441471 3541888 1514559 2987167 2945640
 1512167 0185117 0013138 1028876 1504613 1547282 0031640 1753334 0035820 1705810 0031843 0542341 0700205 1705273 1515655 0031843 0542341 0700205 1705273 0015219
 0282641 0359589 1999230 0336791 2827396 0013138 1028876 1504613
 0520510 0557061 2584313 1514811 1706462 0035820 1705810 1159570 1159569 0005528 1317949 3495449 0021585 0022646 0042567 0205163 0439185 0449913 0770740 1546678 1553451 1704459 0024648 1001067 2827734 2981698
 0024648 1001067 1159569 0005528 1317949 3495449 0178784 1511545 0740116 2827735 2981700
 0026343 3161035 0439086 2827736 2981702 0871208 1521828 0018338 0205101 0205228 1948023 1522196 0007634 3282337 0028128 0030015 2986642 0018338
 0449432 0332257 0010536 0033640 0018338 0031727 0033684 0851827 1701901 3244310 1866257 1552738
 0443264 0740116 2827735 2981700 0292144 0021467 0021469 1628982 3463820 0439084 0728893 1274040 1546471 2825142
 0031640 1753334 1547282 1883351 0871261 0443264 0033268
 0037083 3537152 0007634 0205225 0401925 3282337 0441635 0332256 2700400 0018440 1527252 1527253 0182537 1706421 0379099 1159569 0005528 1317949 3495449
 0850293 1705535 0037083 3537152 0443264 1148926 0205177 0439167 0441655 1561536 0379099 1705535 0037083 3537152 0162585 0005528 1317949 3495449
 0035820 1705810 1517596 1519628 1184743 1522240 0162585 0022646 0227665 1278978 1514845 1547282 0018790 0237477 0392351 0521111 1326939 1159690 1159689 0037494 1159591 0032825 3536769 0005528 0008203 0032821 0596019 0597277 1317949 3495449 1148926 0205177 0439167 0441655 1561536
 0018338 1547282 1883351 0021107 0441587 1512796 1883719 0553257 0007634 3282337
 1442162 1550718 3244317 1159569 0005528 1317949 3495449 0019868 1511545
 0043227 1547282 0021467 0021469 1628982 3463820 2753488 1159569 0005528 1317949 3495449 1323606 1753334 0205177 0439167 0441655 1561536 0443264 1159569 0005528 1317949 3495449 0439084 0728893
 1521970 1518422 0443211 1272684 1423524 3273411 3273412 1883351 1292732 0035820 1705810 0031843 0542341 0700205 1705273 1273517 0025663 0449851 0871511 0031640 1753334 2987167 0013138 1028876 1504613
 1706814 3539095 1547282 2987167 1518422 0679058 2700640 0017337
 1521840 0013138 1028876 1504613 0449445
 2987167 1148919 0243122 1145667 1167622 2252271 0079613
 0018338 0037791 0205250 1145667 1167622 1299351 1511884 2700149 0002146 0005456 1148919 0034987 0014442 0017446 0150312 0205147 0220905 1704735
 2987167 0014609 0819757 1547930 1550668 0024109 0040300 1278908 1547928 0003779 0030685 0042413 0205263 0391871 0439180 0443264 0680255 1283071 1705480 1963578 1882857 0021852 1268998 1519375
 2987167 0022646 0150312 0227665 1278978 1514845 1323606 1753334 0205177 0439167 0441655 1561536 0205250 1299351 2700149 1515981
 0205177 0439167 0441655 1561536 0031640 1753334
 0474395 0205177 0439167 0441655 1561536 0332281 0030657 1136169 1882714 0022646 0227665 1278978 1514845 1705535 1514845 0040300 1547928
 0017337 0205309 0037640 0205108 1418424 0205419
 2987167 0065432 0311403 0012582 0529793
 0529793 0079613 1883351 0205681 0018338 1318700 2923059 1999216
 1705175 1705176 1705177 1705178 1882348 1292732 0035820 0185117 0449445
 0242613 0017446 0205147 0007634 1515981 3282337 1515655 0013138 1028876 1504613 1524063 0449913 1553451 1704459
 1883351 1521840 2986546 0017262 0185117 0449475 0007600 0205132 0450348 1273517 1883351 0439851 1947931 0185117
 1521840 0282641 0120285 0439086 2827736 2981702 0597357 0449475 1524063 0205132 1550648 1552960 1521840 2986546 0185117 0450348 0205132 1550648 1552960 1521840 2986546 0185117 0450348
 1521840 1547282 0185117 0007634 0205369 1709305 2745955 3282337
 0443264 2987167 0005528 0031437 1274040 1285572 1317949 1546471 2825142 3495449
 1442162 1550718 3244317 0007634 3282337 0035820 1705810 0232804 0022646 0031843 0542341 0700205 1705273
 0520510 0520510 0557061 2584313 1514811 1706462 0079411 3146294 0006556 1999230 0009013 0066198 2945843 0205145

 0036375
 1705175 1705176 1705177 1705178 1882348 1418424 1883178 0086022 0442335 1705099 0679199 1273517 1883351 0332255 1708096
 0079941 0080089 0034754 0175566 0180979 1418424 1705179 1705858 1274040 1546471 2825142 0205145 1515974 2825164 0015252 0728940
 1514468 1704444 1998793 0009013 0542339 1264637
 0332255 1708096 0004793 0162326 0162327 1519249 0009013 0205145 1883708 0004793 0162326 0162327 1519249 0521093 0750484 1456348 0009015 0349966 1337208
 0332256 2700400 0079941 0080089 0034754 0175566 0180979 1705179 1705858 1273517 1883351 0013935
 0449911 0333052 2607870 0557702 1272706 1704674 0557702 1272706 1704674 0349966 1337208
 2827734 2981698
 0185117
 0079941 0080089 0034754 0175566 0180979 1705179 1705858 0006556 0009013 1522642 0086022 0442335 1705099
 0079866 3146302 1292748 2945843 0205145 1515974 2825164
 0009015 0205145
 2347469 0599161 0200931 0002778 0032520 0677874 0936012 1524024 1524063 0206415 1418424 1707689 2983265 0006556 0884358 0035380 0040649 1301820 1555029 0678713 0728990 0185117 0012578 0012578 1416832 0013126 2987167 0683454 0021966 0221138
 2987167
 0032520 0677874 0012854 0884358 2987167 0455052 1521827 1524063 0206415 1883351 1711411 0332306
 1708639 0336762
 1708639 0032520 0677874 1524063 0206415 0728990 1514575 1705542
 1708639 0032520 0677874 1524063 0206415 0728990 1514575 1705542
 1708639 0032520 0677874 1524063 0206415 0728990 1514575 1705542
 1708639 0032520 0677874 1524063 0206415 0728990 1514575 1705542
 0206415 1707689 2983265 1883351 0230171
 1708639 0032520 0677874 1524063 0206415 0728990 1514575 1705542
 1708639 0032520 0677874 1524063 0206415 0728990 1514575 1705542
 0175723 1708639 1708639 1711411 0332306
 0175723 1514468 0205397 0205171 1720467 0521093 0750484 0282641 0150312 0449450 2987167
 1514468 1553778 1561491 1711411
 0002778 0936012 1524024
 0370003 2347026 2987167 1521827 1552738
 0370003 2347026 0017243 1382104
 0005863 0206243 0699809 0439787 0849355 1524063 0003242 0003241 0021027 0079240 1948037 2827734 2981698 0019941 0027021 0031179 0330510 0939835 1110641 1318719 2827734 2981698 0036453 0234621 1524063
 1708639 2987167
 1708639 2987167
 1708639
 0456389 0026385 1524063 0005516 0005910 0042153 0043100 0457083 1305866 1516048 1521991 1705104 1947944 0336721 1444656 0336721 1532717 0336721 1532717
 0175723 0439645 1521913 0205171 1720467 1441672 1708639 2987167 0030551 1518422 2987167
 0487602 1704680 1441672 1708639
 0040682 1510411 1705163 0442711 0680240 0884358 1442989 2828392 1524063 0033095 0460139 1306345 1709060 2986575
 0013935 0205172 0013710 0012578 1524063 0025991 0332490 1273517
 0348000 0580846 0560560 0010851 0348000 0205101 1301886 0205102 1301886
 0013935 0439962 1720154 0332256 2700400 0079941 0080089 0034754 0175566 0180979 1705179 1705858 0032136 1414052 1415944 0006353 0021485 1272883 1533685 1828121 1720119 1948037 1882074 0020283 0450407 0450408 0450409
 0013935 0449911 0443241 0181839 1706379
 0444330 0332256 2700400 0013935 0452455 0001771 0005971 0018208 0443224 1139930 1268568 1365537 2827486 3537155 0442504 1704765 1882509 3496241
 0013935 0205091 1552822 1883351 0439228 0521108 2004454 0023047 0920527 0016452 0348011 1442989 2828392
 0001675 1254211 1260875 0160111 0347721 0434321 0004600 0205095 0460009 1995000 0680063 0015396 0009393 0015392 0040682 0449820 1280202 1510411 1550604 1705163 1705245
 0205203 0680063 0037047 1254211 1260875
 0036576 0326756 0007457 0015392 0043157 0220938 0079411 0868928 1533148 0683607 0205132 0600204 0013879 0021107 0441587 1512796 1705248 1883719 3146294
 0003069 0205132 1524084 2987167
 0450429 1515974 1442989 2828392 1519193 2828360
 0080194 0456178 0012155 0013138 1028876 1314677 1442959 1442989 1504613 1519433 2828392 2983588 0020167 0869465 0162811
 0205132 0869040 0557651 1273517 2603343 0332283 1719822 0080194 0456178 1518614 2987481 1524063 0013935 0040682 1273517 1510411 1705163
 2987167 0557651 1552738 2603343
 0205132 1550648 1552960 1273517 1883351 0013126 0185117 0007634 0205171 0205225 0401925 1720467 2827421 3282337
 0205132 1550648 1552960 0450348 1273517 1883351 0013126 0185117 0598117 0007634 0205141 0205171 1720467 2827421 3282337
 2987167 0680063 2987167
 2987167 0680063 2987167
 0205132 1273517 1883351 0443211 0450429 1515974 0205132 1518422 1547282
 0599161 0035379 0032520 0040646 0677874 1555029 2257077 0884358 2947996 0243148 1550141 1882979 2587213 3274648 0455052 1521827 0680063 1416832 1515981 2987167 0185117 0017337 1709305 2745955
 0205239 0032400 0071360 0747726 0035668 0185115 3541890 0812225 1150635 1705212 1705213 3273202 1555029 2825228 0332287 1552738 0439084 0728893
 0006556 1441547 3245521 0007634 3282337 0728990 1273517 1514575 1705542 1709450 0004793 0034037 0162326 1527178 1704324 1705938
 1883351 0017428 0243148 0259846 0887950 1550141 1881659 1882979 2349974 2587213 3274648 0455052 1521827 0206415 1273517 0015295 0017337 0021920 1707689 2983265 0205309 1883351
 1524063 0042153 0457083 1947944 1711411 0332306 1273517 0032520
 0162326 1273517 0332283 1719822 0439780 1555029
 0439780 1555029
 0012634 0348080 1705253 0332283 1719822 0702093 1511572 0702093 0702093
 1514468 0599161 0035379 0032520 0040646 0677874 0681814 1301820 1555029 2257077 0009013 1524063 1336767 2257142 0009015 0449913 1553451 1704459
 0032136 1998793 1524063 1690540 0004793 0162326 0162327 1519249 1524063
 2603362
 0683758
 1690540 0521093 0750484 1456348 0424215 2003939
 1514468 0237876 1522138 0424215 2003939 1511726 3245479 1518422 1547282
 0370003 2347026 1521827 0205132 1550648 1552960 0013138 1028876 1504613 1552738 1710198 0456963 0041175 0006353 0009264 0009443 0020746 0024348 0077281 0234192 0814229 1536403 0041175 0077281 0814229 0020283 0450407 0450408 0450409 0332256 2700400 0439962 0033607 3536890 0439267 0179834 0702093 0849355 1883720 3244314 0440266
 1550101 0427716 1304757 0033684 0086045 1446561 0005507 0243073 1510438 0060916 0086376 0439267 0017243
 0949466 1524063 1979003 0003242 0003241 0021027 2827734 2981698 0079240 1948037 0442711 0680240 0884358 1442989 2828392 1524063 0449913 1553451 1704459
 0205375 1608508 0071720 1516048 0487602 1704680
 0234621 1524063 0039798 0087111 1522326 1533734 1705169 3538994 0036453
 0884358 1524063 0442711 1552738 0243148 1550141 1882979 2587213 3274648 0349966 1337208 1552738
 2729544
 0003241 1273517 0332283 1719822 1979003 0312586 0003242 0003241 0021027 2827734 2981698 0079240 1948037
 0003242 1979003 0003241 0021027 0034493 0036453 2827734 2981698 0079240 1948037
 0449911 0333052 2607870 0557702 1272706 1704674 0557702 1272706 1704674 0349966 1337208
 0740116 2827735 2981700
 2987167 0596119 0025255 0205111 0596901 1706182 0007634 3282337
 0003242 0003241 0021027 1273517 1883351 0475264 1744691 1552738
 0041625 0023693 1306462 1881376 1961129 0449911 1704254 1704922 3542466 2697665 0011923 0079595 0449913 1553451 1704459
 0441469 1301886 0210011 0369637 0441923 1883727
 2987167 0007634 0205225 0401925 3282337 0441635 0205132 0221205 1444656 1550648 1552960 0369637 0441923 0441635 0021966 0221138 1179989 0205265 0441635 1279901 1555582 1705685 0450348
 2347469 2987167 0205132 0243148 1550141 1550648 1552960 1882979 2587213 3274648 1547282 0544711
 1704254 1704922 3542466 1301820 1511726 3245479 1518422 1547282
 0487602 1704680
 0336721 0598117 0007634 0205141 3282337
 0073187 0487602 1704680 1508435 0449911
 0336721 0475264 1744691
 0598117 0007634 0205141 3282337 0336721
 0455052 1521827 0057142
 0243132 1554210 2745955 1272706 0336721 0007610 0336721
 0475264 1744691 0336721 1260957 1444656
 0475264 1744691 1441672 0678226 0205234 0444660 1705242 3146286 1514873 2986582 0007610 1704254 1704922 3542466
 2986582 2987167 0007610 0007634 0175631 1269647 1704653 1948049 2827662 0007610 0598117 0007634 0205141 3282337 0007634 0205369 1269647 1273517 1552740 1704653 1948049 0005516 0450348
 0487602 1704680 1524063 1512523 2827893 2987167 0242349 2987167
 0449878 0022877 1619828
 0487602 1704680 0016318 0079603 0442726 1511790 1524063 2697665 0449913 1553451 1704459
 0005507 0243073 1510438 1323606 1753334 0205177 0439167 0441655 1561536 0884358 1552738 0005507 0243073 1510438
 0370003 2347026 0060916 0086376 0439267 0205132 1550648 1552960 0332293 1522326 0349966 1337208 1704788 3539106
 2729544 0205239 1720830 1823521 2678549 1882074 0020283 0450407 0450408 0450409 0332256 2700400 0439962 0033607 3536890 1719918
 1690011 0439526 0024472 2678549 1882074 0020283 0450407 0450408 0450409 0370003 1524062 2347026 0020746
 0018338 1710236 0086045 1273517 0005507 0349966 1337208 1547282
 0439086 2827736 2981702 1441547 3245521 0086045 1446561 1710198
 0370003 2347026 1521827 1524063
 1883676 0243148 0439178 1446409 1514241 1550141 1882979 2587213 2825490 3274648 0750479 1881534 0332300 1720830 1823521 1299987 1881488 0007452 0007634 0559956 1140701 1269647 1510411 1704653 1948049 2987167 0450355
 0449911 0333052 2607870 0557702 1272706 1704674 0557702 1272706 1704674 0349966 1337208
 0439086 2827736 2981702
 1323606 1753334 0205177 0439167 0441655 1561536 0003069
 1323606 1753334 0205177 0439167 0441655 1561536 0243148 1550141 1882979 2587213 3274648 2987167 1707156 3274014 3541345 2987167 1707156 3274014 3541345 0018338 0086045 1705242 1710236 0005507 0243073 1547282
 1511726 3245479 0439191 0129575 0369718 0441922 1553036
 1705241 1705242 1444656 0369773 2603361
 0205134 1524063 1511726 3245479 2987167 1547282 1282910 2987167 0441994 1548802 2003888
 1511726 3245479 0332300 0439830 1547053 0018338 0439291 2827910 0439191 0033684 2987167 0562342 1171285 1441506 1524063 0037585
 2347469 1323606 1753334 0205177 0439167 0441655 1561536 0814584 0205132 0243148 1550141 1882979 2587213 3274648 1707156 3274014 3541345 2987167 1707156 3274014 3541345
 2987167 1707156 3274014 3541345 1440942 0018338 0369637 0441923 0005507 0243073 1510438 0332197 1689985 0392148 0529793
 1511726 3245479 0439420 0018346 0439191 0439269 0702093 1417862 1960952 2346927 3540519 0072393 1418948 0369718 0441922 1553036
 1705241 1705242 1444656 0369773 2603361
 0683162 0683161 0178602 0205134 0869039 0871261 1114758 1704632 1706817 2911692 1323606 1753334 0205177 0439167 0441655 1561536 2987167 0205120 1552595 2987167 0205120 1552595 1547546 0021966 0221138 0005507 0243073 1510438 0018338 1547547 1440942 0018338 0369637 0441923 0005507 0243073 1510438
 0086045 0529793 1273517 0444967 1547282 0439187 1881839 0529793 1280500 1527178 1705938 0086045 1547546 0021966 0221138
 1511726 3245479 1323606 1753334 0018338 0031640 0205177 0205369 0439167 0441655 1552740 1561536 0332155 1707455 0205132 1550648 1552960 0369718 0441922 1553036
 0743559 0205120 1552595 0205251 1299352 1550472 0021966 0221138 0700364 0743559 0175566 0205120 1552595 0205251 1299352 1550472
 1511726 3245479 0444686 1441506 1443182 1323606 1753334 0205177 0439167 0441655 1561536 1881965 0439291 2827910 0439191 1323606 1753334 0205177 0439167 0441655 1561536 1881965 0439291 2827910 0439191
 0370003 2347026 1439852 0456692 0702093 0443286 1114821 1553404 2348570 0242301 1546559 0702093
 0370003 2347026 0020746 0085593 0456692 0702093 1439852 0028625 0220883 0450316 1719918 1883351 0683607 0439836 0018330
 1719918 2827734 2981698 0560268 2349105 0043047 0599638 1550678 0370003 1524062 2347026 0370003 2347026 0439648 0724378
 0370003 2347026 0439267 0179834 0702093 0849355 0947272 0439526 1524062
 0370003 2347026 0750480 1705566 0441655 0444686 1441506 1443182
 0205177 0439167 0441655 1561536 0033684 0439269 1960952 2346927 0033684 0332849 1265611 0370003 2347026 0005507 0243073 1510438
 0427716 1304757 0086045 0442711 0680240 1442989 2828392 0005507 0243073
 0441889 1709595 0444706 2349200 3541902 0034580 0369637 0441923 1552738 0439084 0728893
 1444656 0031638 0332152 0740175 1439852 1999216 2257086 0529793 0439187 1881839 0456692 0702093
 0456963 0001962 0009264 0009443 0020746 0234192 1553404 2348570
 0370003 2347026 1512080 2827485 0142785 0000975 0006353 0037473 0369637 0441923 0597484 0018338 0423896 0456205 1522240 0442711 1507394 1522729 2348563
 0205409 0243148 1548221 1550141 1882979 2587213 3274648 2987167 0012578 1704307 0009458 0439536 0991568 1321095 1705217 1705648 2347093 2348338 3244283 0026156 0030415 0302908 1304698 1546699 1561501 0036536 0036537 0871208 1521828 0444706 3541902 1522508 0012634 0348080 1705253 1527021 1552738 1554111 1705606 3541382
 1648294 0871208 1521828 0456693 1442458 0444706 0702093 3541902 0018338 0439084 0728893 0439187 1881839 1524062 1444656
 1444656 0529793 1273517 1883351 0332152 0740175 1292734 1522326 2257086 1648294 0871208 1521828 0005528 1317949 3495449
 0520510 0557061 2584313 1514811 1706462 0185117 1524063 0679199 0349966 1337208
 0450344 1553633 0012578 1704307 0003069 1301820
 0185117 0684312 1556026 1705366 0599161 0035379 0521093 0032520 0040646 0677874 0750484 1555029 2257077 1524063 0006556 1521827 2987167
 1274040 1546471 2825142 0349966 1337208 1547282
 0450345 0521093 0750484 1456348 0185117 0205171 1441672 1720467 2987167 0450345 1708639 1518422 0030551 0205543 1691010 0205132 0243148 1550141 1882979 2587213 3274648
 0021107 0441587 1512796 1883719 0013138 1028876 1504613 0599161 0035379 0521093 0032520 0040646 0677874 0750484 1555029 2257077 0728990 1514575 1705542 2987167 1524063 0206415 0450345 1708639
 1524063 0206415 1514468 0439084 0728893 1547282 0455052 1521827 1518422 3272453 0012854 0017428 0205279 0887950 2349974 0455052 1521827 0205170 0332306 1551058
 0205224 1524063 0042153 0457083 1947944 0282641 1517001 1883351 1274040 1514468 1546471 2825142 0456389 0006556 0728990
 1711411 0006556 0332306 1274040 1546471 2825142 1547282 1708639 0259846 0728990 1274040 1546471 1709305 1881659 2349974 2745955 2825142
 0681814 1547282 0175723 0439645 1521913 1514468 1704444 1441672 1524063 0728990 1514575 1705542 2987167 1521827 1511726 3245479 1518422 1547282
 0005863 1524063 0003242 1445860 0003241 0021027 0521093 0750484 1456348 0185117 0684312 1556026 1705366 1273517 2699427 2987167
 0349966 1337208
 1547282 0205171 1720467 2987167 1171362 0185117 0026385 0005910 0007452 0043100 0443211 0596973 1140701 1272684 1305866 1521991 1705104 2987167
 0230715 0175723 0439645 1521913 0442726 1511790 1708639 1882932 0243125 0699900
 1514468 1441672 0370003 2347026 0003242 0312590 2916825 0003241 0021027 0205370 0750492 0750540 2987167 1704675
 0750558 1710571 0175723 0678226 0013138 0031640 0205227 0524637 1028876 1504613 1551058 3146286 0003242 0003241 0021027 0002778 0936012 1524024 0439086 2827736 2981702 1547282 1979900 0026385 0948775 0175723 1707455 1522634
 0033204 0003241 0021027 1514468 0205251 1299352 1550472 1442162 1550718 3244317 0487602 1704680 1441672 2987167 1707455 2987167 0332120 0349966 1337208 1547282
 0740116 2827735 2981700
 0033684 1518422 0442726 1511790 2987167 0455052 1521827
 2332214 0007634 0205141 3282337 0598117 0450348 1171362 0185117 0007584 0237753 0449788 0185117 0042789 1947903 1282910 1552828
 2987167 0596119 0025255 0205111 0392752 0596901 1706182 1524063 0003242 0003241 0021027 1273517 1883351 2699488 1428114 1660642 0475264 1744691 0013126 0185117
 0349966 1337208
 0740116 2827735 2981700 1547282 0205132 1550648 1552960 1518422 0033684 2347469 1511726 3245479 0349966 1337208 1547282
 2827734 2981698 0023175 1442948 1522538 2348269 3275067 1883351
 1979874 0684312 1556026 1705366 0185117 0441635 0185117 0017446 0205147 0007634 0205171 0205225 0401925 1515981 1720467 3282337 0349966 1337208 2827664
 0185117 0205171 1720467 0007634 3282337 1524063 0042153 0457083 0684312 1416832 1521721 1556026 1705366 1947944 0043227 0282641 0221284 3272919 0007634 0205369 1521840 3282337
 0007610 0007634 1269647 1704653 1948049 1547282 0392148 0005680 0027567 0085756 0439541 0598117 0007634 0205141 1269647 1704653 1948049 0042789 1947903 0336721 0007610 0007634 0205225 0401925 0443228 0549177 1269647 1704243 1704653 1707455 1948049 0332575 0336721 1260956 1444656 1316572 1317574 1369612 0205141 0336721 1553033
 0007610 0007634 1269647 1704653 1948049 0205309 0005516 1301725 1609436 0450348 0547044 0700321
 2987167 0596119 0025255 0205111 0007634 3282337 0336721 0349966 1337208 0073187
 2945843 0205145 1515974 2825164 0205280 0379099 0018437 0001473 0033727 0042219 0185117 0369286 0441932 0522501 0564385 1706089 1706373 1711351 0205309 1883351 0596119 0025255 0205111 0596901 1521840 1706182
 1521840 2987167 0025255 0598102 0007634 3282337 1709305 2745955 1515655
 1323606 0474395 1753334 0205177 0439167 0441655 1561536 0332281 0185117 2987167 1705175 1705176 1705177 1705178 1882348 1883351 1280500 1323606 1753334 0205177 0439167 0441655 1561536 0086045 0444706 1514721 1710236 2348147 3541902 3542016 0455052 1521827 0243148 1550141 1882979 2587213 3274648 2987167 0205132
 1274040 1546471 2825142 0349966 0449450 1337208
 1547282 0205132 0243148 1550141 1882979 2587213 3274648 0031640 1753334 0018338 0086045 0369637 0441923 1441672 1446561
 0242485 1323606 0086045 0033422 0439157 0332281 0018346 1417862 3540519 0005507 0243073 1301820 1510438 0012634 0348080 1705253 0442811 0205251 1299352 1550472
 1979874 0683317 0441889 0444706 3541902 0444499 1515981 0086045 1277200 0086045 1273517 1883351 0079809 0242485 1323606 1753334 0205177 0439167 0441655 1561536
 0332148 0750492 1323606 1753334 0205177 0439167 0441655 1561536 0014442 0205250 0332529 1299351 2700149
 0010992 0002778 0936012 1511726 1521721 1524024 3245479 0205134 0349966 1337208
 1441506 1547282 1522609 3645543 0369637 0441923
 0549177 0558058 0681899 0743559 0086045
 1323606 1753334 0205177 0439167 0441655 1561536 0018338 0205132 0243148 1550141 1550648 1552960 1707455 1882979 2587213 3274648
 1323606 1753334 0205177 0439167 0441655 1561536 0205217 0441889 0442805 2348205 0450346 0740116 2827735 2981700 0369637 0441923 0558058 0086045 1882932
 0010992 0002778 0936012 1524024 0205134 0349966 1337208 0441994 1548802 2003888 0443289 0443211 1272684 2987167
 0681814 0884358 2987167
 1705241 1705242 1513040 1707455 0243148 1550141 1882979 2587213 3274648 0005507 0243073 1510438 0018338 0439291 2827910 0439191 0678226 0007584 0007634 0237753 0442824 0449788 0700321 2362652 3146286 3282337 2987167
 1442162 1550718 3244317 0332268 1323606 1753334 0474395 0018338 0031640 0205177 0205217 0205369 0439167 0441655 0442805 1515981 1552740 1561536 0681814 1524063 0206243 0699809 0439787 0849355 2987167
 0036667 0312418 0427965 1511883 1522640 2346484 2349185 0021467 0021469 1628982 3463820 0031640 1280519 1704419
 0292144 0021467 0021469 1628982 3463820 1323606 1441672 1524063 0529793 1318700 2923059 1999216 0450365 1706097
 1323606 1753334 0205177 0439167 0441655 1561536 0205250 1299351 2700149 0243148 1550141 1882979 2587213 3274648 0042789 1947903 0683317 0441889 0205132
 0205090 0684010 2603358 1547282 0036667 0312418 0427965 1511883 1522640 2346484 2349185 0332324 2987167 1511726 3245479 1518422 1547282
 1709707 0332324 1550474 1883559 1707504 1879930 0332307 0445392 1547052 1707455 0243148 1550141 1882979 2587213 3274648
 0521093 0750484 1274040 0349966 1337208 1547282
 0021966 0221138 1323606 1753334 0205177 0439167 0441655 1561536 0086045 0444706 0529793 1514721 2348147 3541902 3542016 2987167
 1705175 1705176 1705177 1705178 1882348 0079809 0242485 1323606 1753334 0205177 0439167 0441655 1561536 0205177 0439167 0441655 1561536 0005507 0243073 1510438 1323606 1753334 0205177 0439167 0441655 1561536 0369637 0441923 1440942 0369637 0441923
 0086045 0587267 2987167 0218063 0014442 0522534 1705188 1710236
 1274040 1546471 2825142 1301820 1705242 0455052 1521827
 1705241 1705242 0455052 1521827 0678226 0021918 0022702 0205102 0439674 2987476 3146286 1521761 2827422 0205227 0014442
 0349966 1337208
 0021966 0221138 1547282 0243148 1550141 1707455 1882979 2587213 3274648 0332324 1550474 0086045 0205251 1299352 1446561 1550472
 0529793 1323606 1753334 0205177 0439167 0441655 1561536 0205197 0311403 0332155 1707455 0450367 1527428
 0086045 0529793 1323606 1753334 0018338 0031640 0205177 0205369 0439167 0441655 1552740 1561536 1705242 0086045 1446561
 1979874 0024501 1323606 1753334 0018338 0031640 0205177 0205369 0439167 0441655 1552740 1561536 0086045 0529793
 1705175 1705176 1705177 1705178 1882348 1517331 0292144 0021467 0021469 1628982 3463820 2987167 0282641 0679058 2700640 0681814 1706386
 0021966 0221138 0205132 0205341 0018338 1524063 0086045 1547282 1883351 1947971 0292144 0021467 0021469 1628982 3463820
 1511726 3245479
 1547282 0392148 0529793 0024501 1323606 1753334 0018338 0031640 0205177 0205369 0439167 0441655 1552740 1561536 0086045 0018338 1323606 1753334 0018338 0031640 0205177 0205369 0439167 0441655 1552740 1561536 1707455 0086045 0205250 1299351 1441672 1710236 2700149 0021966 0221138 1705535 0529793 0311403 1323606 1753334 0205177 0439167 0441655 1561536 0678226 0014442 0205250 1299351 2700149 2987476 3146286
 1979874 0871261 1704632 1706817 2911692 0529793 1705242 0021966 0221138 0439084 0728893 0205197 0292144 0021467 0021469 1628982 3463820 1323606 1441672
 1274040 1546471 2825142 0332324 1550474 1318700 2923059 1999216
 1512167 0185117 0442805 0332324 0036667 0312418 0427965 1511883 1522640 2346484 2349185
 1881189 2346484 0036667 0312418 0427965 1511883 1522640 2349185 1705535 1323606 0474395 1753334 0205177 0439167 0441655 1561536 0003069 1441672 2987167 0205245 0542341 2700217 2987167
 2987167 0024501 0205177 0439167 0441655 1561536 0036667 0312418 0427965 1511883 1522640 2346484 2349185 1515655
 1555029 0301630 0392756 0441610
 1547282 0018338 0441889 1515655 1512167 0185117 0443264 0574895 2987167
 0449911 0333052 2607870 0557702 1272706 1704674 0557702 1272706 1704674 0349966 1337208

 0185117 0443264 0423896 0456205
 0423896 0456205 1707156 3274014 3541345 2987167 1707156 3274014 3541345 0005507 0243073 1510438 0370003 2347026 1552738
 0370003 2347026 0332155 0332293 0529793 1522326 0439187 1881839 0456692 0369637 0441923 0702093 0011065 0231800 1704631 0443286 1114821
 1511726 3245479 0018338 0423896 0456205 0369718 0441922 1553036
 1511726 3245479 0237881 0038215 0750502 1546944 0332293 0529793 1515981 1522326 2987167 0369773 2603361
 0185117 0007634 3282337 0423896 0456205 0349966 1337208
 1511726 3245479
 0439086 2827736 2981702 1547282 0529793 0311403 1323606 1753334 0205177 0439167 0441655 1561536
 1524063 0042153 0457083 1947944 0018790 0237477 0392351 0521111 0205177 0439167 0441655 1561536 0423896 0456205 0349966 1337208
 1512167 0185117 1183869 0031437 1285572 0037083 3537152 0007634 3282337 0442805 1159569 0005528 1317949 3495449 0439084 0728893
 1292732 1825598 1159570 1159569 0005528 1317949 3495449
 0349966 1337208 1547282
 0439084 0728893 0185117 0007634 3282337 0005528 0031437 1274040 1285572 1317949 1546471 2825142 3495449
 0349966 1337208
 0439084 0728893 1412573 2350443 3539770 1547282 1648294 0871208 1521828 0392756 2987167 0814584 0030551 0205132 0243148 1550141 1550648 1552960 1707455 1882979 2587213 2987167 3274648
 0449911 0333052 2607870 0557702 1272706 1704674 0557702 1272706 1704674 0349966 1337208
 0439084 0728893
 0185117 0007634 3282337 1183869 0031437 1285572
 1159569 0005528 1317949 3495449 0036536 0036537 0871208 1521828 0243148 0444706 1550141 1882979 2587213 2987167 3274648 3541902 0205120 1552595 2987167 0205120 1552595 1518422 1948023 0012634 0348080 1705253
 1444656 0336721 0018338 0205101 0205228 1948023 0369637 0441923
 0086045 0027895 1273517 0558058 0449265 0871261 0034037 0043227 1527178 1704324 1705938
 1274040 1546471 2825142 0005889 0036536 0036537 0302908 0444504 0444611 0871208 1521828 1704353 2347634 2348143 0369718 0441922 1553036
 1705241 1705242 0243148 1550141 1882979 2587213 3274648 0003069 0205132 1444656 0369773 2603361 0022885 0038492 0039593 0392366 1551041 1552573 0370003 2347026 1711260 2348152
 1159569 2753488 0005528 1317949 3495449 0439084 0728893 0003069 0205132 0392756 1550648 1552960
 2348205 0243148 1550141 1882979 2587213 3274648 0441889
 0005528 1317949 3495449 2987167 0205132 0442805 0205112 0012634 0348080 1705253 2348205 0442805 2987167 2987167
 1512167 0185117 0001721 0018338 0441471 3541888
 0529793 0205112 0441889 1547282 0021467 0021469 1628982 3463820 0529793 0423896 0456205
 0349966 1337208
 1553638 1547282 0039798 0087111 1522326 1533734 1705169 3538994 0529793 1159569 1648294 0005528 0005889 0205112 0302908 0444611 0449982 1274040 1317949 1546471 1704353 2825142 3495449 0871208 1521828
 0039798 0087111 1522326 1533734 1705169 3538994 0309872 1292733 0301630 0441610 0205397 0349966 1337208
 1553637
 1280500 0441472 3266814 1274040 1546471 2825142 0013138 1028876 1504613
 0449911 0333052 2607870 0557702 1272706 1704674 0557702 1272706 1704674 0349966 1337208

 0021467 0021469 1628982 3463820 0205112 1159569 1550030 0005528 1317949 3495449 0871208 1521828
 1707156 3274014 3541345 2987167 1707156 3274014 3541345 0005528 0031437 1285572 1317949 3495449 0005507 0243073 1510438 0332197 1689985 0392148 0439187 1881839 0456692 0369637 0441923 0702093 2347469 0205091 1552822 0439819 0018338 1948023 0369637 0441923 0349966 1337208
 0439084 0728893
 1547282 1648294 0871208 1521828 0332293 1522326 1547282 2347469 1547282 0036536 0036537 0871208 1521828 0449770 0444706 1948023 3541902
 1511726 3245479 0444504 2347634 2348143 0205112 0441889 0369718 0441922 1553036
 1511726 3245479 0237881 0038215 0750502 1546944 0369773 2603361
 0520510 1514811 1706462 0050063 0205309 0031640 0031843 0542341 0700205 1705273 0035820 0439834
 0205172 0332185 0035820 0029235 1552738 1705242
 0243148 1550141 1882979 2587213 3274648 1511545 2987476 0007613 0031843 0542341 0700205 1705273
 1524063 0282641 0669372 1417760 1533698 0332185 1547282 0031640 1753334 0018338 0441889 1183869 0031437 1285572
 0178693 0947630 0443289 0035820 1705810 2987167 2754522 2611002 0871261 1704632 1706817 2911692
 0947630 0200728 0455052 1521827 1948052 1547282 1158045 0443161 0699900 1265875 0220781 1883254 0050325 0683951 0960756 1521761 2827422 0040300 0857393 1518422 1547928
 1707959 0018338 0441889 1267092 0026845 0038351 0205357 0851285 1704242 1879547 2987167 0021467 0021469 1628982 3463820
 0022663 2987167 0031640 1753334
 2987167 2987476 0018338 0441889 0014609
 1442162 1550718 3244317 2347858 0015219 2827734 2981698 1705535 0042567 0232804 0022646 0031843 0542341 0700205 1705273
 0035820 1705810 1159569 0005528 1317949 3495449 1292732 1524063 1512167 0185117 2987167 0221284 3272919 0007634 0205369 1521840 3282337 0024648 1001067
 1521840 0007634 3282337 1524063 0449913 1553451 1704459
 1547282 0031640 1753334 0596119 0025255 0205111 0392752 0007634 3282337
 2987167 0024501 2267219 0205177 0439167 0441655 1561536 0038592 1710236 0037791 1511884 1515655 0013138 1028876 1504613
 1512167 0185117 1881189 2346484 0332324 0036667 0312418 0427965 1511883 1522640 2349185 0086045 1705242 0031640 1441672 0529793
 1881189 2346484 0036667 0312418 0427965 1511883 1522640 2349185 0678226 0007452 0185117 1140701 2987167 3146286
 0036667 0312418 0427965 1511883 1522640 2346484 2349185 1441672 0686907
 0043227 0444626 0427896 0678594 1533132 1704641 2987167 1547282 0026691 1705240 1839259 0444499 0312860 0442750 0086045 0439282 0441472 0529793 1446561 1514721 2348147 3266814 3542016 0013138 1028876 1441672 1504613
 1999230 0332324 1550474
 1323606 1753334 0018338 0031640 0205171 0205177 0205369 0439167 0441655 1552740 1561536 1720467 1883559 0311403 0529793 0012634 0348080 1705253 1710236 0036667 0312418 0427965 1511883 1522640 2346484 2349185 1280500 1514721 2348147 3542016
 0086045 1446561 2987167 1709707 0205216 0392756 0442797
 1705535 0332256 2700400 0014442
 1706814 3539095 0017428 2338314 1547282 0013138 1028876 1504613 1518422 2700640 2987167 1334043
 0681828 0947630 1547282 0014442 0332324 0529793 1550474 0332149 1705910 2362652 0036667 0312418 0427965 1511883 1522640 2346484 2349185 0686907
 0185117 0007634 3282337 0441635 0001721 0018338 0441889
 0043227 1547282 1515566 0031638 3537147 0031640 1753334 1999216 0065432 0443264 1159569 0005528 1317949 3495449 0423896 0456205
 0039798 0087111 1522326 1533734 1705169 3538994 0065432 0015127 1314792 1524003 0423896 0456205 1705535 0475264 1744691 0205145 1515974 2825164
 0475264 1744691 0007603 0349966 1337208 1705535 1879547 0007292 0162585 0007634 0449475 0332307 1269647 1547052 1704653 1948049 0349966 1337208 0037640 0443264 1159569 0005528 1317949 3495449 0871208 1521828
 2987167 0007634 0017446 0178539 0205147 0445247 1521840 1547282 0033684 1704222 0242613 0007589 0017337 0042567 0205615 1514468 1521840 1704444 2349182 1709305 2745955
 2347858 0042567 0031640 1753334
 0449911 0333052 2607870 0557702 1272706 1704674 0557702 1272706 1704674 0349966 1337208

 0037083 3537152
 0441471 3541888 0031843 0542341 0700205 1705273
 1547282 0013113 0205155 1293097 1522472 1552923 1705191 0486588 3272888
 0009170 0413399 0007634 1269647 1704653 1948049 0336721 1879547 0033268 0205132 1550648 1552960 0013081 0851285 1327622 0423866 2626739
 0031640 1753334 0596119 0025255 0205111 0392752 0596901 1706182 0086045
 0018338 1547282 1883351 0442805 1879547 0439084 0728893
 1323606 1753334 0205177 0439167 0441655 1561536 0001721 0205177 0439167 0441655 1561536 0443264 0442805
 0441472 3266814 0439775 0702240 0132555 0028128 0030015 2986642 0442805 0018338 0018338 0031640 0205369 0443264 1552740 1753334
 1323606 1753334 0205177 0439167 0441655 1561536 0443264 1159569 0005528 1317949 3495449
 0185117 0423896 0456205 0332281 0005528 0031437 1285572 1317949 3495449
 0021467 0021469 1628982 3463820 1999216 0529793 0423896 0456205 0205112 0871208 1521828
 1514559 0359589 1999230 0336791 2827396 0018338 0441889 0243148 1550141 1882979 2587213 3274648
 0022662 0232804 0846101 0022646 0031843 0542341 0557651 0700205 1518422 1705273 2603343 0031845 0205463 0233535 1184743 1522240 0006104 1269537 0004927 2707008
 1512167 0185117 0013138 1028876 1504613 0018896 1552861 0449255 0542559 0683607 0679201 0035820 1515655
 2825232 0043227 0005526 0035176 0005532 0005574 0035168 0036397 0205460 0242481 1521721 1551807
 0010186 0220812 0449719 1709471 0220808 0680264 0007961
 1706852 0522501 1706089 0949214
 0205155 1293097 1522472 1552923 1705191
 0282413 0376649 1442065
 0013849 1705961 0024492 1538057 1547565 0393005 0879262 0219333 0061078 1412573 1425280 1439334 2350443 2603362 3539770 0000723 1273517 1866257 0010536 0033640 0018338 0031727 0033684 0851827 1701901 3244310
 0031640 1753334
 0010132 1295117 1366488 0599947 0001655 1283071 1521761 1523997 2827422
 0599161 0032520 0677874 0035379 0599161 0032520 0677874 0035379
 0057142 1512523
 1720830 1823521 0991865 0006353 0031603 0031701 0036082 1601799
 0031640 1753334 0031640 1753334
 0379099 0018437 0001473 1706373 0379099 0018437 0001473 1706373
 0004793 0162326 0162327 0522505 1519249 1879547

 0369773 2603361
 0328442 0453004

 2603360
 2603362

 1511726 3245479

 0369773 2603361
 0332173 0439228 0439505 0369637 0441923

 2603362

 0302523 0700325 3244290
 2986676
 2603362
 0036375 0423899 0006556

 0369773 2603361
 0332173 0439228 0439505

 1514811 1706462 0520510 0557061 2584313 1514811 1706462 2603362
 0021585 0770740 1546678

 0027960 0324740 0439189 1456781 1824986

 0025141

 2603360 2603362

 0001483

 2827734 2981698
 2603362


 2347961

 2603362
 0033727 0369286 0441932 0564385 0205090 0684010 2603358
 0016327 0439133 1553038
 0369637 0441923

 1417055


 2603362
 0033727 0369286 0441932 0564385 2603362
 0369718 0441922 1553036
 0597277 1708601



 0025141 2603362
 0439267
 0205090 0684010 2603358 2603362
 0033727 0369286 0441932 0564385
 0369773 2603361 0439114 0369637 0441923
 0369718 0441922 1553036



 2603360 0369718 0441922 1553036




 0025141 2603362
 1551641
 0439267
 0205090 0684010 2603358 0369718 0441922 1553036

 2603362
 0033727 0369286 0441932 0564385
 0369773 2603361 0369718 0441922 1553036


 2603360



 0439394 1706495 3642217 0439394 1706495 3642217 0597277 1708601
 0328442 0453004
 0369773 2603361 2603362







 2347469 0033727 0369286 0441932 0564385
 0205090 0684010 2603358
 0027960 0324740 0439189 1456781 1824986
 0007634 1269647 1704653 1948049

 0450348 0025141 0597277 1708601
 0369637 0441923
 0205090 0684010 2603358 2603360
 2603362






 2603360



 0450355 0025141 0043114

 2603362




 0025141 0205090 0684010 2603358 0038817 0376223 2603360 0369718 0441922 1553036
 0861352 0033727 0369286 0441932 0564385

 0678579

 1315013

 0021966 0221138
 2603362
 0033727 0369286 0441932 0564385



 0025141 0369718 0441922 1553036
 0006434 0016327 0439133 1553038
 0441472 0450442 1254351 1521826
 0205090 0684010 2603358 0033727 0369286 0441932 0564385




 2603360
 0369773 2603361
 0063789 3272375
 0450382 0025141
 0369637 0441923
 0033727 0369286 0441932 0564385



 0025141 0597277 1708601 0442532 2603360
 0205090 0684010 2603358
 0439394 1706495 3642217 0439267
 2603362
 0443013 2347469
 0369637 0441923
 0439394 1706495 3642217

 0597277 1708601 2603362
 0033727 0369286 0441932 0564385

 0597277 1708601
 0017337
 0025141 0369773 2603361 2603362



 2347379

 0025141 0021966 0221138
 2603362
 2603362
 0033727 0369286 0441932 0564385

 0027960 0324740 0439189 1456781 1824986

 0645690
 0033727 0369286 0441932 0564385 0369718 0441922 1553036
 0243107 0678723 1527148 0033727 0369286 0441932 0564385

 2945617 0369637 0441923
 0597277 1708601

 2603360
 1418943

 0268596 2700624
 3642273

 2603362

 0369773 2603361 2603362
 1006780 0369637 0441923
 0597277 1708601

 2603360

 3642273
 2603362


 2603360
 0056167 1456376


 0016327 0439133 1553038
 0328442 0453004
 0369773 2603361 0439394 1706495 3642217 2603362




 1417055


 2603362


 2603360


 0201682
 0328442 0453004
 0369773 2603361
 0439267
 2603362


 1417055

 0369637 0441923
 0205090 0684010 2603358 0328442 0453004
 0369773 2603361 0597277 1708601
 2347469 0439394 1706495 3642217 0016327 0439133 1553038
 1553033

 2603360 2603362



 0369773 2603361
 0597277 1708601


 2603360

 1417055

 0025141
 0021966 0221138
 2603362
 0033727 0369286 0441932 0564385




 2603362
 0033727 0369286 0441932 0564385 0369718 0441922 1553036
 0597277 1708601

 1417055


 2603362
 0033727 0369286 0441932 0564385


 0201682
 0016327 0439133 1553038 0205090 0684010 2603358
 0016327 0439133 1553038


 0597277 1708601
 2603362


 0025141 0369637 0441923
 2347469
 0349590 1262865 0025141
 2603362
 0033727 0369286 0441932 0564385
 0063789 3272375

 1315013

 0025141 0037173 0234857 2347469
 0597277 1708601
 0021966 0221138
 0079853
 0562547 3160718 2603362

 0439114 2603360 0035826 1413096 2987048
 0349590 1262865 0025141