 0449468 1690016 1705102 2700258 0237753 0449788 1527021 1554111 1705606 3541382 0239110 1706852 0557854 0239110 0205314 0423896 0456205 0335141 1546507 0684017 1706852
 1706852

 1706852
 1706852

 0002716 0011560 0030956 0611285 0205263 0011065 1306577
 0205099 0587475 1704729 0031330 1524059 1704729 0036375 3272372
 0587475 1704729 0020008 0019994 0205246 1510665 1553889 0565990 1552471 0205099 0205476 0039260 0041740 0205476 0039260 0039260 0008115 0376649 1442065 0282413
 0205099 0027855 0036375
 0108844 0179400 1533124 3272372
 3538743
 0254343 0796520 3272379

 0085205 1549619 1880669
 0013849 1705961 0520510 0025663 0025664 0449851 1514811 1706462 0002716 0011560 0030956 0611285 0027746 0011164 0521390 1880269
 0332185 0003320 0205263 3269210 0162638 1705535 0035820 1705810
 0441712 0003320 1314939 0011065 1306577 0332128 2004054 0035820 1705810 1363844
 0003320 0007745 0205263 0011065 1306577
 1883712 0003320 1879547 3539580 0037903 0599122 0332294 0007745 0079411 0205217 0442805 0678226 3146294
 1157956 1156442 0243125 0699900 0596402
 1883712 2261839 1149875 0205177 0439167 0441655 1561536 0011065 1306577
 0021467 0021469 1628982 3463820 2350567 0017337 1524063 0079925 0028953 0332161 0599946 0003320 0011065 1306577
 0017817 1709634 0311403 0003320 1879547 0011065 1306577 0205217 0442805 2261839 1149875 0205177 0439167 0441655 1561536 3539580 0003320 0011065 1306577
 1274040 1546471 2825142 1705535 0003320 0205263 0011065 1306577 1707310
 1705313 0002395 1521724 0012634
 0162638
 0007587 0007634 0011065 1269647 1306577 1704653 1948049
 0242606 0038435 0311404


 1880177 0030351 1547566
 0000723 0030351 1273517 1547566 0036154 0037906
 0003320 0002716 0011560 0030956 0611285
 0002395 1521724 0012634
 0037903 3539725 0599122
 0037903 0037903
 0054252 0054251 0054252 0054251
 0057931 0220874 0057931 0220874
 0596495 0037813 1516801 0436196 0577559 0596801 1306372 3152252 0596495 0037813 1516801 0436196 0577559 0596801 1306372 3152252
 0017817 1260386 0017817
 0022917 0022924 0030016 0376261 0022917 0022924 0030016 0376261
 0647210 0439086 2827736 2981702 0740116 2827735 2981700 0006222
 0001047 0001047
 3539580 0037903 3539580 0037903
 0014983 0059696 0014983 0059696
 0028944 0028944
 0033684 0033693
 0520510 0025663 0025664 0449851 1514811 1706462 0002716 0011560 0030956 0611285 0597304 0010813 0596311 1330957 1514468 1704444 0205225 0439631 1521761 2827422 0002395 1521724 0012634 0543483 0699748
 0003320 0021135 1533691 2827718 0600688 1407029 0225336 0007634 0014257 3282337 0004112 0026844 1135918 0596981 1267092 0005773 0028944
 0003320 0333562 1883351 0015127 1524003 0521390 1281300 0011164 1880269
 0003320 0007587 0007634 0011065 1269647 1306577 1704653 1948049 0205474 1521970 1706388 2346469 2348519 0003320 0596402 0750600 0242606 0038435 0311404
 0085828 0040648 0040649 1521761 2827422 0003320 1879547 0001047 0003402 0309872 1292733 0003320 3269210 0162638
 0231204 2827758 0441889 0017817 1260386 0086045 0332294 0085732 0678226 0031180
 0007745 0036522 1508748 0023779 0169911 0205436 0335218 0457385 0565930 1561503 1705190 0442805 1301808 1442792 3148680 0162638 0681797 0332257 2349954 2825032 0332157 0274281
 1523936 1157399 0220781 1883254 0442805 0871261 1704632 1706817 2911692 0038435 1710082
 1704259 1705987 0020291 3539580 0037903 0599122 0037903 3539725
 0014442 0014445 0007587 0007634 0011065 0681797 1269647 1306577 1314939 1704653 1948049
 1704259 1705987 1157399 0220781 1883254
 0003320 1320392 1521970
 0003320 0162638 0254837 0132298 0597357 1323315 1332408 0253023 1515370 0023688 0034800 0699040 0007634 0205148 0597357 1269647 1704653 1948049 0011065 1306577 0037080 1704259 1705987 1710082
 0003320 0007745 0015127 1524003 0031847 0277785 0205263 0242606 0038435 0311404
 0011065 1306577 0003320 0205263 0007745 1551910 0237876 1521970
 0441889 0441889 0684224 0700287 3496591 1157953 0243125 0699900 1291141 0543483 0699748 1880177
 1547282 0003320 0205263 0011065 1306577
 0030351 1547566 0007745 0086597 0003320 0011065 1306577 1707310
 1274040 1546471 2825142 0520510 0025663 0025664 0449851 1514811 1706462 0003320 0083632 0007745 0677881 1511636 1547282 0003320 0205263 3269210 0162638 1882598 0006104 0034693 0034721 1441547 1552240 1552264 2939425 3245521 0521447 1880022 1265875 0376669 0332472 1881708 0031847 0277785
 0030351 1547566 1273517 1441547 3245521 0028944 0204727 0205225 0205409 0220862 0439631 1707455
 1441547 3245521 0015272 0332437 0543482 0700329 0700619 0599444 1184743 1522240 0349966 1337208 1836672
 0002778 0936012 1524024 0443289 0007585 0007634 3282337 0005516 0332257 1413553 0031640 1753334 0003320 0423896 0456205 0297981 1825740 0060955 1414946 0060617 1418654 0026972 0033684 0033693 0439267
 1883712 1547282 0025251 0025255 0596901 1706182 3245505 1511726 3245479 1317750 1831145 0205156 0684224 0700287 0947630 1552607 3496591
 0449911 0333052 2607870 0557702 1272706 1704674 0557702 1272706 1704674
 1880022
 0183489 0439267 0444701 0205390 1979874 2347469 0073187 0016327 0439133 1553038 1441547 3245521
 0007634 3282337 0332437 0543482 0700329 0700619 0599444 2752549 0230625
 0007585 0007634 3282337 0456981 0003320 0028944 0205369 1552740 0423896 0456205 1414946 0673485 0439267
 0687760 1551065 0369637 0441923
 0003320 0439509 0003320 0030956 0010453 0205225 0439631
 0205393 0947630 0004927 1524063 0003320 0681814 0003320 0521093 0750484 0439509
 0003320 0199452 0039798 0087111 1522326 1533734 1705169 3538994 0015127 1524003 0011065 1306577 0332232 0003320
 0083632 0007745 0243071 0011065 1306577
 0668446 0348078 0376315 1522492 0677881 1511636 1511726 3245479
 0600688 1280500 1407029 2348382 0750489 0003320 0349966 1337208 0003320 2347469 0007745 1363844 0007587 0007634 0011065 1269647 1306577 1704653 1948049
 0449911 0333052 2607870 0557702 1272706 1704674 0557702 1272706 1704674
 0003320 0083632 0007745 0205263 0011065 1306577
 0332293 0221134 0003320 0369637 0441923 1522326 0062036 0247683 0033727 0369286 0441932 0564385
 0083632 0332157 0007745 0369637 0441923 0033727 0369286 0441932 0564385
 1261322 1516048 2986858 0005507 0243073 0647210 1510438 1527178 1705938 0007587 0007634 0011065 1269647 1306577 1704653 1948049 0022917 0005507 0022924 0030016 0243073 0376261 1510438 1527178 1705938 1547282 0677881 1280500 1511636 2348382 0083632 0007745
 1511726 3245479 1547282 1882932 1274040 1546471 2825142
 1707156 3274014 3541345 1882932
 0449911 0333052 2607870 0557702 1272706 1704674 0557702 1272706 1704674
 0007587 0007634 0011065 1269647 1306577 1704653 1948049 0003320 0205263 0083632 0007745
 0007620 0007634 0038952 0220921 1269647 1704653 1948049 2986858 0005507 0243073 0444706 0647210 1510438 3541902
 0007587 0011065 1306577 0004561 0022917 0005507 0022924 0030016 0243073 0376261 1510438
 0332293 0221134 0003320 0369637 0441923 1522326 0083632 0007745 1444656
 0007634 3282337 0010454 0009458 0010453 0220814 0430400 0439536 1705217 2242979 3244283 0647210 1273517 0005507 0243073 1510438 0022917
 1316572 1317574 1369612 0287990 1552930 0011065 1306577 0011065 1306577 1316572 1317574 1369612 0033727 0369286 0441932 0564385 0003320 0199452 0039798 0087111 1522326 1533734 1705169 3538994
 1511726 3245479 1547282 1882932 1274040 1546471 2825142
 1707156 3274014 3541345 1882932
 0007745 0011065 1306577 0183683 1521721 0007745 0003320 1314939 0011065 1306577 0596495 0037813 1516801 0436196 0577559 0596801 1306372 3152252 1273517 1883351 0079809 0242485 0423896 0456205 0003320 1515981 0199452 0039798 0087111 1522326 1533734 1705169 3538994
 0003320 0199452 0039798 0087111 1522326 1533734 1705169 3538994 0442805 1274040 1546471 2825142 1157399 0220781 1883254 0003320 0349966 1337208
 0442805 0596495 0037813 0521093 1516801 0436196 0577559 0596801 0750484 1306372 3152252 0062044 0221131 0595976 1292143 0033727 0369286 0441932 0564385 0199452 0039798 0087111 1522326 1533734 1705169 3538994
 0014983 0059696 1999216 0309872 1292733 1157956 1523935 0243125 0699900 0178602 0003320 0011065 1306577 0423896 0456205
 1883357 1274040 1546471 2825142 1705535 1707520 0441889 0003320 0011065 1306577
 0449911 0333052 2607870 0557702 1272706 1704674 0557702 1272706 1704674
 0003320 0033268 1627358 2349975 0596402
 0442805 1442460 0030233 3503116 0332293 0221134 0003320 0369637 0441923 1522326 0062036 0247683 0033727 0369286 0441932 0564385
 1148554 0596495 0037813 1516801 0436196 0577559 0596801 1306372 3152252 2348792 0040223 3541383 1552961 2347617 0003320 0199452 0039798 0087111 1522326 1533734 1705169 3538994
 1316572 1317574 1369612 0423896 0456205 0062044 0221131 0595976 1292143 0033727 0369286 0441932 0564385 0274281 0332157
 1280500 2348382 1999216 0003320 0011065 1306577
 0332293 0221134 0003320 0369637 0441923 1522326 0014983 0059696 0033727 0369286 0441932 0564385
 0010454 0009458 0010453 0220814 0430400 0439536 1705217 2242979 3244283 0022917 0005507 0022924 0030016 0243073 0376261 1510438 1516695 1516698
 1511726 3245479 1547282 0205174
 1705241 1705242
 1705241 1705242 0199452 0039798 0087111 1522326 1533734 1705169 3538994
 0369773 2603361
 1879547 0007745 0020291 0037906 1441547 3245521 3539580 0037903 1882074 2825492 0037903 3539725
 0003320 0199452 0039798 0087111 1522326 1533734 1705169 3538994 0205217 0442805 2261839 1149875 0205177 0439167 0441655 1561536 1279919 0702093 0450346 0274281 0332157 0430420 0456951 0441889
 0003320 0474395 2261839 1149875 0205177 0439167 0441655 1561536 1511726 3245479
 1979874 0003320 0199452 0039798 0087111 1522326 1533734 1705169 3538994 1518422 0392747 0205177 0439167 0441655 1561536 0003320
 1883712 0449416 1705919 0393040 1176299 0441472 3266814 0442805 0441889 0011065 1306577
 0243077 0037906 0036154 0001047 1280519 1704419 0003320 0596402 0349966 1337208
 0521093 0750484 1280500 2267000 0301630 0392756 0441610 1441672 0332293 0036154 1522326 0001047 0003320
 0547047 1291141 0037906 0441889 0442805 0442726 1511790 0332293 0243077 1522326 0349966 1337208 2347469
 1517331 1883351 0521093 0750484 1456348 1880177 0003320 0007587 0007634 0011065 1269647 1306577 1704653 1948049 0036658 0079925 0028953 0205369 1552740 3146294
 0079925 0028953 0392756 2261839 1149875 0205177 0439167 0441655 1561536 3539580 0003320 1881488 0003320 0007587 0007634 0011065 1269647 1306577 1704653 1948049 0423896 0456205 0028953 1301751 1280500 2348382 0423896 0456205 0007620 0007634 0038952 0220921 1269647 1704653 1948049
 0449911 0333052 2607870 0557702 1272706 1704674 0557702 1272706 1704674
 0037903 0011065 1306577
 3539580 0037903 0205177 0439167 0441655 1561536 0332293 0221134 0003320 0369637 0441923 1522326 0439582 0702093 0450346 0033727 0369286 0441932 0564385
 0368721 0003320 0037903 0205263 0011065 1306577 0022917 0005507 0022924 0030016 0243073 0376261 1510438
 0332157 0221134 0003320 0369637 0441923 0037903 2736788 0439446 0439340 1880521 2945590 0439391 0439526
 0022917 0022924 0030016 0376261 0005507 0243073 1510438 0003320 0011065 1306577
 0332293 0001047 1522326 0292015 0036154 0221134 0003320 0369637 0441923 0199452 0039798 0087111 1522326 1533734 1705169 3538994
 1511726 3245479 1547282 1882932 1274040 1546471 2825142
 1707156 3274014 3541345 1882932
 1705241 1705242
 1705241 1705242 0199452 0039798 0087111 1522326 1533734 1705169 3538994
 0369773 2603361
 0449911 0333052 2607870 0557702 1272706 1704674 0557702 1272706 1704674
 1280500 2348382 1149875 0205177 0439167 0441655 1561536 0423896 0456205
 3539580 0037903 0205177 0439167 0441655 1561536 0007745 2347469 0037906 0423896 0456205 0332293 0001047 1522326 0243077
 0332293 0292015 0036154 0369637 0441923 1522326 0001047 0221134 0003320 0369637 0441923 0274281 0332157
 1511726 3245479 0205447 0205449 0681814 1547282 0441833 1999270 3537156 2347469
 0003320 0441833 1999270 3537156 1547282 2825142 1274040 1546471
 1707156 3274014 3541345 1882932
 1705241 1705242
 1705241 1705242 0199452 0039798 0087111 1522326 1533734 1705169 3538994
 0369773 2603361
 0449911 0333052 2607870 0557702 1272706 1704674 0557702 1272706 1704674
 0039798 0087111 1522326 1533734 1705169 3538994 0079925 0028953
 0332293 0036658 1522326 0079925 0028953 0205369 1552740 0221134 0003320 0369637 0441923 1883712
 0033727 0369286 0441932 0564385 0007634 3282337 1512335 2261839 1149875 3539580 0037903 0205177 0439167 0441655 1561536 1882074 2825492 0005507 0243073 1510438 0423896 0456205 2347469 0423896 0456205
 0681493 2698021 1882932 1274040 1546471 2825142
 1707156 3274014 3541345 1882932
 1705241 1705242 0003320 1707455 0199452 0039798 0087111 1522326 1533734 1705169 3538994 0205171 0439044 0679994
 0369773 2603361
 1547282 0003320 1550032 1880497 1996907 0017817 1260386 0021135 1533691 2827718 0003320 0085732 0205170 3146287 0442803 1516373 0242606 0038435 0311404
 0333668 1547282 1883351 1515877 1879547 2261839 1149875 0205177 0439167 0441655 1561536 3539580 2347469
 0001047 1709634 0311403 0003320 1879547 0003320 0011065 1306577 1705535 0003320 0333668 2611812 0011065 0028944 0037083 1306577 1314939 1707310 3537152
 0054252 0054251 0057931 0220874 1547282 1883351 1550032 1880497 1996907 0017817 1260386
 0054252 0054251 0057931 0220874 0205217 0442805 2261839 1149875 0205177 0439167 0441655 1561536 3539580 0003320 0441889 0205216 0392756 0442797 0017817 0441889 1260386 0423896 0456205 0677881 1511636 0349966 1337208
 0449911 0333052 2607870 0557702 1272706 1704674 0557702 1272706 1704674
 1280500 0003320 1707455 1149875 0037903 0205177 0439167 0441655 1561536 0017817 0423896 0456205 1260386 0007620 0007634 0038952 0220921 1269647 1704653 1948049
 0332293 0221134 0003320 0369637 0441923 1522326 0054252 0054251 0057931 0220874 0242485 1149875 0205177 0439167 0441655 1561536 1157399 0220781 1883254 2347469 0017817 0423896 0456205 1260386 0033727 0369286 0441932 0564385
 1511726 3245479 0003320 1547282 0073187 1882932 2347469 0681814 2607943 2926606 3539655
 1707156 3274014 3541345 1882932
 1705241 1705242
 0369773 2603361
 0003320 1518422 1515877 1879547 0037903 3539725 0750558 1710571 0037903 3539725 0003320 1314939 0011065 1306577
 0243077 0008286 3242229 0003320 0011065 1306577 1511726 3245479
 0060837 0507114 1416271 1999216 0665744 1518422 0028778 0332206 1533157 1706084 2828370 0003320 0596402 0022686 1511726 3245479
 1883357 1274040 1546471 2825142 1705535 0079411 3146294 3539580 0037903 1882074 2825492 0037903 3539725 0665744 0132555 0086597 0003320 1704259 1705987
 0520510 0025663 0025664 0449851 1514811 1706462 0205132 0183683 1521721 0007745 0086597 0439092 0547044 0449719 1709471 0003320 0011065 1306577
 0003320 0083632 0007745 1518422 0668446 1301931 0007465 0011065 1306577
 0003320 0199452 0039798 0087111 1522326 1533734 1705169 3538994 0205217 0442805 1157399 0220781 0439634 1522492
 1883712 0442808 0030685 0391871 0439180 0680255 1283071 1963578 0037903 0393040 1176299 0441472 3266814 0011065 1306577
 0021467 0021469 1628982 3463820 0014983 0059696 1999216 0003320 0596402
 0683954 1274040 1546471 2825142 0183683 1521721 0003320 0596402 3539580 0037903 0086597 0127400 1879547 1882074 2825492 0861064 0007634 0007745 0079411 0178539 0205217 0332152 0442805 1522538 3146294
 0003320 0003320 3539580 0037903 0037903 3539725
 0243077 0001047 0003402 0003320 2261839 1149875 0205177 0439167 0441655 1561536 1157399 0007745 0205216 0220781 0392756 0442797 1883254 0037906 0596402
 0079925 0028953 0456981 0205369 1552740 0007587 0007634 0011065 1269647 1306577 1704653 1948049 1517331 3539580 0037903
 1516446 0450442 1254351 1521826 0057931 0220874 1550032 1880497 1996907 0017817 0423896 0456205 1260386 1879547 3539580 0037903 0007587 0007634 0011065 1269647 1306577 1704653 1948049
 0035820 1705810 0003320 0011065 1306577 0037088 0243095 1521721 2825141 0021467 0021469 1628982 3463820 0037903 3539725 0665744 0132555 0003320 0011065 1306577
 0003320 1879547 1883351 0443172 0392747 0025519 0025520
 0017817 1260386 0205198 1706082
 2261839 1149875 2267219 0205177 0439167 0441655 1561536 1947931 0007634 0017817 0178539 0423896 0456205 0851285 1260386 2347469
 0003320 1547282 1883351 1550032 1880497 1996907 0017817 1260386 0333668 0242606 0038435 0311404 1698986 0441712 0871133 1441414 1553874 1578820 1706376 0003320 0441472 3266814
 0392756 0547047 0003320 0274281 0332157 1515877 1879547 3539580 0037903
 0001047 1709634 0311403 0003320 1879547 0011065 1306577 0333668 0054252 0054251 1698986 0057931 0220874 3539580 0037903 1879547 1882074 2825492 1274040 1546471 2825142 0011065 1306577
 0450442 1254351 1521826 1273517 1883351 0947647 0017817 0441889 1260386 0205370 0750540 2607943 2926606 3539655 1879547 0003320 0333668
 0242606 0038435 0311404 0032214 0600138 0035820 1705810 0521390 0011065 1306577
 0440746 0459385 0006104 0040300 1269537 1547928 0332324 1550474 0870882 0311400 0871208 1521828 1524026 2707259 0017725 0013126 0086045 1281901 0441889 0231204 2827758
 0003320 0242606 0038435 0311404 0205263 0010957 1883709 1515877 1879547 0040648 0040649 1521761 2827422 0332257 0085828 0878195 0441712 1706376 0205263 0242606 0038435 0311404 0439673
 0007745 0036522 1508748 0169911 0205436 0335218 0457385 0565930 1561503 1705190 0162638
 0020281 0020275 0031180 0523702 0885426 0010711 0011015 0086894 0851346 0242184 1963140 1879547 2062416 0042769 0009450 1551058 0450442 1254351 1521826 0086597 0007587 1326120 0007634 0011065 1269647 1306577 1704653 1948049 0035820 1705810
 1274040 1546471 2825142 1547282 1999230 0037083 0086982 0425152 2937292 1518761 0205263 0857127 1879547 0011065 1306577
 1552616 1706244 0043227 0441712 1706376 0011065 1306577
 1274040 1546471 2825142 0443289 0439849 1705630 1706279 3540605 0274281 0332157 1879547 0332148 0750492 0242606 1516373 0038435 0311404
 1883712 0332120 1879547 0003320 1880177 2754100 0011065 1306577 0225336 0007634 0014257 3282337 1511726 3245479 1705535 1707310 0449475
 1707310 1882932 0037083 0086982 1880177 0449719 1709471 0003320 0596402 0022686
 0020792 0205396 0023175 0039796 0243107 0302350 0678723 0679199 1280519 1442948 1522538 1527148 1704419 2348269 3275067 0108800 0003320 0309872 1947946 2948600 3540471 3540472 0007587 0007634 0011065 1269647 1306577 1704653 1948049
 1550608 0332206 3540676 3537152 1184743 1522240 2261839 1149875 3539580 0031330 0037903 0205177 0205464 0439167 0441655 0443264 1561536 1882074 2825492 0043227
 0520510 0520510 0025663 0025664 0449851 1514811 1706462 0034760 0007585 0007634 0010453 0220814 0430400 1269647 1704653 1948049 2242979 0220806 0869011 1719918 0034760 0007585 0869011 0205369
 0007634 3282337 0021622 1272753 1555265 0058217 0641456 0010453 0220814 0430400 2242979 0242295 1947943 2348609 0030842 0220892 0038425
 0010453 0220814 0430400 2242979 1524063 0025663 0025664 0449851
 0392747 1554963
 1882598 0006104 0205239 0058217 0641456 1414499 1638411 0439267 0179834 0702093
 0441436 0993610 1998480 0041236 0868946 0439526 0450316 1831960 0013618 0456693 1442458 0702093 0332283 0058217 0439526 0641456 1414499 1883712 0441210 0028736 0181805 0369637 0441923 0740034 1135584 1552983 0180860 0581406 1522664 1704449 1704684 1875155
 0439267 0179834 0702093 0441436 0993610 1998480 1548982 0058217 0641456 1414499 1720725 1948050
 0007634 3282337 0070386 0439182 0812409 0934502 0070386 0205431 0179834 1414499 0700308 0033727 0369286 0441932 0564385 0450376 0439267 0179834 0702093
 1264633 1554103 0332256 2700400 0870134 0026969 0026973 0185014 0934502 0521108 1548982 0058217 0641456 1414499 1720725 1948050 0332283 0441648 0010454 0009458 0010453 0220814 0430400 0439536 1705217 2242979 3244283 0019215 0242295 1947943 2348609 0021641 1533581 1579433 0033308 2757070 0439275 0439526
 0441436 0993610 1998480 0010454 0009458 0010453 0220814 0430400 0439526 0439536 1705217 2242979 3244283 0010453 0220814 0430400 0872171 2242979 0036563 1705192 1882540 2346495
 0033727 0369286 0441932 0564385 0205431 0439526 0010453 0220814 0430400 1524062 2242979 0332173 0439228 0439505 1883708 0010453 0220814 0430400 2242979 1534709 1881714 2827734 2981698 0740116 2827735 2981700
 0040223 1632851 0027551 1704318 1882041 0456638 0439267 0179834
 0993610 0332293 0013618 0041236 1522326 0439267 0179834 0456692 0702093
 0007634 3282337 0009458 0439536 0870134 1705217 3244283 0019215 0332256 2700400 0242295 1947943 2348609 0021641 1533581 1579433 0033308 2757070 0162518 0009458 0439536 1705217 3244283 0180454 0010453 0220814 0430400 2242979 0005971 0020498 1139930 3537155 0071632 0029277 0032400 0071360 0747726
 0010453 0038250 0007634 3282337 0013618 0041236 0687118 1561504 0180454 0032400 0071360 0747726 1139930 1414499 0242295 1947943 2348609 0005575 2700256 0282364
 0242349 0007589 0205615 0010453 0231441 0443218 2827483 1548982 1720830 1823521 0018019 0028778 0229671 0332206 1265549 1510458 1546774 1550100 2983591
 1253961 0007634 3282337 0003241 0021027 0205225 0439583 0439631 1439852 0450376
 0003241 1273517 3539807 1414946 0022877 1619828 0086045 1446561 2827734 2981698
 0003241 0021027 0022877 0085216 0086022 0442335 0522529 1619828 1705099 0700308 0945818 0033727 0369286 0441932 0564385 1524062
 0007634 3282337 1548982 1720830 1823521 0234621 1524063 1626420 0181839 1706379 0439473 0598124 0179533 1654607 1706254
 1704254 1704922 3542466 1516695 1516698 1522240 1524063 0037585
 0037903 0005507 0243073 1510438 0007634 3282337 1548982 1720725 1720830 1823521 1948050 2678549 1882074 0020283 0450407 0450408 0450409 0146951 0133689 0024348 0242759 0456692 0702093 0450376
 1881488 0150141 0456963 0427716 1304757 0086045 0005507 0243073 1510438
 0003320 1710236 0037906 0439190 1512080 3539580 0005507 0006353 0037903 0243073 1510438 1882074 2825492 0019215 0024472 0146951 0133689 0242759 2678549 1882074 0020283 0450407 0450408 0450409 0006353 0142785 0000975 0037473 0597484 0146951 0133689 0242759 0020283 0450407 0450408 0450409 1883351 0348078 0376315 1522492 0025938 0042153 0457083 1947944
 0443286 1114821 0332256 2700400 0022827 0439268 0439526 0037906 0439191 0006353 0011744 0033727 0369286 0441932 0564385 1439852
 0443286 1114821 0001963 1553404 2348570 2827734 2981698 2827734 2981698 0332283 0085631
 0370003 2347026 0439267 0179834 0702093
 0031716 0036406 0302908 0678573 1304698 1516695 1516698 1546699 1561501 0750480 1705566
 0031716 0007745 3539580 0037903 0391871 1283071 1882074 2825492 0037903 3539725
 0037903 3539725 2261839 1149875 0205177 0439167 0441655 1561536 3539580 0037906 0444686 1441506 1443182 0439192 0439177 0033684 0439175 0439269 0439810 1960952 2346927 0439227 0564385 0042295 0243148 0439165 1549488 1550141 1561533 1882979 2587213 3274648
 0003320 0199452 0039798 0087111 1522326 1533734 1705169 3538994 1442460 0010453 0220814 0430400 2242979 0030233 3503116 2348021 0439526
 0007634 3282337 1516695 1516698 1548982 1720725 1720830 1823521 1948050 2678549 1882074 0020283 0450407 0450408 0450409 1883351 0849355 1883720 3244314 0022262
 0441436 0993610 1998480 0001963 0332283 0008238
 0370003 2347026 0205430 3160715 0439267 0179834 0702093
 1264633 1554103 0001963 0008238 0439526 0740116 2827735 2981700 2827734 2981698 0005971 0185125 1139930 3537155
 0037638 0450367 0439084 0728893 0444499 0043047 0599638 1550678 0450385 0450367
 1139930 0001861 1512080 2827485 3536832 0037549 0597484 0036075 0036077 0037473 0233601 0369637 0441923 0004400
 0023779 0073193 0600322 2986582 0041625 0023693 0234621 1306462 1881376 1961129
 0002778 0936012 1524024 0441648 1720830 1823521 2678549 1882074 0020283 0450407 0450408 0450409 0180454 0010453 0220814 0430400 1139930 2242979 0003320 0199452 0039798 0087111 1522326 1533734 1705169 3538994 0444499 0439526 1720830 1823521 2678549 1882074 0020283 0450407 0450408 0450409 0493160
 0003320 0812225 1150635 1705212 1705213 3273202 1273517 1883351 0427716 1304757 0086045 1446561
 0023779 0185115 3541890 1552738 0392747 1554963 1524063 1539216 0007745 1881965 0033684 0205102 1442989 1553872 1619620 2828392 1709793 0423896 0456205
 1705920 1882932 0007634 0023779 0178539 0205227 0577559 1306372 2827734 2981698 3152252
 2828366 0028158 0442540 1512080 1550581 2827485 0008238 1549535 0030211 1418664 1419968 1826261 1185738 1706132 0032611 0039142 0369637 0441923 1706072 0180860 0581406 1522664 1704449 1704684 1875155 0325045 0036397
 0023779 0934502 1522408 1561599 0028158 0442540 1512080 1550581 2827485 0444499 0001963 0008238 0439526 2827734 2981698 2827734 2981698
 0002778 0936012 1524024 0596495 0884358 1524063 0183395 1710143 3161035 1708574 0022023 0449416 1700702 1705919 1552738
 0003320 0439531 1948053 1513371 1705738 2347637 2348146 0023767 1524063 0023779 1273517 1883073 2827424 2828366
 2828366 1947931 0935616 1418549 1516801 1579194 3537449 1524063 2826285 0806140 0871208 1521828
 0007745 0022023 1947931 0033727 0369286 0441932 0564385 0205102 1442989 1553872 1619620 2828392 1539216 0007745 1705565 1947976 0022023 0205160 1513371 1513916 1700702 1705738 2347637 2348146 2825415 2825491
 0444505 0205396 1550043 1551388 1524063 0002778 0936012 1524024 1552738 1551910 0439806
 0007620 0443348 0740116 2827735 2981700 0006222 2986858 0005507 0243073 0647210 1510438 0025663 0449851 0871511
 0007587 0007634 0011065 1269647 1306577 1704653 1948049 0022917 0022924 0030016 0030685 0376261 0391871 0439180 0680255 1265611 1283071 1516048 1963578 0010454 0009458 0010453 0220814 0430400 0439536 1705217 2242979 3244283 0003320 0039798 0087111 1522326 1533734 1705169 3538994 0083632 0071767
 1265611 0007634 0391871 1283071 3282337 0146951 0133689 0162388 0242759 0750591 0599733 0162388 0681205 1550555
 1516365 0005507 0243073 1510438 1524063
 0205174 0370003 2347026 0007634 3282337 0007703 1516695 1516698 1548982 1720725 1720830 1823521 1948050 2678549 1882074 0020283 0450407 0450408 0450409
 0993610 0066055 0332293 0001128 0202406 1522326
 0003320 1273517 1883351 0007634 3282337
 0427716 1304757 0086045 0005507 0243073 1510438
 0439267 0179834 0456692 0702093 0450376
 1550101 0017817 1260386 0005507 0243073 1510438 0302828 1442085 3263700 0812225 1150635 1705212 1705213 1999230 3273202
 0003320 0205134 0017817 0086045 1260386 3146294
 0086045 1446561 0444706 1268822 2825050 3541902 0312860 0183400
 0036658 0028953 3539580 0037903 1882074 2825492 3146294 0336791 2827396 3271738
 0332293 0028953 0369637 0441923 1522326 0037633 0525069 0302828 1442085 3263700 0336791 2827396 0033727 0369286 0441932 0564385
 0009458 0439536 1705217 3244283 0678640 0003320 0033727 0369286 0441932 0564385 1524062 0007634 3282337 2261839 1149875 3539580 0037903 0205177 0439167 0441655 1561536 1882074 2825492 1512335 0079221 1148554 0007587
 1274040 1546471 2825142 0871424 0444504 2347634 2348143
 1705241 1705242 1709320 0205447 0936012 0332283 0022885 0039593 0392366 0687676 1704687 0237881 1709380 0038215 0750502
 1707455 0022885 0039259 0039593 0205448 0392366 1527178 1705938
 0369773 2603361 0750591 0237881
 2986676 0031831 1707664 2348314 3540849
 0242842 0026018
 0043227 0018173 0021622 1521721 3245503
 1515023 0740116 2827735 2981700 1272684 1548435 1514811 1706462 0520510 0025663 0025664 0449851 1514811 1706462 0878195 0423896 0456205 0439394 1706495 3642217

 0439070 1705160 2603360


 0851285 1327622 2266866 0205177 0439167 0441655 1561536 0021135 1533691 2827718
 0036397
 0025141 0016327 0439133 1553038


 0369718 0441922 1553036


 0392747 1554963 1158423 0031434 0031436 0304370
 3642273
 0025141 0003320


 0005528 1317949 3495449 0042153
 1418943

 0268596 2700624
 3642273
 0041703
 0000857 0600678 1552863
 2603362


 0597277 1708601


 1517499 0040671 1705822 1524063 1510800 0086022 0442335 1705099 0015127 1314792 1524003 0000768 0000769
 1418943

 0268596 2700624
 3642273
 0041703
 0221135 0312963 1419805 0003320

 3495095 0221133 0599990 2607880 0003320
 1979969


 0011065 1306577 0017817 0333668 0015127 1524003




 0002395 1521724 0012634 0242606 0038435 0311404


 0025141 0423896 0456205


 0441712 1706376 0205263 2754100 0007587 0007634 0011065 1269647 1306577 1704653 1948049 0178566



 0025141 0423896 0456205
 0205090 0684010 2603358



 0020281 0020275 0031180 0523702 0885426 0086597 0040539 0600688 0078939
 0007634 1269647 1704653 1948049
 0025141 0423896 0456205 0369718 0441922 1553036
 0439267
 2603360
 0003320



 0449982 0162638 0139121

 0021966 0221138 2603360

 0597277 1708601
 2347469


 0041368 1168005 1456820 1323304 0333516 0027540 0027651 0439095 1334928 1521761 1578706 2003941 2350010 2827422 3273930 0205217 0078939 1456454 1750295 2362547 3484390 0002716 0011560 0033684 0330390 0439096 0611285 2004068 0162638


 0025141


 0003320 0449341 0872257 0025663 0449851 0871511 0243114 1998793



 3642273
 0025141 0205090 0684010 2603358 0369637 0441923
 0003320
 0597277 1708601

 0205090 0684010 2603358


 0665744 0132555 0086597 0162638 0441712 1706376
 0007634 1269647 1704653 1948049
 0025141 0369773 2603361

 0439294
 0423896 0456205
 0221134 0003320 0369637 0441923


 0078939 1456454 1750295 2362547 3484390 0002716 0011560 0033684 0330390 0439096 0611285 2004068 0205263 0012860 1096176 0010957 1883709


 1417055

 0025141 0369637 0441923 0597277 1708601
 2927379 0003320

 0376586


 1280500 3539580 0037903 0018284 0026249 0872280 0033640 0018850 1515879 0031727 0033684 0038435 1879547

 0027960 0324740 0439189 1456781 1824986

 0063789 3272375
 0439509 0025141 2347469 0003320
 1551580 1551977

 2825879 0002716 0011560 0030956 0330390 0439096 0611285 2004068 0677881 1511636 0010453 0220814 0430400 2242979 0035820 1705810

 0451119 1444662
 0025141 0003320 0439267

 0016360 1424823 0003320


 0597277 1708601
 0369773 2603361


 0376515 0032105 1550098 0596952 0025249 0025255 0020281 0020275 0031180 0205263 0523702 0885426 0078939 0611285 3484390 0002716 0011560 0030956 0330390 0439096 2004068


 0025141 0003320 0439267



 0003320
 2603360



 0332268 0427861 0887899 0332325 2827757
 0007587 0007634 0011065 1269647 1306577 1704653 1948049
 0439084 0728893 0025141 0442599 0423896 0456205
 0439394 1706495 3642217
 0369718 0441922 1553036

 0439267
 0016327 0439133 1553038


 0242606 0848237 0038435 0311404 0185125 1947919 2347934 3539080 0010453


 0025141 0369637 0441923
 2603362
 0369637 0441923


 0851285 1327622 1149472 1149756 0441655 0079189 1524094
 0007589 1511938 2945687


 0201682
 1004422 0369637 0441923 2603362




 0078939 1456454 1750295 2362547 3484390 0002716 0011560 0033684 0330390 0439096 0611285 2004068 0205263 0033268


 0450385 0025141 0369637 0441923 2603362 0597277 1708601
 0205090 0684010 2603358


 0162638


 3642273
 0025141 0232024 0205090 0684010 2603358 0456715 0369637 0441923
 0003320


 0027754 0205263 0020291
 0443264 0597357


 0201682
 2603360
 2603360

 0179323
 0369637 0441923
 0369637 0441923
 0369637 0441923
 2603360



 0243072
 0036397
 0025141 0423896 0456205 0003320
 0369637 0441923
 0003320
 0026530 0423896 0456205


 1280500 2348382 1325653 2244392 0337112 1524075 1752477 0678851 0162772 0023175 0030054 0079411 0181586 0205332 1442948 1522538 1705920 2348269 3146294 3275067
 0035820 1705810


 0201682
 2603360 0369718 0441922 1553036
 0369637 0441923

 0597277 1708601

 0033727 0369286 0441932 0564385



 0020281 0007603 3161472 0007634 0025255 0079613 0178539 0037083 3537152 1548602 1704686 0162638

 3642273
 0423896 0456205 0439267
 0003320
 0544691 1823998
 0003320

 0021966 0221138
 0033727 0369286 0441932 0564385

 2347469


 0078939 0611285 3484390 0002716 0011560 0030956 0330390 0439096 2004068 0007600 0007635 3282338 0025519 0025520
 0349590 1262865
 0025141 0003320

 0205090 0684010 2603358
 0369637 0441923

 0687673 0205090 0684010 2603358


 0034538 0034519 0560559 0851346 1522449 1524020 1524021 0007603 3161472 0007634 0025255 0079613 0178539 0007745 1548602 1704686 0162638

 1417055

 0000857 0600678 1552863 1551910
 0439806

 1148554 0596495 0599748 0037813 1516801 0075804 0436196 0577559 0596801 1306372 3152252




 1551910 0003320
 2347469

 0439806

 1515926 1292856 1948023 0020792 0205396 0449286 1704240
 0005477
 0025141 1551910 0369637 0441923
 0073187


 1859141 0011156 0751753 0011155 0162429 1623416 0599779 0003062 1515981 3161035 1880022 1524063 0596495 0037813 1516801 0436196 0577559 0596801 1306372 3152252


 0025141 0003320

 0542341 0871261 0038435
 0036397
 0003320


 0007745
 0040833 1521798
 0025141 2603362

 2603362
 0999213



 0078939 0611285 3484390 0002716 0011560 0030956 0330390 0439096 2004068 0850310 3154893 1149472 0205177 0439167 0441655 1561536 0040690 0040691 1527194


 0201682
 2603360
 0003320
 0369718 0441922 1553036

 0369718 0441922 1553036
 2603362
 0003320
 0439267


 0162638 0007745 0079411 3146294 0032930 1444748 0020291

 0000857 0600678 1552863 2603362



 1537068 1705654 0032930 1444748 0162638 0007745 0030685 0332152 0391871 0439180 0680255 1283071 1522538 1963578

 0965991
 0687673 0205090 0684010 2603358
 0312909 0003320
 0205090 0684010 2603358
 0003320
 2603362
 0018173 1548284

 3266896 0205263 0857127 0007587 1326120 0007634 0011065 1269647 1306577 1704653 1948049
 1418943

 0268596 2700624
 3642273
 0041703
 0000857 0600678 1552863 0033727 0369286 0441932 0564385 0597277 1708601
 0439394 1706495 3642217
 0439482

 0162429 2987487 0012655 0220898 1264642 1547045
 0027836 1087003
 0025141 0021966 0221138 0369718 0441922 1553036

 0369637 0441923
 2603362


 0221103 0301625 0439181 0728721 1521840 2986546 1527240 1709915 1882936


 0450385 0025141 0687673 0205090 0684010 2603358
 0369773 2603361
 0439394 2603362

 0205090 0684010 2603358


 0439267


 0234958 0333467 1281300 0011164 1880269 0085220 2931784 0002716 0011560 0042373 0611285 0002395 1521724 0012634
 2347379
 0025141 0071767 0073187


 1148554 0086597 0127400 0007585 0010453 0220814 0430400 2242979


 0025663 0025664 0449851
 0025141 0687673 0205090 0684010 2603358 0369637 0441923


 0851285 1327622 0162638

 2347961

 0025141


 1155502 1707310 0033640 0038435 1879547 0079189 1524094

 0025141 0369637 0441923



 3266896 0205263 0857127 0083632 0007745

 2347379
 0025141 2603360


 0037903



 0025141 1512018 0369637 0441923
 0205090 0684010 2603358


 1704675 0243071 0392747 0423896 0456205 0733755



 0025141 2347469 0003320


 0021467 0021469 1628982 3463820 0017817


 0201682
 2347469 0369718 0441922 1553036
 2603360
 0369773 2603361
 0369637 0439394 0441923 1706495 3642217
 0003320


 0851285 1327622 0431085 0597032 0027540 0030280 0007587 0007634 0011065 1269647 1306577 1704653 1948049 0041368 1168005 1456820


 0201682
 2347469 0016327 0439133 1553038
 0597277 1708601
 0554249 0597277 1708601
 0326812 0003320


 0243114 1998793 1880022 0037903


 0201682
 0455483 0033727 0369286 0439114 0441932 0564385
 0003320
 1441583 0205090 0684010 2603358


 0202202 0202446 0242485


 0201682
 0205090 0684010 2603358

 0035820 1705810 0002395 1521724 0012634
 0230467 0741204

 0444649 0439267
 0439267

 0687673 0205090 0684010 2603358
 0597277 1708601


 0079946 0439659 1550512 0085400 0332256 2700400 1456454 0033684 0005847

 0000857 0600678 1552863 2603360 2603360
 0033727 0369286 0441932 0564385
 0033727 0369286 0441932 0564385


 0021399 0220781 0439634 1522492 0556985 2247301 3540495 0520511 1704711


 0025141

 2603362
 0597277 1708601

 0021966 0221138
 0073187


 0596508 0206152 0038250 1947950 0007634 0013935 0242767 1186763 3282337 0310255 0205615 0033414 0237820 1555688 2004454


 0439084 0728893 0025141
 2603362
 0439267
 0369773 2603361


 1545588 0162638 0007634 3282337 0021135 1533691 2827718 0199176 1706420 2700409


 0450387 0025141 2603360 0694746 0369637 0441923
 1706917 0003320


 0031227 0243127 0443331 0008318 3265062 0042890 0205263 0282549 1512310 0007634 3282337
 0007589 1511938 2945687


 0201682
 0597277 1708601 0439267
 0369637 0441923
 0003320 0369637 0441923
 0021966 0221138


 0037903 0007745 0185117 0004112


 0201682
 0423896 0456205 0439493 1513009 0369637 0441923



 1314939 0684336 0014272 0025519 0025520 0424589 0542479 1442080 0003320 0205263 0030956 1545588

 0451119 1444662
 0025141 1199788 0205090 0684010 2603358 0369637 0439394 0441923 1706495 3642217



 0035820 1705810 0003402 0079904 0017262 1336799 0017337 0185117 0017837


 0201682
 0033727 0369286 0441932 0564385 0003320


 0007745 0037903

 0023779
 0025141 0003320 0033727 0369286 0441932 0564385

 0242606 0038435 0311404 0031847 0277785



 0025141 0205090 0684010 2603358 0369773 2603361
 0221133 0599990 2607880 0003320


 0920643 0030054 0205332 0205103 1550465 2827755 0169911 0335218 0040648 0040649 1521761 2827422 0079904 2986464 0019704 0019682 0019699

 0000857 0600678 1552863 2347469 0439267
 1551910

 0871261 0041368 1323304 1456820 0333516 0027540 0027651 1334928 1521761 1578706 2827422 3273930 0450442 1254351 1521826 0035820 1705810 0162638


 2347379
 0450382 0025141 2347469 0369718 0441922 1553036
 2603362
 0439114


 0442999 1621797 0003320

 0205090 0684010 2603358
 0369637 0441923
 2603360


 1710082 3266896 0162638


 0201682
 0003320

 1431628 0439394 1706495 3642217



 0025219 1527137 0225336 0270611 0599732 0007634 0014257 3282337 0011065 1306577


 0025141 0021966 0221138 0597277 1708601
 0369637 0441923
 0003320 0597277 1708601


 0205263 0857127 0332324 1550474
 0011303 0012634


 0201682

 0021966 0221138
 0597277 1708601
 0439267


 0486616 1555710 0002395 0011268 0011265 0392079 0497327 0332307 1547052


 0025141 0003320 0033727 0369286 0441932 0564385
 1708595 3280986

 1158438 0025519 0025520 0596286 1160191 0851285 1327622 0007595

 0369637 0441923




 0109060 1157399 0220781 1883254 0007765 1268981 1707522
 0678257



 0025141 0439267 0003320


 1280500 2348382 0011953 0057931 0220874

 2827734 2981698 0025141 0439267 2603362
 2347469
 0003320
 0205090 0684010 2603358
 2603362
 0003320
 0016327 0439133 1553038


 0035820 1705810 1363844 0596402
 1418943

 0268596 2700624
 3642273
 0041703
 0000857 0600678 1552863 0205090 0684010 2603358

 1157953 0443161 0699900 1265875 1540661 1539479
 0040833 1521798
 3642273
 0025141 2603360 0439267

 2603360
 0369637 0441923


 1980011 0010957 1883709
 0349590 1262865
 0025141 0597277 1708601 0033727 0369286 0441932 0564385


 0017817 0860976 0302583 0376520 1166521 0012655 0220898 1264642 1547045 0242606 0038435 0311404


 0025141 0439394 1706495 3642217

 0439394 1706495 3642217


 0003320 0035820 1705810 2610891 0162638 0037083 1160185 1710082

 1417055

 0205090 0684010 2603358
 0033727 0369286 0441932 0564385
 0861352 2347469

 2603362
 0018173 1548284

 0021966 0221138
 0369637 0441923


 1514873 0162638
 0349590 1262865
 0025141 0033727 0369286 0441932 0564385
 2603362
 0999213 0439394 1706495 3642217
 0439394 2603362
 0369637 0439394 0441923 1706495 3642217
 0073187



 1314939 0027540 0006110 0007587 0011065 1306577 0431085 0597032


 0201682
 2603362
 0999213 0033727 0369286 0441932 0564385
 0033727 0369286 0441932 0564385
 0999213 0439267
 1532717 1881335 0369773 2603361



 0078939 0677881 1511636


 0025141 2603362
 0016327 0369773 0439133 1553038 2603361
 0369637 0441923 2603362
 1539794

 0205232 0687757 0368721 0003320


 1149161 0243122 1145667 1167622 0254837 0132298 0597357 1323315 1332408 0205263 0162638
 0003320 0441712 1706376

 1315013

 0368721 0003320 0205090 0684010 2603358
 2603362
 0325045 0439394 1706495 3642217
 0369637 0441923
 0061864 0885382 0205090 0684010 2603358


 0235032 0002395 0332281 1521724 0243083 0012634
 0036397
 0025141
 2603362
 0597277 1708601
 0033727 0369286 0441932 0564385

 0369718 0441922 1553036
 2603362





 1157399 0220781 0439634 1522492 0291573 1159825 0010656 0023175 0181586 1442948 1522538 1879547 2348269 3275067 0007587 0085262 0007634 0011065 1269647 1306577 1704653 1948049
 1280500 1157399 0220781 0439634 1522492 1159825 1879547 0291573


 0201682

 2603362
 0597277 1708601
 0033727 0369286 0441932 0564385
 0369637 0441923
 0369718 0441922 1553036



 0021467 0021469 1628982 3463820 1157399 1157234 0220781 0439634 1522492 0007587 0085262 0007634 0011065 1269647 1306577 1704653 1948049


 0025141 1006780
 0033727 0369286 0441932 0564385
 0033727 0369286 0441932 0564385
 0073187


 1627358 2349975 0078939 0611285 2825879

 0451119 1444662
 0439084 0728893 0025141 0369773 2603361 2347469
 0456715 0369637 0441923
 0003320
 0369637 0439394 0441923 1706495 3642217


 0185117 0337051 1509144 2349200 0162638 1314939


 0201682
 0423896 0456205 2347469
 3538705 0152277 0021966 0221138


 0006104 1269537 0333118 3245505 0870134
 1418943

 0268596 2700624
 3642273
 0041703
