 1171362 0185117 0002395 0012634 1314939 0040649 0369637 0441923
 0016327 0439133 1553038
 0022877 3244292 0020008 0019994 0205246 1510665 1553889 0021622 0205476 1272753 1551730 0036378 0036375 0006037 0024874 0376649 1442065 0282413 0686900 1272683 1522634 3273171 0016327 0439133 1553038
 1512018 0369637 0441923 0022877 3244292 0020008 0019994 0205246 1510665 1553889 0442658 1301826 0006037 0024874
 0013849 1705961 0024492 1538057 1547565 0520510 0557061 2584313 1514811 1706462 0011560 1705760 0333562 0030274 1278931 0037088 0243095 2825141 0011860 1320657 0441730 0011847 0011849 0332307 1547052
 0439849 1705630 1706279 3540605 0242656 1947900 0449258 0011560 1705760 0002716 0611285
 0734999 0229525 0022131 0282637 0007634 3282337 1515021
 0424295 0243107 0678723 1314939 1527148 0007589 1511938 2945687 0002395 0332281 0243083 0012634
 0474395 1536696 0010813 0596311 0597304 1330957 1709305 1947941 2745955 3539715
 1515926 0086597 0439092 0547044 0449719 1709471 0000768 0000769 0599878 1521970
 0557651 2603343 0684224 0700287 3273238 3539715 1332735 0017337 0030281 0007634 0021641 0030274 1278931 1533581 1579433 3282337
 0442726 0007634 3282337 0220781 0439634 1522492 1150423 0205177 0439167 0441655 1561536
 0702240 0442805 0035696 0428479 0033684 0441889 0702240
 0947630 1547282 3539715 1145751 0205177 0439167 0441655 1561536 1292856 1948023 0249586 1332735 1292856 1948023 0028778 0332206 0536217 2983591 1999216 1512032 0205160 0348078 0376315 1513916 1522492 1527180 2825415 2825491 1099354 0035668 0521102 0700321
 2607943 2926606 3539655 0185117 0249586 1332735 0037083 0086982 0205177 0439167 0441655 1561536 0332298 0726398 0017725 2587213 1705810 0035820 2700400 1327622 0678661 0851285 0868928 1706255 1706256
 0520510 0557061 2584313 1514811 1706462 0011849 0011847 0012634 0271650 1280444 0017725 0205319 0231199 1744706 2355652 0042373
 0011847 0011849 0014499 0442808 0032659 1257890 2700280
 0011847 0011849 0678226 0007634 0231174 0680095 3146286 3282337 0022131 1283884 0014136 0030274 0521425 1278931 0022131 1883351 0021641 1533581 1579433 1514873 1883351 1550543 0027552 0686904
 3463805 0348078 0376315 1522492 0011860 0011847 0011849 0332162 0449989 0700597 2945676 0011847 0011849 0011847 0011849
 0027361 0237401 0021641 1533581 1579433 0332325 2827757 0021641 1533581 1579433 0020459
 0040223 3541383 1257890 0231174 0680095 0231174 0680095 1265611 0495706 0428554 0595877 0005802 0332294 0428548 0005767 0005768 0017725 0205250 0229664 0441889 0678226 0750508 3163633 0020456
 0020456 0521110 0007613 0542341 0441712
 0333562 0231174 0680095 2827734 2981698
 0002395 0012634 0348078 0376315 1522492 1517945 0542341 0011560 1705760 0002716 0333562 0521119 0611285 1880022 0006104 1269537 0333463 2936349 0392756 0547047
 0474395 1536696 0006104 1269537 0027746 0011164 0521390 1880269 0220781 0439634 1522492 0033684 0024779 1706473 1720655 1947974 0740116 2827735 2981700
 0249586 1332735 0027882 0205369 0851285 1552740 3539715 0205309
 0243107 0678723 1527148 0002395 0012634 3539715 0038164 0033666 0033684 0547044 0700321 1522240 3539715
 0079411 3146294 0332454 0475264 1744691 0558295 0740116 2827735 2981700
 1883712 0185117 0027882 0026046 0036974 0332521 0344329 1274040 1546471 1880118 2825142 0332523 2825977 0162638 0740116 2827735 2981700
 0079946 0439659 1550512 0229525 0007634 0014136 0521425 3282337 0237876 1521991 1521970
 0017337 0027763 0422837 1269560 0030281 0007634 0021641 1533581 1579433 3282337
 0017337 0076207 0597357 0039617 3641733 0003320 0027763 0422837 1269560 0027769 0150312 0449913 0599851 1553451 1704459 0150312 1883351 0007634 3282337 0439086 2827736 2981702
 0441833 0687744 1257890 1552516 1705428 1705429 0022131 1547282 1883351 0150312 0449450
 0017337 0205392 3540770 0205171 1720467 0006104 1269537 0021641 1533581 1579433 0209278 1420631 0040648 1826562 0040649 1521761 2827422 0013303 0242303 0598306 1278921 1826562 0332134 0879404 0030274 0013303 0242303 0598306 0439084 0728893 0017337 0017337 0332324 0439799 0597277 1550474 1706095 1708601 0449205 0861352 1538613 1416480 0020750 1416480
 2348205 0027882 0007634 3282337 0002395 0027746 0011164 0012634 0599851 1515981 1880269 0007613 0542341 0392360 0249586 1332735 0007634 3282337 0011849 0011847 0543483 0699748 1880177
 1512612 0010101 0038215 0332185 2607943 2926606 3539655 0002395 0011265 0332307 0497327 1547052 0011849 0011847 1335144 1513158 0243148 0311400 1314939 1524026 1550141 1882979 2587213 2707259 3274648
 1517331 0439775 0702240 0205177 0439167 0441655 1561536 1999230 0681841 0007613 0007634 0205329 0231174 0542341 0680095 1269647 1704653 1880177 1948049 0011847 0011849
 1883351 0249586 1332735 0205177 0439167 0441655 1561536 0332128 0007634 3282337
 0947630 2700400 1511790 0009015 1150423 0031727 0205177 0439167 0441655 1561536 0005507 0243073 1510438
 0947630 0007634 3282337 0681814 0037791 1511884 0884358
 2607943 2926606 3539655 2827734 2981698 0022131 0030274 0007600 0007635 3282338 3539715 0249586 1332735
 0740116 2827735 2981700 0702240 1274040 1546471 2825142 0010454 0205263 0857127 0185117 1150423 0031727 0040710 0205177 0249586 0439167 0441655 1332735 1561536 1879547 3539715
 0439086 2827736 2981702 0185117 1879547 2349975 0162493 0017255 1879547
 1280500 2348382 0205369 1552740 0536217 0309872 1999216 1512032 0205160 0348078 0376315 1513916 1522492 1527180 2825415 2825491 0249586 1332735 1099354 1524063 0035668 0042153 0457083 0521102 0700321 1515981 1947944 0079613 0035696 0392756 0428479 0441889 0456079 1547707 2946261
 0520510 0520510 0557061 2584313 1514811 1706462 0220806 0003241 0014442 0014445 0027965 0014282 0205314 0869011 0331965
 0010454 0040284 0009458 0010453 0040300 0162867 0220814 0430400 1254021 1547928 2242979 0229671 1546774 1550100 0034760 0039421 0376558 1301820
 0022130 0027976 1879958 0536217 0869011 1826357
 0003241 1553033 0249586 1332735 1553033 0005574 0869011

 0028953 0020008 0026376 1511521 0005532 0019994 0024874 0205246 0444669 1167518 1510665 1521991 1547538 1553889 1706352 1882467 1883254 3274653
 1099354 0035168 0242481 0869011

 0007600 0007634 0205132 1269647 1704653 1948049 1514732 0034693 0034721 1999230 0039021 0439799 0010454 0009458 0439536 1705217 3244283 0010453 0220814 0430400 2242979 0332256 2700400 0015965 0229671 0230445 0521457 1305418 1546774 1550100 0019215 0017725 1576824 0034354 0244104 0025402 1532633 2608091 1637390 0030827 0030842 0220892 0439267 0038425
 0018873 0007634 3282337 1257739 0016030 0027468 0010453 0220814 0430400 2242979 0332256 2700400 0015965 0229671 0230445 0521457 1305418 1546774 1550100 1532633 2608091 1637390 0030827 0030842 0220892 0439267 0038425
 0007634 3282337 1314677 0021178 2347816 0017110 0596601
 0007585 0007634 0010453 1269647 1704653 1948049 0200940 0699799
 0003062 0034716 0034693 0034721 2700262 0580836 0439267 0022877 3244292 0475311 0200728 2316368 0030274 0040300 0455052 1301820 1521827 1547928 0205155 1293097 1522472 1552923 1705191 0242349
 0520511 1301820 1704711 0206152 0007634 0040732 0205099 0332835 0376691 1269647 1704653 1709697 1948049 2728259 3484370 0035172 0021622 0035168 0242481 1272753 0036375 1551421 0205099 0036378 0036375 0006037
 0035668 0204727 0205409 0220862 0185115 0684295 0031727 0005507 0243073 1510438
 0205664 0003062 0681814 0027468 0162791 0220845 0282423 0004927 1947933 1524063 0042153 0457083 1947944 0205540 1515981 2346845 1552318 1552332 0259945 0868975 0178478 1947933 2699414
 0012854 2827421 0032136 0079941 0599161 0004793 0009219 0032520 0034693 0034721 0162326 0162327 0677874 1517480 1519249 1521871 1705759 3539715 0035668 0024501 0004793 0162326 0162327 1519249 0441587 1743766 1883719 0086022 0442335 1705099 0009015
 0205266 0872403 1947912 0162326 0917792 0012854 1553778 1561491 1711411 1511790 0040669
 1720092 1948045 0004793 0162326 0162327 1519249 0521093 0750484 0006556 0441587 0080089 0180979 1705858 1555265 0332256 2700400 0037293 0181496 1710492
 0449445 1273517 1883351 2827421 0032136 1883351 1706214 3244320 0333052 2607870
 3146294 0009221 1095825 3537219 0042153 0457083 1947944 1555265 0178587 0557775 1552738
 2827421 0031831 1707664 1999230 2348314 3540849
 0369637 0441923
 1556085 0036152 0041740 1826357 0036152 1826357
 1517480 1521871 1705759 0439267 1549535 0444499 0069423 0028953 0045143 0086126 0205195 0439267 0039421 0450385 0018837 0456692 0702093 1883708 0020746 1548792
 0006353 0369637 0441923 0012789 0014442 0039421 1439852 0702093 0443286 1114821
 0032520 0677874 0206243 0699809 0439787 0849355 1524063 0728990 1514575 1705542 0439192 0439780 1457900 1953384 0206415 0369637 0441923 0069851 1457900 0006353 0075813 1335439
 1517480 1521871 1705759 2348029 0301642 0884358 1511572 0231448 1880641
 0206415 1853214 2828626 0439084 0728893
 1853214 2828626 0439084 0728893
 0004793 0162326 0162327 1519249 1853214 2828626 0439084 0728893
 1853214 2828626 0439084 0728893
 0521091 0750484 0005862 1148472 0002778 0936012 1524024 1710133 1540850 0012854 0020202 1300517 0439084 0728893
 0004793 0162326 0162327 1519249 0206415 0439084 0728893 0206415 0439084 0728893
 0085188 1882810 0034693 0034721 0030274 1278931 1521827 0070066 0231441 0443218 2827483 1720830 1823521
 0205155 1293097 1522472 1552923 1705191 0205435 1279901 0028778 0205307 0229671 0324145 0332206 0439166 1546774 1550100 2347086 2983591 0702093 2348236 0005903 0039476 1547703
 0003241 0021027 0205225 0439631 1439852 0079240 1948037 0042789 1947903 0520510 0025663 0025664 0449851
 0332173 0439228 0439505 0205155 1293097 1522472 1552923 1705191 1720830 1823521 1701810 1882955 1439852 0020960 2348236 0005903 0039476 1547703
 0444330 1883708 1548982 1720830 1823521 0449878 1524063 0009458 0439536 1705217 3244283 0181909 0449878 0022877 1619828
 1704254 1704922 3542466 1301820 1524063 0181839 1706379 0027976 0205314 0027976 1879958 0598124 0179533 1654607 1706254
 0021069 0005507 0031727 0243073 1510438 0332283 0442711 1507394 1522729 2348563 0021069 2265875 1511790
 0007634 3282337 0040300 0006353 0024348 1536403 0332256 2700400 1882074 0020283 0041175 0077281 0450407 0450408 0450409 0814229 0024472 0068941 0068940 0439509 0037494 1959973 0012789
 0030946 1947941 0597217 0243077 1524062 0064858 1300565 0439526 0003641 1300565 0439526
 0021069 2828366 0332256 2700400 0033684 1439852 3539715 1553033 0368815 0003241 0021027 0439583 0075172 0038164 0033684 0036681 1883708 0439269 1960952 2346927 0439391 0439526
 0370003 2347026 1548982 0040223 1632851 1150423 1524063 0031727 0205177 0439167 0441655 1148554 1273517 1561536 0441648 0006353
 0443286 1114821 0884358 0456693 1442458 0702093 0006353 0019215 1882074 0020283 0450407 0450408 0450409 0024472 0065642 0012789 0332256 2700400 1553631 0019644 1415389
 0449468 1690016 1705102 2700258 1524062 1883351 1947925 2746065 0443286 1114821 0370003 2347026 0600209 1704732 1708715 0242301 1546559 0702093
 0017243 1512080 2827485 0004400 0332157
 2828366 0017243 1382104 1708639 0025255 0348011 0596901 0600190 1706182
 0233660 0332206 0700308 0033727 0369286 0441932 0564385 0884358 0026131 0349374 0444318 2825079 0041415 2348236
 0025255 1883708 0700308 0033727 0369286 0441932 0564385 1439852 1524062 0026131 0349374 0444318 2825079 0041415 0003241 0021027 0041420 0205225 0439631 0079240 1948037 0003241 0021027 0079240 1948037
 2348236 0005903 0039476 0884358 1547703 0700308 0033727 0369286 0441932 0564385
 0441648 0702093 0033684 0205332 0449913 1553451 1704459 0489786 0020898 0021764 0022271
 0681814 0005507 0243073 1510438 0334154 0205170 3146287 0005971 1139930 3537155 1524063 1312445 0253711 0039421
 0007634 3282337 1701810 1882955 0010454 0009458 0010453 0220814 0229671 0332296 0430400 0439536 1546774 1550100 1705217 1720725 1880497 1948050 1996904 2242979 3244283 1883712 0678420 0332256 2700400 0012854 0032136 3539715
 0007634 3282337 0439962 1439852 0033727 0369286 0441932 0564385 1883712 0010454 0018270 0578019 0009458 0220844 0439536 1621966 1705217 2911660 3244283 1439852 0033727 0369286 0441932 0564385 1524062 0005507 0243073 1510438
 0039798 0087111 1522326 1533734 1705169 3538994 0185125 0033727 0369286 0441932 0564385 0007634 3282337
 1324397 1151115 0205177 0439167 0441655 1561536 0311727 1524063 0683758 0043193
 0681814 0206243 0699809 0205174 0439787 0849355 0521114
 1511726 3245479 0439148 1519795 0444504 2347634 2348143
 0021467 0021469 1628982 3463820 0035693 0205173 1705764 1705765 1979882 1704972 1704973 0205369 1552740 0018790 0237477 0392351 0521111 0185117 1273517 0700321 0035693 0035668 0205173 1705764 1705765 1979882 1704972 1704973 0004793 0162326 0162327 1519249 1707689 2983265
 0035668 1099354 0035668 0205309 0521102 0700321 1883254 0008562 1998793 0035168 0242481 1883708 0021641 0024075 0086860 0335038 1522485 1533581 1579433 1705915 1709908 0024075 0599566 0086022 0442335 1705099
 0162327 0004793 0162326 1519249 0439084 0728893 0004793 0162326 0162327 1519249 0439084 0728893
 1099354 0162327 0035668 0521102 0700321 0243148 1273517 1550141 1882979 2587213 3274648
 1883351 1099354 0022885 0035668 0039593 0392366 0521102 0700321 1280519 0007634 0445247 3282337 2827421 0033684 0949466 0005863 0002778 0442726 0936012 1511790 1524024 1705493 0042789 1947903
 0086045 1446561 0040669 0312860 0034866 0947322 1705426
 1883712 0033727 0369286 0441932 0564385 1720119 1948037 1136031 0035668 0521102
 0086045 1446561 0033727 0369286 0441932 0564385 1314677 0007634 3282337 1512335
 0449911 0333052 2607870 0557702 1272706 1704674 0557702 1272706 1704674 0349966 1337208
 0439084 0728893
 0185117 0017262 1337112 1861886 0017337 0185117
 0005863 0949466 1705493 0003241 0021027 0884358 3539715 1547282 0185117 0007634 3282337 0040669 1099354 0035668 0311403 0521102 0700321 3539715 1099354 0035668 0521102 0700321 1518422
 3539715 0033684
 2945706 0033684 0442726 1511790 0007634 3282337 1518422 0392760 1314939
 0175723 0439645 1521913 1518422 1099354 0035668 0039798 0087111 0392760 0521102 0700321 1314939 1522326 1533734 1705169 3538994 0205163 0243148 1549782 1550141 1708715 1882979 2587213 3274648
 2347469 0040669 0547043 1282911 0185117 1514732 0021641 0034693 0034721 0086860 1533581 1579433 0013126
 1280500 2348382 1099354 0035668 0521102 0700321 0309872 3539715 0536217 3537023 1171350 3537035 1999216
 0369773 2603361 0243148 1550141 1882979 2587213 3274648
 0369773 2603361
 0042295
 0018790 0237477 0392351 0521111 1145751 0205177 0439167 0441655 1561536
 0369773 2603361 0243148 1550141 1882979 2587213 3274648 0205171 0335038 1522485 1705915 1709908 1720467 0086022 0442335
 2828391 1511726 3245479 1710191 0444504 0449450 2347634 2348143
 0237881 0750502 0042295 0441833 0687744 1257890 1515981 1552516 1552839 1705428 1705429 0936012 1524063 0332283 1708064 0022885 0039593 0392366 0325045
 0369773 2603361 0750591 0237881
 1274040 1546471 2825142 0520510 0557061 2584313 1514811 1706462 0185117 3539715 1516048 0185117 3539715 0884358 0487602 1704680 3539715 0003241
 0249586 1332735 0022131 0030274 1441672 0030274 0205146 1278931 1518422 0450344 1553633
 3539715 0021641 0487602 1533581 1579433 1704680 0205155 1293097 1522472 1552923 1705191 0450344 1553633
 0449778 0449774 0019409
 0022131 0030274 1547282 3539715 0522510 0547044 0700321 1707455
 0205393 0700321 1547282 0004093 1762617 0085194 0205160 0487602 1513916 1704680 2825415 2825491
 1883351 0521093 0750484 1456348 0392148 0249586 1332735 1273517 1292732 0392148 0035696 0599161 0032520 0677874
 1514468 1704444 0599161 0032520 0677874 1301820
 1514468 1704444 1547282 0456389 0013855 0936012 1706746 0017243 1382104 0424215 2003939 0005862 1148472 0521093 0002778 0750484 0936012 1524024 1710133 0450345 0162326 0917792 0012854 0439851 1515981 1553778 1561491 1947931 0009015 0449913 1553451 1704459 1511726 3245479 1518422 1547282
 1883351 0442726 1514468 1704444 0249586 1332735 0022131 0006353 0042789 1947903 0520510 0025663 0025664 0449851 1510844 0086376 0033684 0439267 1521713 0006104 1269537 1883676 0243148 0439178 1446409 1514241 1550141 1882979 2587213 2825490 3274648 0023884 0736268 1278929 2346688 1639518 1947986 0205160 0243148 1513916 1550141 1882979 2587213 2825415 2825491 3274648 0005863 0949466 0936012 1705493
 0175723 0439645 1521913 0442726 1511790 2828366 0038164 0033684 0243148 1550141 1882979 2587213 3274648 3539715 2828366 1521713 0006104 1269537
 0033684 1518422 0023899 0023884 0150312 0449450 0736268 1278929 2346688 2828366 1639518 1947986 0205160 0243148 1513916 1550141 1882979 2587213 2825415 2825491 3274648
 0025255 0596901 1706182 1171362 0185117 0086418 0442726 1511790 0006104 0205170 1269537 3146287 0023899 0023884 0736268 1278929 2346688 2828366
 0449911 0333052 2607870 1413114 0557702 1272706 1704674 0557702 1272706 1704674 0349966 1337208
 2827734 2981698
 0185117 0249586 1332735
 0475264 1744691 0249586 1332735
 0016741 0205173 1705764 1705765 0003241 2986582 3539715 2827734 2981698 0021641 1533581 1579433 2827734 2981698 0249586 1332735 2827734 2981698
 0025397 0332583
 3539715 0025397 0332575 1260956
 2347469 1517480 1521871 1705759 0521091 0750484 0005862 1148472 1710133
 1511790 1565306 1142652 0249586 0033684 0006104 0243148 1269537 1550141 1882979 2587213 3274648 0023899 0023884 0736268 1278929 2346688 2828366
 0003241 0021027 2827734 2981698 0180860 0581406 1522664 1704449 1704684 1875155 2827734 2981698
 0073187 2265875 1511790 0021069 0443640 0003241 0021027 0042789 1947903 0520510 0025663 0025664 0449851 0005507 0243073 1510438 1522508 1561567
 0012634 0348080 1705253 0005507 0243073 1510438 1156206 0031715 1158886 0249586 1332735 0205448 0597298 1274040 1511790 1546471 2825142 0026377
 0037088 0243095 2825141
 1511726 3245479 1547282 1882932 0681814
 2265875 1511790 3539715 0249586 0033684 0022131 0030274 0442726 1511790 0205447 0348078 0376315 1522492 0439855 1704241 0301871 0439855 1704241 1150527 1552738
 0021069 0332283 1150423 0031727 0205177 0439167 0441655 1148554 1561536 0301871 1524063 0019644 3539715 0249586 1332735 0348078 0376315 1522492 1416886 1442449
 1150423 0205177 0439167 0441655 1561536 0003241 0021027 0332197 0442726 1511790 1689985 0003241 0021027 0243148 0392148 0445356 1550141 1704623 1882979 2587213 3274648 1416886 1442449
 0185117 0007634 3282337 1150423 0031727 0205177 0205369 0249586 0392148 0439167 0441655 0681814 1332735 1524062 1552740 1561536 3539715 1707689 2983265 1883351 1292732 0392148 0249586 1332735 0007600 0205132
 1880022 1292732
 0007600 0007634 0205132 1269647 1704653 1948049 0392366 1414685 3538717 0007634 0205171 1720467 3282337 0007600 0205132 1550648 1552960 0030281 1547282 0185117
 0007634 3282337 0332256 2700400 1150527 0443640 0003241 0021027 0205369 1552740 3539715 0301871 0450354 1706096
 0185117 0205177 0439167 0441655 1561536 0332197 2699517 0018873 1257739 0027468 0349966 1337208 2347469 0007600 0007634 0205132 1269647 1704653 1948049 0249586 0033684
 1883708 1292732 1150423 0205177 0439167 0441655 1561536 0003241 0021027 3539715 0301871 0678226 0004083 0043194 0258432 0439849 0596306 0699792 1421478 3146286 0249586 1332735
 0884358 0681814 1999216
 0205177 0439167 0441655 1561536 0007634 3282337 0311403 0536217 1449702 2757016 0033640 1152564 0082782 0010531 0038164 0033640 0031727 0033684 0291985 1120843
 0021467 0021469 1628982 3463820 1512045 0178602 0851827 0869039 1114758 1701901 3244310 1705052 2986796 0086045 1446561 3463820 0312860 1514721 2348147 3542016 0249586 0684224 0700287 1332735 3496591
 0449911 0333052 2607870 0557702 1272706 1704674 0557702 1272706 1704674 0349966 1337208
 0740116 2827735 2981700
 0007585 0030281 0007634 0021641 1533581 1579433 3282337 0249586 1332735
 1171362 0185117 0442726 1511790 0205171 1720467 0007634 3282337
 0249586 0033684 0007600 0007634 0150312 0205132 0449450 1269647 1704653 1705242 1948049
 2347469 1150423 0205177 0439167 0441655 1561536 0442726 1511790 0030281 0007634 0021641 1533581 1579433 3282337
 1150423 0205177 0439167 0441655 1561536 0003241 0021027 0007634 3282337 0205369 0249586 0311403 0536217 1332735 1552740 1999216
 0073187 0021467 0021469 1628982 3463820 1512045 0178602 0851827 0869039 1114758 1701901 3244310 0205163 0439185 0249586 0684224 0700287 1332735 3496591
 1511726 3245479 1547282 1882932 0681814
 0681814 0007634 3282337 0439855 1704241 0332256 2700400 3539715 0249586 0033684 1511726 3245479 0249586 0011008 1552738 2348077 1301820 1524063 0025663 0449851 0871511 0006104 1269537 1552738 2828366 0007634 3282337 3539715 0249586 1332735 0439855 1704241 2987476 0006104 1269537 1709305 2745955
 0005507 0031727 0243073 1510438 0021069 0439855 0884358 1704241 0003241 0021027
 1292732 1150423 0205177 0439167 0441655 1561536 0442726 1511790 0007634 3282337 0003241 0021027 0249586 1332735 0301871
 2607943 2926606 3539655 3539715 0003241 0007634 3282337
 0301871 0003241 0021027 1301820 0205332 0243148 1550141 1882979 2587213 3274648 1518422 1547282 1150423 0205177 0439167 0441655 1561536
 0205177 0439167 0441655 1561536 0003241 0021027 0249586 0442726 1332735 1511790 0004093 1762617 0003241 0021027 0205163 0439185 1265611 1301820 3539715 0007634 3282337 2828366
 3539715 0003241 0205177 2827734 2981698 1521713 0006104 1269537 0750591 0332149 1705910 2362652 1705241 1705242
 0205435 1279901 0003241 0021027 1510827
 0243122 1145667 1167622 0205177 0205245 0439167 0439855 0441655 0521102 0542341 1561536 1704241 2700217
 0249586 0033684 1979886 3539715 1704241 0205171 1518422 1720467 0003241 0021027 0249586 1332735 0301871 0249586 1332735
 1883351 1999230 0332120 1150423 0205177 0439167 0441655 1561536 0249586 0392148 0725813 1332735 0884358 0949466 0520510
 2825142 1274040 1546471 0249586 1332735 0007634 0750490 1706221 3282337 0332294 0031727 0205177 0220781 0439634 0439855 0678226 1522492 1704241 0450365 1706097
 0449911 0333052 2607870 0557702 1272706 1704674 0557702 1272706 1704674 0349966 1337208
 0439086 2827736 2981702
 0185117 0249586 0033684 0185117 0007634 3282337 1704241
 1704241 0301871 0007634 3282337 3539715 0003241 0205163 0439185 1515981 1510827 0006104 1269537 1301820
 2347469 1704458 0949466 0005863 0002778 0936012 1524024 1705493 0301871 0003241 0021027 0884358 3539715 0301915 0249586 1332735 2828366
 2828366 1947931 0035953 0456389 0600140 1704688 1707455 2346414
 1511276 1552825 0180860 0581406 1522664 1704449 1704684 1875155 0392148
 0949466 0005863 0002778 0936012 1524024 1705493 1547282 0185117 0086022 0442335
 0599566 0086022 0442335 1257857 0376702 0007634 0454802 3282337 0936012 0033727 0369286 0441932 0564385
 2945706 0175723 0442739 2346711
 0073187 1150423 0205177 0439167 0441655 1561536 0021069 0442726 1511790 0003241 0021027 0007634 3282337 0086022 0442335 1705099 1708067 3539715
 0205177 0439167 0441655 1561536 0007634 0442726 1511790 3282337 0031249 0086022 0243148 0442335 1550141 1705099 1880497 1882979 2587213 3274648
 0185117 0040669 0439855 1704241 0249586 1332735 1292732 1517331 1705810 0035820 0030281 0007634 0021641 1533581 1579433 3282337 1521827 0599566 0086022 0442335 3539715 1524063 0035668 0007634 3282337
 0086022 0442335 0004793 0162326 0162327 1519249 1171362 0788300 0033684 0185117 0392366 1257857 0376702 0007634 3282337 0450366
 1883708 0220825 1516240 0439855 1704241 0007634 3282337
 0007634 3282337 0205177 0439167 0441655 1561536 1273517 0009219 0004793 0162326 0162327 1519249 1522485 1708067 1708632 0033727 0369286 0441932 0564385
 1150527 0021069 0442726 1511790 0443640 0003241 0021027 1518422 1524063 0003241 0021027 0450363 2986797
 0427743 1287281 0086045 1446561 0010454 0009458 0010453 0220814 0430400 0439536 1705217 2242979 3244283 0185117 1150423 0205177 0439167 0441655 1561536 0007634 3282337 0205117 0332282 1883708 1292732 0185117 0017725 0851285
 1274040 1546471 2825142 0441889 0456079 1547707 2946261 0427743 1287281 0017725 0086045 0521119 1446561 1948023
 0681814 1547282 0442805 0007634 3282337 0033727 0332157 0369286 0441932 0564385 0086045 0017725 0010454 0009458 0010453 0220814 0430400 0439536 1705217 2242979 3244283 0450373 1553636
 0442805 0205369 1552740 0392747 0443172 0001271 0035696 0441889 1441672 0243148 1550141 1882979 2587213 3274648 0450373 1553636
 0442805 0040710 0442805 0441889 0033684 0949466 0005863 1516048 1705493 0005507 0243073 1510438 0450375
 0442739 1548568 0392747 0443172 0681814 1441672 0450375 3539715 1518422 0249586 0033684 0017725 0851285
 1883351 0442805 1150423 0031727 0205177 0205245 0249586 0439167 0439775 0441655 0542341 0702240 1332735 1561536 2700217 3539715 1274040 1546471 2825142 0884358 0021069 0031727 0005507 0243073 1510438
 2825142 1274040 1546471 1547282 0439775 0702240 0427743 1287281 0086045 1446561 0205217 0442805 2348792 0040223 3541383 1552961 2347617 0033727 0349966 0369286 0441932 0450376 0564385 1337208 1514721 2348147 3542016
 1621983 0205263 0857127 1272689 0011744 0033727 0369286 0441932 0564385 0450377 2986754
 0449911 0333052 2607870 0557702 1272706 1704674 0557702 1272706 1704674 0349966 1337208

 0427743 1287281 0086045 1446561 0185117 0442805 1150423 0205177 0439167 0441655 1561536 0007634 3282337
 1515670 0185117 0599161 0032520 0442726 0677874 1511790 0005862 1148472 0521093 0002778 0750484 0936012 1524024 1710133 1524063 0028953 0182400 1704681 2347609 3536729
 1515670 0185117 0243148 1550141 1882979 2587213 3274648
 0007634 3282337 0427743 1287281 0017725 0086045 1314677 1444656 0033727 0369286 0441932 0564385 0204727 0205409 0220862
 2347469 0949466 0005863 0002778 0936012 1524024 1705493 0442726 3539715 0249586 0033684 0884358 0007634 3282337 0017725 1705242 0010453 0220814 0430400 2242979 0017725 0020283 0086045
 1292856 1948023 0007634 3282337 0332157 0860803 0017725 0205250 1299351 2700149 0580545 1314677 0012634
 0073187 1621983 0205263 0857127 1292856 1948023 1709305 2745955 0011744 0033727 0369286 0441932 0564385
 1709793 0441833 1511276 1552825 1999270 3537156 1547282
 1511726 3245479 1547282 1882932 0681814 1274040
 0037083 3537152 0162493 1337112 0017255 0017337 0021641 0040649 0205117 0332282 1274040 1533581 1546471 1579433 1879547 1883708 2825142 0332128 0037083 3537152 0017263 0017262 1337112 0017337 0021641 0185117 0851285 1314939 1327622 1533581 1579433
 0884358 0681814 2827734 2981698 3539715 0249586 1332735 0205177 0439167 0441655 1561536 0442818 0599566 0086022 0442335 1705099
 0185117 1524063 0042153 0205216 0205369 0392756 0442797 0457083 1552740 1947944 3539715
 1099354 0035668 0521102 0700321 0336791 2827396 3463820 0017262 0185117
 1099354 0007382 1257759 0243125 0699900 0162327 0004793 0162326 1519249 1099354
 3539715 0312860 0205171 1518422 1720467 0309872 1292733 1171362 0185117 0007634 3282337 0392756 0547047 3539715 1553637 0392760 1314939 1171362 0185117 1518422 1099354 0035668 0521102 0700321 1521840
 1280500 2348382 0221103 0301625 0439181 0728721 3539715 1280519 1704419
 1099354 0035668 0521102 0700321 0027552 0686904 1883351 1522196 0007634 3282337 0013682 0681814 0332232
 3539715 0335038 1522485 1705915 1709908 0243148 1550141 1882979 2587213 3274648 0086860 1337112 0162493 0040649 0332462 1274040 1546471 1879547 1880834 2825142
 1879547 3539715 1099354 0035668 0205369 0311403 0521102 0700321 1552740 3539715 0001554 0205170 0536217 1533734 3146287 1999216
 1274040 1546471 2825142 0439611 0681814 1301820 0013682 0205202 0599566 0086022 0442335 1705099 1511726 3245479 1518422 1547282
 0681814 1301751 1280500 2348382 0442726 1511790 0243148 1550141 1882979 2587213 3274648 1099354 1273517
 1883712 1512032 0596988 1333964 1707618 0332256 2700400 0162735 0026882 1552961 1705285 2347617 0001721 0205681 0205145 0205177 1515974 2825164 0311403 1145751 0205177 0439167 0441655 1561536
 0302523 0700325 3244290 1879547 3539715 0205369 1552740 1274040 1546471 2825142 1150527
 0520510 0557061 2584313 1514811 1706462 0684224 0700287 3273238 0185117 0021641 1533581 1579433 0229525 0007634 0014136 0521425 3282337
 0521093 0750484 1456348 0185117 0220781 0439634 1522492 1150527
 2348205 1150527 0851827 1701901 3244310
 0079183 0205309
 0868928 1706255 1706256 0249586 1332735 3539715 1518422 0015576 0072108 0079183 1150565 1704727 3539715 0079183 1706701 0026377 0683607 1883351 1515877 1879547 0243045 1150557
 0205265 0185117 1883351 0927232 1269563 0027763 0422837 1269560 0027769 0205099 0443288 0449913 0599851 1553451 1704459 1879652 0023317 0023318 0996842 1278892 0026845 0332185 0348078 0376315 1522492 0439855 1704241 0017262 0597360 0185117 0450348
 0249586 1332735 1518422 0001721 0007586 1155839 1511572 0007590
 0031843 0542341 0700205 1705273 0010853 0439849 0445223 1622501 0600210 1533574 1881827 0007589 1511938 2945687 0015283 0020507 0596290 0334094 1514485
 0332185 1335144 1547282 1883351 1513158 0243148 0311400 1314939 1524026 1550141 1882979 2587213 2707259 3274648 1261552 1158883 0025519 0025520
 0185117 0030281 0007634 0021641 1533581 1579433 3282337 1518422 0185117 1552738
 0007634 3282337 0684224 0700287 3496591
 2607943 2926606 3539655 0185117 0030281 0007634 0021641 1533581 1579433 3282337
 0185117 0030274 1278931 1518422 0442726 1511790 0005861 1621557 0039593 0392366 1709269 1279919 0185117 1955394 0678226 0750492 3146286 0205171 1720467 0439160 1264633 1554103 1441547 3245521
 0185117 1277200 0086045 1446561 0017725 0007634 3282337 0185117 0205171 1720467 0017725 1292856 1948023
 1511726 3245479 0521093 0750484 1456348 0185117 0030281 0007634 0021641 1533581 1579433 3282337
 0037088 0243095 2825141 0185117 1150527 0392747 0443172 0851285 0086045 1446561 0017725
 0205309 0017262 0185117 0205224 0021641 1533581 1579433 1826562 0332134 0879404 0030274 0013303 0242303 0598306 0063684 1415831 1420172 0017742 0017725 0596902 0427743 1287281 0017725 0086045 0521119 0851285
 1705535 1704259 1705987 0249586 0032214 0600138 0007613 0031843 0542341 0700205 1705273
 0947630 0249586 1332735 1337112 0017262 0017337 0021641 0185117 1314939 1533581 1579433
 1511726 3245479 1547282 1514559 0474395 0020459 1145751 0021641 0086860 0205177 0205217 0439167 0441655 0442805 1274040 1533581 1546471 1561536 1579433 2825142 0007634 3282337 0021467 0021469 1628982 3463820 1524063 0679199 1099354 0035668 0521102 0700321 3539715
 1524063 0042153 0457083 1947944 1999216
 0392756 0547047 1879547 0205263 3539715
 0027882 0249586 1332735 1622501 0600210 1533574 1881827 0010531 0038164 2984272 0037083 0086982
 0037083 3537152 0243459 0010531 1449702 0033640 0038164 1171350 3537023 3537035 0031727 0033684 1999216
 0007634 3282337 0392148 0205245 0542341 0851285 1314939 1327622 1524062 1704259 1705987 2700217
 2607943 2926606 3539655 0030281 0007634 0021641 1533581 1579433 3282337 0205177 0439167 0441655 1561536 0205419 0851285 0185117 3539715 0541749 1709743 0427743 1287281 0017725 0086045 0521119 0851285
 1160340 0243107 0678723 1527148 0185117 1883351 0851285 1327622 0851827 1701901 3244310 1158886 0031715 1704928 0004083 0439849 0596306 0699792 1413898 1824492 0492124 1428446
 0041904 0162493 0547043 0851285 1282911 1327622 0441889 0456079 1547707 2946261 0040649 1709305 2745955 1292856 1948023 1547282 0022984 0027882 0027752 0027754 1522443 0018284 0007595 0027882 0814002 0018270 0027740 0027757 0220844 1280541 1521761 1621966 2827422 2911660 0450348 0001554 1533734
 0947630 1709372 0428548 0348078 0376315 1522492 0332268 1880389 1883221 3541951 0441712 1706376
 0040710 1280500 2348382 0333562 0583325 0441889 0428548 0860803 0927232 1269563 0027763 0422837 1269560 0332281 0000768 0000769 0030664 1521733 0002395 0012634 0150312 0740116 2827735 2981700 0002736 0154682 0036429 0205093 0026846
 0332149 1705910 2362652 0441712 1706376 0007634 0031847 0277785 1269647 1314939 1704653 1948049 0012655 0220898 0011860 0332281 0441730 1320657 0011847 0011849 0242656 0332307 0449258 1547052
 1709599 0681876 0947630 1547282 0011847 0011849 0332281 0011269 0005847 0011265 0205171 0497327 1518422 1558950 1720467 1801960 0002395 0011265 0332307 0497327 1547052 0450355
 0023981 1709599 0681876 0009247 0557651 0599755 2603343 0001811 0557651 2603343 3645563 0004083 0439849 0596306 0699792 0002395 0011265 0497327 1547282 0004083 0439849 0596306 0699792 0205250 1299351 2700149
 0332149 1705910 2362652 0683954 2825142 1274040 1546471
 2986676 0870379
 2986676 0683939 0205099
 2825232 0016327 0033727 0369286 0439133 0441932 0564385 1553038 0035173
 0000723 0243045 1150557 0243045 0033640 0031727 0033684
 1099354 0035668 0521102 0700321 1099354 0035668 0521102 0700321
 1514756
 0034036 0034037 1272684 1548435 1704324
 1514811 1706462 0520510 0557061 2584313 1514811 1706462 0002716 0011560 0611285 0011860 2984301 1320657 0011849 0441730 0011847 0332307 1547052
 0369718 0441922 1414400 1553036 0018381 0369637 0441923 0439836 3539715 2261561 1150423 0205177 0439167 0441655 1561536 0249586 1332735 0243045 0033414 0027746
 0349590 1262865 0025141 0229525 0023172 0007634 0014136 0030274 0079946 0312860 0439090 0439659 0521425 1423767 1550512 3282337
 0007634 1269647 1704653 1948049 0025141 0598468 1337112 0017337 0443289 0282637 1881379 0439849 1705630 1706279 3540605
 0007634 1269647 1704653 1948049 0025141 1519516 0185117 0017262 0013935 0025914 0025929 0026809 1305370
 0041703 0268596 0439083 0439087 1418943 2700624 3642273 0000857 0600678 1552863 1705534 0023617 2986899 3541314 0017262 1337112 0017337 0185117
 0080384 0025141 0369637 0441923 1826562 0027882 0007634 0599851 3282337 1160340 0243107 0678723 1527148
 0014137 0439526 0279759 0279766 1418864 3538934 3538935 0549255 0234073 0086597 0127400 0332324 0597277 1550474 1708601 0439799 1706095
 0230467 0741204 0025141 0439526 0279759 0279766 1418864 3538934 3538935 0040374 0549255 0234074 0027882 0439799 1706095
 1704648 0000857 0600678 1552863 1334337 1705893 1416480 0020750 0027882 1515021 0229525 0007634 0014136 0521425 3282337
 0027882 0025141 0454673 1550752 1419366 1171304 0035647 0205217 0442805 0002395 1521724 0012634
 0011847 0011849 0205090 0684010 2603358 0006413 1552663 2827109 0011860 1320657 0441730 0011847 0011849 0332307 1547052 1412481 0017337 0035647 0030664
 0011847 0011849 0015576 1704727 1524063 0042153 0457083 1947944
 0040833 1521798 0325074 0025141 0205090 0684010 2603358 2981279
 0796518 1261253 1705514 0007634 0027960 0324740 0439189 1269647 1456781 1704653 1824986 1948049 2347961 0025141 0035820 1155872 0243148 1550141 1882979 2587213 3274648
 0036397 0025141 0369637 0441923 0205177 0439167 0441655 1561536 0851285 1327622
 0025663 0025664 0449851 0025141 0369773 2603361
 0369637 0441923 0205474 1280500 3245505 0919418 1152568 1511576 0292198 1171350 3537023 3537035 1999216 0108855 1332733 0249586 1332735
 0000857 0600678 1552863 0369637 0441923 0205474 1280500 3245505 0919418 1152568 1511576 0292198 1171350 3537023 3537035 1999216 0108855 1332733 0249586 1332735
 0000857 0600678 1552863 0205090 0684010 2603358 0268060 1415529 2247123
 0349590 1262865 0025141 0022575 1705783 0026691 1705240 1839259 1419337 3539667 3161035 0249586 1332735 0243045 0031727 0072108 0079183 0851827 1150565 1701901 3244310 1879547 1880389 1883221 3541951
 2347379 0025141 0369637 0441923 0033727 0369286 0441932 0564385 0597277 1708601 0268060 1415529 0597298
 0201682 0010622 0332298 0033727 0369286 0441932 0564385 0185117 3539715 2261561 1150423 0205177 0439167 0441655 1561536 0249586 1332735 0023317 0023318 0996842 1278892
 0325074 0025141 0001905 1412243 0043287 2983605 0268060 1415529 0249586 1332735 0243045 0027976 0031727 0072108 0079183 0851827 1150565 1701901 1879958 3244310 0185117 0205263 0752253 1314939 0027869 0205144 1706311 1979768
 0025141 2945617 3642216 0442027 0249586 1332735 0243045 0031727 0072108 0079183 0234875 0851827 1150565 1701901 2700441 3244310 0033414 0015283
 0201682 0018229 1423073 1427674 1235746 1882141 1412122 0230613 1419337 3539667 0020268 1413512 1412573 2350443 3539770 0031715 1158886 0249586 1332735 0243045 0031727 0072108 0079183 0851827 1150565 1701901 3244310 0443264 3537152
 0349590 1262865 0025141 0205263 3539715 2247123 0205263 0857127 1414314 1566493
 0007634 1269647 1704653 1948049 0025141 0439267 0439267 0439267 0205090 0684010 2603358 0332120 1749784 0018270 0220844 1621966 2911660
 1708595 3280986 0018229 1423073 1427674 3538933 1412573 2350443 3539770 1718783 1280500 0009170 0249586 1332735 0243045 0033640 0031727 0033684 0072108 0079183 0521390 0851285 0851827 1150565 1701901 3244310
 0349590 1262865 0025141 0021966 0221138 0597277 1708601 0249586 1332735 0027882 2363430 0085400 0011164 1880269
 0006104 1269537 2347379 0025141 1419366 1880287 2986594 3161035 0040539 0600688 0027834 1512693
 0027882 0025141 0597277 1708601 0369637 0441923 0597277 1708601 0004083 0439849 0596306 0699792 0002395 0012634 0010362 1709599 0681876 0032659 0205155 0552389 0557651 1257890 1527178 1705938 2603343 2828360
 1704648 0596019 0043038 0205090 0684010 2603358 3540812 0035647 0027361 0011849 0011847 1709599 0681876 0009247 0557651 0599755 2603343
 0000857 0600678 1552863 1538326 3541325 0011849 0011847 0035647
 0027855