 1833334 0332162 1279919 0025936 0003069 0025914 0025929 0026809 0441889 0085151 1709634 1456454

 1512352 0036397 0205099 0041740 0006736 0006736 0027976 0205314
 0022877 1619828 1704729 1293097 2919030 2919031 0000872 0565990 1552471 0041740 0205099 0205476 0027976 0205314 0034036 0034037 1514756 1704324 0348078 0376315 1515981 1522492 1527075
 0557061 2584313 1514811 1706462 0011560 0333584 1705760 0333562 1521970 1706388 2346469 2348519 0012634
 0026882 2936349 0333562
 0007961 0026882 0238767 1706086 1706211 2349975 0871161 1292721
 0079411 3146294 0086418 0521390 0033665 0033684 3538722 0475311 0026882 0086860
 0025936 0025914 0025929 0026809 3538722 0233535 0441889 3538722
 0185117 0014440 0242485 0014441 0443289 0025936 0025914 0025929 0026809 1833334 0332162 1279919 0004083 0439849 0596306 0699792 2350570
 0025936 0025914 0025929 0026809 0015272 0038452 0333562 0522501 0001779 0205217 0442805
 0005847 1558950 1801960 0015272 0487602 1704680 0220912 0220913 0311392
 1883712 0439064 0205219 0678594 0439644 1441672 1510828 0001779 0439231
 1515655 0005528 1317949 3495449 0947630 0205172 0006104 0333118 1269537 1883559 0332307 0445392 1547052 1707455
 1274040 1546471 2825142 1514559 1518422 1833334 0332162 1279919 1514873
 0557061 2584313 1514811 1706462 0333463 0392079 2827734 2981698 0005839 1521970 1706388 2346469 2348519 0012634 2827734 2981698 0740116 2827735 2981700
 0030956 1441547 3245521 0033665 0033684 3538722 0021699 0087044 0025252 0025255 0033684 0443238 0596901 1706182 1514570 1709694 0086597 0127400 0441655 2827734 2981698 0439086 2827736 2981702
 0026882 2931257 0338445 0750901 0276496 0814120 0002395 1521724 1833334 0277558 0277793 0679245 1832428 0012634 0015576 0241888 0332162 0348078 0376315 1279919 1364818 0017337 0205396 1550043 1551388 3538722
 0026882 1883351 1555715 1704332 0205145 0555878 0861064 0023175 0033268 0205217 0439175 0439810 0442805 1442948 1522538 2348269 3275067 0442805 0030956 2827734 2981698 0439086 2827736 2981702
 0018563 1281583 1552914 0596611 0026882 2982691 1709915 1882936 1947971 0150312
 0205435 1279901 0026882 1705285 0332281 0205219 0333562 0085220 1833364 2931784 0002716 0011560 0042373 0611285 0332152 1522538 2945760 2674164 0332189
 0205172 0332185 0026882 1705285 0205396 0449450 0599755 1550043 1551388 1848565 0011265 0497327 0085220 1833364 2931784 0002716 0011560 0042373 0205082 0611285 0265085 0019080 0001613 0007776 0022655 0751014 0021308 0085400
 0392360 0017446 0205147 0023175 1442948 1522538 2348269 3275067 0002716 0011560 0611285
 0026882 2825491 0007961 0205160 1274040 1513916 1517945 1546471 1706211 2825142 2825415 0030956
 0947630 1955473 1547282 1883559 0332307 0445392 1547052 1707455 0596988 0030956 0015272 0871161 1292721 1515654 0021135 1533691 2827718 1273517 3161035 0085220 2931784 0002716 0011560 0042373 0611285
 1517586 0030956 0332256 2700400 0013331 0026882 0850310 3154893 0871161 1292721 0021135 1533691 2827718 0026882 0037179 0087136 0205171 1705285 1707455 0205171 0439044 0679994
 2607943 2926606 3539655 1705535 1517945 1517378 0332281 0013331 0026882 1947931 0006104 1269537 0005839
 1517331 1883351 1292732 1515655 3146294 0025936 0003069 0025914 0025929 0026809 1710263 0013331 0006104 1269537 0205173 1705764 1705765
 0025936 0003069 0025914 0025929 0026809 0150312 1883351 3538722 3538722 0205132 1833334 0332162 1279919 0004083 0439849 0596306 0699792 0243079 2350571
 1274040 1546471 2825142 1514559 1521713 0006104 1269537
 0947630 0443289 1883559 0332307 0445392 1547052 1707455 0205169 1521713 0006104 0025914 0025929 0026809 0521097 1269537 0005775 1516559
 2607943 2926606 3539655 1705535 0162429 2987487 0332148 0750492 0442821 1880177 0005847 0225992 1283832 0025936 0003069 0025914 0025929 0026809 0933845 1515981 0030705 2362652 0013331 0026882
 0557061 2584313 1514811 1706462 0441513 0079411 3146294 0332256 2700400 0006556 1273517 1883351 1292748 1524063 1555265
 0006556 0032520 0677874 1524063 0206415 0332256 2700400
 1514468 1704444 0868946 0006754 0041740 3146274 1524063 1882940 0205145 0443288
 2827421 0004793 0162326 0162327 1519249 1883351 0521093 0750484 1456348 0205266 0872403 1947912
 0282641 0012238 2349986 1998793 0920487 1521751 0007634 0013935 0025921 0037179 0087136 0205171 1269647 1704653 1948049 1167158 1519607 1547538
 0025936 0003069 0025914 0025929 0026809 0005862 1148472 0200898 0002778 0012854 0039259 0205396 0936012 1524024 1550043 1551388 1710133
 0680063 0200931 0200898 0002778 0012854 0032520 0039259 0677874 0936012 1524024 1524063 0206415 0205369 1552740 0439084 0728893 0439084 0728893 1514468 1704444
 0002778 0936012 1524024 0025936 0003069 0019425 0025914 0025929 0026809 0884358
 1709793 1273723 1521713 0006104 1269537 0017446 0205147 0040300 0449468 1882074 0020283 0041175 0077281 0450407 0450408 0450409 0814229 0332256 2700400 0037494 1959973 0068941 0068940 0439509 0013618 0439962 0033607 1961133 2673177 0681834 0036397 0185125
 0007703 2986669 0439267 0456692 0702093
 0427716 1304757 0086045 1524063
 0441889 1292533 0370003 2347026 0020985 0392762 0884358 2947996 1552738
 0060916 0086376 0439267 0370003 2347026 0071500 0017243 0071499 0013855 0033684 0025255 0348011 0600190
 0205145 0028778 0332206 2983591 0026131 0349374 0439583 0444318 2825079 0991865 0006353 0031603 0031701 0036082 1601799 0041415
 0025255 0182400 1704681 2347609 3536729 0003250 0369778 0003241 0021027 0746619 1384585 1419693 1539372 0205369 1552740 0003250 0003241 0021027 0746619 1555271 0205369 1552740 3538722 1883708 2754943 0003242 0051979 0432616 0003241 0021027 0025914 0025929 0026809 0027021 0027627 0031179 0036945 0175668 0205436 1123019 1318719 1439852 1948027 0079240 1948037 2827734 2981698
 1151518 0596897 0205177 0439167 0441655 1561536 0442726 1511790 1524063 1705493
 0175723 3538722 0444706 3541902 1524063 2697665 0449913 1553451 1704459 1442989 1707455 2828392 0205134 0205309 1265611 1998793 3146294 3538722
 1709793 0337051 1509144 2349200 1955394 0007026 0025914 0025929 0026809 0040300 0085140 0185115 0205369 1547928 1552740 3541890 0014441
 0441889 0014441 2717977 0005507 0014442 0018320 0021075 0120446 0243073 0993610 1510438 0440746 0459385 0006104 0007026 0040300 0185115 0678226 1269537 1547928 3541890
 2350570 0025914 0025929 0026809 0085140 0205409 1548221 1552738
 0441889 0006104 0018320 0120446 0444706 1269537 2350570 3541902 0025936 0003069 0025914 0025929 0026809 0205409 1548221
 0014441 1524063 0205369 1552740 1273517 1511790
 0003316 0218063 0014441 2717977 0005507 0014442 0021075 0243073 1510438 1517892 1704666 0444706 0449770 0205266 1554187 0030956
 0001779 0162388 0205369 1552740 0006104 0849355 0868928 1533148 0935598 0205129 0444660
 1882516 0016701 0677542 1514534 0033684 1273517 0002778 1552738 1282910 1552828
 1381542 0001962 0442504 1704765 1882509 3496241 0439583 0011175 0442808 1548958 1705294 0001962 0332283 0039798 0043367 0087111 1522326 1533734 1705169 3538994 0085185 1707903
 0205155 1293097 1522472 1552923 1705191 1521713 0228174 0000925 0006104 0025914 0025929 0026809 1269537 1883724 0935598 0205129 0444660 0369637 0441923 1524063 0181856 0700320 0179245 0043047 0150141 0599638 0678624 1550678 0442504 1704765 1882509 3496241 1883708 0017596 0444330 1707391 1947936
 0030415 0849355 0205155 1293097 1522472 1552923 1705191 0441648 0043367 2316368 0205155 1293097 1522472 1552923 1705191 0001962 0086045 0442797
 0003320 1514918 1550369 0332293 0884358 1522326 2316368 0205155 1293097 1522472 1552923 1705191 0439269 1960952 2346927 0439445 0439526
 0003241 0019941 0027021 0031179 0330510 0442726 0522529 0939835 1110641 1318719 1511790 0003241 0234621 0037633 0205360 0525069 1547311 0015663 0332575 0449913 0456962 1260956 1553451 1704459 1710236 1710236
 0205155 1293097 1522472 1552923 1705191 0018964
 0002716 0011560 0487602 0611285 1704680 0884358 1552738
 0200676 0487602 1704680 0884358 1883351 0442726 0019113 3272939 0443289 0220912 0220913 0311392 1552738
 0003241 0002778 0936012 1273517 1441616 1524024 0003250 0003241 0021027 0746619 0086418 1709915 1882936 0052055 0312586 0443923 1384505 1979003 0003241 0021027 1875156 0027971
 0439165 0007776 1176472 2700441 0039729 0017446 0205147 0025914 0025929 0026809 0205450 0001779 1524063
 0206243 0699809 0439787 0849355 1524063 0025663 0449851 0871511
 2347885 0455052 1521827 0008562 0681850 1550501 1706203 2349001 2697811 0443299 0348078 0376315 1522485 1273517 3538902 3541881 1518422 0030011 0030011 1705920
 0423896 0456205 0444505 0008562 1518101 0282597 0596822 2348791 0037813 0023089 0040223 0436196 0458142 0577559 0596801 1023865 1269765 1306372 1555977 1704640 1706315 1706515 2610507 3152252 3541383 0218063 1882508
 0002778 0936012 1524024 0521093 0750484 1705920 1518422 0150312 0449450 0455052 1521827
 0205369 0441655 1552740 0450382 2348019 0439267 0030956 0184512 1524063 0001962 0333118 0033727 0369286 0441932 0564385
 0574032 1827465 0003062 0884358 0243114 1998793 0218063 1524063 0042153 0457083 1947944 1705920
 0521115 0021936 0005516 0025921 1521751 1520150 1883559 0025914 0025929 0026809 0332307 0445392 1547052 0439230 0580836 1552738
 0520453 1706091 3463845 0021102 0162512 2323161 0025914 0025929 0026809 0034169 0205090 1281335 1720436 0700349 0030883 1521801 0444499 0312860 0702093 1720154 0021936 1524063 0348000
 0597748 0002778 0936012 1524024 0456693 1442458 0702093 0884358
 0441621 0870078 0441621 0870078 0597748 0002778 0034553 0936012 1524024 1521827
 1523817 0243125 0699900 0205265 0040900 0001128 0032931 0032932 0202406 1642401 2584299 0557651 2603343
 0947630 1707520 0025663 0025664 0449851
 0370003 2347026 0040900 0001128 0202406 0205430 3160715 0086045 1446561 0439267 0179834 0702093 0034553 0043047 0599638 1550678 1264633 0677601 1705206
 0205266 0872403 1947912 0006104 1269537 1720154 0040900 0001128 0002778 0202406 0936012 1524024
 0243125 0699900 1708632 0030956 1517331 0008562 0557651 2603343 0002778 0936012 1524024 0600209
 0332282 0678828 0021485 1533685 1828121 1708632 0440746 0459385 0006104 0040300 1269537 1547928 0991865 0006353 0030946 0031603 0031701 0036082 0243077 0332256 1601799 1622131 1947941 2700400 0033607 1961133 2673177 0031493 0016327 0064858 0439267 0179834 0700308 0033727 0369286 0441932 0564385
 1550101 1883708
 0520510 0040982 0001128 0202406 1549535 0020283 0450407 0450408 0450409 0043047 0599638 1550678 0021485 1272883 1533685 1828121 1185738 1706132 0441833 0687744 1257890 1552516 1705428 1705429 1485169
 0036679 0237868 1881713 0456693 1442458 0050456 0205132 0439182 0702093 0812409 0040982 0001128 0202406 2826285 0806140 0871208 1521828 0439445 0702093 1552738
 0012634 0348080 1705253 0038137 0175675 0702093 0030956
 1264633 1516695 1516698 0750480 1705566
 0205266 0872403 1947912 1708632 0030956 0006104 1269537 1720154 0002778 0008562 0936012 1524024 0521093 0750484 1274040 1546471 2825142
 0002778 0936012 1524024 0600209 0370003 2347026 0439648 0724378 0450382 1439852 0702093 0242301 1546559 0013855 0936012 0017243 0332283
 1264633 0006353 0370003 2347026 0242301 1546559 0013855 0684224 0700287 3496591
 1527428 0025991 0552449 0332283 1719822 0237820 1555688 2004454 2348274 0919442 1705347 1527428 0444930 2746065 0681814 1706386 2348274 0034553 0006104 1269537 1720154
 1441506 0042295 0021936 0042295 0558058 0030956 1273517
 0021936 2985663 0005516 1514811 1706462 0557651 2603343 0005854 1305865 0005767 0005768 0006104 0229664 1269537 1706912 0005528 1317949 3495449 1623014 0006104 0333118 1269537 0558058 0871208 1521828 0012222 1696141 0162367 0005889 0302908 0444611 0596790 1522203 1704353 0162367 0005889 0302908 0444611 0596790 1522203 1704353 0806140
 0868928 1706255 1706256 1704259 1705987 0005528 1317949 3495449 1623014 0005775 0221102 0007806 0007807 0005889 0302908 0444611 1704353 0559640 0024235 0229889 1557119
 1441506 0456693 1442458 0681814 0702093 1527178 1705938
 0002780 0002778 0936012 1524024 1711260 1837655 2348152 0022885 0038492 0039593 0392366 1551041 1552573 0022885 0039593 0392366
 0557061 2584313 1514811 1706462 0079411 3146294 0026882 0007820 2936349 0002716 0011560 0012634 0205319 0442821 0611285 1880018 0333562
 1883351 1516048 1280500 0332281 0026882 1515655 3146294 0025936 0003069 0025914 0025929 0026809 0597298 0475311 1710263 0013331 0026882 0243148 1550141 1882979 2587213 3274648 0086860 0349966 1337208
 0026882 1705285 0282641 0332257 3538722 3538986 2349975 1709694 0033268
 0026882 0086418 0282641 0332257 3538722 3538986 1547282 0392148 0026882 2349975 0871161 1292721 0026882 0037179 0087136 0205171 1705285 1707455
 0025936 0003069 0025914 0025929 0026809 0025991 2827421 3146294 0029045 1706907
 0392148 0200931 0521093 0002778 0032520 0677874 0750484 0936012 1524024
 0025914 0025929 0026809 0869040 0332282 0947630 1273517 1880022 0019425
 0449911 0333052 2607870 0557702 1272706 1704674 0557702 1272706 1704674 0349966 1337208
 2827734 2981698
 2827421
 2827421 1273517 1883351 0025936 0003069 0025914 0025929 0026809 0006556 0332256 2700400 0026882
 0185117 0033268 0025936 0003069 0025914 0025929 0026809 0205132 1550648 1552960 3146294 1547282 0185117 0006104 1269537
 0185117 0007776 1176472 1441672 2700441 0019564 0949582 1029104 1284077 0006121 1306665 0006104 0242767 1186763 1269537 0441889 0007765 1268981 1441672 1707522 0185117 0027757 0450354 1706096
 0002778 0936012 1524024 1524063 0003250 0003241 0021027 0746619 0442726 3538722 3538722 0443289 0185117 0200767 0200765 0002778 0392762 0750572 0936012 1524024 1704254 1704922 3542466 0205171 1720467 0441889 0456079 1547707 2946261
 0332290 0025936 0025914 0025929 0026809 1442456 0439231 0580836 0015272 0441889 1705920 0030956 1705052 2986796
 0449911 0333052 2607870 0557702 1272706 1704674 0557702 1272706 1704674 0349966 1337208
 0740116 2827735 2981700
 0002778 0936012 1524024 0441889
 0020985 0884358 0025664 0184661 1517586 1552738 2700391
 0020985 0002778 0936012 1524024 0006104 1269537 0003069 1708639 1883559 0332307 0445392 1547052 1708639 0025914 0025929 0026809
 2347469 0020985 0002778 0936012 1524024 1273723 0006104 1269537 1705242 0017446 0205147 1521827 0682132 0040300
 0037253 0521324
 0020985 0002778 0936012 1524024 3538722 1708639 1521713 0006104 1269537 0025936 1708639
 0073187 0441889 1708639 1708639 0025936 0003069 0025914 0025929 0026809 0085140 0439231 0439507 0580836 0014440 0242485 0014441 2717977 0025664 0184661 1517586 1552738 2700391
 1511726 3245479 0449450 0242485 0025914 0025929 0026809
 0750729 0439234 0439508 1171362 0185117 0205251 1299352 1550472 0750572 1883351 0439272 0439269 1960952 2346927 0020985 0242485 0392762 1527178 1705938 0086045
 0185117 0002778 0936012 1524024 0014441 0443289 0205329 0349966 1337208 2347469
 0442805 0030956 0439231 0522501 0205217 0439231 0442805
 0441889 0205217 0442805 0332462 0439064 0443302 1880834 0349966 1337208 0073187 1264633 1554103 1265611 1707455 0030956 0349966 1337208 2347469 1553033
 0868928 1706255 1706256 1749467 1948047 0030956 0441889 0205250 1299351 2700149
 0003241 1273517 1883351 0442726 0025936 1440044 1522424 0003069 0025914 0025929 0026809 0683454 0021966 0221138 1518422 0002520 0001128 0205435 0205451 1279901 0850310 3154893
 0003250 0003241 0021027 0746619 1883559 0017446 0205147 0332307 0445392 1547052 0439851 1947931 1518422 1521713 0025936 1440044 1522424 0003069 0006104 0025914 0025929 0026809 1269537 1511726 3245479 1518422 1547282
 2607943 2926606 3539655 0185117 3538722 0596988 0030956 0015272 1279919
 0449911 0333052 2607870 0557702 1272706 1704674 0557702 1272706 1704674 0349966 1337208
 0439086 2827736 2981702
 1709793 1521713 0006104 1269537 0025936
 1547282 1274040 1546471 2825142
 2347469 1553033 1749467 1948047 0073187 0007026 1548958 1705294 0185115 0684295 0085140 0025664 0184661 1517586 1552738 2700391
 1511726 3245479 0449450 0205452 2348792 0040223 1552961 2347617 3541383
 1279919 0005847 1558950 1801960 0333562 0013331 0026882 0332281 1292726 0277558 0012634 0015576 0241888 0011560 1705760 0333562 0424090 0005847 0006104 0441889 0456079 0543488 1269537 1547707 1558950 1801960 2946261 0025936 0025914 0025929 0026809
 0014440 0242485 1547282 0439231 0441889 0332462 1880834 0205250 1299351 2700149 2350570 0025936 0003069 0025914 0025929 0026809 0085140 0205409 1548221 0450375
 1442461 0439231 0001779 0441889 0205250 1299351 2700149 0085140 0025936 0025914 0025929 0026809 0450373 1553636 0441889 0441994 1548802 2003888 0025914 0025929 0026809 0439231 0439507 0580836 1707455 1517001
 0002778 0936012 1524024 1547282 0152316 0205402 0001779 0205217 0442805
 0005847 0392760 1314939 0439231 0450376
 0449911 0333052 2607870 0557702 1272706 1704674 0557702 1272706 1704674 0349966 1337208

 1709793 1521713 0006104 1269537 0025936
 0086045 0085140 0439175 0439810 1707156 3274014 3541345 2350570 1707156 3274014 3541345 0025936 0025914 0025929 0026809
 1511726 3245479 0449450 0025914 0025929 0026809 0001779
 0369773 2603361
 0369773 2603361
 0005847 1558950 1801960 1979963 2003903 0039729 1269896 0152316 1707156 3274014 3541345 0025936 0025914 0025929 0026809 0025664 0184661 1517586 1552738 2700391 1553033
 1511726 3245479 0449450 0025914 0025929 0026809 0001779
 0369773 2603361
 0369773 2603361
 0002778 0936012 1441616 1524024 0443289 0439231 0442808 0439064 1515981 2350570 0039729 1273723 0017446 0205147 0349966 1337208 0025936 0003069 0025914 0025929 0026809 1441672
 0443258 0870432 0487602 1704680
 0205214 1522138 3245511 0003847 1547282 0005847 1558950 1801960 0442165 0333562 0349966 1337208 0073187
 0017446 0205147 0332257 0228251 1289528 0019564 0332469 0015272
 1998882 0332120 1441672 0019113 1516048 3272939 0487602 1704680 0205117 0333562
 0449911 0333052 2607870 0557702 1272706 1704674 0557702 1272706 1704674 0349966 1337208
 0439084 0728893
 0002778 0936012 1441616 1524024
 1521713 0006104 1269537 0205155 1293097 1522472 1552923 1705191 0003062 0205173 1705764 1705765 0678579 0332575 1260956 0009333 1167363 3539839 0950261 2986582 0333562 0025664 0184661 1517586 1552738 2700391
 1547282 0443258 0333562
 2347469 0005835 0005847 0487602 1558950 1704680 1801960 0333562
 1547282 0443258 0333562
 0073187 1547282 0005847 1558950 1801960 0442165 0333562 0039729 1269896
 0016327 0439133 1553038 0228251 1289528 0019564 0332469
 0439267 0487602 1704680 0060234 0885481 0443289
 0033727 0369286 0441932 0564385 2316368 0205155 1293097 1522472 1552923 1705191 1547282 0443258 0333562
 0175659 0349674 1947916 3536777 0687760 1551065 1707156 3274014 3541345 0369637 0441923
 2936349 0333562 0002778 0936012 1441616 1524024 0443289 0392148 0006104 0025936 0025914 0025929 0026809 1510828 0001779 0349966 0439231 0439659 1337208
 0333562 0152316 0017446 0205147 0700364 0019564 0949582 1029104 1284077 0007776 1176472 2700441
 0025936 0025914 0025929 0026809 1510828 0001779 0001792 0439231 1999167 0333562 0439644 0439064 0028936 1281094 0025148 0037361 0439826 1449865 1947952 0700364 0017446 0205147 0349966 1337208 2347469
 0439231 0001779 0025936 0025914 0025929 0026809 1547282 0333562 0349966 1337208 0016327 0439133 1553038
 0005847 1558950 1801960 0333562 0680220 0439644 0011389 0205219 0332461 0333463 0333562 0449450 0332290 0333562 0150312 0449450 0013331 0012634
 1998882 0333562 0439644 0678594 0950261 2986582 0006104 1269537 1441672 1705535 0349966 1337208 0033727 0369286 0441932 0564385 0021966 0221138
 0950261 0439178 1446409 1514241 2825490 0333562 1855575 0521114 0522498 1514917 0150312 1518422 0001779 0442805 0025936 0025914 0025929 0026809
 0449911 0333052 2607870 0557702 1272706 1704674 0557702 1272706 1704674 0349966 1337208

 0002778 0936012 1441616 1524024
 1412573 2350443 3539770 1521713 0006104 1269537 0205155 1293097 1522472 1552923 1705191 0439086 2827736 2981702 0580836 0025664 0184661 1517586 1552738 2700391
 2827664 0007765 1268981 1707522
 0020268 1413512 0019564 0949582 1029104 1284077
 0026607 3495441 0007776 1176472 1513492 1705994 2700441
 0028936 1281094 0025148 0037361 0439826 1449865 1947952
 0152316
 0039725 0039738 1420718 0039729 1269896

 0026607 3495441 0007776 1176472 1513492 1705994 2700441 1521713 0006104 1269537 0025936 0439086 2827736 2981702 0580836
 0369637 0441923
 0439267 0033727 0369286 0441932 0564385 0205219 1333134 0333562 0439644
 0021966 0221138 0487602 1333134 1704680 0333562
 0369637 0441923
 3146294 0205132 0521093 0750484 1456348 0871161 1292721 0006104 1269537 0205265 1279901 1441672 1555582 1705685 2607943 2926606 3539655 0449450 1282910 1552828
 0025936 0025914 0025929 0026809 0150312 1883351 0748025 0428479 0441889 0025936 0025914 0025929 0026809 1720725 1948050 1265611 0006104 1269537 0205132 0205156 0205448 0750523 1707455 0349966 1337208 2347469
 0441889 0025936 0025914 0025929 0026809 0205250 1299351 2700149 0006104 1269537
 0014440 0242485 0441889 1547282 0025936 0025914 0025929 0026809 0441889 0441889 0349966 1337208
 0025936 0025914 0025929 0026809 1720725 1948050 0441889 1707455 0205132 0040223 1632851 1265611 0349966 1337208
 0449911 0333052 2607870 0557702 1272706 1704674 0557702 1272706 1704674 0349966 1337208

 1709793
 1547282 1274040 1546471 2825142
 1708639 0740116 2827735 2981700 0025914 0025929 0026809
 1708639 0025936 0025914 0025929 0026809
 1708639 0025936 0025914 0025929 0026809
 3244092 0441889 0020985 0392762 0025664 0184661 1517586 1552738 2700391 2347469
 1708639 0025914 0025929 0026809
 1708639 0025936 0025914 0025929 0026809
 1708639 0025936 0025914 0025929 0026809
 1511726 3245479 0449450 0025914 0025929 0026809 0205132 1550648 1552960
 0369773 2603361
 1553033 1749467 1948047 0007026 1548958 1705294 0185115 0684295 0085140 0205132 0025664 0184661 1517586 1552738 2700391
 1511726 3245479 0449450 0205450 0025914 0025929 0026809 0205132 1550648 1552960
 0369773 2603361
 0369773 2603361
 0002778 0936012 1441616 1524024 1547282 0439234 0439508 0205132 0349966 1337208 1412573 2350443 3539770 0205219 0333562 0349966 1337208 0333562 0006104 1269537 0349966 1337208 3539617
 1883357 2607943 2926606 3539655 0441889 0185117 1833334 0332162 1279919 0243079 2350571 0006104 0933845 1269537 1710548 0031437 1285572
 0449911 0333052 2607870 0557702 1272706 1704674 0557702 1272706 1704674 0349966 1337208

 0002778 0936012 1441616 1524024 1521713 0006104
 1521713 0006104 1269537 0205155 1293097 1522472 1552923 1705191 0205132 0205173 1705764 1705765 0678579 0009333 1167363 3539839 0441732 0009325 0332307 0332575 1167364 1260956 1547052 0333562 0025664 0184661 1517586 1552738 2700391
 1412573 2350443 3539770 1547282 0443258 0333562 0205132 1550648 1552960
 0369637 0441923
 1547282 0205219 0333562 0205132 1550648 1552960
 0369637 0441923
 3539617 1547282 0205147 0205276 1947913

 0035280 0333117 1753315 0205117 0332282 1883708 1279919 0205145 0933845 1515981 0025936 0025914 0025929 0026809 0006104 0221102 0348078 0376315 0392756 0596988 1269537 1522492 0449234 1704772 1882133
 1883351 0022885 0039593 0392366 1707455 0035280 0333117 1753315 0030956 0025991 0030956 0086045
 0681814 0030956 0205234 1285542 0348078 0376315 1522492 0025936 0003069 0025914 0025929 0026809 0349966
 0035280 0333117 1753315 0456693 1442458 0205435 0702093 0750572 1279901 0678828 0021485 1533685 1828121 0030956 1552738 0025914 0025929 0026809 0036055 0026447 0087017 0450348
 0030956 0205250 1299351 2700149 0007807 0007806 0162367 0005889 0302908 0444611 0596790 1522203 1704353 0025914 0025929 0026809 0035280 0333117 1753315 0439093 0443228 1704243 1553641
 0086045 1446561 0312860 0162367 0007806 0007807 0005889 0006104 0302908 0441889 0444611 0596790 1269537 1522203 1704353 0025936 0003069 0025914 0025929 0026809 1883559 0015272 0221102 1707455 0086045 1446561 0312860 0332290 0441712 1706376 1515655
 0035280 0333117 1753315 0312860 0205250 1299351 2700149 1883559 0332307 0445392 1547052 1707455 1553641
 0312860 0205197 0006104 0333118 1269537 0015272 0449445 0439801 1549649 2349209 0587267
 0012621 0013103 0162367 0005516 0021936 0221102 0521115 1514811 1516048 1706462 0392148 0030956 1518422 0392760 1314939
 1274040 1546471 2825142 1705535 1705241 1705242 0030956 0750558 1710571 0558058 1705241 1705242 0598120 0596578 0806140 0558058 0449297 1382187 2825073 0006104 1269537 0005775
 0449911 0333052 2607870 0557702 1272706 1704674 0557702 1272706 1704674 0349966 1337208

 0449297 1382187 2825073 1521713 0006104 1269537
 0035280 0333117 1753315 2700323 1707156 3274014 3541345 3538902 3541881 1707156 3274014 3541345 0006104 1269537 0086045
 2347469 0221102 0021936 1547282 1533636 0021936 0449297 1382187 2825073 1518422 0392760 1314939 0030956
 1511726 3245479 0449450 0205449 0242485 0086045 1446561
 0369773 2603361
 0369773 2603361
 1514811 1706462 0333562 0678594 0439644 1521970 1706388 2346469 2348519 0678236 0277558 0234387 0012634 0268393
 1261322 1552578 0025936 0003069 0025914 0025929 0026809 0079411 3146294 0183716 3161035 0086418 0348078 0376315 1522492 3538722 0006104 1269537 0001779 0851827 1701901 3244310 0333562
 0025914 0025929 0026809 1554148 0011008 2348077 3161035 0086418 0205447 0332256 0522501 1514559 1706089 2700400 3538722 0026882 0230171 2985687 0205145 0276496 0002395 0332281 1521724 0243083 0277558 1832428 0012634 0015576 0241888 0348078 0376315
 0026882 0282641 0332257 3538986 1883351 0033414 0033268 1883351 0442805 0033268 0597298
 0025936 0003069 0025914 0025929 0026809 0205132 0205393 0333562 0439644 0205132 0150312 1883351 0439659 0085220 2931784 0002716 0011560 0042373 0611285
 2986594 3161035 1514559 1514873 1883351 0086418 1883559 0332307 0445392 1547052 0030956
 1552738 0079411 3146294 1880022 0006104 1269537 0441889 0026882 0596988 0030956
 1883351 0025936 0025914 0025929 0026809 1273517 0086860 0359589 1999230 0185117 0927232 1269563 0027763 0422837 1269560
 1524063 0042153 0457083 1947944 2984079 0439801 0205171 0359589 1720467 1999230 0449416 1705919 1273517 1883351 0025936 0003069 0025914 0025929 0026809 0205132 1514559 3538722 1883559 0332307 0445392 1547052 0030956 0011389 0332461 0333463 0006104 0333562 1269537 0002716 0011560 0611285
 2827421 0332257 3538986 0026882 0018896 1552861 0033414 0033268 0349966 1337208
 0013331 0026882 3538722 0085220 0332294 2931784 0002716 0011560 0013331 0022037 0033268 0042373 0205173 0596988 0611285 0678226 1555231 1705764 1705765 0030956
 0681828 0947630 1547282 1517945 2825491 0007961 0205160 1513916 2825415 0733755 0450348 0850310 3154893 0871161 1292721
 0025936 0025914 0025929 0026809 1999230 1515657 3161035 1292732 0441655 0871161 1292721 0085220 2931784 0002723 0002716 0011560 0037179 0042373 0087136 0205171 0348078 0376315 0596988 0611285 1522492 1707455
 0002778 0936012 1524024 0205132 1550648 1552960 0025936 1547282 0443288 0332290
 0683941 0002778 0936012 1524024 1444656 3538722 0441889 3538722
 0441889 0025936 0025914 0025929 0026809 0332290
 0597535 0030664 0205469 0677042 0522501 1514559 1706089 0205250 1299351 2700149 0332462 1880834 0003069 0086418 3538722
 1883351 0243095 0025936 0025914 0025929 0026809 0001779 0549178 1265611 0030956
 1833334 1279919 2986815 0684224 0700287 3496591 1273517 0205132 1550648 1552960 0025936 0205250 1514559 0086418 3538722
 0025936 0025914 0025929 0026809 0441889 0684224 0700287 3496591 3538722 0025936 0003069 0025914 0025929 0026809 0392148 0030956 0150312 0449450 3161035 1280500 2348382
 0014440 1293928 0242485 1547282 1518422 0443289 0678594 0205393
 0002778 0936012 1524024 1547282 0004083 0439849 0596306 0699792 0040300 0085140 0444667 1547928 1707455 0439086 2827736 2981702 0439231 0449820 1552081 0349590 1262865 0030956
 0002778 0936012 1441616 1524024 0521093 0750484 0025936 0025914 0025929 0026809 0205329 0205231 0333562 0205393 0243079 2350571
 0017446 0205147 0152316 0039729 1269896 0237753 0449788 2350570 0450376 0150312 1883351 2350570 0333562 0040300 0005847 0349966 1337208 1412573 2350443 3539770
 0302523 0700325 1964257 0349590 1262865 0030956
 3538722 0025936 0003069 0025914 0025929 0026809 1880018 0333562 0150312 1883351 0025914 0025929 0026809 1709305 2745955 0231337 1999167 0580836 0005847
 0018563 1281583 1552914 1880018 0333562 1279919 0439659 2346714 0017446 0205147
 1314939 0005847 0439792 0205250 1299351 2700149 3538722 0025936 0003069 0025914 0025929 0026809
 0037088 0243095 2825141 0005847 1558950 1801960 0333562 1547282 0487602 1704680 0332290 0333562 0030705 0150312 0013331 0234387 0012634
 1998882 0332120 0025936 0003069 0025914 0025929 0026809 0439231 0439507 0580836 1441672 1524063 0200676 0487602 1704680 0019113 3272939 0205117
 0441471 3541888 0521114 0522498 1514917 0205214 1522138 3245511
 0025936 0025914 0025929 0026809 1547282 0233426 0700364 0439231 0001779 0205329
 2348205 0333562 0243107 0678723 1527148 0333562 3538722 0025936 0003069 0025914 0025929 0026809
 0596988 0225328 1706853 0021135 1533691 2827718 0543488 1883351 0243095 0680220 0333562 0439644 0205219 0332307 1547052 0950261 0333463 0521114 0522498 1514917
 0332290 0332529 0205219 0333463 0013331 0234387 0012634
 1705535 0871161 1292721 0596988 0021135 1533691 2827718 1518422 1947931 0040710 1515655 0333562
 0567416 0332148 0750492 0220781 0439634 1522492 0850310 3154893 0037791 1511884 0013331 0596988 0030956
 0205132 3146294 3244092 0086418 0185117 0441889 3538722 0025914 0025929 0026809 0205227 3538722 0015272 1833334 0332162 1279919 0006104 1269537 2348205 0025936 0003069 0025914 0025929 0026809 0150312
 1280500 2348382 1441672 0025936 0025914 0025929 0026809 0332232 1720725 1948050 1265611 0003069 1707455 0025936 0025914 0025929 0026809 0006104 1269537 0003069 0205132 0205448 1707455
 0205132 1547282 0332290 0678594
 2607943 2926606 3539655 0205132 0004927 2707008 0030956
 0205314 0679622 0681797 1514559 1518422 1521713 0006104 0025914 0025929 0026809 1269537 1514873
 1705535 0025936 0025914 0025929 0026809 1999230 1515657 3161035 0557651 2603343 0033213 1706387 0185117 1299351 3538722 0150312 3538722 0025936 0003069 0025914 0025929 0026809
 0441712 1273518 0947630 1705535 0005528 1317949 3495449 0005775 1515981 1516559
 0543488 1883351 0243095 0333562 2350570 0005847 1283786 1511228 0699759 1515981 0228251 1289528 0019564 0332469 0450379
 1705535 0449297 1382187 2825073 0927232 1269563 0027763 0422837 1269560 0005839 0038452 1551359 2741673 2981730 0225992 1283832 0005847 0933845
 0449297 1382187 2825073 1515655 0557651 0947630 2603343 1708632 0030956 1705535 1883559 0332307 0445392 1547052 1707455 0006104 0333118 1269537 0349966 1337208
 2348205
 0085979 0221102 0007806 0007807 0005889 0302908 0444611 1704353
 1705535 0005854 1305865 0005767 0005768 0006104 0229664 1269537 1706912 0849355 1883720 3244314 0051300 1416912 0023169 0034821 0242972 0748025 1366529 0023823 0597357 0065059 0087044 0103404 0023820 0033684 0178587 0205251 0439849 0445223 1299352 1550472
 0947630 0027552 0686904 1883351 2986669 0035280 0333117 1753315 0558058 1510827 0449297 1382187 2825073 0051300 1416912 0023169
 0043227 1444656 0005528 1317949 3495449 1623014 1704259 1705987 0086045 0205463 0012634 0348080 1705253 0450348
 3658307 0450442 1254351 1521826 0332257 0003242 0432616 0003241 0021027 0439509 0348078 0376315 1522492 0162574 0205179 0444930 0598528 1514468 2746065 0061187 1415323 0016895 0017082 0033414 0449297 1382187 2825073 1441547 3245521 0005775 0025936 0003069 0025914 0025929 0026809 0332307 1705242 3538722
 0205463 0205349 1514623 1516451 3542952 1552738 0332257 0021665 1334089 0037657 1753359 3180941 0016006 0018284 0018270 0021641 0021966 0220844 0221138 1521761 1533581 1579433 1621966 2827422 2911660 0003595 0003591 0024420 0055966 1413514 2609437 0003591
 1511726 3245479 1705535 0035280 0333117 1753315 0006104 1269537 0038452 1880177 0225992 1283832 0005847 0025936 0003069 0025914 0025929 0026809 0933845 1515981
 1518422 3161035 0268393 0085220 2931784 0002716 0011560 0042373 0611285 0025936 0025914 0025929 0026809 0012634 0439064 0747726 1521970 1706388 2346469 2348519 1999230 0205314 0679622 0681797 1292732 1280500 1515655 0087111
 2825232 0043227 0027468 0018173 0018684 0021622 1521721 3245503 0560267 0560267 0004083 0018173 0439849 0596306 0699792 1515981 1548284 0560267
 0010186 0220812 0449719 1709471 0220808 0680264 0007961
 1706852 0522501 1706089 0949214
 0205155 1293097 1522472 1552923 1705191
 0282413 0376649 1442065 0013227 0025118 1512352 0036397 0205099 2603360 0041740 0006736 0006736 0027976 1879958
 0254343 0796520 3272379

 0085205 1549619 1880669
 0013849 1705961 0024492 1538057 1547565 0059804 0000723 1273517 1456454 0033684
 3538722 0085151 1709634 1456454
 0085220 2931784 0002716 0011560 0042373 0611285 0085220 2931784 0002716 0011560 0042373 0611285
 1710263 0013331 3538722
 0014441 2717977 0005507 0014442 0021075 0243073 1510438 1517892 1704666 0014441 2717977 0005507 0014442 0021075 0243073 1510438 1517892 1704666
 0008562 0008562 0008565 0008550 0033095 0205250 0302908 0460139 1299351 1304698 1306345 1546699 1561501 2700149
 0077068 0369718 0441922 0700307 1553036 0556985 2247301 3540495 0017890 0522461
 2986676 0031831 1707664 2348314 3540849
 0022886 0022877 0035168 0242481 1619828 1999230 0034760 0014440 0242485 0014441
 1514811 1706462 0557061 2584313 1514811 1706462


 2347961
 0033727 0369286 0441932 0564385

 2603362
 0001483

 0025141


 1315013

 0759909 1135895 2603360 1553033 0439394 1706495 3642217 0544691 1823998
 0369773 2603361 1553033 0021966 0221138

 0349590 1262865 0025141 0369637 0441923
 0021966 0221138
 0032863 0369637 0441923
 0021966 0221138 2603362
 0439267 0179376 1633989 0439267
 2603360

 2347469
 0036397 0025141 1553033
 0205090 0684010 2603358

 0036397 0025141
 0205090 0684010 2603358 2347469 0179376 1633989 0439267
 2603360

 0369637 0441923



 0033872 0033873 2603360
 0033727 0369286 0441932 0564385

 0369773 2603361
 0439267 0439267
 2603362
 0369637 0441923



 0369773 2603361
 0025141

 1418943

 0268596 2700624
 3642273

 2603362

 0439394 1706495 3642217 2603360 0205090 0684010 2603358 0439267 0439114 0016327 0439133 1553038 2347469


 0201682


 0369773 2603361 0033727 0369286 0441932 0564385
 2603362
 0439267



 0201682

 2603362
 0998924 2347469
 0033727 0369286 0441932 0564385




 0349590 1262865 0025141 0205090 0684010 2603358
 2347469 0439114 0369637 0441923

 0699798 2945637

 0597277 1708601 2826220 0597277 1708601
 0205090 0684010 2603358 2603362
 2347469

 0369637 0441923
 1418943

 0268596 2700624
 3642273

 2603362



 0043217 0597277 1708601 0205090 0684010 2603358 0597277 1708601 0439267 0205090 0684010 2603358 0597277 1708601 0302595 1537110 3275241 0033727 0369286 0441932 0564385 0150593 0021966 0221138 0369773 2603361 0439394 1706495 3642217
 1418943

 0268596 2700624
 3642273

 2603362

 2347469

 2347469 0439394 1706495 3642217
 0439267


 0201682

 0439394 1706495 3642217
 0369773 2603361 1555429 2603362
 0033727 0369286 0441932 0564385

 0025141 0439267




 2603360 0439394 1706495 3642217 0369637 0441923
 0439394 1706495 3642217 0369637 0441923
 0597277 1708601
 0033727 0369286 0441932 0564385 0369637 0441923


 0205090 0684010 2603358 0205090 0684010 2603358
 0597277 1708601 2347469 0043114 0439394 1706495 3642217 0861352 1553033 1006780 0033727 0369286 0441932 0564385 2347469

 2347469 2347469 0369773 2603361 0016327 0439133 1553038 2347469


 0025141
 0021966 0221138 2347469
 0439267


 0025141 2603362
 0205090 0684010 2603358 2347469
 0402830

 0597277 1708601 2347469


 1315013

 0016327 0439133 1553038 0597277 1708601 0033727 0369286 0441932 0564385 0439394 1706495 3642217 2347469 0439394 1706495 3642217

 0325074
 2827734 2981698 0025141
 0205090 0684010 2603358
 2347469 0439394 1706495 3642217 0402830 1553033 2347469 2347469


 0013227 1254351 1521840 0025141 2603360 0439394 1706495 3642217
 0033727 0369286 0441932 0564385 2603360
 0597277 1708601
 0033727 0369286 0441932 0564385 2603362
 0439267


 0205090 0684010 2603358
 2347469 2826220 0597277 1708601
 0205090 0684010 2603358 2603362

 0369637 0441923
 0025519 0025520 0002395 1521724 0012634 2603360
 0150593 0331762 0205090 0684010 2603358 0205090 0684010 2603358 0369773 2603361 1553033 2603360 2603360 0016327 0439133 1553038 2603360 0043217 0597277 1708601 0597277 1708601 0369773 2603361 0021966 0221138 0023882 0700321 2700395 0439394 1706495 3642217 0439394 1706495 3642217 0439394 1706495 3642217 0032863 0369773 2603361 2347469 0016327 0439133 1553038 0302595 1537110 3275241 0033727 0369286 0441932 0564385 2347469
 0349590 1262865 0025141 0597277 1708601 0369773 2603361 1553033 2945617 0016327 0439133 1553038 0439267
 0036397 1553033 1446468 0597277 1708601
 0033727 0369286 0441932 0564385 1553033 2347469 0597277 1708601 0369773 2603361 0369773 2603361

 1553033 0369637 0441923
 2347469
 1418943

 0268596 2700624
 3642273

 2603362

 0021966 0221138 0597277 1708601 1555029 0021966 0221138 0597277 1708601 0178587 0557775 1553033 0016327 0439133 1553038 2347469 0016327 0439133 1553038


 0201682
 0369637 0441923
 2945617
 0266700 1553033
 0369773 2603361 0205090 0684010 2603358 0369718 0441922 1553036 1556084 0439267 1553033 0016327 0439133 1553038 1553033 0369773 2603361
 0439267
 0369773 2603361



 0201682
 0369637 0441923
 0369773 2603361
 0597277 1708601
 0033727 0369286 0441932 0564385 1553033 2347469 0369637 0441923
 1418943

 0268596 2700624
 3642273

 2603362

 0439394 1706495 3642217 0021966 0221138 0597277 1708601 0178587 0557775 1553033 0021966 0221138 1553033 0597277 1708601 0021966 0221138 0205090 0684010 2603358 0033727 0369286 0441932 0564385 0016327 0439133 1553038 0205090 0684010 2603358 0016327 0439133 1553038





 0205090 0684010 2603358
 2347469 2826220 0597277 1708601
 0205090 0684010 2603358 2603362

 0369637 0441923


 0450348

 0205090 0684010 2603358

 0179376 1633989 0439267
 2603360

 0369773 2603361






 0205090 0684010 2603358

 0000857 0600678 1552863 0205090 0684010 2603358
 0439114 2603360






 0205090 0684010 2603358
 0439114 0443047 2603362
 0021966 0221138

 0205090 0684010 2603358

 0369718 0441922 1553036

 0268596 2700624
 3642273


 2347469
 2347469


 0439114
 0205090 0684010 2603358
 2347469 0369637 0441923
 2347469 1553033 2347469 2347469


 0001811 0450348 0025141 2347469


 0439267 2986502 0439267 0205090 0684010 2603358
 2603360 2347469
 1418943

 0268596 2700624
 3642273

 2603362

 0205090 0684010 2603358
 2347469 2826220 0597277 1708601
 0205090 0684010 2603358
 2603362

 0369637 0441923
 0036397 0205090 0684010 2603358
 2347469 2826220 0597277 1708601
 0205090 0684010 2603358 0439114 0369637 0441923

 2603362

 0369637 0441923


 0025141 0597277 1708601 0327004 0439394 1706495 3642217 0024171 0024176 2697939 1553033 1553033 0597277 1708601


 0450348
 2603360 0021966 0221138


 0025141

 2347469 1553033
 0439267 2347469 2347469



 0450388 0025141