 0449468 1690016 1705102 2700258 0237753 0449788 1527021 1554111 1705606 3541382 0239110 1706852 0557854 0239110 0205314 0423896 0456205 0335141 1546507 0684017 1706852 0439394 1706495 3642217
 2603362
 1706852 0205090 0684010 2603358

 1706852 0439394 1706495 3642217
 2603362
 1706852 0205090 0684010 2603358

 2350466 0022688 0039195 2363836 0022686 0039194 2709199 0007634 0205296 1336644 1705132 3282337 0332448 1546677 1549537 0027819
 2603362

 0587482 1704729 1293097 2919030 2919031 0024015 1704729 0036375 0006754 0041740 1710133 3146274 0024015 1521825 0152036 1522005 1704729 1511716 0021622 1272753 0006037 1516477 1518578 0441833 0687744 1257890 1552516 1705428 1705429 0282413
 0030755 0332849 1441600 1555762 0018943 0200627 0278627 0039676 2349943 3539704 0024015 0024015
 1515258 1705541
 0085205 1549619 1880669
 0013849 1705961 0520510 0557061 2584313 1514811 1706462 2350466 0022688 2363836 0039195 0022686 0039194 2709199 0007634 0205296 1336644 1705132 3282337
 0023882 0700321 2700395 0205309 0475264 1744691 0027651
 0936012 0027819 0027627 0441772 0699749 2939420 0622037 0012634 0036525 0205390 1300072 1306673 1522484 1524063 0814037 0032520 0035380 0040649 0337112 0443286 1114821 1335439 1524075 1555029 0079604 0026018
 0027651 1449575 0002778 0936012 1524024 0027651 0443289 0456947 0441889 0218504 1704964 0072978 1522559 1332684 1705075
 0007600 0815000 0007634 0027819 0205132 0700095 1269647 1704653 1948049 3540583 1327616 1514721 2348147 3542016 0439275 0439526 0218504 1332817 0439275 0439526
 1413188 3538748 0597357 0205172 0332183 2709199 0205296 1336644 1705132 1707455 0039194 0005773 0369773 2603361
 1550101 0205263 0600210 1533574 1881827 0005767 0005768 0229664 0030705 0001675
 0003250 0003242 0003241 0021027 0746619
 0185117 0150312 1883351 0033713 0812287 0029016 0079885 1517480 1521871 1705027 1705759 0185117 0444499 0205090 0684010 2603358 0369773 2603361 0185117 0681842 1882327 0332197 1689985 0369773 2603361
 1552616 1706244 0815000 0007634 0027819 0232902 0700095 3282337 3540583 0332448 0027651
 1705313 0000723 0030351 1273517 1547566 0016960 0016960
 0057142
 2348686 0439148 1519795 2348686 0439148 1519795
 0021044 0021044
 2350466 0022688 0039195 0022686 0039194 2709199 0007634 0205296 1269647 1336644 1704653 1705132 1948049
 2936223 0600210 1533574 1881827 2936223 0600210 1533574 1881827
 0520510 0557061 2584313 1514811 1706462 2350466 0022688 2363836 0039195 0022686 0039194 2709199 0007634 0205296 1336644 1705132 3282337 0080202 1515021 0725813 1413210 0243107 0678723 1527148 0016960 0332297 1145667 1167622 1413210 1689898 2349209
 0205369 1292856 1552740 1948023 1637379 1883073 2827424 0332257 0214743 0020898 0021764 0022271 0020898 0021764 0022271 0441730 0332307 1547052 0441729 0332307 1547052 1514811 1706462 2827734 2981698 0740116 2827735 2981700
 1292711 0449719 1709471 0033414 0589507 1158830 1704686 0439086 2827736 2981702
 0439084 0728893
 0309872 0220781 0439634 1522492 0025914 0025929 0026809 0027651 0021485 1272883 1533685 1828121 0022688 2363836 0022686 2709199 0007634 0205296 1336644 1705132 3282337 0123759 1149217 1524115 0020898 0021764 0022271
 1710493 3161035 1705535 1292856 1948023 0309872
 0920321 1292856 1948023 2709199 0023175 0181586 0205296 0443264 1336644 1442948 1522538 1705132 2348269 3275067 2603360 0007584 0237753 0449788 0004561 0205217 0229671 0442805 1546774 1550100
 0007613 0542341 2936626 0027651 1578706 1709305 2745955 3273930 0023882 0700321 2700395 0205309 0332448 0702249 1523986 0027651
 0178693 0947630 0152013 0001418 0149782 0007137 0684249 0221910 0007097 0007634 1182670 1269647 1704653 1948049 0441712 1518422 1292732
 0524914 0282554 0597357 0562342 1171285 2755541 0600210 1533574 1881827
 0332448 1546677 1549537 3539879 0027651 0205447 0282554 1527036
 2348205 0024264 0027819 0442726 1511790 0030705 0205393 0039194 0039215 3251824 0007634 3282337 3538720 3540595 1515021
 0039194 0007634 0205392 0332448 3282337 3540770 0475264 1744691 0332281 0185117 0282554 1517565 1527036
 0027819 0030705 0027627 2939420 0012634 0332256 2700400 0392148 0205250 0128897 0185117 0282554 1707520
 1316572 1317574 1369612 0027651 0185117 0185117 0023882 0700321 2700395 0332448 0702249 1523986
 1517741 1547282 0682523 0427861 0007600 0815000 0007634 0027819 0205132 0700095 1269647 1704653 1948049 3540583 1327616 0086597 2936223 0600210 1533574 1881827 0021135 1533691 2827718
 0520510 0520510 0557061 2584313 1514811 1706462 0027819 0178913 0005767 0005768 0229664 0370003 0007600 0007634 0205132 1269647 1704653 1948049
 0278694 0027819 0936012
 0027651 0001779 0011900 0439234 0030705 1301820 1516476 0278704 0006826 0008059 0441833 0557651 0680063 0687744 0998265 1257890 1306459 1552516 1705428 1705429 2603343 0027819 0700095 3540583 0332167 3272283
 1516476 1273517 0040808 2945654 0008838 0332529 0013089 0015133 0010583 0038894 0038895 0543467
 0332283 0034656 1516050 0013216 0013217 0392920 0020823 0013089 0015133 0008838 0436307 0079083 0015133 0025241 0043162 0229960 0242821 0439175 0439810 0460148 1268086 1282930 1522449 0194037 0005961 2986504 0005953 0005976 0040736 0029216 0040732 0040733 0086590 0262950 0376152 0391978 0439859 1266908 1266909 1521721 1546708 1548399
 0030705 0034656 1883351 1514756 0022265 0109872 0040845 0001128 0202406 1504308 0439659 0039798 0087111 1522326 1533734 1705169 3538994
 0027651 0008059 0680063 1301820 0001779 0011900 0439234 0442711 1507394 1516476 1522729 2348563 0027819 0700095 3540583 3640764
 0038894 0038895 0543467 0011900 1704338 1704656 0030705 1514756 0010583 0008838 0015133 0013089 3538743
 0370003 0011744 0016701 0033727 0038894 0038895 0369286 0441932 0543467 0564385 0677542 1551385 1705857 1707903 0205198 1706082 1314677
 1321301 0005767 0005768 0205409 0229664 1301820 1548221 0013018 1527169 0030705 0027819 0700095 3540583 0332167 3272283 1516477 1518578 0008059 0278627 0441833 0557651 0680063 0687744 1257890 1552516 1705428 1705429 2603343
 0023031 0007600 0815000 0007634 0027819 0205132 0700095 1269647 1704653 1948049 3540583 0022877 0443211 1272684 3244292 0007600 0815000 0007634 0027819 0205132 0700095 1269647 1704653 1948049 3540583 1999230
 0019994 1510665 0024015
 0007600 0007634 0205132 1269647 1704653 1948049 0424215 2003939 0005507 0243073 1510438 0332307 1547052
 0007600 0205132 0205332 0443211 1272684 1552738
 0021430 1511481 1522154 1554192 0086911 0079630 0242456 0282443 0972401 1301820 1552617 1948070 0025664 0184661 2700391 0027651 0178913 0005767 0005768 0229664 0370003
 1709846 0599161 1550177 0032520 0040223 0237400 0677874 3272377 3541383
 1709846 0599161 1550177 0032520 0040223 0237400 0677874 3272377 3541383 1273517 1883351 0442726 0162327 0035668 0814195 1328319 3161035
 0182400 1704681 2347609 3536729 1711300 2700613 0205144 1706311
 1953382 0206415 0439084 0728893 1953384 0206415 0439084 0728893
 0182400 1704681 2347609 3536729
 1707689 2983265 0004793 0162326 0162327 1519249 1527178 1705938 1518425

 0182400 1704681 2347609 3536729 0206415 0015295 1707689 2983265 0015295
 1953382 0206415 0439084 0728893 1953384 0206415 0439084 0728893
 0182400 1704681 2347609 3536729 0206415 0439084 0728893 0439780 0439084 0728893 1555029
 0182400 1704681 2347609 3536729 1707689 2983265 0004793 0162326 0162327 1519249 1527178 1705938 1510755 1706078

 0182400 1704681 2347609 3536729 0206415 1707689 2983265 1524063 1709697 2728259 3484370 0206415 0457422 0507238 1158478 0012854 0039421 1883254
 0002778 0936012 1524024
 0035668 0370003 1882443 2347026 1524063 0916178 1517331 0445542 0812225 1150635 1705212 1705213 1998793 3273202
 0006556 0035668 0439175 0439810 1883254 1524063 0008562 1998793 0206415 3539739 3542920 1998793 1524063 0017243 0185115 0684295 0032931 0032932 1642401 2584299
 0056208 1321571 0021135 1533691 2827718 0006556 0040649 1883254 1524063 1998793 1185738 1706132 0032931 0032932 1642401 2584299
 1709793 0183400 0056208 1321571 0392767 1708096 1510941 0030705 0001779 0011900 0439234 1510941 0030705 0001779 0011900 0439234
 1510941 1548982 0302828 0441633 0680240 0947322 1442085 1705426 3263700
 0242193 1511726 3245479 1882455 1524063 0037585 1882115 1510941 1441506 0042295 0182400 1704681 2347609 3536729 2698674
 0037585 1999230 0006754 0041740 1710133 3146274 0024015 1273517 1883351 1301820 1706701 3244092 0441889 1515273 1705313 2826302 2348686 0439148 1519795
 0002778 0936012 1524024
 0079885 0812287 1705027 0936012 1883351 0027651 0005862 1148472 1710133 0032520 0677874 0021044 1552738
 0014441
 1690540 0218504 1332817 0205090 0684010 0869011 2603358 0449913 1553451 1704459 0086045 1446561 0815000 0007634 0027819 0700095 1269647 1704653 1948049 3540583 1550101 0302828 1442085 3263700
 0016263 0806140 0814048
 1883351 0185117 1321301 0140430 0003250 0205090 0684010 1413188 2603358 2986582 3538748 0005575 2700256
 2603360 0022688 2363836 0022686 2709199 0007634 0205296 1336644 1705132 3282337 0879551 0085216 0936012 3542405
 0003250 0243148 1273517 1550141 1882979 2587213 3274648
 0370003 2347026 0180279 0806140 0936012 1273342
 1511726 3245479 0936012 1524063 0037585
 0079604 0016318 0026018 0079603 0021044
 0016701 0677542 0205155 1293097 1522472 1552923 1705191 2348236 0005903 0039476 0332302 1547703 0001002 0231441 0443218 2827483 0456692 0702093 0332293 0018019 0229671 1265549 1510458 1522326 1546774 1550100 0242295 1947943 2348609 0702093
 0205155 1293097 1522472 1552923 1705191 1439852 0026381 0182400 0700308 0033727 0369286 0441932 0564385 2348236 0005903 0039476 1547703
 0205155 1293097 1522472 1552923 1705191 1548982 1720830 1823521 0332256 2700400 0444499 0057142 0022877 1619828
 1444656 2316368 0205155 1293097 1522472 1552923 1705191 0003250 2986582 0332283 0022877 1619828 1979849 0879551 0003250 3542405
 1704254 1704922 3542466 0439661 3245488 0023317 0023318 0996842 1278892 0876112 0181839 1706379 0043339 0392223 1705111 3539922 1524063 0060520 0036849 1442518 1705195 0683758 1708466 0037585 0011923 0079595
 1979936 0057142 0039194 0007634 3282337 3542405 0205450 0440042 0750480 1521738 1705566 1707391 2346620 2349184 3539073 0439165 1549488 1561533 0057142 0444686 1441506 1443182 3542405
 1511790 1273517 0332283 0007634 1269647 1704653 1948049 0205090 0684010 2603358 0449913 1553451 1704459
 0021044 0884358 1524063 0003250 1999230 0013227 0025118 0557806 0027976 1879958
 1513300 0005507 0243073 1510438 2936223
 1440942 0180860 0369637 0441923 0456389 0581406 1325742 1522664 1704449 1704684 1875155 0010046 3179121 0041637 0221313 0225336 1280193 0427861 0007634 0014257 0041638 0042449 0086418 1278960 3282337 1179027 0598079 0010453 0220814 0332307 0430400 0596070 1516698 1547052 1704814 2242979 1524063 0009458 0439536 1705217 3244283 0598079 0010453 0220814 0332307 0430400 0596070 1516698 1547052 1704814 2242979 0242295 1947943 2348609 0007595 0225336 0007634 0014257 0018270 0220844 0242295 1269647 1621966 1704653 1947943 1948049 2348609 2911660
 1882955 1720092 1948045 0813036 0205314 0348011 0179874 0332256 2700400 0304925 3537198 2984062 0036773 0439294 0728877 0439268
 1527036 0282554 1550101 0179874 0441994 1524062 1548802 2003888
 0007600 0205132 1550648 1552960 2350467 1321301 0026473 0333668 0935616 1282910 1524062 0347983 1441340 0179874 1439852 2347816
 0033727 0369286 0441932 0564385 0017471 0007634 3282337 0205170 0332242 3146287 0007634 3282337 0025397 0522529 2986582 0003250 0042789 1947903 0205155 1293097 1522472 1552923 1705191 0016263
 0205396 1550043 1551388 1524063
 0038960 1382107 1705537 0175730 1547937 1704474 0331782 0016318 0079603 0016263 0806140 0814048 0936012 0080103 0205345 1547039 0007584 0237753 0449788 1257890 0543488
 0600210 1533574 1881827 1441340 0007634 0232902 0444686 1441506 1443182 1708517 3282337
 0600210 1533574 1881827 0009458 0243148 0439536 0444686 0600210 1441506 1443182 1533574 1550141 1705217 1881827 1882979 2587213 3244283 3274648 1719767 2348589 0600210 1533574 1881827 0009458 0439536 1705217 3244283
 0010992 1511726 3245479 0002778 0936012 1524024
 1511726 3245479 0016263 0002778 0037585 0936012 1524024
 0036397 1273517 1883351 1706214 3244320 0681493 0037585 1273517 1883351 0884358 2947996 0022885 0038492 0039593 0392366 1551041 1552573 1708930 0022885 0039593 0392366 1709320 0002780 0002778 0936012 1524024 1707455 0441833 0687744 1257890 1552516 1704970 1705428 1705429
 1707520 0010101 1710141 0002778 0936012 1524024 1707520
 0237881 0750502 1272684 1548435 0369773 2603361
 1883351 1442160 1522609 1707391 0025663 0449851 0871511 2937289
 1883351 1709380 1522609 0332281 0038215 0600673 0806909 1552615 2826546 0884358 0679083
 0679083 1522609 0036849 0042295 0185117 1441672 1442518 1705195 0013113 0871261 1441672 1516050 1552601 0392148
 1709380 1522609 0038215 0205289 0284447 0444686 0600673 0806909 1441506 1443182 1709707 0033105 0443228 0549177 1704243 0022885 0039593 0392366 2348149 2828391
 1274040 1546471 2825142 0520510 0557061 2584313 1514811 1706462 1511790 1707927 0332448 0027819
 1511695 1707689 2983265 0206415 0036849 1442518 1705195 1883351 1711300 2700613 0004793 0162326 0162327 1519249
 0037791 1511884 1441604 0036667 0205250 0312418 0427965 1299351 1511883 1522640 2346484 2349185 2700149 0443211 1272684 1524063 0007600 0815000 0439178 0007634 0027819 0205132 0700095 1269647 1704653 1948049 3540583 1639518 1947986 0205160 1513916 2825415 2825491 0243148 1550141 1882979 2587213 3274648 1511726 3245479
 1883351 1709793 0815000 0007634 0027819 0700095 3282337 3540583 0007600 0007634 0205132 1269647 1550648 1552960 1704653 1948049 0599161 0032520 0677874 0936012 0016263 0806140 0814048 0086045 1446561 0376249 0439603 0871396 1561548 1705502
 0086045 1446561 2350467 0007634 0376249 0439603 0871396 1269647 1561548 1704653 1705502 1707520 1948049 1514721 2348147 3542016 0205090 0684010 2603358 0369773 2603361 1999230 0205134 0370003 0599161 0032520 0677874
 0449911 0333052 2607870 0557702 1272706 1704674 0557702 1272706 1704674
 1511790 1707927
 2350467 0007634 3282337 2247561 0815000 0007634 0027819 0700095 3282337 3540583 0007600 0007634 0205132 1269647 1550648 1552960 1704653 1948049 2827734 2981698 0439084 0728893 0456603 1547037 2350467
 0599161 0032520 0677874 0016263 0806140 0814048 0884358 1524063 0920433 0007634 3282337
 0439165 1549488 1561533 0004457 0999597 1522496 0035668 0370003 0439175 0439810 0444686 1441506 1443182 2347026 2350467 0007634 0376249 0439603 0871396 1269647 1561548 1704653 1705502 1948049 0016263 0442726 0806140 0814048 1511790 0004457 0999597 1522496
 0205132 1550648 1552960 0023733 2346679 0205132 0684320 0684321 0205132 0522501 0009667 0237529 1272706 1552654 1552713 1704725 1704726 0369773 2603361
 0376249 0439603 0871396 1561548 1705502 0369718 0441922 1553036 0035668 0442726 0444686 1265611 1441506 1443182 1511790 0035668 1524063 0205134 1547282
 1553033 0016701 0677542 0205155 1293097 1522472 1552923 1705191 0879551 3272928 0235665 1071616 2986582 3542405 0332583 0003250 1260957
 1704254 1704922 3542466 1882932 0205450 0205452 0440042 1521738 2346620 2349184 3539073 0027651 1578706 3273930 0039194 0007634 3282337 2350467
 0200931 0599161 0002778 0032520 0677874 0936012 1524024 0443289
 0376249 0439603 0871396 1561548 1705502 0035668 0086045 0205369 0444686 1441506 1443182 1446561 1552740 1514721 2348147 3542016
 0027651 0332239 0027651 0205171 1720467 0030705
 0376249 0439603 0871396 1561548 1705502 0027651 0439178 1446409 1514241 1704711 2825490 0001779 0030705 0549183 0876920 2347635 2348144 2939193 1264641
 1883351 0521093 0750484 1456348 0392148 0884358 0079604 0026018 0370003 0599161 0032520 0677874 1524063 0057142 0879551 0076533 0882828 0003250 3542405
 0370003 0332256 2700400 0039194 0007634 3282337 0016315 1518422 0370003 0332256 2700400 0039194 0007634 3282337 0016315
 0332448 0702249 1523986 0185117 0007600 0007634 0205132 1269647 1704653 1948049
 1883351 1660153 0475264 1744691 0332281 0185117 0282554 1527036 0475358 0040300 0936012 1511726 3245479 1510941 0027651 0001779 0011900 0439234
 0017337 0220825 0185117 0139815 0205090 0684010 2603358 0369773 2603361 0218504 1332817 0205090 0684010 2603358 0369773 2603361 0205090 0684010 2603358 0369773 2603361 0205090 0684010 2603358 0369773 2603361 0332448 0702249 1523986 1707520 0027651
 1979874 0332448 0702249 1523986 0882828 1707520 0185117 0205171 1720467 0205090 0684010 2603358 0369773 2603361
 0449911 0333052 2607870 0557702 1272706 1704674 0557702 1272706 1704674
 0185117
 1979963 2003903 0278694 0441772 0280216 0027819 0205390 0332155 1300072 1306673 3146294 0030705 1524063 0600597 1709016
 0017337 0005680 0027567 0085756 0439541 3244092 0185117 0441889 0456079 0680240 1510992 1547707 2825518 2946261 0027651 0004457 0999597 1522496 0004457 0999597 1522496 0034790 1158557 1167203
 0441088 1366517 0036849 0182400 1442518 1704681 1705195 2347609 3536729 0442800 1293134 0332575 1260956 1708632
 0205132 0522501 0009667 1272706 1552654 1552713
 1706509 1706510 0027365 1547383 0040649 0035668 0185117 1547282
 0027651 1578706 3273930 0035696 0018019 1265549 1510458 0332283 0007634 1269647 1704653 1948049 0205090 0684010 2603358 0449913 1553451 1704459
 0431085 0010834
 1550101 0014441 0936012 0282554 1527036 1327616 1514721 2348147 3542016 0439275 0439526 0218504 1332817 0439275 0439526 0021966 0221138 2733022 0200931 0002778 0936012 1524024 0027819 0011900 0439234 0443289 0010100 1707520 0205448 0036849 0182400 1442518 1704681 1705195 2347609 3536729 0205090 0684010 2603358 0369773 2603361 0185117 0021044 0442726 1511790 0027651 0441889
 1707455 0027651 0011900 0439234 0185117 0205156 0750523 0549183 0876920 2347635 2348144 2939193 2348686 0439148 1519795
 1264641 2348686 0439148 1519795
 0549183 0876920 2347635 2348144 2939193 2348686 0439148 1519795
 1264641 2348686 0439148 1519795
 0369773 2603361 0871608 0022885 0039593 0392366
 1518422 0599161 0032520 0442726 0677874 1511790 0370003 0017262 1337092 0017337 0185117 2348686 0439148 1519795
 0027651 0441889 0456079 1547707 2946261 0332448 0439792 0702249 1523986 1707520 0205090 0684010 2603358 0450304 0369773 2603361
 0449911 0039224 1706073 1706074 0557702 1272706 1704674 0557702 1272706 1704674 0021966 0221138
 1327616 2755608 0036536 0036537 1550101 0007600 0815000 0007634 0027819 0205132 0700095 1269647 1704653 1948049 3540583
 0332128 1550101 0008013
 0349966 1337208
 1550101 0007600 0815000 0007634 0027819 0205132 0700095 1269647 1704653 1948049 3540583 0205263 1622501 2936223 0600210 1533574 1881827
 2825407 0232902 1550101 0007600 0007634 0205132 1269647 1704653 1948049 1327616 0441889
 1979874 1518422 0007634 0232902 1550101 3282337 0021966 0221138
 0681814 1707520 1550101 0439165 1549488 1561533 0205090 0684010 2603358 0369773 2603361
 0205117 0332282 1883708 0332128 1280500 2348382 0282554 1527036 0218504 1332817 1622501 2936223 0600210 1533574 1881827 1550101 0007600 0815000 0007634 0027819 0205132 0700095 1269647 1704653 1948049 3540583
 0003250 2610454 0008018 2350467 0218504 1332817 0003250 1280500 2348382
 0449911 0333052 2607870 0557702 1272706 1704674 0557702 1272706 1704674
 1622501 0600210 1533574 1881827
 0205171 0439044 0679994 1550101 1273517 1883351 1516048 2936223 1622501 0600210 1533574 1881827
 0439165 1549488 1561533 0004457 0999597 1444656 1522496
 1550101 1300565 0282554 1527036 0003250 0205177 0392366 0439167 0441655 1561536 1524063 0007600 0205132 1550648 1552960 1513300 0005507 0243073 1510438 2936223
 0600210 1533574 1881827 0004457 0999597 1522496 0600210 1533574 1881827 1547282 0439739 2348589 0600210 1533574 1881827 0205171 0439044 0679994
 1274040 1546471 2825142
 0376249 0439603 0871396 1561548 1705502 0185117 2936223 0600210 1533574 1881827 0008059 0680063 0278694 1135161 0027819 0700095 3540583
 0684224 0700287 3496591 0332185 1413188 3538748 0597357 0086418
 1883351 1280500 2348382 0220825 0011900 0439234 0376249 0439603 0871396 1561548 1705502 0185117 0349966 1337208 2347469 1553033 2936223 0600210 1533574 1881827
 0150312 1705241 1705242 0185117 2709199 0205296 1336644 1705132 0279592 0039194 0007634 1268443 3282337 0030705
 0336789 0441833 0687744 1257890 1552516 1552839 1705428 1705429 0681850 1550501 1706203 2349001 2697811 1413188 3538748 0549183 0876920 2347635 2348144 2939193 1514721 2348147 3542016 0022688 2363836 0022686 2709199 0007634 0205296 1336644 1705132 1707455 3282337 0549183 0876920 2347635 2348144 2939193 0439084 0728893 1514721 2348147 3542016 0039194 0007634 3282337 0549183 0876920 2347635 2348144 2939193 1514721 2348147 3542016 0369773 2603361 1709450 0871907 0022885 0039593 0392366 0699794 1519316 1561610
 0600210 1533574 1881827 0030705 0001675 1550101 1705242 1550101 2936223 0205263 0450382 0600210 1533574 1881827 0030705 0013018 1527169
 1517001 0600210 1533574 1881827 1550101 0003250 0309872
 2603360 0022688 2363836 0022686 2709199 0007634 0205296 1336644 1705132 3282337 0001675 0232902
 0449911 0333052 2607870 0557702 1272706 1704674 0557702 1272706 1704674
 0185117 0871261 1704632 1706817 2911692 0030705
 0376249 0439603 0871396 1561548 1705502 0369718 0441922 1553036 0030705 0369718 0441922 1553036 0016263 0009393 0205449 0806140 0814048 1550604 1705245
 0681494 0376249 0439603 0871396 1561548 1705502 0205091 1552822 0185117 0205090
 0079720 1257890 0001675 0369718 0441922 1553036 0030705 0369718 0441922 1553036
 2936223 3156756 0600210 1533574 1881827 0030705 0369718 0441922 1553036 0001675 0369718 0441922 1553036 0220825 1444656 0012634 0348080 1705253
 1274040 1546471 2825142
 0038952 0220921 0332448 0702249 1523986 0185117 0185117
 0220825 0332448 0702249 1523986 0205210 0439828
 0030705 0001779 0011900 0439234 0027627 2939419 0441772 0205390 1300072 1306673 0012634 0030705 1514756 0013216 0013217 0392920 0436307
 0038952 0220921 0750572 0439234
 0038952 0220921 1521798 0027651 1705241 1705242 1273937 0237881 0750502 1546944 0069881 0851287 0369773 2603361
 1316572 1317574 1369612 0039798 0087111 1363945 1709850 0030705 1514756 0021080 0021081 0007584 0237753 0449788 2350467 0031843 0542341 0700205 1705273 0010101 0002778 0936012 1524024 0332448 0702249 1523986 0038952 0220921
 0030705 0001779 0011900 0439234 0278694 0027819 0700095 3540583 0441772 1522020 0017256 0812287 1705759 0017337 1517480 1521871 0012634
 0030705 1514756 0013216 0013217 0392920 0310255 3538743
 0002778 0936012 1524024 0030705 0439849 1705630 1706279 3540605 0332448 0702249 1523986 1547282 0038952 0220921 0439234 0027651 0369773 2603361
 0449911 0333052 2607870 0557702 1272706 1704674 0557702 1272706 1704674
 0038952 0220921 0332448 0702249 1523986 0185117 0185117
 0038952 0220921 0027651 1518422 0332448 0702249 1523986 0369773 2603361
 0038952 0220921 0027651 1518422 1517480 1521871 1705759 0369773 2603361
 0185117 0332448 0702249 1523986
 0040649 0185117 0004457 0999597 1522496 0600597 0028953 1709016 1709793 0035668 0599161 0032520 0442726 0677874 1511790 0027819
 0027651 2709199 0205296 1336644 1705132 2709199
 0369718 0441922 1553036 0450316 2827734 2981698 0369718 0441922 1553036 2348686 0439148 1519795 0022885 0038492 0039593 0392366 1551041 1552573 0369773 2603361
 1707520 0185117
 0079885 0812287 1705027 0004457 0999597 1522496 0004457 0999597 1522496 0035668 0600597 0028953 1709016 1709793 0027651
 0205132 0684320 0684321 1550648 1552960 1707520 0444499 0205090 0684010 2603358 0369773 2603361 0010101 0002778 0936012 1524024 1710141
 1517480 1521871 1705759 0332281 0001807 0004927 0027651 0580822 1578706 2707008 3273930
 0038952 0220921 0439849 1705630 1706279 3540605 0449438 0812287 0450385 0079885 0812287 1705027 0027651 0369773 2603361
 0027651 0011900 0439234 0557651 2603343
 0027651 0011900 0439234 1517480 1521871 1705759 0441833 0687744 1257890 1552516 1705428 1705429 1517480 1521871 1705759 1551359 2741673 2981730 0332448 0444868 0702249 1523986 3539085 0369773 2603361
 0030705 0001779 0011900 0439234 0079885 0812287 1705027 0185117 1707520 0444499 1710141 0205090 0684010 1707520 2603358 0369773 2603361 0349966 1337208
 0079885 0812287 1705027 0040649 0185117 0000925 0680240 0871968 1883724 2698651 1552961 2347617 0332448 0027651 0079885 0205250 0205251 0812287 1299351 1299352 1550472 1705027 2700149 0027651 0079885 0205250 0205251 0456148 0549184 0812287 1299351 1299352 1550472 1705027 2700149 0369773 2603361
 0004083 0439849 0596306 0699792 0079885 0392366 0812287 1705027 1524063 0023965 0206031 0242415 0684320 0684321 3161035 0332256 2700400 0185117
 3161035 1280500 0332448 0702249 1523986 2350467 0237881 0750502 1546944 0369773 2603361 0442796 1550602 2986495
 0205250 1299351 2700149 0205251 1299352 1550472 0750572 1883351 0443131 0332197 1689985
 0449911 0039224 1706073 1706074 0557702 1272706 1704674 0557702 1272706 1704674
 0439849 1705630 1706279 3540605 0185117 0392148 0000857 0001779 0011900 0439234 0520510 0557061 0600678 1293116 1552863 1704458 1875307 2584313 0557061 2584313 1514811 1706462 0030351 1547566 0332448 0702249 1523986 0278694 1135161 0027819 1707520 0185117 0218504 1332817
 0332148 0475264 0750492 1744691 0678226 3146286 0007600 0815000 0007634 0027819 0205132 0205452 0205454 0439787 0700095 0849355 1269647 1704653 1948049 3540583 1327616 1514873 0205410 0021135 1533691 2827718
 0185117 1522020 0017256 0332281 0812287 1705759 0017337 0079885 1517480 1521871 1705027 0185117 0185117 0681842 1882327 0332197 1689985 0027651
 1707520 0185117 0332448 0702249 1523986 2350467
 1883357 1511726 3245479 1705535 0027819 0232902 0079885 0812287 1517480 1521871 1705027 1705759 0871261 1704632 1706817 2911692
 0332148 0750492 1521761 2362652 0031843 0205369 0332307 0542341 0700205 1518071 1552740 1705273 0887899
 1622501 0600210 1533574 1881827 0027651 0282554 1527036 0218504 1332817 2350467 0007634 0332448 0702249 1269647 1523986 1704653 1707520 1948049
 0282554 1527036 0475264 1744691 1880177 1515655 0597357
 0524914 0597357 3541261 1515021 0037640 0332148 0750492 1518422 1515021
 0282554 1527036 0332307 1547052 0332307 0439677 0086574 0007634 1518071 3282337
 0024109 0009450 0010414 0010416 0010415 0033268 0020522 0020517 0205421 0332307 0520946 1547052 3272602 0443228 1704243 0025914 0025929 0026809
 0027651 0475264 1744691 1280500 2348382
 0030351 1547566 0205435 1279901 0332448 0702249 1523986 0185117
 1261322 1552578 0152013 0001418 0392148 0005507 0032520 0243073 0677874 1510438 1518422 0376649 1442065 0441712
 1707520 0332448 0702249 1523986 1705535 0332307 0332256 2700400
 1280500 1705242 0282554 0441889 0456079 1547707 2946261 0725813
 1707959 0185117 0040669 0682523 0427861 0007600 1513095 0007634 0205132 1269647 1550648 1552960 1704653 1948049 1948023 0220781 0439634 1522492 0040669 0015127 1524003 0185117 0302158 0332281 0440752 0699040 0007634 0332448 0333348 0549177 0702249 1523986 3282337 0026473 0333516 0027540 0027651 1334928 1578706 3273930
 0185117 0033036 1456795 2350467 2985857 0007634 0205245 0542341 0871261 1269647 1514873 1704653 1948049 2700217 0332185 0061105 0427861 1513095 0007634 0025202 0086418 1441547 2984289 3245521 3282337 3539018 0026809 0449450 0591833 2828360 0033036 1456795
 2348205 0815000 0007634 3282337 1518422 1413210 1883525 2346866 0332257
 1449575 0002778 0936012 1524024 0600597 0443289 0439828 0185117 1518422 0332448 0702249 1523986
 0021044 0521093 0750484 0431085 1518422 1413210 1547282 0007634 3282337 0205146 1511726 3245479
 2936626 0027651 0031843 0542341 0700205 1578706 1705273 3273930
 0599779 0003062 3161035 1705535 0205101 0205228 0332197 1292856 1689985 1948023 1515877 1879547 1260953 0301872 1516031 0439662 0871261
 0039798 0087111 1522326 1533734 1705169 3538994 0534775 0359589 1999230 1292856 1948023 0205263 1516031 0871261
 0162340 0441712 1292856 1948023 2936626 0027651 1578706 3273930
 0012634 0039798 0087111 1363945 0001721 0332448 0702249 1523986 0027651
 0150312 1301751 1280500 2348382 0011900 1704338 1704656 0039798 0087111 1363945 0376249 0439603 0871396 1561548 1705502 0185117 0871261 1704632 1706817 2911692
 0947630 0006826 0998265 1306459 0005771 0007584 0237753 0449788 1518422 1292732 0600210 1533574 1881827
 0002778 0936012 1524024 0877373 0685938 0006826 0521362 0998265 1306459 0011900 1704338 1704656 0150312 0439603 0005767 0005768 0229664 0680240 0302523 0700325 3244290
 1955473 0332293 1522326 0441994 1548802 2003888 0005767 0005768 0229664 0030705 1654637 0936223 0027627 0346957 2939419 2939420 0376358 0600139 2984325 3541264 0006826 0033572 0998265 1278980 1306459 0280100 0013216 0013217 0027651 0205208 0302909 0332325 0392920 1378566 2827757 0439509
 0302523 0700325 3244290 1705535 0021083 0302189 0087111 0031843 0542341 0700205 1705273 0332149 1705910 2362652 0027651 0185117 0332448 0702249 1523986 2350467
 0038952 0220921 0027651 1518422 0332448 0702249 1523986 1705242 0013216 0013217 0392920 0436307 0459471 3173575 0332218
 0038952 0220921 0205134 0441833 0687744 1257890 1552516 1552839 1705428 1705429 2348205 1079230
 1705535 0439849 1705630 1706279 3540605 0449438 0812287
 0002778 0936012 1524024 0040223 0205435 1279901 3541383 1707520 0332448 0702249 1523986 0700364 1883351 0678226 3146286 0439092 0547044 0449719 1709471 2754810 0033268
 1517480 1521871 1705759 0015127 1314792 1524003 1514559 0332281 0001807 0004927 0027651 0580822 1578706 2707008 3273930 0027819 0700095 3540583 0681827 0947630 0079885 0812287 1705027 0035820 1705810 1879547 0040649
 0029005 0332257 1552866 2700399 0086661 1553033 0812287 1705027 0369718 0441922 1553036 0035820 0037088 0243095 2825141 0301872 0439662 0871261
 2986676 0031831 1707664 2348314 3540849
 0439267
 0018896 0449851 1547107 0026018
 0043227 0449719 1521721 1709471 0027468 0722969
 0018173 0006826 0998265 1306459 0016617 0439394
 0016820 1515981
 0016617 0006826 0998265 1306459 0035168 0242481
 1515023 1272684 1548435 1514811 1706462 0520510 0557061 2584313 1514811 1706462 0369718 0441922 1553036
 0033727 0369286 0441932 0564385
 0562547 3160718 0033727 0369286 0441932 0564385


 1522131 0039194 0007634 3282337 0243107 0678723 1527148 0037791 1511884 0031843 0542341 0700205 1705273

 2347961
 1517844
 0025141 0021966 0221138
 0475219 0439394 1706495 3642217

 0439267


 2350466 0022688 0039195 2363836 0022686 0039194 2709199 0007634 0205296 1336644 1705132 3282337 0542341
 1517844
 0310367 0750526
 0025141 2603362

 1413210 0039194 0007634 0205296 3282337 0221189 0560453 3244298 0439659 0020962 1291764 0439662 0449913 1553451 1704459
 0007634 1269647 1704653 1948049
 0027960 0324740 0439189 1456781 1824986
 3642273
 0025141 0369718 0441922 1553036

 0597277 1708601
 0033727 0369286 0441932 0564385
 0021966 0221138


 0684021


 1517844
 0025141


 2350466 0022688 0039195 2363836 0022686 0039194 2709199 0007634 0205296 1336644 1705132 3282337 0035820 1705810

 2347961


 0025141 0597277 1708601
 2652182
 0442658 1301826

 0369637 0441923
 2603360
 2347469
 0369718 0441922 1553036
 0021966 0221138


 0220920 0733511 2350466 0022688 0039195 2363836 0022686 0039194 2709199 0007634 0205296 1336644 1705132 3282337

 1417055

 0369718 0441922 1553036
 0021966 0221138


 0035820 1705810 0026428 0000325 0025732 0205263 1261473

 1417055

 0369718 0441922 1553036
 0439267
 0597277 1708601
 0369637 0441923
 0597277 1708601
 0033727 0369286 0441932 0564385
 0021966 0221138


 1819433 3159140 0033268 1412716 1424685 3539622 0039194 0007634 3282337 0022688 2363836 0022686 2709199 0007634 0205296 1336644 1705132 3282337 0205224
 0005767 0005768 0229664
 2603362
 0369718 0441922 1553036
 0033727 0369286 0441932 0564385
 0999213
 3476816 0112081 0073187
 1512024 0073187




 0035143 0214743 0020898 0021764 0022271 1704259 1705987

 1517844
 2827734 2981698 0025141 2603362
 0369637 0441923
 0562547 3160718 0369637 0441923
 0369718 0441922 1553036
 0112081 0073187

 0999213 0369637 0441923 2603362
 2603362
 2347469


 0033268 0040691 1527194 0887899 0441712 1706376 0028778 0332206 1533157 1706084 2828370 0026428 0309872 1292733 0521158 0034897 1458156 2825055

 1417055

 0369637 0441923



 2603362
 2603360

 2347048 0205090 0684010 2603358
 0442982 0033727 0369286 0441932 0564385
 2603360



 0427861 0005773 2350466 0022688 2363836 0039195 0205229 0332282 0001554 1533734
 1864650
 0025141 0369637 0441923

 0033727 0369286 0441932 0564385
 0861352
 0597277 1708601
 0328104 1415875 2826366 0205090 0684010 2603358
 0442982 2603360
 0073187
 1510707


 1879547 0040210 0030280 2350466 0030281 0022688 2363836 0039195 0022686 0039194 2709199 0007634 0205296 1336644 1705132 3282337 0178693 0681850 1550501 1706203 2349001 2697811 0205250 1274040 1546471 2825142 0427184 0700114 1879547 0020969 0020964
 0005767 0005768 0229664
 2603362
 2603360
 1415618
 0439114
 0369718 0441922 1553036
 2603360
 2603360
 2603360
 0331815 0369637 0441923


 1819431 0033268 1516213 0030705 1306459
 0063789 3272375

 0006826 0998265 1306459
 0025141 0231965 1512018 2349138 0369637 0441923
 0033727 0369286 0441932 0564385
 0597277 1708601
 2603362
 0369637 0441923 0597277 1708601



 1457869 1861101 0242656 0449258 0848076 0026764 0439064 3538749

 1417055

 0033727 0369286 0441932 0564385 1553033 2347469

 0335755 1706208

 0599896 0337076 2350466 0237876 1522138 0597360 0185117 0330390 0439096 2004068 0080202 2362651 1515021
 0005767 0005768 0229664
 0021966 0221138


 0237881 0750502 0027819 0700095 3540583
 1704648

 0006826 0998265 1306459
 0025141 0369773 2603361 0021966 0221138
 0016327 0439133 1553038
 0369773 2603361




 0205245 0542341 2700217 1880022 0009013 1522642 0024518 1753349 0019627 0027651 0086418 0205160 0205164 0439855 1513916 1578706 1704241 2825415 2825491 3273930 0027819 0700095 3540583
 1517844

 0025141 0439267
 0722969
 1512020 0073187

 0597277 1708601
 0369773 2603361
 0326117 0033727 0369286 0441932 0564385
 1553033
 0005680 0027567 0085756 0439541 0456715 0369637 0441923


 0039798 0087111 1522326 1533734 1705169 3538994 0013216 0013217 0392920 0034619 0243005 1522449 0194037 0005961 2986504 0040736 0005976 0005953 0029216 0040732 0040733 0086590 0262950 0376152 0391978 0439859 1266908 1266909 1546708 0022265 0109872 0040845 0001128 0202406 1504308
 1516476 0006826 0008059 0441833 0680063 0687744 0998265 1257890 1306459 1552516 1705428 1705429
 0369718 0441922 1553036
 1414400


 0722969 0205090 0684010 2603358

 0033727 0369286 0441932 0564385

 0919534
 0016327 0439133 1553038


 0332437 0543482 0700329 0700619 0018270 0220844 1621966 2911660 0449774 0020115 0040044 0205177 0439167 0441655 1561536
 2347379
 0000857 0600678 1552863 0439394 1706495 3642217


 1431628
 2347469
 0369637 0441923
 0722969


 2350466 0427861 0022688 2363836 0039195 0022686 0039194 2709199 0007634 0205296 1336644 1705132 3282337 0086597 0596402 0022686 0023688 0021756 0879590 0020898 0021764 0022271 1515877 1879547 0022688 2363836 0022686 2709199 0007634 0205296 1336644 1705132 3282337

 1517844
 3495095 1553033 0033727 0369286 0441932 0564385


 0002778 0936012 1524024 1880157 1511790
 1418943

 0268596 2700624
 3642273
 0041703
 0694746 0456715 0369637 0441923
 0033727 0369286 0441932 0564385

 0678223
 0597277 1708601



 0004083 0439849 0596306 0699792 1838681 0242656 0449258 0027819
 0369718 0441922 1553036
 1414400


 0000857 0600678 1552863 0012358 0012764 1444662 1512015 0073187
 0722969


 1511790 0027819 1524063 0032520 0337112 0443286 1114821 1335439 1524075

 0027960 0324740 0439189 1456781 1824986

 2827734 2981698 0025141 0073187 2603360
 0722969


 0033727 0369286 0441932 0564385
 0369637 0439394 0441923 1706495 3642217


 0020792 0205396 1880022 0086661 0029016 0086418 0679058 2700640
 0036397
 0025141 0205090 0684010 2603358

 0597277 1708601
 1704970
 1512024 0073187

 0369637 0441923

 2347469
 0718133


 2350466 0022688 2363836 0039195 0022686 0039194 2709199 0007634 0205296 1336644 1705132 3282337 0524914 0282554 0597357 1979963 2003903

 1517844
 0369637 0441923 2603362 0439114



 2347469

 0369637 0441923


 1517945 2350467 2350466 0022688 2363836 0039195 0022686 0039194 2709199 0007634 0205296 1336644 1705132 3282337 0877373 0006826 0998265 1306459

 1517844
 0439267
 0010186 0220812
 0005516

 0038817 0376223 0597277 1708601
 1705534 2603362
 0014518 0205456 0369637 0441923
 0369637 0441923
 2347469


 0243067

 1315013

 0369637 0441923
 0722969
 0456715 0369637 0441923
 0033727 0369286 0441932 0564385

 1512020 0073187

 0456715 0369637 0441923



 0005515 1521761 2827422 0033325 0278694 1135161 0027819 0700095 3540583 0441772 0033522 1709709 0557651 2603343 1516476

 1315013

 0369773 2603361 0597277 1708601
 0439394 1706495 3642217



 0282637 1881379

 1417055

 2603362
 2603360
 0369637 0441923


 0080202 2362651 1515021 0039686 0443289 0487602 1413210 1704680

 1417055

 0033727 0369286 0441932 0564385 1553033
 0335755 1706208 2347469


 0080202 2362651 1515021 0871261 0597360 0185117 0524914
 0040833 1521798 1517844
 0450348 0025141 0597277 1708601
 0597277 1708601
 2603362
 0597277 1708601

 2603360
 0369637 0441923



 0442805 0128897 1337092 1522558 0040210 2350466 0030280 0022688 2363836 0039195 0022686 0039194 2709199 0007634 0205296 1336644 1705132 3282337 0024109 0035820 0520990 1880266

 1517844
 0073187 1510707


 0282566 0260034 1142652 0026473 0033684


 0025141 0033727 0369286 0441932 0564385
 0033727 0369286 0441932 0564385 2603360
 0402830 0369637 0441923


 1292856 1948023 0023175 0027651 0181586 0220781 0439634 1442948 1522492 1522538 1578706 2348269 3273930 3275067 1513095 0007634 3282337

 1517844
 0439394 1706495 3642217 0369637 0441923
 0369718 0441922 1553036

 0439267
 0369773 2603361
 0369637 0441923


 0524637 2350466 0022688 0039195 2363836 0022686 0039194 2709199 0007634 0205296 1336644 1705132 3282337 0205250 0015219 0024660

 1417055

 1431628 0033727 0369286 0369718 0441922 0441932 0564385 1553036
 2603362
 0369637 0441923
 1539794


 1257986 0449450 2828360 2350466 0022688 0039195 2363836 0022686 0039194 2709199 0007634 0205296 1336644 1705132 3282337

 1417055



 0033727 0369286 0441932 0564385
 0016327 0439133 1553038


 0017082 0018790 0237477 0392351 0521111 0243107 0678723 1527148 0011306
 1315013
 1417055
 1517844
 0025141 0369718 0441922 1553036
 0021966 0221138


 0022688 2363836 0022686 2709199 0007634 0205296 1336644 1705132 3282337 2350466 0022688 0039195 2363836 0022686 0039194 2709199 0007634 0205296 1336644 1705132 3282337 1545588
 0063789 3272375
 1517844
 0597277 1708601 0597277 1708601

 0369637 0441923
 2603360
 0597277 1708601


 2748560 0871261 1704632 1706817 2911692 1516213 0030705 0534775 1528871 0016960 0439095 2003941 2350010

 1517844
 0439267

 0205090 0684010 2603358
 0369718 0441922 1553036
 0369637 0441923
 0205090 0684010 2603358
 0557775 1511780 0369637 0441923

 0033727 0369286 0441932 0564385
 2348952 0369637 0441923


 0920321 0557651 2603343 0534775 1528871 0016960 0439095 2003941 2350010 2350466 0534775 0030705 0280100 0027651 0205208 0302909 1378566
 1315013
 2347379



 0026376 0005532 1521991

 1315013

 0597277 1708601
 0369773 2603361
 0234884 0369637 0441923

 0597277 1708601
 0439394 1706495 3642217
 0016504 0347981 1281587 2346504 2348613 2348704 2603360
 0205090 0684010 2603358



 0020792 0205396 0851285 1368871 0027651
 0006826 0998265 1306459
 0025141 1553033 0369637 0441923



 0086661 0029016 0027651 1882062 0012634
 0029016
 0025141