 1335533 0332255 0486805 0871161 1292721
 0016327 0439133 1553038
 2347469
 0439267

 0019116 0740166 0587491 1704729 0587450 1704729 0000872 0027778
 0598934 0018270 0027651 0220844 1578706 1621966 2911660 3273930 0205177 0439167 0441655 0597304 1561536 1947941
 0686907 1514468 0150312 0449450 0006826 0998265 1306459
 2981279 0237753 0449788 0205396 1550043 1551388 0018790 0237477 0392351 0521111 0302600 1519670 0598934 0018270 0027651 0220844 1578706 1621966 2911660 3273930
 0031327 1524059 0441712 1706376 0205169 0162340
 0332185 0150312 3179307 1280500 0225336 0007634 0014257 3282337 0851827 1701901 3244310 0678594 0150312 0449450 1305923 0333463 0030705 0002726 0002395 1521724 0012634
 1547282 0534628 1332771 1705207 0023688
 1316572 1317574 1369612 0596087 0243077 0302600 1519670 1622667 1879547
 0392148 2825218 0332255 0486805 0237876 1521970 1706388 2346469 2348519
 0332462 1880834 0150312 0449450 0678594 0086597 1280500
 1512571 0359589 1999230 0233820 0042153 0457083 1947944
 0005767 0005768 0229664
 0302600 1519670 0220781 0439634 1522492 0005839 0205463 1709305 2745955 0030660 0332257 0013936 0243100 0243107 0678723 1527148 0025329 0025344 1511572 0043240 0043250 0205249 0021368 0598934 0018270 0027651 0220844 1578706 1621966 2911660 3273930 0282443 1552617 0042789 1947903
 0598934 0018270 0027651 0220844 1578706 1621966 2911660 3273930 0851827 1701901 3244310
 0332120 0013227 1521840 2986546 0005839 1555307 0039796 0723712
 0178566 1527178 1705938 0677930 0027651 0205225 0439631 1578706 3273930 0596087 0243077 0018790 0237477 0392351 0521111 0596087 0302600 1519670 1999216 0290149 0022877 1998793 3244292 0020792 0205396 0871157 1552603 1706202 0332294 0204727 0205409 0220862 0534628 0678226 1332771 1705207 0072435 0033706 0332255 1708096 2828369 0740116 2827735 2981700 0003438 0724532 0003440 0439070 1705160 0015982 0722236 0332255 0486805 0205090 0684010 2603358 0302523 0700325 3244290 0332255 0486805
 1305923 0205242 0333853 0243072
 0534628 1332771 1705207 0290149 0030956 0521116 0008976 1096775 0205210 0392366 1706907 0684224 0700287 3496591 0039798 0087111 1522326 1533734 1705169 3538994 0534628 1332771 1705207 0205263 0205197 0684320 0684321 0725685 0683954 1274040 1546471 2825142 0556991 0679138 1524063 0042153 0457083 1947944 0205227 0243077 0302600 1519670
 1274040 1546471 2825142 1518422 1955473 0680243 1280500 2986475 1548602 1704686 0557061 2584313 2827666
 0534628 1332771 1705207 0040284 0010453 0040300 0220814 0430400 1547928 1550101 1998793 2242979
 0681814 1547282 1718423 0684320 0684321 0348078 0376315 1522492 0014834 0014833 0869040 1524063 0237753 0332282 0449788 0534628 0947630 1273517 1332771 1705207 1524063 0237753 0449416 0449788 1273517 1705242
 0455052 1521827 0015127 1524003 0026193 0205165 1301751 0947630 1280500 1298908 1549444 0030705 0348078 0376315 1522492 1273517 0031874 0348078 0376315 1522492 1280500 2348382 0150312 0534628 1332771 1705207 0600688 1407029 2607943 2926606 3539655 2827666 0439792 1515981 0302523 0700325 3244290 0596087 0243077 0302600 1519670
 0815048 0040539 0600688 2348205 1305923 0012634 1314939 0002395 1521724 0012634 0002726 0002726 0022131 0162534 0085584 0332255 0486805 0348078 0376315
 0033684 0348078 0376315 1522492 0678594
 1335533 0332255 0486805 0534628 1332771 1705207 0728938 1550516 0301642 1261552 0205250 0205418 0220781 0332152 0439634 1522492 1522538 1705176 1705178
 0205265 0033684 1335533 0332255 0486805 0750490 1706221 0348078 0376315 1522492 0205418 0332152 0220781 0439634 1522492
 0225328 0333463 0333562
 0205418 1449651 0002716 0008902 0011560 0225328 0611285 0392148 0678594 1527178 1705938 2828360
 0678594 3272897 0439643 0205324 0457933 1704972 1704973
 1274040 1546471 1710548 2825142 0205148 1518422 0178663 0033684 0205397 0332501
 0745732 3272378 1514570 0033666 0033684 0332284 0597304 1709694 1947941 0205166 1706317 0442808 0282443 1552617 0042789 1947903
 0220781 0439634 1522492 0035820 0684224 0700287 0004927 2707008 0033684 0332255 0445623 0486805 1708096 0205170 0684063 3146287
 1517001 0439064 0033684 0150312 1883351 0348078 0376315 1522492 0002723 0002716 0011560 0611285
 0449911 0333052 2607870 0557702 1272706 1704674 0557702 1272706 1704674
 0678594
 0589507 1158830 1704686 0180093
 0205103 1550465 2827755 0178663 0038164 1655065 0033684 0205431 0332501 0728938 1333134 1550516 0021966 0221138 0678594 1517378 1305923
 1705176 1705178 0205103 1550465 2827755 0332256 2700400 0678594 0028778 0332206 0332583 0336721 1533157 1706084 2828370 0036588 0184512 1551994 1705176 1705178 1706853 1879748 3244295 0439070 1705160 1883351 0348078 0376315 1522492 0007610 0359583 2349187
 0004083 0439849 0596306 0699792 0023175 0205418 0220781 0439634 0549177 1442948 1522492 1522538 1979848 2348269 3275067
 0205418 1979936 0086045 1446561
 0018270 0220844 1621966 2911660 0231448 1880641 0861064 0023175 0181586 0220781 0439634 1442948 1522492 1522538 1705175 1705176 1705177 1705178 1882348 2348269 3275067 0205250 1299351 2700149 0225328 0445385
 0225328 1948066 0332529 2348042 2826345 2349187
 1522508 0042789 1947903 0678594
 1449651 0225328 0678594 3272897 0439643 0205324 0457933 1704972 1704973
 1274040 1546471 1710548 2825142 0205148 1518422 0178663 0033684 0205397 0332501
 0012751 0444706 3541902 1524063 0043301 0699788 1521970 1518422 0178663 0033684 0205397 0332501
 0220781 0439634 1522492 0080103 0869014 0557651 2603343 0282443 0042789 1947903
 0332185 0205214 1522138 3245511 0441712 1706376 2718001 0012634 0033684
 0040539 0600688 0871161 1882134 2347695 1518422 0920679 0002518 1874187 0002520 2917660 0001128 0004793 0033684 0162326 0162327 0202406 0439849 0445223 0450348 0486616 1519249 1555710 0349590 1262865 0947630 1705535 0815048 0040539 0600688 0205380 1749467 1948047 0225328 0037088 0243095 1521721 2825141 0003241 0442726 0205418 0018790 0237477 0392351 0521111 0040539 0600688 0947630 1444656 1821461 0439849 1705630 1706279 3540605 0010957 1883709
 0009450 0012634 0033672 0332198 1545587 0033164 0332281 0439172 1418941 0311448 0033684 0205161 0348078 0376315 0392148 1522492 2347472 2699333 0205418
 0333562 0600688 1407029 0332257 0270611 0599732 0010957 1883709 0002395 1521724 0012634 0205397
 0030705 0015272 0030664 0205469 0677042 0205309 0030705 0038454 0683278 0019080 0021135 1533691 2827718 0681814 0443289 0002716 0011560 0611285 0442805 0031164 0205263 0162638 0947630 1547282 1135918 0596981 1267092 0007634 0026845 0205357 3282337 0225336 0007634 0014257 3282337 0005847 0225992 1283832 0270611 0002395 1521724 0012634 0332287 1705690 0063684 1415831 0440738 0005847 0010957 0030956 0175630 1883709 1979927 0332185 1547282 0534628 1332771 1705207 0348078 0376315 1522492 1449651 0225328 1705535 0534628 1332771 1705207 0205263 0162638 0002395 1521724 0012634 0534628 1332771 1705207 0333463 2936349 0002716 0011560 0439178 0611285 1446409 1514241 2825490 0017639 0205234 1282914 0947630 0678594 1280500
 0678594 2825218 0205177 0332255 0439167 0441655 0486805 0596087 1561536 1708096
 0449379 0032143 1367601 1622667 0032144 0032140 1367553 1879547 0032144 0032140 1367553 1449651 0225328 0033164 1418941 0033684 1622667 0032144 0032140 1367553 1879547 0150312 0392148 0679209 1622667 0032140 1367553 1515981 1879547 0205198 1706082 0010813 0596311 0597304 1330957 1947941 3146294 0301642 1622667 1879547 0039224 1706073 1706074
 0449911 0039224 1706073 1706074 0557702 1272706 1704674 0557702 1272706 1704674 0039224 1706073 1706074
 0814812 1150269 0205177 0439167 0441655 1561536 1335533 0332255 0486805 0871161 1292721
 0033684 0332268 0162775 1706701 0205177 0439167 0441655 1561536 0301642 0040223 0445247 1515981 3541383 1706701 0085732 1622667 1879547
 0040539 0600688 0815048 0002518 0002520 0332291 2917660 0001128 0004793 0085862 0162326 0162327 0202406 0450348 1299583 1519249 1883727 1883357 1705535 1704259 1705987 2987476 2364020 0032144 0242210
 0332255 0486805 0332256 2700400 0678594 0678594 2825218 1273518 1280500 2986475
 2349182 0392148 0033684 1882932 1707959 0034037 1704324 0332185 0599840 0033684 0282443 1552617 0042789 1947903
 0441712 1706376 0032144 0032140 0332307 1367553 1547052 0032144 0032140 0332307 0596087 1280500 1367553 1547052 1880177 0205198 1706082 0035820 0205309 1705810 0024348 1536403 0016017 1305868
 0032144 0032140 1367553 0032140 1367553
 0016016 0009074 0302148
 0035820 1705810 0009074 0024348 0302148 1536403 0032144 0032140 1367553 0016016 0031843 0542341 0700205 1705273 1184743 1522240 0332257 0443252 0032144 0032140 1367553 2754100 0007587 0007634 0011065 0205396 0521390 1269647 1306577 1363844 1550043 1551388 1704653 1948049 0332282 0022116 0270611 3263722 3263723 0017789 0220839 0007785 0917798 0022116 0205234 1517052 0597297 0597304 1623036 0243125 0699900 0015127 1524003 2754100 0011065 0521390 1306577 0150312 1622667 1879547 0205263 0220781 0439634 1522492 1517052 0597297 0597304 1623036 0243125 0699900 1383501 0033684 1704640 1706515 0332257 0055023 1336937 0016055 0022984 0032214 0600138 0443161 0699900 1265875 0162638 1274040 1546471 2825142
 0205263 0857127 0225336 0007634 0014257 0023175 0181586 0541879 0595950 1269647 1442948 1522538 1704653 1948049 2348269 3275067 1516326 0021467 0021469 1628982 3463820 1261381 1948029 0684320 0684321 0681088 1547282 1622667 0032140 1367553 1879547 0205263 0541879 0595950 0162638 0032144 0032140 1367553 0018555 0008120 0016030 0018557 0029939 0152035 0227898 1278992 1135918 0596981 1267092 0007634 0026845 0205357 3282337 0700364 1883351 1273518 0035820 1705810 0016016 1517331 0037088 0243095 1521721 2825141 0036764 0015576 1704727 0018790 0237477 0392351 0521111 0040539 0600688
 1883727 1883357 1622667 1879547 1305923 0205263 1517052 0243125 0699900 1517945 0887869 0205675 0185023 0205145 1947904 1999228 0678226 0541879 0595950 0162638
 1512571 2349182 0597357 0086597 0871261 1704632 1706817 2911692
 0332120 0597357 1145667 1167622 1305923 1412278 0597357 0450382 1314939 0441712 1441414 1553874 1578820
 0205170 0443211 1272684 3146287 0040539 0600688 0033268 0332453
 0040539 0600688 0015127 1524003 0016693 0332281 0038836 0033268 0302912 0332296 1880497 1996904 0678227 0023779 0010957 0033684 1883709 0553702 0006675 0006726 0086045 0175996 0178719 0205217 0442805 1446561 2936886 2349182 1512571 2827734 2981698 2347946 0596087 0233426 0243077 0302600 0678594 0871161 1292721 1519670 0002518 0682967 0002520 2917660 0001128 0004793 0162326 0162327 0202406 0205225 0439631 1519249 1883351 0750591 0013227 1254351 0678594
 0740116 2827735 2981700 0728866 0728867 1411996 1280500 2348382 0039224 1706073 1706074 0745732 3272378 0184511 0332272 1561611 1521761 1883712 2827422 0205309 1883351 0442805 0040539 0600688 0023810 0041368 1323304 1456820 0333516 0027540 0027651 1334928 1521761 1578706 2827422 3273930 0021747 0733470
 0439086 2827736 2981702 0042153 0457083 1947944 1305923 0332255 0486805 1708096 0348078 0376315 1522492 0205418
 0243077 0850310 3154893 0678594
 0205177 0439167 0441655 1561536 0332255 0486805 1883708 0596237 0006826 0009566 0205210 0998265 1171258 1306459 1880177 0002726 0441471 3541888
 1316572 1317574 1369612 0556981 1524062
 1706852 0034036 0034037 1272684 1548435 1704324 0004448 0030561 0331677 1301820 1824032 0221193 1547282 0002716 0011560 0030956 0611285 0018790 0237477 0392351 0521111 0302600 1519670
 1274040 1546471 2825142 1883712 0002716 0011560 0030956 0611285 0032144 0032140 0332307 1367553 1547052 0183683 1521721 1512571 0332255 0486805 0871161 1292721
 2825232 1515023
 1272684 1548435
 2825232
 0005767 0005768 0229664 2348291
 0006826 0013331 0037455 0998265 1306459 1521721
 3273171 0016327 0439133 1553038
 2347469
 0439267
 0587491 1704729 0000872 0027778
 0013849 1705961 0024492 1538057 1547565 0027778 0560008 1514811 1706462
 1536999 0302600 1519670 0012634
 0349590 1262865
 0025141
 1519670 0027651 0302600 1578706 3273930

 0025141 0039676 2349943 3539704
 0290149 0596087 0302600 1519670 1999216 0086597 1513178 0221103 0301625 0439181 0728721 0243038 0684249 0007097 0024109 0819757 1278908
 0007634 1269647 1704653 1948049
 0025141 0039676 2349943 3539704
 0534628 1332771 1705207 0596087 0205227 1999216 0598934 0018270 0027651 0220844 1578706 1621966 2911660 3273930
 0007634 1269647 1704653 1948049
 0025141 3540510
 0072435 0033706 0332255 1708096 2828369 0740116 2827735 2981700 0018790 0237477 0392351 0521111 0007595 0018270 0220844 1621966 2911660
 2347379
 0025141 0039676 2349943 3539704
 0200416 1152590 1152593 0205177 0439167 0441655 1561536
 0036397
 0027971 1552950
 0332255 1708096 0332454 0005839 0018790 0237477 0392351 0521111 0018270 0220844 1621966 2911660 3161035
 0006826 0998265 1306459
 0025141 3539879 0022773 0018510 0677607
 0920321 0178693 0557651 2603343 0030705 0280100 0027651 0205208 0302909 1378566

 0023128 0731033 1881413 0442027 0439267
 0290149 0877373 0006826 0998265 1306459 0201734 0023981 1705187 0557651 2603343
 2347379
 0039676 2349943 3539704 0039676 2349943 3539704
 1704426 0045246 0030956 0015272 1979963 2003903 1279919 0205177 0439167 0441655 1561536 1710082 0008976 0000857 0600678 1552863
 1515948 1274034 0037455 0205210 0278627 0596070 0450355
 0008044 0020898 0021764 0022271

 0000857 0600678 1552863
 0039676 2349943 3539704
 0920425 0949266 0039798 0087111 1363945 1518422 0205263 0013203 0013227 0237834 1254351 1514892
 0349590 1262865
 0025141
 0920425 0039798 0087111 1363945

 0036397
 2348513 3538902
 0205160 1513916 2825415 2825491 0439178 1446409 1514241 2825490

 0439084 0728893 0025141
 1555307 3161035 0023449 1961102 0085669 0280141 0023448 0023418 0024264 0205178 2939172

 0439084 0728893 0025141 0205090 0684010 2603358
 0036536 0036537 0025914 0025929 0026809 0018956 0038250 2323499 0007634 0018957 0229601 0242767 1186763 3282337

 0439084 0728893 0025141 0369637 0441923
 0332268 1520166 3161035

 0025141
 0534628 1332771 1705207 0205263 0541879 0595950
 2347379
 2827734 2981698 1261082 1551056 2981682
 1705207 0534628 1332771 0348078 0376315 1522492 1449651 0225328 1145667 1167622 0022686 0677881 1511636 0021135 1533691 2827718

 0025141 0012836
 0162847 0033684
 0349590 1262865
 0025141 0566520
 0030664 1521733 0220781 0439634 1522492 1159342 1327616 1704259 1705987

 0025141
 0002723 0002716 0011560 0611285


 0162847 0185026
 0349590 1262865
 0025141 0369637 0441923 0016327 0439133 1553038
 0040539 0600688 0441712 1706376
 0349590 1262865
 0450381 0025141 0012836
 1512571 1272688 1280477 1546466 0039796 0723712
 0036397
 0439267
 0681797 0002395 1521724 0012634 0333051 2347509 0012634 0035820 1705810
 2347379
 0450388 0025141 0021966 0221138
 0018790 0237477 0392351 0521111 0206249 2984294 0443252 0205166 0279023 1515273 1705313 1706317 2826302 1515655
 0349590 1262865
 0025141 0205090 0684010 2603358
 0678594 0441712 1706376
 0036397
 0205090 0684010 2603358
 0032027 0332255 1708096 0600688 1407029 0032027 1553033

 0025141 2347310 3642216
 0006104 1269537 0933845 0002726 0002716 0011560 0611285

 0025141 1420193 1425679 1862190 3538902 3476815
 0184524 1515926 0521167 0948163 0002395 1521724 0012634
 3642273
 0000857 0600678 1552863 0040302 1553045 1704756
 0333279 2937358 0019080 0442111 0231242 1522701 0085220 2931784 0002716 0011560 0042373 0611285

 0000857 0600678 1552863 0369637 0441923
 0078939 0611285 3484390 0002716 0011560 0030956 0330390 0439096 2004068 0205263 0031164 0178666 0005528 0017725 1317949 3495449 0205263 3156636 0162638

 0450387 0025141 0369637 0441923 3540639
 0234958 0333467 1281300 0011164 1880269 0085220 2931784 0002716 0011560 0042373 0611285 0002395 1521724 0012634
 2347379
 0025141 3540639 0021966 0221138
 0597879 0333463 0005847 0005854 1305865 0005767 0005768 0006104 0229664 1269537 1706912 0002395 1521724 0012634
 2347379
 0025141 3540639
 0154671 0011164 1880269 0002395 1521724 0012634

 0025141 0439254 0230613
 0063684 1415831 0002716 0011560 0611285 1305923 0005477 0031842 0031843 0031842 0031843

 0439086 2827736 2981702
 1261082 1551056 2981682
 0032143 1367601 0019633 0032144 2713035 0032140 0040300 0332307 1367553 1547052 1547928 0597357

 0025141 0031831 1707664 2348314 3540849
 0521390 0333562 0006104 0030705 0002395 1521724 0012634

 0205090 0684010 2603358 0043092
 0033684 1622667 0032140 1367553 1879547

 0025141 0439254
 1292856 1948023 0243071 0078939 0611285

 2827734 2981698 0025141 0369637 0441923 0205090 0684010 2603358 0031831 1707664 2348314 3540849
 1622667 0032140 1367553 1879547 0033164 1418941 0033684 1948023 0009968 0851285 0851827 1701901 2347872 2348263 3244310
 0005477
 0025141 1825831
 0025914 0025929 0026809 0332268 0032143 1367601 0314611 0019633 0032144 2713035 0032140 0040300 0332307 1367553 1547052 1547928 1547282 0521102 3544403 1275670 1948058 1704259 1705987 0596975
 0041703

 1326504 0600210 1533574 1881827 0025914 0025929 0026809 0521111 0332268 1367553 0017337 0032143 1367601
 0041703

 0032143 1367601 0032144 0040297 0032140 0040300 1367553 1547928 0031843 0542341 0700205 1705273
 2826298
 0025141
 2754100 0011065 1306577 0016016 0022984 0243125 0699900 0033414
 0007634 1269647 1704653 1948049
 0025141 1275573
 0027746 0011164 1880269 0036572 1959629 0032143 1367601 0032144 0032140 0040300 0086597 0127400 1367553 1547928
 0349590 1262865
 0025141
 0032143 1367601 0032144 0032140 0040300 1367553 1547928 0032144 0032140 1367553 0442805 0270611 0010957 1883709 1883559 0332307 0445392 1547052 0025914 0025929 0026809

 0025141 3539653
 0055023 1336937 0392756 0547047 3156636 0162638

 0025141 0369637 0441923 0439267 0039247
 0060335 0163275 0205263 0541879 0595950
 1315013
 0439083 0439087 0025141 0205090 0684010 2603358
 0016016 0007577 0001511 0175633 0055023 1336937
 2347379
 0025141 0369637 0441923 0033727 0369286 0441932 0564385
 1709060 0003641 0003242 0162594 0003241 0021027 0018790 0237477 0392351 0521111 1261381 1948029 0007634 3282337

 0025141 3538705 0205090 0684010 2603358 0036243 1539696 1825840 3539736
 0127082 1417199 0623362 0025543 1704640 1706515 1879547 0441712 1706376 0684320 0684321
 3642273
 0205090 0684010 2603358
 2936358 0030190 0030946 0132332 1418552 1947941 0018790 0237477 0392351 0521111 3266896 0162638
 0201682

 0016016 0205263 0872097 1135918


 1412278 0597357 0162574 0243122 1145667 1167622 1514562 0018790 0237477 0392351 0521111 0600210 1533574 1881827 0027627 2939420
 2347379
 0205090 0684010 2603358
 0086597 1280500 0225336 0007634 0014257 3282337

 0016327 0439133 1553038 0369637 0441923
 0038836 0016693 0302912 0332296 0439807 1880497 1996904 0006675 0006726 2936886 0086597 1420510 0330390 0439096 2004068 2827734 2981698 0205263 0040539 0600688
 2347379
 0025141 0369637 0441923 0033727 0369286 0441932 0564385
 0332255 0486805 0205263 3156636 0162638
 0014257
 0439084 0728893 0025141 3539078 1235746 1882141
 1280500 0010957 1883709 0034693 0034721 0078939 0611285 3484390
 2347379
 0450389 0025141 2825879 0002716 0011560 0030956 0330390 0439096 0611285 2004068 1155266 0871261 0023810 0205263 0021740 0021745 1149405 2757040 0017011 0021747 0733470 1552644 2349976 0205179 0598528 0007600 0206116 0007634 0205132 1269647 1550648 1552960 1704653 1948049

 0025141 1708595 3280986
 0205419

 0450387 0025141 0445574 1706141
 0016057 0018790 0237477 0392351 0521111 0302600 1519670 0018270 0220844 1621966 2911660 0147139 1336626 0076560
 0041703
 1419337 3539667 1419337 3539667 3540812
 1622667 1879547 0040300 1547928
 0220781 0439634 1522492
 0201682
 1419337 3539667 3540812 1419337 3539667
 1159962 0220781 0439634 1522492 0032140 1367553
 0443264 0040300 1547928
 1315013
 0025141 1419337 3539667 3540812 1419337 3539667
 0032143 1367601 0032144 0032140 0040300 1367553 1547928 0042071 1335224 1522670 2349975 0243122 1145667 1167622 0076560
 0201682
 0205090 0684010 2603358 0597277 1708601 0043092
 0234112 0033706 2828369
 2347379
 0025141 0282379 0332281
 0030956 0018790 0237477 0392351 0521111 0302600 1519670

 0025141 0439254
 0250870 0919445 1152590 1152593 0036764 0427861 0014597 1273342 0006141 0007634 0086418 0221908 0929301 3282337
 0036397
 0025141
 0032143 1367601 0019633 0032144 2713035 0032140 0040300 0332307 1367553 1547052 1547928 1332838 1521840 2986546
 0041703
 0027951 3540591
 0017968 0205177 0439167 0441655 1561536 1514490 0019602 0033382 0086597 0127400 0699759 1880389 1883221 3541951
 2347379
 2700323
 0000894 0032143 1367601 0032144 0032140 0040300 1367553 1547928 1455836 1616557 0025248 0243518 0017968 0019602 0033382 0699759
 0201682

 1880022 0040300 1547928 0032144 2756980 0032140 1367553 0015982 0439855 1704241 0596448 1517892 1704666 1883351 0332255 1708096
 0201682

 0054543 1413096 0332255 0486805 1516868 0243077 1260953 0598934 0018270 0027651 0220844 1578706 1621966 2911660 3273930
 0005767 0005768 0229664
 0027971
 0108187 1413107 0054543 1413096 1145667 1167622 0032143 1367601 0019633 0032144 2713035 0032140 0040300 0332307 1367553 1547052 1547928 1518422 0185026 1514873 0026377

 0025141 0033727 0369286 0441932 0564385
 1704675 0032143 1367601 0032144 0032140 0040300 1367553 1547928
 1627358 2349975 0019796 1333908
 0201682
 0349396 1150640 0445574
 2249823 0021467 0021469 1628982 3463820 0039798 0087111 1522326 1533734 1705169 3538994 0920591
 0006826 0998265 1306459
 0025141 0597277 1708601
 1510884 0281318 2267119 0021467 0021469 1628982 3463820 0030956
 0302600 1519670
