 1120843 0752312 1979930 0086597 0429381 2982003 0027788 0234084 0027740 0027757 0232217 0439830 0457405 1280541 1547053
 0080045
 0205090 0684010 2603358
 0036375 0041740 0035171 0035168 0242481 1707689 2983265 0557061 2584313 1514811 1706462 0557651 2603343 0332128 0035820 1705810 1456380 0860803 0017725 2987487 0429381 2982003 0027788 0234084 0027740 0027757 0232217 0439830 0457405 1280541 1547053 1521970
 1879547 0429381 2982003 0027788 0234084 0027740 0027757 0232217 0439830 0457405 1280541 1547053 0034693 0034721 0038432 0205263 0241863 0444706 3541902 0332293 1522326 1999216 2348243 0002003 1412322 0030016 0682934 1999216 0021641 1533581 1579433
 0017070 1547282 1879547 0439230 0011847 0011849
 0745343 0039798 0087111 1522326 1533734 1705169 3538994 1882115 1879547
 1879547 0205197 0039798 0087111 0439230 1522326 1533734 1705169 3538994 0309872 2348243 0002003 1412322 0030016 0682934 1999216 0905478
 0242349 0392752 1879547 0007610 0031437 1879547 2963144 0021467 0021469 1628982 3463820 0913456 1515981 1999216
 0019939 0037925 1278836 0521329 1550235 1552938 1706500 0150312 0449450
 1879547 0021467 0021469 1628982 3463820 2963144
 0039798 0087111 1522326 1533734 1705169 3538994 1999216 0913456 0905478 0301630 0441610 0457378 0429381 2982003 0027788 0234084 0501385 0027740 0027757 0232217 0439830 0445254 0457405 1280541 1547053
 2607943 2926606 3539655 1705535 2348693 0023175 0181586 1442948 1522538 1879547 2348269 3275067
 1879547 0086597 0392747 0443172 0031437 1285572 0332148 0750492 2987487
 0021641 1533581 1579433 2348243 0002003 1412322 0030016 0243077 0682934 0309872 2348693 0450442 1254351 1521826 0309872 2987487
 0429381 2982003 0027788 0234084 0027740 0027757 0232217 0439830 0457405 1280541 1547053 0429381 2982003 0027788 0234084 0027740 0027757 0232217 0439830 0457405 1280541 1547053 0011847 0011849 1709305 2745955 0030705 2827734 2981698 0003064 0003062 0022877 3244292 0740116 2827735 2981700
 0439086 2827736 2981702 2348243 0002003 1412322 0030016 0243077 0682934 0309872 0457379 0429381 2982003 0027788 0234084 0501384 0027740 0027757 0232217 0439830 0439834 0457405 1280541 1513492 1547053 1705994 0034693 0034721 0011847 0011849 2349179 2826544 2924612 0444930 1552961 2347617 2746065 0013227
 0392747 0443172 0449432 1705248 0002424 0442592 0439084 0728893
 1517892 1704666 1704259 1705987 1853126 1527178 1874451
 0342257 0008976 0009566 0011847 0011849 0243148 1171258 1550141 1882979 2587213 3274648 0205234 1285542 0004268 0015127 0205225 0439631 1524003 0342257 0009566 1171258 0017725 0015127 1314792 1524003 0342257 0009566 0011847 0011849 1171258
 0332185 1979930 0033684 1120843 0033414 0205392 0392747 0443172 3540770 0031437 1285572 0017725 0442818 0015127 1524003
 1547282 1879547 0027882 0017725 0442818 0010453 0220814 0430400 2242979 0027740 0027757 1280541 0034693 0034721 0241863 0038879 1278864 0027740 0027757 0370003 0626053 1280541 1515981 0030705
 0150312 0449450 0557651 2603343 1707689 2983265 1883351 0022885 0039593 0392366 1512571 2987487 0348078 0376315 1522492 1179435 0449432 1705248 0034693 0034721 0241863
 1883351 0913456 0079411 0205436 0457385 0565930 1561503 1705190 1999216 3146294 1273517 0018790 0237477 0392351 0521111 0597298 0597298 0040300 0521390 1547928 1301751 1280500 2348382 0041485 0031727
 0264886 0243067 2348243 0002003 1412322 0030016 0243077 0682934 0392366 1704259 1705987 1314939 1879547 0011847 0011849 0039593 0392366 1280500 2348382 1879547 0429381 2982003 0027788 0234084 0027740 0027757 0232217 0439830 0457405 1280541 1547053 0031119
 0035171 0035168 0242481 1707689 2983265 0086912 0035171 0035168 0242481 1707689 2983265 0557061 2584313 1514811 1706462 0557651 2603343 0681814 0683454 0021966 0221138 1457900 0009932 0243148 0441833 0687744 1257890 1550141 1552516 1552839 1705428 1705429 1882979 2587213 3274648
 0557651 2603343 0392366 1518681 1280500 2348382 2348243 0002003 1412322 0030016 0682934 1999216 0185117 1301808 1442792 3148680
 0557651 2603343 0332128 1280500 2348382 0021641 1533581 1579433
 0681814 1706386 0332128 1280500 2348382 2982003 0457378 0429381 2982003 0027788 0234084 0501385 0027740 0027757 0232217 0439830 0445254 0457405 1280541 1547053
 0003062 0011847 0011849
 0557651 0947630 2603343 0034716 0034693 0034721 2700262 1514721 2348147 3542016 0439267
 0011847 0011849 0021493 0021485 0038432 0205263 0442120 1272883 1533685 1828121 0038432 1539862 1719918 3538743 0445115 0036082 0205307 0439166 2347086 1549535 0178602 0869039 1114758 0439272 0022718 0439209 0439269 1960952 2346927 1521801 0554816 0332170
 0439228 0017725 0031752 0444706 3541902 0005767 0005768 0229664 0034693 0034721 1532563 0557651 1548437 2603343
 0003062 0441833 0687744 1257890 1552516 1705428 1705429 0020056 0443225 0444454 1554204 0016452 0043047 0599638 1550678 0087111 1442162 1550718 3244317 1704788 3539106
 0087111
 0021467 0021469 1628982 3463820 1524063 0905478
 0444706 3541902 2983605 0009830 1947907 0034693 0034721
 2700323
 0034693 0034721 0020056 0205449 0441833 0687744 1257890 1552516 1552839 1705428 1705429 0905478 1999230 0178602 0869039 1114758 0012155 0439267 1442959 1519433 1524062 2983588 0221170 1883043 1881534 0043047 0599638 1550678
 0012155 1442959 1519433 2983588 1999230 0332173 0332287 0814150 1979886
 0034693 0034721 0558295 1548789 3543840 1883043 0439751 0444667 1265611 0332173 0439228 0439505
 0043096 2911645 0005910 0043100 1305866 1517945 1705104 0332261 1947932 0221191 1265611 1883351 0205163 1549782
 0913456 1999216 0178602 0439269 0869039 1114758 1442162 1550718 1960952 2346927 3244317 0041281 0038960 0599956 1382107 1705537
 0039798 0087111 1522326 1533734 1705169 3538994 0439659 0205548 0521091 0750484 0001554 0038432 0332173 0439228 0439505 1533734 1539862 0444496 0442711 0444930 1314677 1507394 1522729 2348563 2746065
 0745343 0039798 0087111 1522326 1533734 1705169 3538994 0205448 0443315 1442162 1550718 3244317 0042789 1947903 1522508 0011847 0011849 0332155 0439230 1272689 0205088 0439230 1314677 1546485
 0040300 0242485
 0444930 2746065 0442711 1507394 1522729 2348563 0034693 0034721 1720436 0022180 2982003 2982003 0444706 3541902 1552738
 0003062 1883708 0225883 1269891 0018827 0205090 0232101 2355627 0002932 0040300 0205239 0175730 1547937 1704474 0442504 0013239 0011682 0020746 0205222 1512080 0005507 0243073 1510438
 0681814 1314939 0905478 0036394 1278851 0027740 0027757 1280541 0034693 0034721 0849355 0242485 0017725 0016745 0037688 1552738
 0681814 0087111 1419676 0017070 0017070 0600209 0849355 1704732 0005863 1552738
 0332157 0003241 0021027 1456380 0079809 0242485 0555903 1261360 0033684 0439175 0439810 0034493 0740116 2827735 2981700
 0027965 1257988 0003241 0021027 0079809 0242485 1879547 0034493

 0017243 1883708 0441633 0597879 0750572 1524063 0037585 0870132
 0017243 1708639 0017243 1382104 1515981 1708639 0034693 0034721
 0017243 1382104 0370003 2347026 0332155 0332293 1522326 0681814 1706386 0725813 0444504 1522609 1882115 2347634 2348143 0017243 0243148 0445247 1382104 1550141 1882979 2587213 3274648
 0597879 0439177 0555903 1261360 0033684 0439175 0439810 1882115 1292533 0370003 2347026
 0562342 0750572 0185117 0392747 0443172 1705241
 0442739 1548568 0392747 0443172 0205397 0184661 1948041 2700391 3274430 3538935 3539779 0231175 1314677
 0557651 2603343 0034693 0034721 0398345 0003842 0031001 0221464 0231441 0443218 2827483 0070066 0002932 0205155 1293097 1522472 1552923 1705191 0242349 1521827 1552738
 0205155 1293097 1522472 1552923 1705191 0017070 0037925 1278836 0441918 0521329 1179698 1416177 1515981 1550235 1552938 1706500 0597879 2986582 0555903 1261360 0033684 0439175 0439810 0079240 1948037
 0005574
 0033684 0079240 1948037

 0002778 0936012 1524024
 1707455 0036588 0332256 0681814 1551994 1706386 2700400 3244295 1881534 0042789 1947903 0039224 1706073 1706074 1707959
 0441833 0687744 1257890 1552516 1704970 1705428 1705429 1707455 1524063 1709320 0456603 1547037 1444656 1704970 1707455 1524063 0022885 0392366
 0449911 0039224 1706073 1706074 0557702 1272706 1704674 0557702 1272706 1704674 0005911 0392747 0443172 0202042 0455280 0017725 0032105 1550098 0870883 2698672 0444706 3541902 0282334 0035171 0035168 0242481 1707689 2983265 0557061 2584313 1514811 1706462 1518681 1280500 0005910 1305866 0043100 0242821 0460148 1268086 1705104 0011847 0011849
 1511726 3245479 0039224 1551058 1706073 1706074
 2348243 0002003 1412322 0030016 0682934 1999216 1999216 0392760 1314939 0005910 1305866 0043100 0242821 0460148 1268086 1705104 0005802
 0392747 0443172 0205397 0011847 0011849 0439793 0599946 2983285 0449234 1704772 1882133
 0005802 0683607 0003062 1517378 0005910 0043100 1305866 1705104 1301820 1706701 0043100 0920298
 1518681 1280500 0205474 0439828
 2348693 0039224 1706073 1706074
 0441889 0016745 0439272 2346927 0022718 0439209 0439269 0905478 1882115 1960952
 0021467 0021469 1628982 3463820 1704259 1705987 0905478 0332281 0237881 0442805 0750502 1546944 0017725
 1456380 0522501 0949466 0457468 0017070 0034693 0034721 0241863 0392747 0443172 1705241 1265611 1171362 0185117
 0332290 1511726 3245479
 0039798 0087111 1522326 1533734 1705169 3538994 0243148 1550141 1882979 2587213 3274648 1280500 2348382 0205397 0242349 0042789 1947903
 0745343 0040808 0039798 0087111 1522326 1533734 1705169 3538994 1882115 1879547 0039798 0087111 1522326 1533734 1705169 3538994 0349966 1337208
 0017070 0752312 1979930 0033640 0018284 0026249 0031727 0033684 1879547 1280500 1280500 2348382 0027788 0027740 0027757 0232217 0457405 1280541 0877008 1524081 0021467 0021469 1628982 3463820 0036394 1278851 0027740 0027757 1280541 1881534 0349966 1337208
 0868928 1533148 0039798 0087111 1522326 1533734 1705169 3538994 0205177 0441889 0456079 1547707 2946261 1274040 1546471 2825142 2348205 1511501 0003062 0243148 0870432 1550141 1882979 2587213 3274648
 0178602 0869039 1114758 0441994 1548802 2003888 1883351 1705417 0021467 0021469 1628982 3463820
 1257988 0003241 0021027 0597298 1518422 0913456 0311403
 0017067 0005863 0031727 0248813 0872123 0872053 1334482 1367019 0031727 0030695 0150369 0181904 0596972 1521743 1704646 0678612 0037791 1511884 0752312 1979930 0033640 0018284 0026249 0031727 0033684 1879547 0238767 1706086 0011847 0011849 0038432 0205263 1539862 1879547
 1999216 0043194 0258432 1280500 1421478 2348382
 0449911 0333052 2607870 0557702 1272706 1704674 0557702 1272706 1704674 0349966 1337208
 2827734 2981698
 0684240 1547282 1518681 1280500 2348243 0002003 1412322 0030016 0682934 1999216 0905478 0021641 1533581 1579433 0021102 2926601 1513344 1449702 1171350 3537023 3537035 1999216 0913456 1879547
 1185738 1706132 1547282 0034693 0034721 0243148 1550141 1882979 2587213 3274648 1185738 1706132 1547282 0034693 0034721 0241863 1185738 1706132 1547282 0003062 0332293 0021641 1522326 1533581 1579433 0905478
 1707156 3274014 3541345 1547282
 0868928 1533148 1280500 2348382 0243148 1550141 1882979 2587213 3274648 0237881 0750502 1546944 0369773 2603361 1280500 0021641 1533581 1579433 0913456 0241863 0332155 0441833 0687744 1257890 1552516 1552839 1705428 1705429 0369773 2603361
 1547282 0370003 2347026 0017243
 0370003 2347026 0017243 1282910 1709450 0441994 1548802 1709450 2003888 0439175 0439810
 0034693 0034721 0243148 1550141 1882979 2587213 3274648
 0034693 0034721 0241863
 0034693 0034721 0241863
 0449911 0333052 2607870 0557702 1272706 1704674 0557702 1272706 1704674 0349966 1337208
 0740116 2827735 2981700
 0949466 1547282 1155551 1879547
 0027740 0027757 1280541 0034693 0034721 0241863 0441889 0456079 1547707 2946261 0080103 0205345 1547039 0369773 2603361 2348205 0017070 0349966 1337208 0017070 0028778 0332206 2983591 0205197 0369773 2603361 0039798 0087111 1522326 1533734 1705169 3538994 0913456 1999216
 0034693 0034721 0243148 1550141 1882979 2587213 3274648
 0073187 0034693 0034721 0241863
 3538902 3541881 0034693 0034721 0241863 0332293 1522326 1999216
 0242349 0205155 1293097 1522472 1552923 1705191 0037925 1278836 0206243 0699809 0243148 0439787 0849355 1550141 1882979 2587213 3274648 0034693 0034721 0241863 1524063 1257988 0003241 0021027
 1274040 1546471 2825142 0521093 0750484 0005863 0441833 0687744 1257890 1552516 1552839 1705428 1705429 0349966 1337208 1547282
 0439086 2827736 2981702
 0205155 1293097 1522472 1552923 1705191 0332157 0175668 0003241 0021027 0027627 0205436 0274281 0332157 0020960 1547282 0597879
 0017067 1547282 0016318 0079603
 1518422 0031437 0205396 0439849 0445223 0521390 1285572 1705683 1707959 0007610 1547282 0016315
 1979874 0017067 0870432 0016315 3146324 0007610 1879547
 0016315
 0475264 1744691 0332290 0007610 1280500
 1879547 0905478 0309872 0301630 0392756 0441610 0016315 0037640 0441889 0456079 1547707 2946261 3146324 0007610 0700364 1883351 0441994 1548802 2003888 0349966 1337208
 0016315 0039798 0087111 1522326 1533734 1705169 3538994 0309872 0913456
 0037925 1278836 0521329 1550235 1552938 1706500 0011847 0011849 0033414 1819041 0599177 1326120 1879547 0008407 1413376 0001068 0001390 0008405 0205396 1550043 1551388 0349966 1337208
 1326120 1879547 0206116 1879547 0027836 0007634 3282337
 0444868 1879547 3539085 0311403 0905478
 1316572 1317574 1369612 0599444 0007634 0026609 0034693 0034721 0241863 0242821 0392756 1269647 1704653 1948049 1995017 0349966 1337208
 0905478 0309872
 0449911 0333052 2607870 0557702 1272706 1704674 0557702 1272706 1704674 0349966 1337208
 0439086 2827736 2981702
 1547282 0597879 0449234 1704772 1882133 1269775 0221205 0332583 0037925 1278836 0521329 1550235 1552938 1706500 0017070
 1517586 0012634 0348080 1705253 0439745 0040300 1547928 0349590 1262865 1412573 2350443 3539770 0240341 0596928 1547282 0233426 0700364 0034693 0034721 0332293 0913456 1120843 1522326 1999216 0205155 1293097 1522472 1552923 1705191 0332157 0175668 0003241 0021027 0027627 0205436 0205225 0439631 1518422 0523826 1676384 0003241 0021027

 2347469
 0017070 1547282
 1550235 1552938 1706500 1819041 0599177 1879547 1456380 0011847 0011849 0007634 3282337 2347469
 0032863 0205177 0439167 0441655 1561536 2963144 0205396 0487602 1550043 1551388 1704680 0008407 1413376 0001068 0001390 0008405 0521125 0440277 0475654 1313858
 0039798 0087111 1522326 1533734 1705169 3538994 0392756 1326120 1879547
 0011847 0011849 0392756 0905478 1555029
 0017070 1511501 0003062 0243148 1550141 1882979 2587213 3274648 1552846 1553033 0007610 1547282 0597879 0034693 0034721 0241863 0007610 1547282 0487602 1704680 0034693 0034721 0241863 0332293 0905478 1522326 0487602 1704680 0332197 2699517
 1882932 0369637 0441923 0369637 0441923 1515981
 1883351 0021467 0021469 1628982 3463820 0686907 2982003 2982003 0444706 3541902
 0034693 0034721 0241863 0870432 0301630 0392756 0441610 2982003 1511501 0003062 0243148 1550141 1707455 1882979 2587213 3274648 0369773 2603361 0039224 1706073 1706074
 0162429 2987487 0205197 0039798 0087111 1522326 1533734 1705169 3538994 0309872 0913456 0905478 0234084 0439830 1705242
 0034693 0034721 0241863 0003062 0243148 1550141 1882979 2587213 3274648 1511501 0039798 0087111 1522326 1533734 1705169 3538994 1555029 2987487 0011847 0011849 0205156 0332155 0439230 1552607
 0449911 0039224 1706073 1706074 0557702 1272706 1704674 0557702 1272706 1704674 1706074 1511726 3245479 0205436 0457385 0565930 1561503 1705190 1280500 0905478 1513344 1449702 1171350 3537023 3537035 1999216 1456380 0035171 0035168 0242481 1707689 2983265 0557061 2584313 1514811 1706462 0557651 2603343 1547282 1819041 0599177 1879547 1120843 0027882 0457468 0017070 0229020 1281807 0034693 0034721 0241863
 1879547 0913456 0311403 0332290 0205254 0243122 1145667 1167622
 1879547 0011847 0011849 0521093 0021641 0750484 1280500 1533581 1579433 2348382 0441889
 0020985 0042789 1947903 1515926 0025320 0392747 0443172 0237400 0392747 0443172 3272377 0449438 0031715 1158886 0014442
 0242349 1547282 0392747 0443172 1709305 0007610 0017070 1186181 0205955 0011847 0011849 0205263 1314939 1879547
 1881534 1516084 0031437 0597879 0205375 1608508 0349966 1337208
 0037925 1278836 0521329 1550235 1552938 1706500 0034693 0034721 0241863 1819041 0599177 1879547 1456380 0026609 0205397 0449475 0018220 0007634 0205170 0332307 0556636 1269647 1269776 1704653 1948049 3146287
 0599444 2752549 0007634 0242821 1269647 1704653 1948049 1995017 0034693 0034721 0241863 0302523 0580836 0700325 3244290 0439086 2827736 2981702 0004462 0005528 1317949 3495449 0004461 0008407 1413376 0001068 0001390 0008405 0332285 0036394 0034693 0034721 0241863
 0302523 0700325 1964257 0359589 1999230 0681841 0301630 0392756 0441610 0599444 2752549 0007634 0242821 1269647 1704653 1948049 1995017 0014440 1287349 0014442 0040710 0392756 0441889 0456079 1547707 2946261 0205107 0947630
 0750492 0599444 2752549 0007634 0242821 0460148 1268086 1269647 1704653 1948049 0175668 0027627 0205436
 0680240 0150312 0302523 0449450 0700325 1964257 2348243 0002003 1412322 0030016 0682934 1999216 1882115 0185117 0599444 2752549 0007634 0242821 0460148 1268086 1269647 1704653 1948049 1882115 0947630 0439086 2827736 2981702
 1547282 1879547 0021135 1533691 2827718 0427743 1287281 0086045 1446561 1532563 0439190
 0302523 0700325 1964257 0332287 1518681 1280500 2348382 0205397 0020456 0034693 0034721 0241863
 1280500 2348382 1879547 1704259 1705987
 1158774 1280500 2348382 0871261 1704632 1706817 2911692 1518422 1301725 1609436
 3661513 0029391 0038435 0311417 1274040 1546471 1709305 2745955 2825142 0242606 0038435 0311404
 0439775 0702240 0332281 0039798 0087111 0905478 1522326 1533734 1705169 3538994 1158774 0017725 0439851 1280500 1947931 2348382 1819041 0599177 1879547 0752312 1979930
 0443252 1515273 1705313 2826302 0205166 1706317 0683454 0021966 0221138 1518422 0332157 0274281 0040284 0010453 0040300 0220814 0430400 1547928 2242979 1514758 0596035 1879547 0444930 1514468 2746065 1515877 1879547 1456380
 0441712 1706376 0681829 1515655 0557651 2603343
 1301808 1442792 0035820 1705810 1704259 1705987 1879547 0034693 0034721 0241863 2963144
 0029391 0311417 0242606 0038435 0311404
 0007600 0553257 0007634 0205132 1269647 1550648 1552960 1704653 1948049 3661513 0038435 1547282 1515877 1879547 1883351 0205263 0185117 0002003 1412322 0037080 1705242
 1518422 1517480 1521871 1705759 1280500 2348382 1280500 2348382 1704259 1705987
 0332120 0021467 0021469 1628982 3463820 0002003 1412322 0030016 0682934 0031119 1280200 0027740 0027757 0205100 1280541
 3245505 0011847 0011849 1441547 3245521 1456380 0031437 1285572 0031843 0542341 0700205 1705273
 0085732 1299581 1515877 1879547 0332149 1518422 1705910 2362652 0022885 0039593 0392366 0439849 1705630 1706279 3540605 0027901 0700630 0205245 0542341 2700217 0243067 0449247 0040223 0750729 3541383 0040284 0010453 0040300 0220814 0430400 1314677 1547928 2242979 1293116 1875307 1280500
 0021467 0021469 1628982 3463820 1280500 0443289 1517892 1704666 0918012 1552854 1637833 0011882 0241863 0442874
 0031928 0473169 0557651 1414316 2603343 0150312 0444921 0439593 0449238 2926735 0205198 0470187 1265611 1706082 1999216 1882115 2982003
 2607943 2926606 3539655 0684224 0700287 3496591 0242349 1314939 0746626 0162429 2987487
 1999230 0681841 2348243 0002003 1412322 0030016 0243077 0682934 1442162 1550718 3244317
 1879547 0017070 0441471 1521840 2986546 0040648 0040649 1521761 2827422 0302523 0700325 3244290 0684224 0700287 3496591 1705535 0264886 0243067 0011847 0011849 0205397 0017262 0017337 0185117
 1819041 0599177 1879547 1456380 0036394 1278851 0027740 0027757 1280541 0332287 0021467 0021469 1628982 3463820 1879547 1518422 0441712 0004461 3242339 1280500 0007613 0031843 0542341 0700205 1705273
 0947630 2986669 0332149 1705910 2362652
 0441712 1706376 0557651 2603343 1456380
 0947630 1710236
 0037640 0205108 0162493 1879547 0162508 3536909 0205156 0750523 2986417 2986417 1511726 3245479 1518422 1547282
 0868928 1706255 1706256 0238767 1706086 1710236 0441471 0522505 1879547 3541888 0031715 1158886 0248813 0872123 0872053 1334482 1367019 0031727 1707271 0011847 0011849 0205217 0442805
 1707478 0150312 0449450 0557651 2603343 0359589 1999230 0441712 1706376 0085978 1524003 2348693 1704259 1705987 1819041 0599177 1879547 1120843
 1705535 0040648 0040649 1521761 2827422 1171362 0033684 0185117 0332152 0392756 1522538 1511545
 1442162 1550718 3244317 0029391 0205195 0311417 1879547 1947911 0596130 0332291 0071629 0085862 1299583 1515981 0441472 3266814 0597357 0597357 0162574 0079613 0000769 0001721 0031843 0542341 0700205 1705273
 0036365 0043194 0258432 1421478 0018104 0039725
 1568415 0016118 0035176 0183683 0376243 1521721 2350008
 0232024
 2986676 0905478 1546895 0913456 1136188 0013227
 0282413 3273171 0599518 0686900 1272683 1522634 1293097 2919030 2919031 0036375 0041740 1547706 1999269 2827734 2981698 0442650 0597277 1708601
 0013849 1705961 0024492 1538057 1547565 0034036 0034037 1514756 1704324 0348078 0376315 1272684 1522492 1527075 1548435 0008407 1413376 0001068 0001390 0008405
 0017070 0017070
 1979930 0033684 1979930 0033684
 2982003 0457379 0429381 2982003 0027788 0234084 0501384 0027740 0027757 0232217 0439830 0457405 1280541 1513492 1547053 1705994
 0429381 2982003 0027788 0234084 0027740 0027757 0232217 0439830 0457405 1280541 1547053 0429381 2982003 0027788 0234084 0027740 0027757 0232217 0439830 0457405 1280541 1547053
 2982003 0457378 0429381 2982003 0027788 0234084 0501385 0027740 0027757 0232217 0439830 0445254 0457405 1280541 1547053
 0038432 1539862 0038432 1514811 1706462 0035171 0035168 0242481 1707689 2983265 0557061 2584313 1514811 1706462 1275573 0457379 0429381 2982003 0027788 0234084 0501384 0027740 0027757 0232217 0439830 0457405 1280541 1513492 1547053 1705994
 0025141 0027788 0027740 0027757 0232217 0457405 1280541 0011847 0011849 0392747 0443172 1517586 1705241
 0025141 0031831 1707664 2348314 3540849 0279759 0279766 1418864 3538934 3538935 0268060 1415529 0443290 0039798 0087111 1522326 1533734 1705169 3538994 2348243 0002003 1412322 0030016 0682934 1999216 0004462 0005528 1317949 3495449 0004461 0457379 0429381 2982003 0027788 0234084 0501384 0027740 0027757 0232217 0439830 0457405 1280541 1513492 1547053 1705994
 0025141 1412999 1550751 3541894 0201975 3539604 1550751 0369637 0441923 0597277 1708601 0006797 1836672 1708595 3280986 0021467 0021469 1628982 3463820 0429381 2982003 0027788 0234084 0027740 0027757 0232217 0439830 0457405 1280541 1547053
 0000857 0600678 1552863 0020283 0450407 0450408 0450409 0230613 0369637 0441923 2349954 2825032 0030705 0011882 0241863 0442874 1280500 2348382 0441833 0557651 0687744 1257890 1552516 1705428 1705429 2603343
 0009932 0441833 0687744 1257890 1552516 1705428 1705429 1518681 1280500 2348382 0243107 0678723 1527148 0242656 0449258 0011854 0011849 0011847 0021641 0851827 1533581 1579433 1701901 3244310
 0031831 1707664 2348314 3540849 0035820 1705810 0015127 1314792 1524003 0011882 0241863 0442874
 0560020 0033727 0369286 0441932 0564385 0369637 0441923 0016327 0439133 1553038 1880022 0815043 1527118 0031843 0542341 0700205 1705273 0598132
 0020268 1413512 0011198 0017480 3541240 0913456 1513344 1449702 1171350 3537023 3537035 1999216 1456380 1327413 0033268 0333390 0332448 0702249 1523986 0546816
 1718783 0031831 1707664 2348314 3540849 0022116 0449247 0040223 0750729 3541383 1518681 1280500 2348382 3161035
 0025141 0031831 1707664 2348314 3540849 0684336 0439182 0812409
 0025141 0454673 1550752 0678579 0597484 1272460 0031831 1707664 2348314 3540849 0041700 1551090 0001473 1706373 0001443 0312235 0017067 0038433 0011847 0011849 0016952 0268151 1280500
 0025141 0036243 1539696 1825840 3539736 0031831 1707664 2348314 3540849 0031715 1158886 0011882 0241863 0442874
 0000857 0600678 1552863 2983605 0014963 1457900 0325051 0035448 0201660 0748398 0439254 1836672 1520135 0230613 0597277 1708601 1704648 1235746 1882141 0913456 1513344 1449702 1171350 3537023 3537035 1999216 1456380 0270611 3263722 3263723 0521654 2987487
 1413561 0369637 0441923 0033727 0369286 0441932 0564385 0439254 1515101 2986905 0014963 1457900 1819041 0599177 1301808 1442792 1879547 3148680 0013682 0243122 1145667 1167622
 0025141 2986904 3540627 1708595 3280986 0015663 0456962 0282067 0806140
 0000857 0600678 1552863 0268060 1415529 0031831 1707664 2348314 3540849 0199176 1706420 2700409 0429381 2982003 0027788 0234084 0027740 0027757 0232217 0439830 0457405 1280541 1547053 2348243 0002003 1412322 0030016 0682934 1999216
 0025141 1549972 0752312 1979930 0033640 0018284 0026249 0031727 0033684 1879547 0014264 1521840 0259752
 0025141 0439267 1261082 1551056 2981682 0439090 1423767 0752312 1979930 0033640 0018284 0026249 0031727 0033684 1879547 0268009 0851285 0007634 3282337
 3538705 1704259 1705987 0752312 1979930 0038435 1879547 1704259 1705987 1120843
 1537682 0025141 0022337 1155502 1707310 0033640 0038435 1879547 0079189 1524094
 0025141 3539879 0242606 0038435 0311404 0443264 0031715 1158886 0205263 1417719
 0025141 3545718 3547944 3271939 1155551 1879547 0544888 0237477 0392351 0242606 1319127 0038435 0205251 0311404 0441889 0456079 1299352 1547707 1550472 2946261 0015127 1524003
 0558269 1552984 1515101 2986905 1412999 1514873 0082529 1415344 1424650 1823841 0752312 1979930 0033640 0018284 0026249 0031727 0033684 1879547 0162493 1879547 1327414 0036536 0036537
 0033727 0369286 0441932 0564385 0369637 0441923 0018488 1538440 3273279 1155551 1879547 1514468
 0025141 1549972 0017263 0851285 1327622 0036025 0043392 0043393 0717551 0024660 0600508 1510659 0013879 0029391 0311417 0871261 1704632 1705248 1706817 2911692 0332291 0085862 0205263 1299583 0872280 0018850 0033640 0031727 0033684 0038435 1879547 1367731 0872053 1334482 1367019 0031727
 0021027 0305052 0360506 3541296 0017725 0242606 0038435 0311404
 0439086 2827736 2981702 0025141 0021027 0305052 0360506 3541296 0439254 2348243 0002003 1412322 0030016 0682934 1999216 1555029 0392747 0443172 0025519 0025520 1880266
 0031831 1707664 2348314 3540849 0021467 0021469 1628982 3463820 1456380 2349182 0205474 0521654 2987487
 1515101 2986905 0038952 0220921 3537152 0011065 1306577 0035820 1705810 1150587 1367731 1705632
 0025141 0597277 1708601 1150587 1367731 1705632 0027763 0422837 1269560
 0025141 0597277 1708601 0268060 1415529 0086982 0037080 0037083 1160185 1704259 1705987 1710082 1879547 0031843 0542341 0700205 1705273
 2827734 2981698 0025141 1819041 0599177 1879547 0037663 0169964 0018270 0019932 0220844 1621966 2911660 0162493 1879547 2945739 1511632 0029237 0029246 0220885 1300196 1522486 2986904 1156237
