 0162808 1514562 0175996 0178719 1880389 1883221 3541951 0085151 3538722 0348078 0376315 1522492 0751283 1704241 0040649 0369637 0441923
 0369637 0441923
 1293097 2919030 2919031 0041740
 2827734 2981698 0022877 3244292 0870614 0036375 0588053 1547183 0041740 0454745 1532717 1881335 0022341 0221193 0013849 1705961 0024492 1538057 1547565 0558269 1552984 1272684 1548435 0520510 0557061 2584313 1514811 1706462 1750295 0815043 1527118 0542341 0332257 1552866 2700399 0037083 3537152
 1883351 0035820 1705810 1412456 3538726 1412456 3538726 1333931 1336632 1705504 0598996 0936012 1704675 1449705 0021069
 0972395 2611803 3156099 3537205 0085151 3538722 0033665 1456454 0002716 0011560 0033684 0205242 0333853 0611285 1179706 1335643 1419033 1709634 0332297 1145667 1167622 1412459 1689898 2349209 0005528 1317949 3495449 0007610 0330386 0442632 1333931 1336632 1705504
 0033684 0205431 1704241 0015230 0329155 0332501 0521447 0848332 1427618 1705203 1880165
 0243077 0309872 0220781 0439634 1522492 0085151 3538722 0033665 1456454 0002716 0011560 0033684 0443225 0611285 1441547 1444754 1706316 1709634 3245521
 0972395 2611803 3156099 3537205 0330386 0442632 1333931 1336632 1705504 1704241 0439691 0332437 0543482 0700329 0700619
 1979874 1412456 3538726 0184047 0972395 2611803 3156099 3537205
 0185117 0205396 1550043 1551388 1412727 1333931 1336632 1705504 0244989 0286983 0812444 1705784 1518422 1415725 1412958
 1511726 3245479 0443211 0035820 1705810 0037083 3537152 1705535 0679199 1707689 2983265 1883351 0443264 0597304 0010813 0596311 1330957 0001721 0037083 3537152
 1705313 0972395 2611803 3156099 3537205 0002395 1521724 0012634 1333931 1336632 1705504 1412459 0171484 0520510 0557061 2584313 1514811 1706462 0085151 3538722 1456454 0033665 0002716 0011560 0033684 0611285 1709634 0085151 3538722 1456454 0033665 0002716 0011560 0033684 0611285 1709634 2329187 0021699 0033684 1167322 2752508 0002395 1521724 0012634 0031847 0277785 1314939
 1514570 1709694 0332283 0010813 0596311 1330957 1553316 2825879 0002716 0011560 0030956 0330390 0439096 0611285 2004068
 0205418 0348078 0376315 1522492 0333463 2936349
 0242821 0460148 1268086 3533118 0332120 0002716 0011560 0441655 0450254 0611285 0332257 0035820 1705810
 0332120 0086418 0332185 0302523 0700325 1964257 1999230 0003241 0871261 1704632 1706817 2911692 3146294 0042196 0439834 0871208 1521828 0030705
 1883357 2607943 2926606 3539655 0031330 0205464 0243107 0549177 0678723 1527148 1705242 1708698 1883525 2346866 0449445 1292724 0002716 0006104 0011560 0441889 0441994 0611285 1269537 2003888
 0079411 3146294 0597304 0972395 2611803 3156099 3537205
 0972395 2611803 3156099 3537205 1552738 0205166 1706317 0243125 0439831 0699900 0750492 0030685 0391871 0439180 0680255 1283071 1963578 0025255 0596901 1706182 0010834 0449719 1709471 0021669 1415875 0014442 0021641 1533581 1579433
 0679213 1514762 0037083 3537152 1705535 0031843 0542341 0700205 1705273 0037083 3537152
 0681814 1706386 0085151 3538722 1456454 0033665 0002716 0011560 0033684 0611285 1709634 0332466 1293131 0205177 0439167 0441655 1561536
 0851827 1701901 3244310 1412459 0243122 1145667 1167622 1333931 1336632 1705504
 0040669 0040704 0205374 0005507 0243073 1510438 0040649 1383501 1709305 2745955
 1412459 1547282 1883351 0184512 0171484 0205242 0333853 0085151 3538722 1456454 0033665 0002716 0011560 0033684 0611285 1709634 1412466 1412467 1412459 1883357 0392752 0521447 1185625 2986730
 0681814 1705535 0035820 1705810 0972395 2611803 3156099 3537205
 1883351 1514873 1273517 0185117 0332283 0002778 0936012 1524024 0242842 0026018 1449705 0021069
 0520510 0520510 0557061 2584313 1514811 1706462 2936239 0007634 3282337 0007452 0015965 0229671 0521457 1140701 1546774 1550100 0242295 1947943 2348609 0331779 0039021
 0040669 1272695 2746065 0331779 0039021 0010453 0032167 0220814 0430400 2242979 0020498 0017596 0179874 0444330 1705201 1947936 0325579 0039021 0071632 1522408 1300565 0439526 1719918 0039021 0022984 1300565 0439526 0331779 0039021
 0681814 1314939 0007634 3282337 0070066 0231441 0443218 2827483 1720830 1823521 0439227 0040669
 3244092 0185117 0441889 1412459 0205250 1299351 2700149 1333931 1336632 1705504 0185117 0442805 1708698 2936239 0007634 3282337 0005863
 0681814 1314939 0205132 0185117 0205263 0332173 0439228 0439505 0332294 0185117 0678226 0439509 0439227
 0681814 1441672 0332120 0162638 0487602 0600528 1704680 0812225 1150635 1705212 1705213 3273202 0331965 0039021 1442466 0439228 0185117 0972395 2611803 3156099 3537205
 1883351 0018790 0237477 0392351 0521111 0634829 0002022 2349204 0039021 0040669 1524062
 0815000 0007634 3282337 1414499 0007452 0015965 0229671 0521457 1140701 1546774 1550100 0242295 1947943 2348609
 0007589 1511938 2945687 0007634 3282337 0332293 0439228 1522326 0040845 0001128 0202406 1719918 0039021 0439228 1515981 0023973 0229671 1546774 1550100 0392756 2936239 0007634 3282337
 0185117 2827421 1883351 2827421 0599566 0086022 0442335 1705099 0040627 0600508 0013879 0871261 1704632 1706817 2911692 0009013 0032136 0205341 1705914 0004898 0037313 0076934 0424522
 0185117 1414968 3536868 0017855 2260086 0017854 0030016 0031603 0031701 0086860 1601799 0013126 0032136 1551702 1999230 0019944 1422420 0036378 0036375
 0600508 0013879 0871261 1704632 1705248 1706817 2911692 0332283 0021107 0441587 1512796 1883719 0972395 2611803 3156099 3537205 1456454 0033684 0332466 1293131 0162768


 0006754 0041740 3146274
 0162768 0033684 0332466 1293131 0024337 0332283 0221874 1704737 0699952 0004793 0162326 0162327 1519249 0162808 1514562 1880389 1883221 3541951
 0085151 3538722 1456454 0033665 0002716 0011560 0033684 0611285 1709634 0699952 0221874 1282927 1704737 1806781 2350002 0085151 3538722
 1412456 3538726 1552738 0998924
 1412459 0017480
 0678640 0037293 0181496 1710492 1139855
 1333931 1336632 1705504 1121779 1456454 1333931 1336632 1705504 0162768 0033684 0332466 1293131 0331779 0039021 1551776 1999230 0035172 0021622 1272753 0120285 1121779 0033684 0303920 0205145
 0079870 0079866 0205145 1515974 2825164 3146302 0439851 1947931 0812225 1150635 1705212 1705213 3273202 0027778 0884358 1883351 1513776 1254183
 0009013 2827421 1553778 1561491 1711411 0814195 1328319 0039021
 0487602 1704680 0037293 0181496 1710492 0205250 1299351 1510827 2700149 0331965 0039021 0432624 0432626 1719918 0039021 0002022 2349204 0039021 1412459 0039021 3536909 0033684 0740116 2827735 2981700 0331779 0039021 1414968 0026381 0182400 0002022 2349204 0039021 1333931 1336632 1705504 0002022 2349204 0039021 0002022 2349204 0039021 1719918 0039021 0002022 2349204 0039021
 0441648 0265246 0884358 1532188 0233660 0332206 0019944 0242616 1265527 0018019 0205307 0229671 0439166 1265549 1510458 1546774 1550100 2347086 1524062
 0003241 0205250 0010357 0872139 1880190 1705920 1998793 2828360 1515351 0587081 0475311 0024497 1708632 0013343 2757062 2911146
 0009932 0243148 0681814 1550141 1882979 2587213 3274648 0750563 0003241 0021027 1547282 0487602 1704680 1705920
 0487602 1704680 1273517 0454863 0003174 0050133 0303858 0205250 1299351 1510827 2700149 0023089 0205132 0312860 0458142 0549255 1023865 1550648 1552960 1706315 0162676 1623049
 0242842 0026018 0002778 0936012 1524024 0597717 1704254 1704922 3542466 1626420 0181839 0242387 0439661 0450545 1420333 1706379 3245488 0017480 0018017 1571702
 0205132 1550648 1552960 1273517 0549255 1121779 0033684 0303920 0557702 1272706 1704674 0312860 0205132 1550648 1552960 0549255
 0557702 1272706 1704674 0312860 0250829 2986582 0312860 2986582 0309872 1511790 0439799 1706095
 1289846 0023089 0458142 1023865 1706315 1273517 0549255 0557702 1272706 1704674 0312860
 1289846 0023089 0458142 1023865 1706315 1273517 0549255 0250829 0557702 1272706 1704674 0312860 0557702 1272706 1704674 0312860
 0439084 0728893 0205155 1293097 1522472 1552923 1705191 1513371 1705738 2347637 2348146 0004457 0999597 1522496 1513371 1705738 2347637 2348146 0439661 3245488 0016538 0033363 0348018 0007610 0884358
 0597717 0014274 0016315 0040671 0231881 0424589 0459800 0542479 0684213 1442080 1705822 1121779 0033684 0303920 0444706 3541902 0205132 1550648 1552960 0233929 2349995 0205155 1293097 1522472 1552923 1705191
 0042295 0549255 0007634 3282337 0598447 0205171 0439044 0679994
 0333051 2347509 1441672 0016315 0332269
 0444706 0449770 0597717 0014274 0016315 0040671 0231881 0424589 0459800 0542479 0684213 1442080 1705822 1121779 0033684 0303920 1441506 0884358 1552738
 0681814 1704254 1704922 3542466 0205450 0016315 0205132 0303749 0312860 1550648 1552960 0522510
 0005863 2936239 0007634 3282337 0205263 1883351 0972395 2611803 3156099 3537205 1412459 2827421
 0455052 1521827 1518434 2828366 0028589 0949374 0007634 3282337 0439584 0456696 1442770 0006353 0241938 0439227 1516695 1516698 0019215 0024472 0012789 0205430 1421951 1720722 0039021 1719918 0039021 0038999 1442447 0439232 0700321 0702093 1282918 2347166 0039142 0439267 1706072 2828386
 0038636 1161331 0086045 0205088 0369637 0441923 1446561 1524062 1546485 0332283 0007703 0886384 1442468 0439232 0700321 0702093 1282918 2347166 0439267
 0993610 0006353 0441648 1882074 0020283 0038636 0450407 0450408 0450409 1161331 0024472 2678549 1882074 0020283 0450407 0450408 0450409 0331965 0013618 0205197 0179834 0439267 0205341 1720725 1948050
 0007610 0439227 0564385 0006353 0242295 1947943 2348609 0332454 0006539 0039142 0439267 1706072 2828386
 1518434 2828366 0028589 0949374 1439852 0439583 0240526 0443640 0003241 0060916 0039021 0392148
 0033684 1548982 0242301 1546559 1538569 0041175 0077281 0086972 0443299 0687118 0814229 1704732 0331779 0039021 0006353
 0331779 0039021 0332283 1511790 2349975 0039021 1553038 0039021
 0007634 0444667 1269647 1704653 1948049 2828366 0006353 0024348 0205409 1536403 1548221 1720830 1823521 0332256 2700400 0146951 0133689 0242759 1418486 0242295 1947943 2348609 0205430 1421951 1720722 0039021
 2828366 1630409 0017243 0077068 0086972 0443299 0687118 0331779 0039021 0025255 0600190 0369637 0441923 0039021 0025255 0369637 0441923 0017480 0162524 0442726 1450278 1511790 2349975 1282910 1552828
 0035380 0040649 1555029 0035668 0205132 0205409 1522642 1548221 1704387 0916178 0331779 0039021
 0007634 3282337 0185117 0205263 0857127 0972395 2611803 3156099 3537205 0439586 1442464 0439227
 0220781 1883254 0884358 1524063 0449913 1553451 1704459 0331779 0039021 0442711 1507394 1522729 2348563
 1709846 0032520 0677874 1550177 0884358 1524063 0332583 0039021
 0439962 0332256 2700400 0006556 0006353 0024472 0018026 1304897 1953382 0206415 1953384 0206415
 0206415 1707689 2983265 1883351 0444930 2746065 0162768 0033684 0332466 1293131 1711300 2700613 0205284 1522411 2828371
 0162326 1414968 0036658
 1555029 0036658
 1555029 0286983 0812444 1705784 0036658
 1555029 0244989 0036658
 1555029 0085151 3538722 1456454 0033665 0002716 0011560 0033684 0611285 1709634 0036658
 1555029 1412181 2984597 0036658
 1555029 0036658
 1555029 1418985 0036658
 1555029 1412459 0036658
 1555029 1333931 1336632 1705504 0036658
 1555029 1412958 1415725 0036658
 1555029 0036658
 1555029
 1709846 0032520 0677874 1550177 0004793 0162326 0162327 0180392 0814195 0884358 1328319 1519249 1705235 0039021
 0012634 0348080 1705253 0032520 0677874 1879547 1511572 0457385
 0037585 0333052 2607870 0039021 0010992 1273517 1511726 3245479 0002778
 1274040 1546471 2825142 0520510 0557061 2584313 1514811 1706462 0475264 1744691 0521447 0015230 0329155 0848332 1427618 1705203 1299586 0599896 0972395 2611803 3156099 3537205 0332281 0243125 0439831 0699900 0010813 0596311 1330957
 1883351 2983310 1299586 2827421 0599566 0086022 0442335 1883351 0162768 0033684 0332466 1293131 1709915 1882936
 0332466 1293131 0972395 2611803 3156099 3537205 0392747 0871161 1292721
 1441672 0184512 0972395 2611803 3156099 3537205
 0599566 0086022 0442335 0205341 0443241 1705914 0230171 0040669 0449913 1553451 1704459
 0205263 0185117 0527710 0205132 0026022 0026018 0205396 0303920 1550043 1551388 0150312 0332120 0949466 1511726 3245479 1518422 1547282
 0016315 0181839 0442726 1511790 1706379 0040594 0475264 1744691
 0002778 0936012 1524024 1547282 0972395 2611803 3156099 3537205 0392752 1383501 1185625 1382196 0450344 1553633
 1280500 2348382 0475264 1744691 0597298 0936012 1412459 0332256 2700400 0026163 0015295 0445542 1547282 1883351 0007634 0521390 3282337
 0972395 2611803 3156099 3537205 0033684 0392752 0238767 1383501 1706086 1185625 1382196 0450345
 1412459 1552738 1883351 0392752 0007610 0454802 0007634 3282337
 2936239 0007634 3282337 0544910 0205171 1720467 0887840 0205397 0332206 0521447 0699789 3540676 0349966 1337208
 1333931 1336632 1705504 0062773 0001053 0040649 1314939 1710082 0392747 1554963 0008546 1325550
 0332197 1689985 1412459 0162768 0332466 1293131 1518439 0392752 0521447 0678594 0439691 0233426 0700364 0237753 0444504 0449788 2347634 2348143 2603362 0549183 0876920 2347635 2348144 2939193 0521447 0007634 3282337
 0475264 1744691 1280500 1705535 0972395 2611803 3156099 3537205 1518422 1145667 1167622 1333931 1336632 1705504 0332197 1689985 1412459
 1979874 0185117 0243122 1145667 1167622 1274040 1546471 2825142 1333931 1336632 1705504 0449829 0332437 0543482 0700329 0700619 0678594 1333931 1336632 1705504 0205171 0439044 0679994
 0185117 0007634 3282337 1412459 0443289 1412459 1333931 1336632 1705504 0439855 1704241 0015230 0329155 0848332 1427618 1705203 1321095 1705648 2347093 2348338 0441889
 1441672 0007634 1269647 1704653 1948049 0033684
 0552409 0444504 1301886 2347634 2348143 0439493 1513009 0369637 0441923 0521447 0015230 0329155 0848332 1427618 1705203 1333931 1336632 1515981 1705504 0205171 0439044 0679994 1301886 1510992 2825518 0439493 1513009 0369637 0441923 0521447 0015230 0329155 0848332 1427618 1705203
 1510992 2825518 1441672 2752257 0015230 0329155 0848332 1427618 1705203 0549183 0876920 2347635 2348144 2939193 0521447 0007634 3282337
 0026882 1705285 1254183 1547282 1883351 0309872 0040624 0243122 0972395 1145667 1167622 1412459 1704241 2611803 3156099 3537205 1333931 1336632 1705504 0220781 0439634 1522492 0205197 0309872 1442450
 1979874 1704241 0205431 1254183 1333931 1336632 1705504 0439691 0332437 0543482 0700329 0700619
 0025320 0392747 0443172 1705241 0439691 0332437 0543482 0700329 0700619 1704241 0332281 0026882 0205245 0205309 0392747 0443172 0542341 1254183 1333931 1336632 1705285 1705504 2700217
 0449911 0333052 2607870 0557702 1272706 1704674 0557702 1272706 1704674 0349966 1337208
 2827734 2981698
 0205155 1293097 1522472 1552923 1705191 1547282 1704241 1412459 1333931 1336632 1705504 0015230 0329155 0332501 0392752 0521447 0848332 1427618 1705203
 0002716 0011560 0611285 2347469 0221205 1412459 0332575 1260956 0392752 0521447 1260957 1185625 1382196 1948049 2349967
 0185117 0972395 2611803 3156099 3537205 0445247 0475264 1744691 1274040 1546471 2825142
 1553033 0332197 1689985 0185117 1333931 1336632 1705504 0062773 0392752 0439691 1518439 0521447 0678594
 0073187 0185117 0332197 1412459 1689985 1333931 1336632 1705504 1301751 1280500 2348382
 1412459 1333931 1336632 1705504 0007610 0439691 0332437 0543482 0700329 0700619 0015230 0329155 0848332 1427618 1705203
 0524983 0439267 0972395 2611803 3156099 3537205 1412459 1333931 1336632 1705504 0972395 2611803 3156099 3537205 1383501 1704241 0015230 0150312 0329155 0332501 0521447 0848332 1427618 1705203
 1704241 0150312 0007610 0007634 3282337 0033684
 0205155 1293097 1522472 1552923 1705191 0521093 0750484 0475264 1744691
 0033727 0369286 0441932 0564385 0596988 1333931 1336632 1705504 0392752 1412459 0972395 2611803 3156099 3537205 1518439 0521447 0678594 0205197 0220781 0439634 1522492
 0687760 1551065 0369637 0441923
 0449911 0333052 2607870 0557702 1272706 1704674 0557702 1272706 1704674 0349966 1337208
 0439086 2827736 2981702
 1412459 0005528 1317949 3495449 0972395 2611803 3156099 3537205 0040649
 0233660 0332206 0887840 0699789 0439227 0023175 0181586 1412459 1442948 1522538 2348269 3275067 0972395 2611803 3156099 3537205
 0007634 3282337 1412459 0972395 2611803 3156099 3537205 0064771 0015127 1524003 0220781 0439634 1522492 2003901 0007634 1441672 3282337 1412459 0064771 0332197 1689985 1707455 0450344 1553633 2347469
 0687760 1551065 0369637 0441923
 0064771 0439584 0456696 1442770 0439227 0871362 0456603 0522510 1610540 1710082 0487602 1704680 1412459 0007634 3282337
 0185117 1412459 0039798 0087111 1522326 1533734 1705169 3538994 0064771 1518422 0392747 0443172 1705241 0456603 1547037
 0949466 1264633 0007634 3282337 0332293 1522326 0439584 0456696 1442770 0439227 1547282 0035280 0333117 1753315
 0456603 1547037 0205217 0442805 0439227 1515981 0439584 0456696 1442770 0439227 0168634 1442488 1707455
 0033684 0439073 0439082 1532717
 1709846 0032520 0677874 0185117 0205263 0972395 1515981 2611803 3156099 3537205 0443289 0972395 2611803 3156099 3537205 0205217 0442805 1171362 0185117 1412727 1333931 1336632 1705504 0369773 2603361
 0972395 2611803 3156099 3537205 1518422 0392747 0443172 1705241 0185117 1333931 1336632 1705504 1412181 2984597 1418985 1412958 1415725
 0185117 0244989 0521093 0750484
 0042295 3244092 0185117 0441889 1414968 1882115 0168634 0332462 1442488 1880834 0205263 0857127 0185117
 1511726 3245479 1882932 1704970 0369637 0441923 0681814 0205174 1272695 2746065
 0439586 1442464 0439227 0016327 0439133 1553038 0439267 0205263 0857127
 0487602 1704680 0443289 0428479 0033684 0441889 0205263 0972395 2611803 3156099 3537205
 0687760 1551065 0369637 0441923
 0007634 0444667 1269647 1704653 1948049 2828366 0972395 2611803 3156099 3537205 0007600 0009013 0007634 0205132 1269647 1704653 1948049
 0949466 0003241 0936012 0369718 0441922 1553036 0120285 0442726 0162768 0033684 0332466 1293131 1414968
 1553033 1708639 0332293 0171484 0634829 1522326 1999216 0023175 0181586 1442948 1522538 2348269 3275067 0634829 1708639
 0205263 0439586 1442464 0439227 1708639 1883351 0972395 2611803 3156099 3537205
 0681494 1547282 1514534 0002778 0936012 1524024 1515981 1883357 0681814
 0428479 0033684 0441889 0007634 0679133 3282337
 0004083 0439849 0596306 0699792 1333931 1336632 1705504 0062773 0392148 1412459 1711411 0004083 0439849 0596306 0699792 0884358 0597717 0014274 0016315 0040671 0231881 0424589 0459800 0542479 0684213 1442080 1705822 0597717 0014274 0016315 0040671 0231881 0424589 0459800 0542479 0684213 1442080 1705822 0242485 0015230 0329155 0848332 1427618 1705203
 0332283 0442711 1883351 1441506 0233929 2349995 0549255 1333931 1336632 1705504 1121779
 0597717 0014274 0016315 0040671 0231881 0424589 0459800 0542479 0684213 1442080 1705822 0015230 0329155 0444706 0521447 0848332 1427618 1705203 3541902 0007610 1522609 2603362 0444686 1441506 1443182
 1171362 0185117 0004793 0162326 0162327 0475264 0521447 1519249 1522485 1708632 1744691 0442821 0521447 1274040 1546471 1710082 2825142 0598447 0205171 1720467 1710082 0597717 0450354 1706096 0450301 2603362 0521447 0007610
 1522609 0205250 1299351 2700149 0042295 1552738 0597717 0014274 0016315 0040671 0231881 0424589 0459800 0542479 0684213 1442080 1705822 1121779 0678226 0033684 0184967 0303920 0439794 0750492 1289829 2828395 3146286 0023175 0181586 1442948 1521991 1522538 2348269 3275067 0545082 1512346 1947978
 0441994 1548802 2003888 0597717 0014274 0016315 0040671 0231881 0424589 0459800 0542479 0684213 1442080 1705822 1333931 1336632 1705504 1121779 0972395 2611803 3156099 3537205
 0007634 3282337 1547282 0233929 2349995 0444706 3541902 0016315 0000901 1705052 2986796
 0681493 1547282 0025320 0392747 0443172 1705241 0332152 0740175 2257086 0303749 0687676 1704687
 0015230 0303749 0329155 0444706 0521447 0848332 1427618 1705203 3541902 0521093 0750484 0004083 0439849 0596306 0699792 0972395 2611803 3156099 3537205 0015230 0329155 0848332 1427618 1705203 0205280 0016315 0456603 1547037 0444504 2347634 2348143 2827734 2981698 2603362
 0456603 1547037 2827734 2981698 2603362
 0871472 0022885 0039593 0392366 2603360
 0449911 0333052 2607870 0557702 1272706 1704674 0557702 1272706 1704674 0349966 1337208
 0740116 2827735 2981700
 0597717 0014274 0016315 0040671 0231881 0424589 0459800 0542479 0684213 1442080 1705822 0021069 0443289 0004083 0439849 0596306 0699792
 0007634 3282337
 0233929 2349995 0549255 1121779 0033684 0303920 0597717 0014274 0001884 0016315 0040671 0042295 0231881 0424589 0444686 0459800 0542479 0684213 1441506 1442080 1443182 1705822 1709843 1705565 1947976 0303749 1121779 0549255
 1883351 0309872 1412459 0003241 0021027 0250829 0522529 1708632 1511726 3245479 1518422 1547282
 0004561 0007634 0243148 1550141 1882979 2587213 3274648 3282337 1121779 0033684 0303920 0007610 1521840 0525021 0475264 0521447 1744691 1710082 1547282 0233929 2349995
 0242485 0597717 0439855 1704241 0332256 2700400 0015230 0329155 0848332 1427618 1705203 1547282 0233929 2349995 0332197 1689985 0003241 1412459
 0972395 2611803 3156099 3537205 0007610 0205447 0303749 0522510 0015230 0037179 0087136 0205171 0329155 0444706 0848332 1427618 1705203 3541902 0332152 0740175 2257086 0303749 1515981 0687676 1704687
 0681493 1547282 0522510
 0042295 0205132 1550648 1552960 2986575
 0303749 0522510 1121779 0015230 0205217 0329155 0442805 0848332 1427618 1705203 0007610 0015230 0329155 0848332 1282914 1427618 1518422 1705203 0007610
 0687760 1551065 0369637 0441923
 0021069 1264633
 0003241 1333931 1336632 1705504 1882443 1412459 0005863 0949466 0037293 0181496 0442726 1511790 1705493 1710492
 0021069 0972395 2611803 3156099 3537205 1882443 1333931 1336632 1705504 0814670 0003241 1882443 0972395 2611803 3156099 3537205 0487602 1704680 1547282 0003241 0021027 0033684 0442726 1121779 0033684 0303920
 0175723 0439645 1521913 0430425 0003241 0021027 1274040 1511790 1546471 2825142 0021069 1273517 0003241 0021027 0949466
 0033684 0439073 0439082 1532717
 0183683 1521721 1167622 1704675 0972395 2611803 3156099 3537205 1412459 1333931 1336632 1705504 0884358 0021069
 0003241 0972395 2611803 3156099 3537205 0439851 1947931 1333931 1336632 1705504 1412459 0033684
 0032931 0032932 1642401 2584299 0972395 2611803 3156099 3537205 0359583 1333931 1336632 1705504 0003241 0021027 1547282 1121779 0033684 0303920 0699952 1333931 1336632 1705504 1333931 1336632 1705504 0580846 1412459
 0972395 2611803 3156099 3537205 1626420 0181839 1706379 1704254 1704922 3542466 0450344 1553633 1264633 0332197 1689985 1412459
 0185117 1333931 1336632 1705504 0023175 0181586 0333668 0972395 1442948 1522538 2348269 2611803 3156099 3275067 3537205 1383501 0544910 0016327 0439133 1553038 0332294 0441889 0521447 0678226 0972395 2611803 3156099 3537205 0205250
 0332149 1705910 2362652 0972395 2611803 3156099 3537205 0205397 0349966 1337208
 0450344 1553633 0205219 0439787 0849355 0007610 0455052 1521827 1264633
 0972395 2611803 3156099 3537205 0332256 0332297 0439855 1145667 1167622 1333931 1336632 1412459 1689898 1704241 1705504 2349209 2700400 0332281 0008546 1325550 1518422 1548982 1264633 0243114 0521447 1998793
 0032931 0032932 1642401 2584299 0003241 1333931 1336632 1705504 0003241 0442726 0162768 0033684 0332466 1293131 0205171 1720467 1412459
 0175723 0439645 1521913
 0441833 1999270 3537156 0430425 0003241 0021027 0678226 1511790 0021069 1273517 0003241 0021027 0949466
 0887840 0699789 0332290 0972395 2611803 3156099 3537205 1412459 0007610 1511572 1383501 0028778 0332206 2983591 0887840 0699789
 0439227 0699789 1412459 0007610
 0444706 3541902 0016315 0522510 1185625 1382196 0487602 1704680 0439584 0456696 1442770 0439227
 0007634 0243148 1550141 1882979 2587213 3274648 3282337 0456603 1547037 0037179 0087136 0205171 0444706 3541902 2827734 2981698 0369637 0441923 0521447 0007634 3282337
 0039798 0087111 1522326 1533734 1705169 3538994 0064771 0205217 0442805 0456603 1547037 0439584 0456696 1442770 0439227 0369637 0441923 0521447 0007634 3282337 0871472 0022885 0039593 0392366 2603360 0450365 1706097
 0442805 0150312 0972395 2611803 3156099 3537205 0428760 0392747 0443172 0456603 0521447 0522510 1547037 0369637 0441923 0521447 0007634 3282337 2827734 2981698 0369637 0441923 0521447 0007634 3282337
 0205393 0007634 3282337 1441672 0015230 0329155 0848332 1427618 1705203 0021467 0021469 1628982 3463820 0887840 0699789 0302523 0700325 1964257 2003901 0007634 3282337 0972395 2611803 3156099 3537205 1412459 0887840 0205266 0521447 0699789 1515981 1554187
 0007634 3282337 1547282 0972395 2611803 3156099 3537205 0015230 0329155 0848332 1427618 1705203 1518422 1412459 0015230 0329155 0359583 0848332 1427618 1705203
 0678226 0205246 0520511 1412459 1553889 1704711 2987476 3146286 0007610 0332152 1522538 1167624 1947902 2827499
 1883712 1412459 0003241 0021027 0442726 0487602 1511790 1704680 2752257 0015230 0329155 0332256 0439855 0848332 1427618 1704241 1705203 2700400 0972395 2611803 3156099 3537205 1947931 0033684 0303920 0442726 0699952 1511790
 0007634 3282337 0972395 2611803 3156099 3537205 0064771 0332293 1522326 0428760 0442739 1548568 0392747 0443172 1705241 0243148 1550141 1882979 2587213 3274648 2827734 2981698 0369637 0441923 0064771 2827734 2981698 0369637 0441923 0521447 0007634 3282337 0450365 1706097
 2003901 1441672 0015230 0329155 0848332 1427618 1705203 0332197 1689985 0185117
 0007634 3282337 0972395 2611803 3156099 3537205 1412459 0439584 0456696 1442770 0439227 0521447 1550101 0521447 0687676 1550101 1704687 1264633
 0949466 0005863 0002778 0936012 1524024 1705493 0450366 1547282 1264675 1547051 0456603 1547037 0887840 0699789
 0887840 0205266 0521447 0699789 1554187 1707455 0456603 1547037 0205217 0442805 0439227 1515981 0439584 0456696 1442770 0439227 0039798 0087111 1522326 1533734 1705169 3538994 0064771
 2610899 0017263 0851285 1327622 0205409 1548221 0032659 1257890 0439586 1442464 0205263 0439227 0857127 0972395 2611803 3156099 3537205
 1883351 0185117 1710463 0017263 0040649 1158770 1332838 0017337 0851285 1274040 1327622 1521840 1546471 2825142 2986546 0884358 0681814 0009219 0033684 0085151 3538722 0033665 0033666 1456454 0002716 0011560 0033684 0611285 1314939 1709634 1709694 1412181 2984597 1412727 1418985 0037083 3537152 1412459 1333931 1336632 1705504
 1883712 0936012 0185117 0244989 1332838 0017337
 0442805 0439586 1442464 0439227 0205263 0857127 0332462 1880834 1514721 2348147 3542016 0439086 2827736 2981702 1511726 3245479 1518422 1547282
 0442726 1511790 0428479 0441889 1519595 1412727 1333931 1336632 1705504 0521093 0750484 0851285 1327622 0244989 0439586 1442464 0439227 0369773 2603361 0450363 2986797
 1412181 2984597 1418985 1412459 1547282 0851285 1327622
 0205263 0857127 1518422 0001721 0185117 0017337 0851285
 1882115 0884358 1414968 1150521 1418929 1274040 1546471 2825142
 1883351 0221191 0205419 1150521 1418929 1414968
 0972395 2611803 3156099 3537205 0040649 0871157 1883351 0022885 0039593 0392366 0085151 0033665 1456454 0428479 0033684 0441889
 0205263 0185117 0205132
 0487602 1704680 0038128 0162808 1514562 1880389 1883221 3541951 0442726 0002716 0011560 0611285 0884358 0007634 3282337 0185117
 1704254 1704922 3542466 0205280 0348000 0439661 3245488 0542559 1318139 1547282 0442805 0439267
 0972395 2611803 3156099 3537205 0205263 0205171 1518422 1720467 0040649 0428479 0033684 0205217 0441889 0442805 1274040 1546471 2825142
 1171362 0185117 1883559 0205132 1442460
 0442805 0439086 2827736 2981702 0439586 1442464 0439227 0007634 1707455 3282337 1414968 1882115
 1979874 0442726 1511790 0442805 0150312 0332285 2584321 0332462 1880834 1817569 0369637 0441923 0521447 0439086 2827736 2981702 0441889 0007634 0205397 3282337 0439586 1442464 0439227 0205263 0857127 0185117 0369773 2603361 1442460
 0439586 1442464 0439227 0442726 0972395 2611803 3156099 3537205
 0442805 0150312 0332285 2936239 0007634 0205397 3282337 0171484 0634829
 1707455 0442726 0428479 0441889
 0678226 0015376 0185117 0972395 2611803 2987476 3146286 3156099 3537205 0449913 1553451 1704459 0949466 1442460
 3536909 0033684 1521840 2986546 0972395 2611803 3156099 3537205 0184047 0205145 3536909 0033684 0085151 3538722 1547282 0205177 0439167 0441655 1561536
 0205419 1518827 1880389 1883221 3541951 1149341 3536909 0033684
 0040669 0007634 3282337 0443289 0475264 1744691
 0243122 1145667 1167622 0332120 0007610 0450373 1553636
 1333931 1336632 1705504 1750270 0392752 0521447 0450375
 1412459 0439691 1547282 0332437 0543482 0700329 0700619 0205171 0439044 0679994
 0972395 2611803 3156099 3537205 0392752 0441889 0441994 1548802 2003888 0205397 1412459 0972395 2611803 3156099 3537205 0442726 1383501 1511790 0450376
 0237753 0449788 0007610 0549183 0876920 2347635 2348144 2939193 0521447 0007610 0441994 1548802 2003888 1704241
 1511726 3245479 1704675 0439851 1947931 0439852
 1510411 1883357 0221099 0684336 1333931 1336632 1705504 0392752 1333931 1336632 1705504 1883357 0439691 0678594 1518422 1547282
 0449911 0333052 2607870 0557702 1272706 1704674 0557702 1272706 1704674 0349966 1337208

 1456454 1412456 3538726 1280500
 0475264 1744691
 0243122 1145667 1167622 0332281 0205216 0392756 0441889 0442797 0521447 0972395 2611803 3156099 3537205
 0185117 1750270 0439691
 0185117 0028589 0597295 0949374 3536909 0033684 0220781 0439634 0521447 0972395 1333931 1336632 1522492 1705504 2611803 3156099 3537205 1274040 1546471 2825142 1333931 1336632 1705504 1704241 0332437 0543482 0700329 0700619 0015230 0329155 0332501 0547044 0700321 0848332 1427618 1705203 1707455 0972395 1333931 1336632 1412459 1704241 1705504 2611803 3146294 3156099 3537205
 0475264 1744691
 0243122 1145667 1167622 1412456 3538726 0332281 0205216 0392756 0441889 0442797 0521447 0972395 2611803 3156099 3537205
 0185117 1301751 1280500 2348382 0972395 2611803 3156099 3537205
 0687760 1551065 0369637 0441923
 1412456 3538726 0085151 3538722 1547282 0520511 1704711 2348205 1710082 0007610 0442726 1511790
 0243122 1145667 1167622 1412456 3538726 0449297 0972395 1382187 1708698 2611803 2825073 3156099 3537205 0007610 0450377 2986754
 1412456 3538726 1280500 2348382 0449913 1553451 1704459
 1333931 1336632 1705504 1518422 1412456 3538726 0972395 2611803 3156099 3537205 0450378
 1412456 3538726 0184047 0972395 2611803 3156099 3537205 1280500 1412459
 0972395 2611803 3156099 3537205 0021467 0021469 1628982 3463820 0007610 0243077 1711411 0972395 2611803 3156099 3537205 0085151 3538722 0033665 1456454 0002716 0011560 0033684 0443225 0611285 1444754 1706316 1709634 3146294 0007610 0033684 0332466 1293131 0162768
 0006556 0085151 3538722 0033665 0033621 1168438 1418943 1456454 3540567 0002716 0009013 0011560 0033684 0522506 0611285 1709634 0221874 1282927 1704737 1806781 2350002 0009219 0042789 1947903 0520510 0025663 0025664 0449851
 0439227 3157075 0014239 0035295 0442726 1511790 0018042 0439855 1704241 0205250 0037293 0181496 0487602 1704680 1710492 1553637
 0016315 0085151 3538722 0015230 0205397 0329155 0848332 1427618 1705203 0180153 0439844 0205148 1184743 1522240
 0449774 0872250 0520511 1704711
 0016315 0007610 0442726 1511790 0205155 1293097 1522472 1552923 1705191
 1333931 1336632 1705504 0016315 0233426 0700364 0972395 1708698 2611803 3156099 3537205 0015230 0329155 0848332 1427618 1705203
 2827421 0332256 2700400 0037293 0181496 1710492 0332152
 0003241 0021027 2986582 0085151 3538722 0033665 1423498 1456454 0002716 0011560 0033684 0611285 1709634 1184743 1522240 0181496 0231175 0521447 0972395 1333931 1336632 1412459 1704241 1705504 2611803 2827499 3156099 3537205 0016315 0442726 1511790
 0220781 0439634 1522492 1704241 0444454 1554204 0309872
 0439165 1549488 1561533 0007634 3282337 0205450 1510411 2827421 0085151 3538722 1456454 0033665 0002716 0011560 0033684 0611285 1709634 1412459 1333931 1336632 1705504 0040627 0085732 1299581 1518422 0301871 0972395 2611803 3156099 3537205 0022885 0039593 0392366 0949466
 1524063 0442726 0175723 0439645 1521913 0003241 0442726 1511790 0120285 0037293 0181496 1710492 1511726 3245479 1518422 1547282
 0205266 0872403 1947912 0162768 0033684 0332466 1293131 0679201 3245504 0205171 0439044 0679994 1518422 0015230 0329155 0521447 0848332 1427618 1521840 1705203 0332256 2700400 1412459 1333931 1336632 1705504 1511726 3245479 1518422 1547282
 0004793 0162326 0162327 1519249 1273518 0016315 0037293 0181496 1710492 0205266 1554187
 0349966 1337208
 1547282 0018956 0007634 1269647 1704653 1948049 0250829 2986582 0562342 1171285 0242485 0597717
 0037293 0181496 1710492 0487602 1704680 0085151 3538722 0033665 1456454 0002716 0011560 0033684 0611285 1709634 1184743 1522240 0181496 0231175 0521447 0972395 1333931 1336632 1412459 1704241 1705504 2611803 2827499 3156099 3537205
 0549255 0233929 2349995 1274040 1546471 2825142 0015230 0329155 0332501 0392752 0521447 0848332 1427618 1705203
 0231174 0680095 0487602 1704680 0003242 0015230 0329155 0848332 1427618 1705203 1547282 1167622 1704675
 0449911 0333052 2607870 0557702 1272706 1704674 0557702 1272706 1704674 0349966 1337208
 0439084 0728893
 0972395 2611803 3156099 3537205 0085151 3538722 0033665 1456454 0002716 0011560 0033684 0443225 0611285 1441547 1444754 1706316 1709634 3245521 0007610 1704241
 0007634 3282337 0085151 3538722 1456454 0033665 0002716 0011560 0033684 0611285 1709634 1707271 0037293 0181496 0205088 0699952 1705314 1705315 1710492 0332575 1260956 0332283 0075804 0221205
 1517001 0085151 3538722 1456454 0033665 0002716 0011560 0033684 0611285 1709634 0018042 0392752 0333262 1515981 1184743 1522240 0599444 0702216 1518422 0007610
 0487602 1704680 0003241 1707271 0037293 0181496 0205088 1705314 1705315 1710492 0439851 1947931 0016315 0475264
 0034606 0441633 2826292 0521093 0750484 0597704 1159772 0475264 1744691
 0004561 0007634 3282337 0085151 3538722 0033665 1456454 0002716 0011560 0033684 0611285 1709634 1333931 1336632 1705504 0205431 1704241
 1979874 0016315 0003241 0231175 1883351 0442726 1704241 0162676 1623049 1710082
 0242485 0597717 1547282 0004083 0439849 0596306 0699792 1333931 1336632 1705504 1704241
 0368815 0003241 1445860 0250829 2986582 1260957 0231175 1883351 0442726
 0687760 1551065 0369637 0441923 1553033 1512018 0369637 0441923 1440942 1512018 0369637 0441923 0441994 1548802 2003888 1552846
 0597304 0010813 0596311 1330957 0171484 0972395 2611803 3156099 3537205
 0171484 0634829 0205197 0220781 0439634 1522492 0085151 3538722 0033665 1456454 0002716 0011560 0015230 0033684 0329155 0332466 0611285 0848332 1293131 1427618 1705203 1709634 0162768
 0007634 0456148 0549184 3282337 0085151 3538722 1456454 0033665 0002716 0011560 0033684 0611285 1709634 1412459 1333931 1336632 1705504 1547282 0475264 1744691 0521447 0347983 0521447 0007634 3282337
 0007634 3282337 0441889 1412459 0085151 3538722 0015230 0329155 0332501 0392752 0521447 0848332 1427618 1705203 1333931 1336632 1705504 0521447 0007634 3282337 0021467 0021469 1628982 3463820 0475264 1744691 1553638 0007634 1269647 1704653 1948049
 0475264 1744691 0007634 3282337 0309872 1171362 0185117 0085151 3538722 0521447 0007634 3282337 1553638 0441994 1548802 2003888 0007634 1269647 1704653 1948049
 0872250 0520511 1704711
 0171484 0220781 0439634 1522492 1704241 0205397 0450388 0007634 3282337 0033684
 0449911 0333052 2607870 0557702 1272706 1704674 0557702 1272706 1704674 0349966 1337208

 0033666 1709694 0028778 0332206 1533157 1706084 2828370 0220781 0439634 1522492
 0002716 0011560 0611285 2347469 0634829 0915177 0439394 1706495 3642217 0309872 0597704 1159772 0475264 1744691 1704241
 0007634 3282337 1412459 0015230 0329155 0521447 0848332 1427618 1521840 1705203 0007634 3282337 0441889 0085151 3538722 1456454 0033665 0002716 0011560 0033684 0611285 1709634 1412459 0085151 3538722 0033665 1456454 0597704 1159772 0002716 0011560 0033684 0333118 0475264 0611285 1709634 0332257 0018042 0678594
 0243148 0681814 1550141 1706386 1882979 2587213 3274648 0521093 0750484 0220781 0439634 1522492 1180347 1523872 1704241
 0687760 1551065 0369637 0441923
 0220781 0439634 1522492 1704241 0007634 0038108 1272695 2746065 3282337 1547061 0007589 0205615 0439228 0040845 0001128 0202406
 1412459 0007610 1880165 1883712 1333931 1336632 1705504 1571602
 0185117 1412459 1333931 1336632 1705504 0015230 0220781 0329155 0332501 0439634 0521447 0848332 1427618 1522492 1705203 1708698 1704241
 2936239 0007634 0205397 3282337 1412456 3538726 0475264 1744691 0332152 0475264 0972395 1522538 1744691 2348205 2611803 3156099 3537205
 0185117 3536909 0033684 1274040 1546471 2825142 0439691 0332437 0543482 0700329 0700619
 1171362 0185117 1412459 1333931 1336632 1705504 0233426 0700364 0972395 2611803 3156099 3537205 1274040 1546471 2825142 0015230 0329155 0848332 1427618 1705203
 0007634 3282337 0007589 0031437 0205615 0521390 1285572 1547282 0220781 0439634 1522492 1704241
 0449911 0333052 2607870 0557702 1272706 1704674 0557702 1272706 1704674 0349966 1337208

 1327111 0597295 0220781 0439634 1522492 1704241
 0521447 0475264 1744691 0007634 0038108 3282337 0040845 0001128 0007589 0202406 0205615
 0185117 1412459 0972395 2611803 3156099 3537205 0220781 0439634 0521447 0972395 1333931 1336632 1412459 1522492 1704241 1705504 1708698 2611803 3156099 3537205 0332437 0543482 0700329 0700619
 0185117 0972395 2611803 3156099 3537205 0220781 0439634 0521447 0972395 1333931 1336632 1522492 1704241 1705504 1708698 2611803 3156099 3537205 0439691 0332437 0543482 0700329 0700619
 0972395 2611803 3156099 3537205 0085151 3538722 0033665 1456454 0002716 0011560 0033684 0443225 0611285 1441547 1444754 1706316 1709634 3245521 0521447 0972395 1333931 1336632 1412459 1521840 1704241 1705504 2611803 3156099 3537205 0332437 0543482 0700329 0700619
 1547282 0332157 0274281 0015230 0329155 0848332 1427618 1705203 0205136 0332157 0814812
 0687760 1551065 0369637 0441923 0073187
 1512018 0369637 0441923
 0520510 0557061 2584313 1514811 1706462 0683954 1274040 1546471 2825142 1547282 1412459 1456454 1412456 3538726 1412456 3538726 0220781 0439634 1522492
 1511726 3245479 0443211 0972395 2611803 3156099 3537205 0205217 0442805 0040649 1412727 1333931 1336632 1705504 0244989 0286983 0812444 1705784
 2610899 0851285 1327622 0007634 0178539 0085151 3538722 0033665 0599895 1159772 1456454 0002716 0011560 0033684 0599896 0611285 0972395 1441547 1709634 2611803 3156099 3245521 3537205 0171484 3146294 0162768 0033684 0332466 1293131 1882932 1524063 0449913 1553451 1704459
 1171362 0185117 1547282 1412459 1521840 0972395 2611803 3156099 3537205 1412456 3538726 0184047 1383501
 0233660 0332206 0887840 0699789 1547282 1412459 0521447 1511572 1185625 1382196 0005528 1317949 3495449 0972395 2611803 3156099 3537205
 1412459 0332297 0972395 1145667 1167622 1689898 2349209 2611803 3156099 3537205 0330386 0442632 1333931 1336632 1705504 0062773 1333931 1336632 1705504 1704241
 1704241 0015230 0329155 0332501 0439064 0848332 1427618 1705203 0700364 1704241 1548223 0237753 0449788 0678594
 0332437 0543482 0700329 0700619 0332256 2700400 1704241 1707455 0678594 0332256 2700400 1704241 1705535 0017263 0851285 1327622 0332281 0007613 1292719 0007634 0178539 0542341 1705242
 0542341 1704241 0439673 0242485 1444656 1518439 0521447 0678594 0332256 2700400 1704241 0332290 0332256 2700400 0033684 0012854 0040649 0205177 0439167 0441655 1514873 1561536
 0597717 0014274 0016315 0040671 0231881 0424589 0459800 0542479 0684213 1442080 1705822 0002778 0936012 1524024 1167622 1704675 1333931 1336632 1705504 1704241
 0947630 1514873 1883351 1882932 0205681 2945843 0205145
 1280500 0332290 0681814 1547282 0205177 0439167 0441655 1561536 1412459 0441655
 1518440 0599813 0040715 2987521 0025255 0171484 0178566 1235660 0027215 1413277 0006631 0369718 0441922 1413274 1553036 0042153 0457083 1947944 0037080 0037083 0086982 1704259 1705987 0699040 0205148 0007610 0040649
 0085151 3538722 1456454 0033665 0002716 0011560 0033684 0611285 1709634 0031843 0037083 0521447 0542341 0700205 1705273 3537152 1274040 1546471 2825142 1547282 0972395 2611803 3156099 3537205 0085151 3538722 0033665 1456454 0002716 0011560 0033684 0443225 0611285 1444754 1706316 1709634 3146294 0010813 0596311 1330957 0007603 0025255 0032105 0596901 1550098 1706182 1550030 1526989 0007610 0005528 1317949 3495449 1412459 1333931 1336632 1705504 0330386 0442632 0238767 1706086 0007634 3282337 1705535 0085151 3538722 1456454 0033665 0002716 0011560 0033684 0611285 1709634 0031843 0037083 0521447 0542341 0700205 1705273 3537152 0007634 3282337
 0027882 0428479 0441889 1412459 1333931 1336632 1705504 0554249 0085151 3538722 0033666 1456454 0033665 0002716 0011560 0033684 0611285 1709634 0348078 0376315 1522492 0972395 2611803 3156099 3537205
 0027882 0348078 0376315 1522492 1333931 1336632 1705504 1704241
 0681814 0392148 0027882 1516084 0392752 0972395 2611803 3156099 3537205 2316368 0205155 1293097 1522472 1552923 1705191 0440746 0459385 0231175
 0392360 0033213 1706387 0018517 0376558 2825407 1274040 1546471 2825142 0681841
 0972395 2611803 3156099 3537205 0683607 1883351 0392752 0972395 2611803 3156099 3537205 0003241 0332297 0972395 1145667 1167622 1689898 2349209 2611803 3156099 3537205 0010834 0521447 0972395 1333931 1336632 1412459 1518422 1704241 1705504 2611803 3156099 3537205
 1511726 3245479 1705535 0220781 0439634 1522492 1412459 0309872 1292733 0444454 1554204
 0442711 0449445 1292724 1514873 1883351 1547282 1704241 1515655
 0017263 2610899 0851285 1327622 0022885 0039593 0392366 1512571 0972395 2611803 3156099 3537205 0243148 1550141 1882979 2587213 3274648 0017337 0085151 3538722 0033665 0596286 1456454 0002716 0007634 0011560 0033684 0178539 0441889 0611285 0851285 1314939 1327622 1709634 0428479 0936012 1519595 1547699 2700640 0085151 3538722 0033665 1171362 1456454 0002716 0011560 0033684 0611285 1709634
 1524063 0007600 0007634 0205132 1269647 1704653 1948049 0009013 3146294 0032659 1257890 0185117 0205171 0972395 1720467 2611803 3156099 3537205 0017337
 0681814 1547282 0972395 2611803 3156099 3537205 1171362 0017262 0185117 0449719 1709471 0015744 0439178 0441712 1446409 1514241 1706376 2825490 2911691 0036658 0085151 3538722 1456454 0185117 0085151 3538722 1456454 0033665 0002716 0011560 0033684 0611285 1709634
 0205117 0332282 1883708 0392366 1512571 0972395 2611803 3156099 3537205 0185117 0079411 1314939 3146294 0443211 1272684 0972395 2611803 3156099 3537205 0017337 1547699 2700640 0085151 3538722 1456454 0033665 0002716 0011560 0033684 0611285 1709634 0014442 1412727 1518422 1418985 1412181 2984597 0205447
 1883351 1517480 1521871 1705759 0332281 0205217 0441889 0442805 0449432 0439855 1704241
 0007634 3282337 0936012 0185117 1412459 0150312 0972395 2611803 3156099 3537205 0205217 0442805 0185117
 1511726 3245479 0302523 0700325 1964257 0025936 0003069 0025914 0025929 0026809 0085151 3538722
 0007600 0007634 0205132 1269647 1704653 1948049 0085732 1299581 0521093 0750484 1456348 0205263 0857127 0244989
 1883357 1274040 1546471 2825142 0443211 0085151 3538722 1456454 0033665 0002716 0011560 0033684 0611285 1709634 0205171 1518422 1720467 0185117 0017262 0185117 1314939 1709694 0007613 0031843 0542341 0700205 1705273
 1415725 1412958 0171484 0851285 2986417
 1511726 3245479 0332196 2828389 1280500 2348382 0040649 0683454 0021966 0221138 0037080 0332298 2587213 0040649
 1547282 0205177 0439167 0441655 1561536 0332297 1145667 1167622 1412459 1689898 2349209 1547282 1412459 1333931 1336632 1705504
 1880155 0237753 0449788 0332256 2700400 0015230 0329155 0848332 1427618 1705203 0439691 0017337 0237753 0439849 0445223 0449788 0851285 0972395 2611803 3156099 3537205 0033204 0332148 0017337 0085151 3538722 0033665 1335962 1456454 0002716 0011560 0033684 0037083 0611285 0851285 1709634 3537152
 0442805 0428479 0033684 0205217 0441889 0442805
 0205217 0442805 0150312 0332285 2348042 2826345
 0678587 0683927 0428479 0205361 0441889 1301808 1442792 3148680 1518422 0442805 0012634 0348080 1705253 0750492 0439849 0442805 0445223 0521115 1441672 0185117 1517001 1883351 0442805 0597297 0031227 0243127 0443331
 0441712 1706376 0079411 0205217 0442805 1314939 1441672 3146294
 1883357 1511726 3245479 0332290 0678587 0683927 0428479 0205361 0441889 1301808 1442792 3148680 0007634 0086045 0178539 1314677 1547014 1948059 0012634 0348080 1705253
 0023675 0376558 1511572 0441712 1706376 0237886 0700314 1947906 0010813 0596311 1330957 0037083 3537152 0162493 0599177 1879547 0972395 2611803 3156099 3537205
 1280500 0597297 0031227 0243127 0443331 0085151 3538722 1456454 1883351
 1709694 1518440 0599813 0040715 2987521 0025255 0171484 0178566 0699040 0205148 0007610 1883351 0040649
 0175996 0178719 1880389 1883221 3541951 0025255 0205242 0332297 0333853 0596901 1145667 1167622 1235660 1689898 1706182 2349209 1709634 1416912 0597357 0033684 1412466 0027215 1413277 1412467 0085151 3538722 1456454 0033665 0002716 0011560 0033684 0611285 1709634 0007610 0205177 0439167 0441655 1561536 1235660 1547282 0439097 1705241 3146239 3538806 3540585 0027215 1413277 0006631 0369718 0441922 1413274 1553036 1412466 1412467 0085151 3538722 1456454 0033665 0002716 0011560 0033684 0611285 1709634
 1180347 1135629 0033684 0037083 0521447 1314939 3537152
 1707959 1416912 0597357 0033684 1145667 1167622 1412459 0243122 1145667 1167622 0085151 3538722 1456454 0033665 0002716 0011560 0033684 0611285 1709634 0037083 3537152
 0007610 1333931 1336632 1705504 0062773 1156210 0008546 1314939 1325550 1883525 2346866 1710082 0332257 0205548 0040661 1705162 1710082 1336776 0086661 1553033 0887829
 0162808 1514562 1880389 1883221 3541951 0010813 0171484 0596311 1330957 3146294 0332185 1547282 1883351 0392752 1333931 1336632 1705504 1750270 0439691
 1883357 2607943 2926606 3539655 1705535 0033666 1709694 0037080 0010357 2986468 0037817 0234856 0600118 2828360 0682323 0001721 0037083 3537152
 1883712 0302523 0700325 3244290 1705535 0017337 1515021 0332298 0171484 1709694 2587213
 1552616 1706244 1511726 3245479 1999230 0332120 1547282 0542341 0085151 3538722 1621969 0033665 1135629 1456454 0002716 0011560 0033684 0611285 0851285 1412459 1706710 1709634 1412456 3538726 1333931 1336632 1705504 0028589 0949374
 0972395 2611803 3156099 3537205 1171362 0185117 0085151 3538722 0002722 0002723 0033665 0597304 0038164 1456454 0002716 0010813 0011560 0033684 0079613 0596311 0611285 1330957 1709634 1710082 0085151 3538722 0033665 1456454 0002716 0011560 0033684 0332152 0441889 0443225 0611285 1444754 1522538 1706316 1709634 0428255 0428479
 0023693 1306462 1881376 0542341 0972395 2611803 3156099 3537205 1710236 1710082 0243077 0027552 0686904 1883351 0220825
 0183683 1521721 1626420 0181839 1706379
 0205555 0326402 2986676 0282411 0947611 1705247 0600659
 0027361 1999230 0006556 2827421 0449913 1553451 1704459 1412459 0004898 1551702 0086860 0205090 0684010 2603358
 1333931 1336632 1705504
 0043227 0449719 1521721 1709471 0678594 0682568 0815043 0018173 1548284 0597277 1708601 1513892 0034963 1709697 2728259 3484370
 1514811 1706462 0520510 0557061 2584313 1514811 1706462 1551702 0369637 0441923
 0369718 0441922 1553036

 0021641 1533581 1579433 1414968 0017262 0017337 0185117 3536868 2260086 1516561 0162326
 1418943

 0268596 2700624
 3642273
 0041703 0000857 0600678 1552863 2603362
 0033727 0369286 0441932 0564385 0597277 1708601
 0035853 0995005

 0033727 0369286 0441932 0564385 0017596 1947936
 0597277 1708601 0369637 0441923
 0439267

 0678640 1704241 1517892 1704666 0017262 0017337 0185117 0085151 0078939 3538722 1750295 2362547 1456454 0033665 2825879 0002716 0011560 0033684 0330390 0439096 0611285 1709634 2004068
 0007634 1269647 1704653 1948049 0450382 0025141 0428597 0035820 1705810 0439394 1706495 3642217



 0037083 3537152


 2603360 2603360


 1158770 0851285 1327622 0542341



 0369773 2603361 2347469

 1518827 1880389 1883221 3541951 1412459 0205145 1145667 1167622 1514562 0085151 3538722 1456454 0033665 0002716 0011560 0033684 0611285 1709634
 0027960 0324740 0439189 1456781 1824986
 0007634 1269647 1704653 1948049

 0000857 0600678 1552863 0369637 0441923

 0439394 1706495 3642217 0021966 0221138 0335326 1306756

 0369718 0441922 1553036

 1333931 1336632 1705504 0887829 1753269 0206588


 0201682
 2603360


 1180347 1523872 0439855 1704241 1412459 1333931 1336632 1705504 0062773
 0036397 3275277
 0369773 2603361 0205090 0684010 2603358
 0369773 2603361 0439394 1706495 3642217
 0439267

 0597704 1159772 0475264 1744691 2825879 0002716 0011560 0611285 0927232 1269563 1882791 0027763 0422837 1269560 0027769 0205099 0449913 0599851 1553451 1704459 1879652
 0027882 0025141 0369773 2603361 0021966 0221138 0597277 1708601 2347469

 0085151 3538722 1456454 0033665 0002716 0011560 0033684 0611285 1709634 0085151 3538722 1456454 0033665 0002716 0011560 0033684 0611285 1709634 0332255 1708096 0379528 0017011 0171484 1552644 2349976 3146294 1637379 1881707 1704711 1264633 0521447 1554103 1441012 0027882 0010453 0220814 0430400 2242979


 0025141 0369773 2603361 0597277 1708601 0021966 0221138 0033727 0369286 0441932 0564385 0369773 2603361 2347469

 1290905 0033666 1709694


 2347469

 1332101 1705550 3541303 3273588 1538050 2753842 0439855 1704241
 0027882 0025141 2347469 0369773 2603361 0369773 2603361 0597277 1708601

 0033727 0369286 0441932 0564385 0369637 0441923
 0086894 0851346 2314876


 0379528 0171484 0030946 1947941 0086597 0030685 0391871 0439180 0680255 1283071 1963578
 0349590 1262865 0025141 0369718 0441922 1553036
 0205090 0684010 2603358 0205090 0684010 2603358 0016327 0439133 1553038 2603360

 0035696 1547699 2700640 1336776 1334043
 2347379 0028606
 0000857 0600678 1552863 0033727 0369286 0441932 0564385

 0021669 1415875 0014442 0021641 1533581 1579433 0849355 1883720 3244314 0162808 1514562 0175996 0178719 1880389 1883221 3541951 0085151 0078939 0972395 2611803 3156099 3537205


 0201682

 2603360 2347469 0033727 0369286 0441932 0564385




 0439084 0728893 0025141 0439394 1706495 3642217
 0369637 0441923
 0369773 2603361
 2347469 0205090 0684010 2603358

 2603362

 0021669 1415875 0014442 0021641 1533581 1579433 0202098 0428405 0441889 0078939 1456454 1750295 2362547 3484390 0002716 0011560 0033684 0330390 0439096 0611285 2004068 0162808 1514562 0175996 0178719 1880389 1883221 3541951 0085151 0078939 1515655
 1418943

 0268596 2700624
 3642273
 0041703 2603362
 0205090 0684010 2603358 2603360 0369773 2603361 0033727 0369286 0441932 0564385

 0369637 0441923 2347469

 1167136 0439855 1704241
 1744664
 0439394 1706495 3642217 0369637 0441923
 0335326 1306756

 0369718 0441922 1553036

 1333931 1336632 1705504 0205369 1552740


 0201682
 0033727 0369286 0441932 0564385 0439394 1706495 3642217

 1999216 0028778 0332206 1533157 1706084 2828370 1235660 0037083 3537152 1515655 0015127 1314792 1524003 1836408 0031437 1285572
 1744664
 0439086 2827736 2981702 0439267
 0005135 0982158 3495134 0439267
 0033727 0369286 0441932 0564385 2347469 2347469

 0242485 0597717 1524063 0026022 0016315 0026018


 0999213 0016327 0439133 1553038 0205090 0684010 2603358
 0369637 0441923

 0220781 0439634 1522492 0025936 0003069 0025914 0025929 0026809 0205263 0225328 1420510 1705543
 0036397 0439114 0439267
 0331936 0205090 0684010 2603358

 0205090 0684010 2603358


 0392756 0036667 0312418 0427965 1511883 1522640 2346484 2349185
 0441712 1706376 0185125


 0201682
 0003086 1522382 1553033 0205090 0684010 2603358
 0439267 0205090 0684010 2603358
 0369637 0441923

 0079411 3146294 0205369 1552740 0042196 0030705 0002395 1521724 0012634


 0025141 0003086 1522382 1553033
 0205090 0684010 2603358 2347469 0597277 1708601 0442999 1621797

 0003241 0002395 1521724 0012634
 0027882 0025141 0369637 0441923
 0439267 0439394 1706495 3642217
 2603362
 0439394 1706495 3642217 0439267
 0369637 0441923

 0597298 0027882 0205369 1552740 0005516


 2347379
 0025141 2603360 2603362
 2603362

 1749388 0023688 1414069 1414070 3274855 2827380 1710236


 0201682
 0369773 2603361
 2347469 0205090 0684010 2603358
 0033727 0369286 0441932 0564385

 0020912 0524865 1413028 1420652 1455542 1257902 0016163 2349190 2700184 0040674 0040759 1820371
 0007634 1269647 1704653 1948049 0025141 0033727 0369286 0441932 0564385


 0369773 2603361 0562547 3160718
 0033727 0369286 0441932 0564385
 0033727 0369286 0441932 0564385 0597277 1708601
 1006780 2603362



 1707271 0033621 1168438 1418943 3540567 1335533 0205088 0332255 0486805 1705314 1705315 0015264 0235032


 2603360 2986502
 2347469 2603362



 0162808 1514562 0175996 0178719 1880389 1883221 3541951 0184512 1412459 0007610 1235660


 0201682

 0554249
 0021966 0221138 0439267

 0597277 1708601 2347469
 2603360

 0034821 1366529 1416912 0242972 0748025 0023823 0597357 0065059 0023820 0033684 0178587 0205251 0439849 0445223 1299352 1550472 0085151 3538722 1456454 0033665 0002716 0011560 0033684 0611285 1709634 0035820 1705810



 0554249
 0439114 2347469
 2603360

 0175631 2827662 0085151 3538722 1456454 0033665 0002716 0011560 0033684 0611285 1709634 0004083 0439849 0596306 0699792 0040715 2987521


 0025141 2603360 0369637 0441923
 2603360
 0597277 1708601 2347469
 2603360

 0162808 1514562 0175996 0178719 1880389 1883221 3541951 0443264 0040624 0085151 3538722 0033665 1456454 0002716 0011560 0033684 0086597 0127400 0611285 1709634 1412459


 0201682
 0205090 0684010 2603358 1551090 0205090 0684010 2603358 0016327 0439133 1553038

 0597304 0010813 0596311 1330957 0025543
 1418943

 0268596 2700624
 3642273
 0041703
 0861352
 0439394 1706495 3642217 0443013 0439267 1555429 2603362
 0033727 0369286 0441932 0564385 0205654 0369718 0441922 1553036 0439394 1706495 3642217

 0085400 0011164 1880269 1720655 1947974 0085151 3538722 1456454 0033665 0002716 0011560 0033684 0611285 1709634
 0036397 0369773 2603361 0014511 0086809 1547963 0369773 2603361
 0033727 0369286 0441932 0564385 0205090 0684010 2603358 0369718 0441922 1553036
 0597277 1708601

 3539643 0243122 1145667 1167622 1336789 0006631 0010813 0299212 0439098 0596311 1330957 1413274 1418985 2986918 0026882 0299212 0311403 1418985 2986918 3247466
 0007634 1269647 1704653 1948049
 2603360 1415618 2603360 2603360

 0248813 0380051 1367731 0872123 0872053 1334482 1367019 1707271 0162508 0031727 0205088 1553033 1705314 1705315 3536909 0085151 3538722 0002716 0011560 0611285 1709634 1150587 1367731 1705632


 0369773 2603361
 0597277 1708601 0439482

 1514570 0033666 1709694 0086597 0030685 0391871 0439180 0680255 1283071 1963578


 0201682
 0439267 0369773 2603361 0205090 0684010 2603358 0369718 0441922 1553036 2603360

 0085151 0078939 3538722 1750295 2362547 1456454 0033665 2825879 0002716 0011560 0033684 0330390 0439096 0611285 1709634 2004068 0031843 0205145 0542341 0700205 1293132 1383501 1515974 1624581 1705273 2825164 0309872 1292733 1518440 0040715 2987521


 0201682
 2348274
 0369637 0441923
 0369773 2603361 2603360
 0336362 0439267

 0010813 0596311 1330957 0379528 0475264 1744691
 0036397 2603360 0439267 1000873 0016327 0439133 1553038 0205090 0684010 2603358

 1412958 1415725 1426393 1518294

 0491928 0999347 2347469 0439394 1706495 3642217 1553033 0205090 0684010 2603358
 0369637 0441923
 0439267 0369637 0441923 0439394 1706495 3642217

 0079411 3146294 0010813 0596311 1330957 0379528 0085151 3538722 1709634 0078939

 0451119 1444662
 0740116 2827735 2981700 0025141 0554249 0439114
 0369637 0441923

 0020792 0205396 1333931 1336632 1705504 1333931 1336632 1705504 0330390 0439096 2004068
 0017337 0025141 0205090 0684010 2603358 0369718 0441922 1553036 0369637 0441923
 0033727 0369286 0441932 0564385 2347469
 0369773 2603361
 0439114
 0369773 2603361 0439394 1706495 3642217

 0162808 1514562 0175996 0178719 1880389 1883221 3541951 1145667 1167622 1417890 1709287 0018790 0237477 0392351 0521111 0037083 3537152
 1418943

 0268596 2700624
 3642273
 0041703 2603360 0205090 0684010 2603358 0439267 0369773 2603361 2603362 0369718 0441922 1553036

 1412459 1513822 1705739 1882071 0085151

 3541329 2827734 2981698 0025141 0033727 0369286 0441932 0564385 0597277 1708601 0439267 0369637 0441923

 2347469

 0033666 1709694 0205145 1515974 2825164 2752250 0010813 0596311 1179706 1235660 1330957 1335643 1419033
 1744664
 0740116 2827735 2981700 0369637 0441923
 0033727 0369286 0441932 0564385 0597277 1708601 2347469
 0439394 1706495 3642217

 0033666 1709694 1412466 0379528 0017011 0171484 0740116 1552644 2349976 2827735 2981700 0040649


 0201682
 0369637 0441923
 0033727 0369286 0441932 0564385 0205090 0684010 2603358 0369773 2603361 0369773 2603361
 0369637 0441923 0439394 1706495 3642217

 0248813 0872053 1334482 1367019 0031727 1417024 1422725 0087044 0103404 0033684 1150587 1367731 1705632 1417024 1145667 1167622 1511625 0162808 1514562 1880389 1883221 3541951 0085151 3538722 1456454 0033665 0002716 0011560 0033684 0611285 1709634


 0201682
 0369637 0441923
 0033727 0369286 0441932 0564385 2603362 0439394 1706495 3642217

 1417024 1422725 0087044 0103404 0033684 1150587 1367731 1705632 0033414 0040649 0085151 3538722 1709634 0033684 1705242
 1418943

 0268596 2700624
 3642273
 0041703
 0033727 0369286 0441932 0564385
 0205090 0684010 2603358

 3537152 0030685 0391871 0439180 0680255 1283071 1963578
 0349590 1262865 0025141


 0010819 0005532 0002395 1521724 0012634
 0349590 1262865 0450348 0450355 0369637 0441923

 0033727 0369286 0441932 0564385
 2603360 0369773 2603361 0554249
 0439267
 0439394 1706495 3642217

 0915177 0439394 1706495 3642217 0599156 1301808 1442792 2700061 3148680 0766890 1999216
 0005477 0025141 0036973 2347469
 1553033 0439267 0597277 1708601 0369773 2603361
 0033727 0369286 0441932 0564385

 0017968 0449774 1705535 0332158 0337611 1705415

 0000857 0600678 1552863 2603362
 2603362 1553316 0369773 2603361
 0033727 0369286 0441932 0564385

 0379528 0171484 1235660 1420510 1705543 0002395 1521724 0012634 0872078 0036572 0424576 2349186

 2347961

 0439086 2827736 2981702 0025141
 2603362
 0439394 1706495 3642217

 1156200 0001038 1521754 0040648 1521761 2827422

 0027960 0324740 0439189 1456781 1824986

 2347961
 2603362
 2603360 1412493
 2347469 0369637 0441923
 0456564 1521879 0016327 0439133 1553038
 0033727 0369286 0441932 0564385

 3158809 0040624 1512977 0007634 3282337 0140283 0140278 1421546 0035339 0597357 3536891
 1418943

 0268596 2700624
 3642273
 0041703 0033727 0369286 0441932 0564385 0998924 2603360

 0234112 1412456 3538726 0033684


 0201682
 0033727 0369286 0441932 0564385 0597277 1708601 0998924 2603360

 0872079 1704675 1179132 0033684 1155542 2611812 1707310


 0201682
 0033727 0369286 0441932 0564385 0998924 2603360

 0035820 0443264 1327340 0597299 0025519 0025520 0085151 3538722 1456454


 0201682
 0205090 0684010 2603358 2347469

 0332319 0369773 2603361
 2347469 0331968 2699100 0369773 2603361

 0597304 0010813 0596311 1330957 1412727
 0036397

 0369637 0441923
 3284170 0597277 1708601
 2603360


 0010813 0596311 1330957 0379528 0243122 1145667 1167622 1518440 0599813 0040715 2987521 1335532 0015576 1704727 0085151 3538722 0033684
 0005477 0025141 1553033 0033727 0369286 0441932 0564385

 0010819 0005532 1424652



 0025141 1553033 0205090 0684010 2603358

 0439855 1704241 0086597 1879547 0752312
 0036397

 2347947 0242485 1524063 0016315 0181839


 0033727 0369286 0441932 0564385 0033727 0369286 0441932 0564385
 2945617


 1333931 1336632 1705504 1336789


 0201682
 1706852 0171484 3537152
 1527021 1554111 1705606 3541382