 0040712 0597295 1519614 0011847 0011849 1514559 0028754 1963185 0033727 0369286 0441932 0564385

 0369637 0441923


 1704729 0041740 0043193 0033727 0369286 0441932 0564385 0043193
 1704729 0041740 0043193 2346686 0205090 0684010 2603358 0718133 0043193
 0021622 1272753 0012238 0012240 0022658 0012634 0022646 0227665 1278978 1514845 0027468 0018684 0021622 3245503 0041711 0018747 0037440 0018684 0086418 0557854 1704729 0033727 0369286 0441932 0564385 2347469 0369773 2603361 0376649 1442065 0686900 1272683 1522634 3273171 0031831 1707664 2348314 3540849
 0041740 0043193 2347782 0205099 0043193
 0013849 1705961 0024492 1538057 1547565 0520510 0025663 0025664 0449851 1514811 1706462 0011860 1320657 0441730 0011847 0011849 0332307 1547052 1709305 2745955 0007634 3282337 1299582 0021655 2700570 0021641 0205432 0237834 1514892 1533581 1579433
 1256369 0021641 0036536 0036537 1533581 1579433 0021641 1533581 1579433 1698986 1883351 0005572 0021641 0220781 1533581 1579433 0441889 0456079 0851285 1519614 1547707 2946261
 3537096 0851285 1327622 0600493 1883644 0600680 0017446 0205147
 0332185 0205396 1550043 1551388 0392747 0600493 1883644 0600680 0017446 0205147 0013682
 1948052 0205419 0010834 0150312 0015272 0013682 0332294 0459422 0205307 0439166 0678226 2347086 0033684
 0752249 0205360 2347098 1518422 0205217 0442805 0162807 0035668 0678594 0392747 0040712 0597295 1519614
 1883351 0035820 1705810 0021655 2700570 0021641 0237834 1514892 1533581 1579433 0011847 0011849 0185117 1514628 1709846 0599161 1550177 0032520 0040223 0237400 0392762 0444706 0677874 3272377 3541383 3541902 0241863 0028754 2986594 3161035
 0185117 0020459 0205250 1299351 2700149 1883559 0332307 0445392 1547052 1707455 1522528 0025914 0025929 0026809 0205225 0205263 0439631 0860803 0017725 0205250 1299351 1439852 2700149
 1882932 0441712 1706376 2349975 0005572 0220781 1514873 0021655 2700570 0020456 0021641 0205250 0237834 1514892 1533581 1579433 3163633
 0520510 0025663 0025664 0449851 1514811 1706462 0011860 1320657 0441730 0011847 0011849 0332307 1547052 1258192 0021655 2700570 0021641 0237834 1514892 1533581 1579433 0205166 1706317 1372360 0020459 1256369 0021641 0036536 0036537 0205217 0205432 0442805 1533581 1579433 0005572 0220781
 0085732 0442805 1256369 0021641 0036536 0036537 1533581 1579433 0005572 0021641 0220781 1533581 1579433 1698986
 0947630 1547282 0017715 0005572 0220781 1719133 0441889 0456079 0851285 1519614 1547707 2946261 2827734 2981698 0740116 2827735 2981700 0439086 2827736 2981702 0439084 0728893
 0376554 1157723 1157519 3537096 0005572 0021641 0220781 0851285 1314939 1327622 1519614 1533581 1579433 0439801 3542948
 1157519 3537096 0851285 1327622 0600493 1883644 0600680 0017446 0205147 0600493 0600680 1420099 1540171
 1337112 0017337 0015295 0205449 0332529 0021920 0600493 0600680 1420099 1540171 0332257 1552866 2700399 0015295 1292711 0449719 1709471 0079941 0009219 0017446 0205147 0015295 0439659
 0021920 0205145 0230171 0233535 1883712 0021920 0150312 1883351 0332256 2700400 1720838 0205145 1515974 2825164
 0205145 1515974 2825164 0017446 0205147 0600680 1420099 1540171 0002345 0035687 2610186 1524063 0205145 1515974 2825164 1947971 0205419 1510755 1706078 0392760 1314939 0079941 0009219 0017446 0205147
 0205419 0086418 0205307 0439166 2347086 0013682 0021135 1533691 2827718 1515655
 1883712 0017725 0442805 0185117
 1705535 0185117 1882932 0441712 1706376 0020456 0556043 0520917 1514873 0035696 0040223 1632851 0441516 0699784
 0185117 1314939 0000934 0392673 0021655 2700570 0021641 0237834 1514892 1533581 1579433 0011847 0011849
 0018017 1571704 1883351 0022885 0039593 0392366 1512571 1883351 1517378 0162340 0205419
 0444930 2746065 1880022 0205419 1510755 1706078 1515981 0185117 0678594 0013682 0150312 1883351 2348205
 0562342 1883351 0557651 2603343 0185117 0025914 0025929 0026809 0021655 2700570 0021641 0237834 1514892 1533581 1579433 3161035 0011847 0011849
 0520510 0025663 0025664 0449851 1514811 1706462 0185117 0600493 0600680 1420099 1540171 2348205 1334043 1337112 0017337 0599161 0032520 0677874 1524063 0206415 0006556 1518865 0025914 0025929 0026809 1441547 3245521 0030274 1278931 0450345
 0086418 0205419 1707455 0443228 0549177 1704243 1553778 1561491 0443289 0021920 0035280 0333117 0444667 1753315 3146294 0450344 1553633 0004793 0021920 0162326 0162327 1519249 0086418 0333118
 1705535 0004793 0162326 0162327 1519249 0150312 0449450 0450344 1553633 1518422 0025914 0025929 0026809 1273517
 0442726 1511790 1524063 0206415 0205101 0021641 1533581 1579433
 0185117 0005861 0521093 0349966 1337208
 1883712 0162801 0002778 0004793 0162326 0162327 0936012 1519249 1524024 0021920 0439787 0849355 0021641 0025914 0025929 0026809 1441547 1533581 1579433 3245521 0021641 1518422 1533581 1579433 0017337 0450344 1553633
 0449911 0333052 2607870 0557702 1272706 1704674 0557702 1272706 1704674 0349966 1337208
 2827734 2981698
 0025914 0025929 0026809 0004793 0162326 0162327 1519249 0333118 0600680 1420099 1540171 0205419
 0162326 2827599 0006909 0282413 1551058 2984182 0080089 0180979 1705858 0439659 0242610 0009221 0439659 1095825
 0179400 1638312 0522501 0600436 0002055 0178499 1709450 1880279
 0733755 0599161 1273517 0032520 0336721 1547282 0237753 0449788 0039224 0206415 0237753 0449788 1706073 1706074
 2945706 0522501 0205145 1515974 2825164
 2347469 0599161 0032520 0677874 1524063 0035668 0728990 1514575 1705542
 0206415 2827734 2981698 1273517 0206415 0740116 2827735 2981700 0025914 0025929 0026809 1273517
 0206415 0439086 2827736 2981702 0015295 1518422 1547282 1273517
 0175723 1882932 1514468 1704444 0035953 0600140 1704688 2346414 0015008 2986582 1706746 0017243 1382104
 0175723 0205397 1553778 1561491 0521093 0750484 0456389 0678226 2984182 0021920 0035280 0043194 0258432 0333117 0444667 1421478 1753315 3146286
 0599161 0032520 0677874 1524063 0206415 1708639
 1707455 1708639 0025914 0025929 0026809 1708639 1514468 3146294 1552738 1547282
 0205447 0443228 0549177 1704243 0175723 0439645 1521913 0025914 0025929 0026809 1708639
 0443286 1114821 0035668 0007634 0185115 3282337 3541890 1273517
 0449911 0333052 2607870 0557702 1272706 1704674 0557702 1272706 1704674 0349966 1337208
 0740116 2827735 2981700
 0005861 1621557 1709269 0884358 0520510 1552738 0025663 0025664 0449851
 0035668 3274438 0035953 0600140 1704688 2346414 1708639 0439086 2827736 2981702 1708639 1882932 1639518 1947986 0205160 1513916 2825415 2825491 0243148 1550141 1882979 2587213 3274648 1524063 0035668 0007600 0007634 0205132 1269647 1550648 1552960 1704653 1948049
 0035668 1708639 1708715
 2825407 0025255 0596901 1706182 0015295 0205369 1552740 0182400 1704681 1711300 2347609 2700613 3536729 2825407 0025914 0025929 0026809 0205369 1552740 0182400 1704681 2347609 3536729 0021920
 1708639 0443228 0549177 1704243 0175723 0439645 1521913 0175723 0439645 1521913 1707455 1708639 0332290
 0205419 0040710 0205172 0302891 0033684 1707455 0013682 1273517 1515653 0005507 0243073 1510438 0520510 1552738 0025663 0025664 0449851
 1274040 1546471 2825142 0205419 0332462 1880834 0033684 0349966 1337208 2347469
 1883712 3146294 0335038 1522485 1705915 1709908 2827421 1883351 1280500 1515655
 0681814 0392148 0600680 1420099 1540171 0700321 1708698 0442805 0369773 2603361 0600680 1420099 1540171 1707455 1151115 0024075 0205177 0439167 0441655 1561536 0450366
 0449911 0333052 2607870 0557702 1272706 1704674 0557702 1272706 1704674 0349966 1337208
 0439086 2827736 2981702
 0013682 1306645 1548003 1708632 0021641 1533581 1579433 1524063 1265611 1708639 0025914 0025929 0026809 1708639 0035668 1708639
 0443286 1114821 0439509 0702093 1439852 2348935 0013855 1273517
 2347469 1709793 0036849 1442518 1705195 1412113 1516077
 1707156 3274014 3541345 1882932 1524063 0035668
 0013682 1515655
 0600680 1420099 1540171 0031249 0009013 0086022 0243148 0442335 1550141 1705099 1854336 1882979 2587213 3273620 3274648 0086860 0038975 1334435 0206414 0017337 2827421 0205171 0332197 1689985 1720467 0392148
 0040669 0884358 0520510 1552738 0025663 0025664 0449851 1151115 0205177 0439167 0441655 1561536 0013682 0040712 0079809 0242485 0597295 1516048 1519614
 1707156 3274014 3541345 1882932 0332462 1880834 1151115 0024075 0205177 0392747 0439167 0441655 0443172 1561536 1705241 0007634 3282337 0025914 0025929 0026809 0600680 1420099 1540171 2827421 0600680 1420099 1540171 1707455
 0205174 0884358 1547282
 0475264 1744691 0376649 1442065 1522634 0035280 0333117 1753315 0021920 1526989 0007610 0439787 0849355 0005528 1317949 3495449 0010834 0814423 1515655 0444706 3541902 1264675 1547051 0456603 1547037 1264633 1554103 0007634 3282337
 0150312 0456603 1547037 0369773 2603361 0450373 1553636 0006556 1707455 0007634 0444667 1269647 1441547 1704653 1948049 2828366 3245521 2584321 0010834
 2607943 2926606 3539655 1705535 0005528 1317949 3495449 0007610 0439787 0849355 2349975 0040712 0597295 1519614 0220781 1883254 0947630 1512571
 0042295 0007634 3282337 1522528 0025914 0025929 0026809 0205225 0205307 0439166 0439631 1707455 2347086 0332290 0332529 0021670
 0449911 0333052 2607870 0557702 1272706 1704674 0557702 1272706 1704674 0349966 1337208

 0475264 1744691 0752249 0205360 2347098 0185117
 0035668 0007634 0185115 3282337 3541890 0445291 0010834 0007593 0016640 0524811 3161031 0884358 0520510 1552738 0025663 0025664 0449851
 1514628 1709846 0599161 1550177 0032520 0040223 0237400 0392762 0444706 0677874 3272377 3541383 3541902
 1707156 3274014 3541345 1882932 0456603 1610540 0242485
 2347469 0752249 0205360 2347098
 0040649 0010934 0001259 0028778 0332206 2983591 3536807 0439267 0439391 0439526 0035668 0079809 0242485 1709846 0599161 1550177 0032520 0040223 0237400 0677874 3272377 3541383 1709793 1524063 1956015 1711351
 1707156 3274014 3541345 1882932 0439165 1549488 1561533 2827734 2981698 0033727 0369286 0441932 0564385 1707455 0033727 0369286 0441932 0564385
 0681814 0205174 0936012 1547282
 0752249 0205360 2347098 1292732 0752249 0205360 2347098 1880177 3146294 0936012 0871208 1521828 0035696 1524063 1513528 0007600 0007634 0205132 1269647 1550648 1552960 1704653 1948049
 0035696 0150312 1883351 0205360 1547311 1527428 0033727 0369286 0441932 0564385 0039798 0087111 1522326 1533734 1705169 3538994 0010934 0205419 1637379 1881707 1705648 0700308 0033727 0369286 0441932 0564385 1515981 0450375
 2607943 2926606 3539655 1881534 1880177 0750558 1710571 1705535 0441712 1706376 0332152 1522538 0220781 1883254 0597295 0040712 1519614
 0013682 0452688 0982459 0043137 0087114 1095911 1123020 1510495 1517528 1709305 2828366 0332197 1689985 0033684 1314939 0332148 0439092 0547044 0750492 1516561 1504308 0079613 1521761 2827422 0205419 0700364 1883351 0441712 1706376
 0013682 0332281 0162807 0035668 0678594 0441712 1706376 1504308 0079613 1521761 2827422 0162807 0027627 0035668 0035696 0175668 0205436 0678594 1527178 1705938
 1883351 1516048 1314939 1705241 1705242 0013682 1707455 0162807 0035668 0678594 1524063 0332462 1880834
 0150312 0035280 0333117 1753315 0392747 0678594 0035668 0302891 0349966 1337208 1707455 0442805 1552738 2348042 2826345 0013682 0349966 1337208
 0449911 0333052 2607870 0557702 1272706 1704674 0557702 1272706 1704674 0349966 1337208
 0439084 0728893
 0162807 0035668 0678594 0600680 1420099 1540171 0004793 0162326 0162327 1519249 0936012 0332462 1880834 0520510 1552738 0025663 0025664 0449851
 0542479 1275573 0025914 0025929 0026809
 0336721 0522501 0205145 0439659 1519614
 1080898 2945843 0021920 0205145 0439787 0849355 1552961 2347617 0439659 0444930 2746065 2347469
 0004793 0162326 0162327 1519249 0205132 1547282
 0185117 0011847 0011849 0205217 0442805 0021655 2700570 0021641 0237834 1514892 1533581 1579433 0205396 1550043 1551388 1547282 0015264 0013682 1444647 1883351 0557651 2603343 0035820 0028754 1963185 0021655 2700570 0021641 0237834 1514892 1533581 1579433
 0202098 0021641 0025914 0025929 0026809 0185117 0392366 1533581 1579433 3245505 0205419 0021920 0333118 1524063 0206415 0039224 1706073 1706074 0150312 0205171 1720467 3244092 0185117 0441889 0456079 1547707 2946261 0205419 0456603 1547037 1511028 0025914 0025929 0026809 1511726 3245479 1518422 1547282
 1517331 1518422 0205419
 0449911 0039224 1706073 1706074 0557702 1272706 1704674 0557702 1272706 1704674 0039224 1706073 1706074
 0028953 0869040 0000936 0557651 1273517 2603343 2981153 0021641 0025914 0025929 0026809 1533581 1579433 0936012 0185117 0025914 0025929 0026809 0011847 0011849 3161035 0021655 2700570 0021641 0237834 1514892 1533581 1579433 1511028 1521751 0025921
 1524063 0206415 0456603 1547037 1514628 0599161 0032520 0392762 0677874 0025936 0003069 0025914 0025929 0026809 0456603 1547037 1707455 1883559 0349966 1337208
 0456603 1547037 0039224 1706073 1706074
 0025914 0025929 0026809 0243148 1550141 1882979 2587213 3274648 0243148 1550141 1882979 2587213 3274648 0015780 0086287 0456603 1547037 1441672
 0456603 1547037 0332462 1880834 0003062 0205250 0241863 1511028 3163633 1883559 1707504 1879930 0332307 0445392 1547052 1707455 0243148 1550141 1882979 2587213 3274648 1553638
 0042295 0150312 2986479 1707455 0243148 1550141 1882979 2587213 3274648 0349966 1337208 2347469 1553033
 0449911 0333052 2607870 0557702 1272706 1704674 0557702 1272706 1704674 0349966 1337208

 1514559 0025914 0025929 0026809 0025914 0025929 0026809 0456603 1547037 1514628 1709846 0599161 1550177 0032520 0040223 0237400 0392762 0444706 0677874 3272377 3541383 3541902 0332325 2827757 1511028 0025914 0025929 0026809
 0028754 0025921 1521751 0025914 0025929 0026809
 0025921 1521751 0025914 0025929 0026809 0520510 1552738 0025663 0025664 0449851
 1707156 3274014 3541345 1882932 1880833 0025320 0392747 0443172 1705241 0025936 0003069 0025914 0025929 0026809 1883559 1707504 1879930 0332307 0445392 1547052 1707455 0243148 1550141 1882979 2587213 3274648 0036849 1442518 1705195 1412113 1516077
 1511726 3245479 0205174 0444504 0449450 0680730 2347634 2348143
 0449911 0039224 1706073 1706074 0557702 1272706 1704674 0557702 1272706 1704674 0039224 1706073 1706074
 0456603 1610540 0557651 2603343 0237753 0449788 1274040 1546471 2825142 1705535 0020456 0025914 0025929 0026809 1514559 1880177 0021655 2700570 0021641 0237834 1514892 1533581 1579433 0332197 1689985 0015127 1314792 1524003 0442805
 1705241 1705242 0456603 1610540 2986594 3161035 0003069 0003062 0456603 1547037 1710497 0039224 0205448 1516048 1706073 1706074
 0017725 0205410 0442805 0185117 0376649 1442065 1522634 0017725 0205171 0439044 0679994 0205263 0185117 0205101 0449255 0542559 0021641 0150312 0332325 0449450 1533581 1579433 2827757 0003062 0444706 3541902 0456603 1610540 1520150 1883559 0025914 0025929 0026809 0205409 0332307 0445392 1547052 1548221
 0860803 0017725 0033727 0369286 0441932 0564385 0332462 0442805 1708698 1880834 0456603 1547037 0349966 1337208 1705535 0017725 0205410 0205263 0185117
 0449911 0333052 2607870 0557702 1272706 1704674 0557702 1272706 1704674 0349966 1337208

 0205263 0857127 1521751 1520150 1883559 0025921 1960442 0025914 0025929 0026809 0205409 0205452 0332307 0445392 1547052 1548221 0205251 1299352 1439852 1550472 0450346 0205250 1299351 2700149 0017725 0035668 0185115 3541890
 0185117 1514628 1709846 0599161 1550177 0032520 0040223 0237400 0392762 0444706 0677874 3272377 3541383 3541902
 1707156 3274014 3541345 1882932 0456603 1610540 0205251 1299352 1550472 0205250 1299351 2700149 0427743 1287281 0086045
 0520510 0025663 0025664 0449851 2985663 0150312 0449450 0557651 1514811 1706462 2603343 0025914 0025929 0026809 1514559 0205419 0040710 0205172 0205307 0439166 2347086 0033684
 1547282 0013682
 0150312 0185117 0017725 0547043 0851285 1282911 0237881 0750502 0439673
 1273517 1552738 1517378 0233820 1337112 0017337 0011847 0011849 0028754 1963185 0021655 2700570 0021641 0237834 1514892 1533581 1579433
 0014136 0559306 1280975 0449913 0521425 1553451 1704459 0332185 0439659 1883351 0002345 0017365 0017387 0035687 2610186 1705920 1705535 0032214 0600138 0035820 1705810
 0086418 0086418 2984182 0333118 0600680 1420099 1540171 0332257 1552866 2700399 0021920 0444667 0349966 1337208
 1522634 0333118 2984182 0013682 0205419
 0150312 0441889 0007634 3282337 0450373 1553636 0521093 0750484 1518422 1882932 0026661 0035695 0035696 0332152 0740175 2257086 0007610 0184047 1705535 0021641 0040712 0597295 1519614 1533581 1579433 1880177 1515655
 1515653 0005507 0243073 1510438 0035696 1707455 0040710 0025914 0025929 0026809 0205172 0205307 0439166 2347086 0021641 1533581 1579433 0349966 1337208 2347469
 1883712 1547282 0600680 1420099 1540171 0013682 0681829 0040669 0947630 0450366
 1705535 0178849 1705241 1705242 0004793 0162326 0162327 0441889 0456079 1519249 1547707 2946261 0013682 0445247
 0150312 0013682 0392747 0443172 1707520 0162807 0035668 0678594 0600493 0600680 1420099 1540171 0349966 1337208
 0332290 0332529 0678935 0035668 0040712 0392760 0557651 0597295 0678594 0947630 1314939 1519614 2603343 0449913 1553451 1704459 0205170 1512571 3146287 0035668 0678594 1323391 0243122 1145667 1167622 2349975 0040712 0597295 1519614
 1880355 0542341 2348205 1999230 3161035 1292732 0035820 1705810 0011847 0011849 0028754 1963185 0021655 2700570 0021641 0237834 1514892 1533581 1579433
 0178693 0947630 0439801 3542948 0241863 0029206 1554077 2828389 1518422 0205409 1548221
 1883712 1518681 1280500 0086418 0204727 0205409 0220862 1184743 1515981 1522240 1883351 1517001 1883351 0936012
 1883351 1546466 1273517 0025914 0025929 0026809 3161035 1883351 0557651 2603343 0185117 1948052 0011847 0011849 1514559 1553638 0021655 2700570 0021641 0237834 1514892 1533581 1579433 0025933 0025914 0025929 0026809 0021641 0025914 0025929 0026809 0205170 0332325 1533581 1579433 2827757 3146287 1521751
 1707455 2986594 3161035 0349966 1337208 1515981 2827666 0237753 0449788 1515187 0025914 0025929 0026809 3161035 1883357 0443289 0282416 1561607 0025914 0025929 0026809 0456603 1547037 0039224 1706073 1706074
 0002345 0035687 2610186 0005572 0021641 0220781 0683607 1533581 1579433 0013682 0027552 0686904 0040649 1337112 0017337 1883351 0185117 1882932 0441712 1706376 0040223 1632851 0520917 1514873 0020459 0020456 0021655 2700570 0021641 0237834 1514892 1533581 1579433
 0521116 0470187 0336791 2827396 1514559 1515655 0392747 0025519 0025520 1299582 1516048 1552961 2347617 0185117 0085732 1299581 0033268 1326961 0019868 0003062 0441712 1706376
 1883351 1514559 0205343 0028754 0348078 0376315 1709305 1963185 2745955 0021655 2700570 0021641 0237834 1514892 1533581 1579433 0011847 0011849
 0011008 2348077 2607943 2926606 3539655 0443211 1522214 0030281 0007634 3282337 0025914 0025929 0026809 0185117 0205217 0442805
 0805874 0870077 1446409 0439787 0849355 0017296 0314603 1706907 0150312 0449450 0025914 0025929 0026809 1280500 1441672 1880177 2607943 2926606 3539655 1522528 0427743 0860803 1287281 0017725 0086045 0205250 1299351 1439852 1446561 2700149 0349966 1337208 1705535 1521761 2827422 1518422 1514873
 2607943 2926606 3539655 0428548 0205410 0205263 0185117 0332290 0871261 1704632 1706817 2911692 0017725
 1979874 0021641 1533581 1579433 1518422 0001721 0185117 1881534 0020459 1280500 2348382 0750558 1710571 0025914 0025929 0026809
 1883351 1292732 0752249 0205360 2347098 1314939 1441672 2607943 2926606 3539655 0444706 3541902 1257755 1265875 2700592 0150312 0035668 1881707 0015663 0456962 1527428 0450375
 0033684 0020459 0025914 0025929 0026809 3146294 1883351 0678226 0013682 0040712 0205217 0442805 0597295 1519614 2987476 3146286 0752249 0025914 0025929 0026809 0035668 0205217 0205360 0442805 1518422 2347098
 1257756 2984321 0243125 0699900 1527428 1280500 2348382 0013682 0005507 0243073 1510438
 0752249 0205360 2347098 1707455 1705535 0442805 0241863 0025914 0025929 0026809 0349966 1337208 0002345 1337112 0017365 0017387 0017337 0021641 0035687 1274040 1523987 1533581 1546471 1579433 2349975 2610186 2825142 1257756 2984321 0243125 0699900
 0342335 0021655 2700570 0886296 1273869 1948041 0884358 1883351 0205263 0185117 0242485 1301820 1515187 1444783 0558058 0678587 0205361 1301808 1442792 3148680
 1883727 1883357 0683954 1274040 1546471 2825142 1705535 0441712 1706376 0023175 0040712 0181586 0597295 1442948 1519614 1522538 2348269 2349975 3275067 0597295 0392747 0443172 1326961 0019868
 1704259 1705987 1513158 0243148 0311400 1524026 1550141 1882979 2587213 2707259 3274648 0027552 0686904 0040649 1882932 0441712 1706376 0033268
 1518422 0332219 0392747 0443172
 2607943 2926606 3539655 0241863 0025914 0025929 0026809 0040712 0597295 1519614 0020459 1999230 0233820 0010819 0005532 0007634 0205170 1269647 1704653 1948049 3146287 0015450 1281591 0021655 2700570 0021641 0237834 1514892 1533581 1579433 0011847 0011849
 0205217 0442805 0577559 1306372 3152252 0007634 0205225 0205309 0231186 0441712 1269647 1542147 1704653 1706376 1948049 0871261 1704632 1706817 2911692 0021655 2700570 0021641 0237834 1514892 1533581 1579433
 0243067 1517945 0162638 0039869 1883351 0242656 0449258
 2607943 2926606 3539655 1881534 0243107 0678723 1527148 0011860 1320657 0441730 0011847 0011849 0332307 1547052 0750489 0450348
 1261552 0441712 0439673 0162340 1314939 1511545 0039798 0087111 1522326 1533734 1705169 3538994 1521840 2986546
 1274040 1546471 2825142 0449450 0023693 1306462 1881376 1514559 1882932 1516084 0024501 0005572 0220781 0679209 1514873 0028754 0205217 0442805 1963185 0021655 2700570 0021641 0237834 1514892 1533581 1579433 0011847 0011849
 0520510 0520510 0025663 0025664 0449851 1514811 1706462 0009015 0035668 0006413 0025914 0025929 0026809 0185115 1552663 2827109 3541890 1513898 0027468 1555029 0006556 0205435 0220781 0331965 0812225 1150635 1279901 1704972 1704973 1705212 1705213 1883254 3273202
 0032520 0677874 0039421 0376558 0812225 0884358 1150635 1705212 1705213 3273202 1524063 0205369 1552740 0206415 0439086 2827736 2981702 0206415 0025914 0025929 0026809 0039224 0439086 1706073 1706074 2827736 2981702
 1514468 0332257 0600680 1420099 1540171 2984182 0021920 1515981 0009013 2349105 0086022 0442335 1705099 0039421
 1883351 2827421 0600680 1420099 1540171 0006556 1524063 0812225 1150635 1705212 1705213 3273202 0206415 0600680 1420099 1540171 0206415 0025914 0025929 0026809
 0206415 0332256 2700400 1882940 0205145 0443288 0031249 2945843 0086022 0205145 0243148 0442335 1515974 1550141 1705099 1854336 1882979 2587213 2825164 3273620 3274648 0683758 0043193 1334435 0206414 0017337
 2827421 0521093 0750484 1553778 1561491
 0035668 0007634 0205409 1548221 3282337 0007634 3282337 1524063 0916178 0039421 0035953 0600140 1704688 2346414 1706746 0017243 1382104 0332256 2700400 0016564 0001128 0202406
 0035668 0025255 0028736 0348011 0596901 0740034 1706182 0008857 0036082 0376259 1442989 2828392 0439583 0178576 0332220 0025255 0596901 1706182 2828360 1517892 1704666
 0182400 0032520 0677874 3146294 1524063 0206415 0206415 0025914 0025929 0026809
 1514468 0017243 0185115 0684295 1382104 1998793 0851287 1708632 1551491 0027971 1524063 0449913 1553451 1704459
 0025255 0182400 0439583 1439852 0021178
 0441648 0040223 1632851 0037506 0074769 0058632 0037473 0038720 0475337 0597484 3536965 0175723 0034571 0043299 0234621 1962945 1524063 0086296 1561571 1561572 0027976 1879958 0274281 0332157
 0012854 0012906 0014442 0443288 1524063 0449913 1553451 1704459 0683758
 0035668 1998793 0439267 0450316 0035668 0021135 1533691 2827718 0040712 0443286 0597295 1114821 1519614 1524062 1524063 0449913 1553451 1704459 0683758 0025646
 0332197 1689985 0449913 1553451 1704459 2828366 0452688 0982459 1282910 0033268 0033684 0021641 1533581 1579433
 0370003 2347026 0035953 0600140 1704688 2346414 0017243 1382104 0071928 0034571 0043299 0234621 1962945 1265611 1709793
 0007634 3282337 0205170 3146287 0005971 1139930 3537155 0005971 1139930 3537155 0439583 0335038 1522485 1705915 1709908 2827421 0332256 2700400 0600680 1420099 1540171 0444499 0012854 0025914 0025929 0026809 0205170 0439267 3146287 1524063 0916399 0331965 0302828 1442085 3263700
 1883351 0013682 0040669 0243148 1550141 1882979 2587213 3274648 0007634 3282337 0040078 2347325 0031727 0040077 0205170 3146287 0683758 0243148 1550141 1882979 2587213 3274648 0032136 1334435 0206414 0017337
 0439227 0009458 0439536 1705217 3244283 0392747 0443172 0332256 2700400 0017725 0007452 0015965 0229671 0521457 1140701 1546774 1550100 0038425
 0007634 3282337 1512335 0033727 0369286 0441932 0564385 0162328 1151115 0441655 0005507 0024075 0072149 0243073 0683758 0812225 1150635 1510438 1554184 1705212 1705213 3273202 1709793
 0007593 0016640 0524811 3161031 1526989 0007610 0439787 0849355 0005528 1317949 3495449 3268327 0040712 0597295 1519614 1515655 1301820 0805525 1264633 1552738 1524063 1513528 0007600 0007634 0205132 1269647 1550648 1552960 1704653 1948049
 0007634 3282337 0860803 0017725 0205250 1299351 2700149 0039421 0007452 0015965 0229671 0521457 1140701 1546774 1550100 0038425 0025402
 0007634 3282337 1548982 0456963 0006353 0009264 0009443 0020746 0024348 0234192 0439526 1536403 0332256 2700400 0019215 0024472 0038636 1161331
 0007634 3282337 0332454 0006539 2828386 0450403 3640175 0027551 0456564 1521879 1704318 1882041 2828366 0179834 0700308 0033727 0369286 0441932 0564385 0439267
 1550101 1882932 1264633 1554103 0035668 0185115 0684295 1273517 0034760 0302828 1442085 3263700
 0752249 0205360 2347098 0005507 0243073 1510438 1883351 1516048 1707455 1257757 0205360 1265611 0035696 0040649 0282416 1561607 1709793 0010934 0001259 0028778 0332206 2983591 3536807 0007634 3282337
 0007634 3282337 0009458 0439536 1705217 3244283 0392747 0443172 0033727 0369286 0441932 0564385 0007634 3282337 0010934 0332293 0001259 1522326 3536807 1300565 0439526
 0035668 2348792 1442103 1547049 0040223 0185115 1705242 3541383 3541890 1552961 2347617 1524063 0034760 0370003 2347026 0936012 1524063 0206415 0439084 0728893 0182400 1704681 2347609 3536729 0206415 0182400 1704681 2347609 3536729 0039224 1706073 1706074
 1956015 1711351 0205102 1273517 1442989 1553872 1619620 2828392 1552738
 0162807 0035668 0678594 0162807 0035668 0678594 0936012 1524063 0002045 1553907 1709697 2728259 3484370 1552738
 2986594 3161035 0204727 0205409 0220862 0557651 2603343 0185117 0011847 0011849 0021655 2700570 0021641 0237834 1514892 1533581 1579433 1522528 0557651 2603343
 1511028 0025914 0025929 0026809 0021641 1533581 1579433 0332325 2827757 0241863 1521751 0025921 0025914 0025929 0026809 0021641 1533581 1579433 0332325 2827757 0241863
 3161035 0021655 2700570 0021641 0237834 1514892 1533581 1579433 1521751 0025921 1522424 0025914 0025929 0026809 1521751 1273517
 0947630 0162791 0220845 0282423 0884358 0042153 0457083 1947944 0178478 1947933 0027468
 1522528 0241863 0025914 0025929 0026809 1883559 0205170 0332307 0445392 1547052 3146287 0205409 1548221 0018563 1281583 1552914 1707391 1552738
 0025914 0025929 0026809 0243148 1550141 1882979 2587213 3274648 0024554 0086582 0025914 0025929 0026809 0015780 0086287

 0439114

 0027468
 0025914 0025929 0026809 1709595
 0035668 1522528 0025914 0025929 0026809 0185115 3541890 0034760 0302828 1442085 3263700
 1514628 1709846 0006556 0205435 0220781 0331965 0812225 0884358 1150635 1279901 1704972 1704973 1705212 1705213 1883254 3273202 1709846 1550177 0032520 0040223 0237400 0392762 0677874 3272377 3541383 0243111 0814195 0884358 1947951 0008848 0242298 0344349 3262831
 0206415 0439084 0728893 0182400 1704681 2347609 3536729 0039224 1706073 1706074 0206415 0182400 1704681 2347609 3536729 0039224 1706073 1706074
 0002778 0936012 1524024 1337112 0017337 0206415 0039224 1706073 1706074 1273517
 0242485 0205174 0884358
 2828391 1511726 3245479 0871424 0444504 0449450 2347634 2348143
 1301808 1442792 1709380 0042295 0444686 1441506 1443182 1524063 0022885 0392366
 2825232 0043227 0018173 1521721 1548284 1705019 0004083 0011847 0011849 0439849 0596070 0596306 0699792 0021622 1272753 0012238 0012240 0022658 0012634 0018173 0022646 0227665 1278978 1514845 1548284 0718133
 0205435 1279901 0034037 1704324 0000723 0021641 1533581 1579433
 0205419
 0205419 0205419
 0600493 0600680 1420099 1540171 0600493 1883644 0600680 0017446 0205147

 0034036 0034037 1514756 1704324
 0034036 0034037 1272684 1548435 1704324
 1514811 1706462 0520510 0025663 0025664 0449851 1514811 1706462 0243148 1519614 1550141 1882979 2587213 3274648 0017725
 0349590 1262865 0025141 0369637 0441923 0205090 0684010 2603358 0243148 1519614 1550141 1882979 2587213 3274648
 0332120 0589507 1158830 1704686 0237477 0392351
 0025141 0035493 2699077 2699078 0033727 0369286 0441932 0564385 0726398 0243148 1519614 1550141 1882979 2587213 3274648 0083957 2677316
 0011847 0011849 0000857 0600678 1552863 1158354 1709694
 0022337
 0011849 0011847
 0031525 1449597
 1157723 3537096 1157519 0851285 1327622 0439836
 0007634 1269647 1704653 1948049 0025141 0024548 0026385 0556966 1506978 1705538 1420193 1832169 3538902 1550751 0599780 0013879 1705248 0205410 0871261 1704632 1706817 2911692 0302583 0376520 1166521
 0041703 0268596 1418943 2700624 3642273 0000857 0600678 1552863 3541334 3539059
 0201682 0282379 0332281 1235746 1882141 0035820 1705810 3537096 0851285 1327622 0243107 0678723 1527148
 0007634 0063789 0450355 1269647 1704653 1948049 3272375 0025141 0378503 0815047 0033684 0220905 0302583 0376520 1166521 1704735 0013879 0205342 0302583 0376520 1166521 0597295 0040712 1519614
 0007634 0063789 0450355 1269647 1704653 1948049 3272375 0025141 0205419 0022131 0030274 0086418
 0014137 1836672 0369637 0441923 0021670 0185117
 0777169 0025141 0022688 1157519 1157723 0851285 1327622 0678594
 0027960 0324740 0439189 1456781 1744664 1824986 0025141 0033727 0369286 0441932 0564385 3272372 1366480 1416656 0016327 0439133 1553038 1956267 0025933 0025914 0025929 0026809 1705535 0035820 1705810 0012655 0220898 1264642 1547045
 0011847 0011849 0369637 0441923 0369637 0441923 0439526 0376558 0025936 0003069 0025914 0025929 0026809
 0017337 1366480 1416656 1704675 0017428 0524620 0025914 0025929 0026809
 0439526 0369637 0441923 0025936 0003069 0025914 0025929 0026809 0332268 1704223 0424612 3161035
 0027976 0268596 1879958 2700624 3642273 0033727 0369286 0441932 0564385 1709694
 2347961 3537453 0031831 1707664 2348314 3540849 0033727 0369286 0441932 0564385 0000934 0392673 0231187
 0011847 0011849 0031227 0243127 0443331 1261322 1516048
 0011847 0011849 0013123 2825512 0402644 3540812 0205217 0442805 0162638 0309872 1292733 0577559 1306372 3152252 0332120 0439851 0441472 1947931 3266814
 0011847 0011849 1880177 0031847 0277785
 0025141 0205210 0282443 1552617 0231174 0680095 0242656 0449258
 1315013 3541894 0006037
 0011860 2697407 0011854 0011849 0011847 0021641 0851827 1518422 1533581 1579433 1701901 3244310 0231174 0680095 0021655 2700570 0021641 0205432 0237834 1514892 1533581 1579433
 0369718 0441922 1414400 1553036 3539059 0205090 0684010 2603358 0007595 0018270 0220844 1621966 2911660 0035820 1705810
 0040833 1521798 0027960 0324740 0439189 1456781 1824986 0025141 1880177 0243067
 0454788 1077578 1315013 1418943 0025141 3538933 1708595 3280986 0204727 0872387 0184661 1948041 2700391 3274430 3538935 3539779
 0025141 3540513 0020268 1413512 1420193 1425679 1862190 3538902 0851285 1327622 0449913 1553451 1704459 0010092 0227813
 0201682 0369637 0441923 1832586 1707455 0162807 0027627 0035668 0175668 0205436 0678594 0678591 0332296 0424589 0542479 0681842 1442080 1880497 1882327 1996904 0678594 1707455
 0028606 0001128 0007610 2347379 0000857 0600678 1552863 1832586 0369637 0441923 0011546 0439857 2698668 0681842
 2346604 0027960 0324740 0439189 1456781 1824986 0025141 1836672 0919442 1705347 0963992 1426906 0022131 0030274
 2347379 0025141