 0332120 0456387 1705943 0076466 1449651 0225328 0043402




 0678579 0039421 0035170 0035168 0242481 0243107 0678723 1527148 0019994 1510665 0007996 0079107 0201682 1167622 1704675 0035170 0035168 0242481 0243107 0678723 1527148 0683939 0205099 0442650 0041700 1708611 0166872 0034036 0034037 1514756 1704324 0348078 0376315 1515981 1522492 1527075
 0520510 1514811 1706462 0011923 0079595 0242656 1947900 0449258 1880355 1514721 2348147 3542016 0243107 0521116 0678723 1527148 0002716 0011560 0030956 0611285 0333463 1524063 0032743 0032744 0040395 0040405 0233929 2349995
 0684224 0700287 3273238 1880022 0021135 1533691 2827718 3146294 0032521
 0444868 3539085 0205198 1706082 0076466 0053246 0205198 0950261 1441547 1706082 3245521 3536937 0332257 1552866 2700399 0740116 2827735 2981700 2945751 0053246 3536937 0740116 2827735 2981700 2827734 2981698 0243072 0740116 2827735 2981700 2945751 0740116 2827735 2981700 2945751 0205198 1706082 0439084 0728893 0005068 0537916
 1524063 1514721 2348147 3542016 0034596 0243122 0599278 1145667 1167622 0005507 0243073 1510438 0243095 0205198 1706082 1705417 1523331 0449774 1552738 0332290 0225328
 0444868 3539085 0205198 1706082 0442804 0205250 0332297 0442824 1145667 1167622 1299351 1510827 1689898 2349209 2700149 0312860 0026691 1705240 1839259 0005456 0682969 1517880 0023688 0205145 0243122 1145667 1167622 1515974 2825164 0596973 0332290 0005456 0682969 0205145 0243122 1145667 1167622 1515974 2825164 0225328
 0205198 1706082 0205250 0332297 1145667 1167622 1299351 1510827 1689898 2349209 2700149 0312860 0032521
 0871161 1292721 1705535 0205117 0185027 1948020 1516240 1709305 2745955 0596973 0030956
 0205198 1706082 0700364 1883351 1705417 0018544 0392148 1527178 1555721 1705938 1706204 0740116 2827735 2981700 2945751 0740116 2827735 2981700 2945751 0439084 0728893 0005068 0537916 0449913 1553451 1704459
 0392148 0150312 0449450 1521840 2986546 0683607 0205172 0205197 0870071
 0520510 0557061 2584313 1514811 1706462 0002395 1521724 0012634 0027765 0008679 0012634 0002622 0751295 1517945 0338656 0684336
 0205099 1879652 0333584 0333562 0002716 0011560 0030956 0611285 0085401 2700455 0033684 1720655 1947974 1515273 1705313 2826302 0333463 0392079 0085400 0140145 1332102 0282443 1425988 1709940
 0035820 1705810 0543483 0699748
 0027361 0237401 0861064 0205217 0332152 0442805 1522538 0033268 0332167 3272283 0035647 0205250 1299351 1551058 2700149 0027361 0237401 0017337 0524851 0012634 0456387 1705943 1517892 1704666 0332257 0236642 0338451 0011265 0497327 0242422 0008659 0008633 1517892 1704666 0439086 2827736 2981702
 0085400 0332283 1719822 0442043 2362314 0004793 0162326 0162327 1519249 0392760 1314939 0439084 0728893
 1511790 1999230 0336791 2827396 0871532 1518681 0039798 0087111 1280500 1522326 1533734 1705169 3538994
 0032743 0032744 0040395 0040405 0233929 2349995 0042153 0457083 1947944 0599278 0005456 1517880 1515655 0521116 0332324 1550474 0040594 0333463 0392079 0085400 0282443 1425988 1709940
 0683312 0521116 1261322 1552578
 0456387 1705943 0076466 0013343 0950261 1441547 3245521 0332257 1552866 2700399 0045368
 0205436 0456387 0457385 0565930 1561503 1705190 1705943 0037949 1267072 1880022 0332257 1552866 2700399 0038333
 0456387 1705943 0444669 1167518 1706352 1882467 3274653 0332257 1552866 2700399
 0243122 1145667 1167622 0225328 3146294 0021135 1533691 2827718 0022877 0237753 0449788 1292732 1619828 0683954 1274040 1546471 2825142 0205108 0332290 0205447 0205250 0243122 0444868 1145667 1167622 1299351 2700149 3539085 1510827
 0597526 0456387 1705943 0684224 0700287 3496591 1883351 0205251 1299352 1550472 0005456 1517880 1709305 2745955 0205171 1720467 1883310 0596973 1522634 1710082 0243107 0678723 1517331 1527148 0042153 0457083 1947944
 0205448 0037640 0205108 1708481 0681829 1515655 1881134 0011923 0079595 0947630 1272688 1707455 0237753 0449788 0030705
 1274040 1546471 2825142 0035280 0333117 1753315 0205146 0006104 1269537 0039869 1883351 0392760 1314939
 0349590 1262865 0947630 0178587 0205251 1299352 1550472 0150312 0225328 0449450
 1517331 2348480 0231242 0242485 0243122 1145667 1167622 1515655 0006104 1269537 1301820 0004398 0580205 0848632 0687676 1704687
 0030956 1518422 0444706 0557651 2603343 3541902 0557651 1705242 2603343

 1707478 0597526 0449445 2827734 2981698 2827734 2981698 0205250 1299351 2700149 0684224 0700287 3273238 0225328 0439851 0557651 1527178 1705938 1947931 2603343 0021135 1533691 2827718
 0871161 1292721 0225328 1880022 1524063 0005507 0243073 1510438 0557351 1514721 0026691 0042295 1705240 1839259 0086045 1446561 0086045
 0005507 0243073 1301627 1510438 0205171 1720467 0442726 0442804 0205250 0243122 1145667 1167622 1299351 1510827 2700149 1704675 0180860 0441648 0581406 1261552 1522664 1704379 1704449 1704684 1705117 1875155 2825408 1301627 0005507 0243073 1510438 0449604 1518422 0332324 1550474
 1274040 1546471 2825142 1518422 0521093 1517880 0023688 0025664 0243122 0449851 0750484 1145667 1167622
 0376649 1442065 0033213 1706387 0205549 2348044 1515187 0237753 0449788 0079809 0242485 0871161 1292721 0086045
 1274040 1546471 2825142 0034596 0243122 0439858 0443177 0599278 1145667 1167622 1707455 0005507 0243073 1510438 0332290 1552738 0005456 0682969 1517880 0023688 0205145 0243122 1145667 1167622 1515974 2825164 0392148 0225328
 0237881 0750502 1261322 1552578 0087111
 0520510 0520510 0557061 2584313 1514811 1706462 0027365 1547383 0678594 0205198 1706082 0557351 0557651 2603343 0349966 1337208 1547282
 2827734 2981698 0332283 1719822
 0740116 2827735 2981700 2945751 0053246 3536937
 0740116 2827735 2981700 2945751 0053246 3536937
 0740116 2827735 2981700 2827734 2981698 0034251 0034255 0045368 0067456 0033727 0205090 0369286 0441932 0564385 0684010 2603358
 2827734 2981698 0034251 0034255 0045368
 0740116 2827735 2981700 2945751
 0740116 2827735 2981700 2945751
 0439084 0728893 0005068 0537916 0290266 0812297 1705148
 0076466 1301820
 1883254 0521093 0750484 1882508 2717789 0597410 0008562 0008565 0008550 0033095 0205250 0302908 0460139 1299351 1304698 1306345 1546699 1561501 2700149 0024485 0028580 0002778 0936012 1524024 0183396
 1527121 0740116 2827735 2981700 1442460 2945751 1442460 0053246 3536937 0439190 0560005 1270972 3463911 0439526 0162343 1880202 1883254
 0220806 1719918 1554961 1705847 0009742 0009738 0332575 1260956 0031730 0001128 0202406 0023973 1301820 0001771 0036397
 0449911 0333052 2607870 0557702 1272706 1704674 0557702 1272706 1704674 0349966 1337208
 2827734 2981698
 0678594
 0076466
 2347469 1519830 0053246 3536937 0053246 3536937
 0045368 0045368
 0073187

 0016327 0439133 1553038 0290266 0812297 1705148
 0600281 0027365 0205198 1547383 1706082 1999230 0449416
 0455052 1521827 0030956 1417599 1538038 2984062 0439294 0444499 0439269 0439526 1439852 1960952 2346927 0006353 0074757 0031603 0031701 0037473 0597484 1601799 0013618 2678549 1882074 0020283 0450407 0450408 0450409 0033727 0369286 0441932 0564385 0687735 0582523
 0220781 0439634 1522492 0009742 0521093 0009738 0243122 0332575 0750484 1145667 1167622 1260956 0243122 1145667 1167622 0076466 0002778 0936012 1524024 1441647 0026019 2984656 0013852 0026018 3463986 1524063 0031730 0001128 0202406
 0225328 1273517 0033268 0205548 1510844 1698986
 1705241 1705242 1441672 1521827 0520510 1316572 1317574 1369612 1955473
 1521827 1710198 0079240 1948037 0006353
 2347813 0086045 1446561 0005507 0243073 1510438 0444499
 0037628 0023688 1554961 1705847 0076466 0332285 0950261 3255993 0037633 0525069 0599956 0005507 0243073 1510438 0884358 0001962 0242295 1947943 2348609 2347813 1440942 0086045 0205198 0369637 0441923 0806909 1446561 1515981 1552615 1706082 2826546
 0392747 0443172 0428760 0332281 1517880 0023688 0243122 1145667 1167622 0005971 0015219 0728475 1139930 1514743 1706461 3537155 0034869 0034754 1705179 1524063 1709450
 0005507 0243073 1510438 0444706 0449770 0243122 1145667 1167622 1709450 1273517
 1301627 0016315 0522510 1273517 0005507
 0884358 1524063 0086045 1446561 0312860 0086045 0032521
 0884358 1524063 0086045 1446561 0312860 0086045 1522508 1274040 1546471
 0242485 0016316 0005971 0015219 0728475 1139930 1514743 1706461 3537155 0034869 1524063 0180860 0581406 1522664 1704449 1704684 1875155 0180860
 0005507 0243073 1510438 0557351 0086045 1446561 0312860 0086045
 0005507 0243073 1510438 0884358 0449468 1690016 1705102 2700258 0011744 0033727 0369286 0441932 0564385 1439852 0034754 1705179
 3176122 0884358 0205175 0936012 1524063 0037585 0439801 3542948 1883351 1301820 1706701 0026691 0042295 1705240 1839259 1524063 1709061
 0005507 0243073 1510438 0005507 0243073 1510438 0557351 0086045 1446561 0740116 2827735 2981700 0076466 0950261 0086045 1446561 1514721
 0443286 1114821 0884358 0449468 1690016 1705102 2700258 0011744 0033727 0369286 0441932 0564385 1439852 0242485 1514743 1706461 1524063 1709450
 3176122 0205175 0884358 1710082 1704788 3539106 0243122 1145667 1167622
 1511726 3245479 0936012 1524063 1301820 1706701 0042295 1524063 0549193 1704769 2350001 0036572 0205134
 0042295 0552449 1441547 3245521 0600495 0026691 1705240 1839259 0439394 1706495 3642217 0086045 1446561 0312860 0312860 0005507 0243073 1273517 1510438
 0005507 0243073 1510438 0557351 0086045 0740116 2827735 2981700 0076466 0950261 0290266 0812297 1705148 0053246 3536937
 0242485 0035448 0201660 0748398 0884358 0242751 0037585
 0233929 2349995 1883073 2827424 0312860 1516695 1516698 0332282 0549255 1524063 0549255 0487742 0312860 0450316
 0231441 0443218 2827483 0086045 1446561 0312860 1442460 1514721 2348147 3542016 1883350 0086045 0312860 0001962 0242295 1947943 2348609 0041119 0033727 0369286 0441932 0564385
 0449468 1690016 1705102 2700258
 0205370 0243122 0750540 1145667 1167622 0076466 0369637 0392148 0441923 0950261
 0332297 1145667 1167622 1689898 2349209 0522531 0332296 1264633 1880497 1996904 0016107 0042221 0086972 0443299 0687118 0180860 1524063 0332283 0205450 0439526 0441648
 0180860 0332256 2700400 0023688 0018026 0205430 0302908 0439526 0678573 1304698 1304897 1546699 1561501 3160715 0005526 0036397 0376558 0011744 0033727 0369286 0441932 0564385 1439852 0750480 1705566 0036405 1710025 0677601 0678573 1705206 0005526 0036397 0376558
 3176122 0205174 0884358
 1710082
 1511726 3245479 0936012 1524063 1301820 1706701 0086168 1547014 1948059 0026691 1705240 1839259 0445108 0237753 0449788 1524063 1709061
 0034596 0005507 0243073 1510438 0557351 0086045 1446561 0312860 1442460 0053246 3536937 0312860 0086045 1446561 1514721 0851827 1701901 3244310
 0443286 1114821 0884358 0011744 0033727 0369286 0441932 0564385 1439852 0750480 1705566
 0205370 0243122 0750540 1145667 1167622 0076466 0369637 0392148 0441923 0950261
 0290266 0812297 1705148 0312860 1273517 1883351 0205370 0243122 0750540 1145667 1167622 1314939 0076466
 3176122 0205174 0884358 1710082 1704788 3539106 0243122 1145667 1167622
 1511726 3245479 0936012 1524063 1301820 1706701 0042295 1524063 0549193 1704769 2350001 0036572 0205134
 0042295 1301808 1441547 1442792 3245521 1524063 0552449 0439394 1706495 3642217 0086045 1446561 0312860 0312860 1273517 0005507
 0007704 0007703 0178587 0439182 0812409 0812409 1979893 0332529 1457900 0439509 1719918 0175730 0179834 1547937 1704474 1521827 0348000 0205250 1299351 2700149
 0370003 2347026 0439269 1960952 2346927 0444499 0439526 0439182 0812409 0934502 1704458 3642362 1883708 0582523 1979893 0011744 0033727 0369286 0441932 0564385 0456693 1442458 0702093 1524063 0348000
 0332282 0007703 1511276 1552825 1875815 3640175 0027551 0039142 0456564 0935563 1521879 1704318 1706072 1882041 1264633 0002778 0936012 1516695 1516698 1524024
 1264633 1554103 1882932 1292711 0449719 1709471 1264633 1554103 1292711 0449719 1709471
 1264633 0076466 0243122 0936012 0950261 1145667 1167622 1264633 1554103 0950261 0034754 1705179 0016315 1514743 1706461 1524063 1709450
 1883712 2348935 0600209 0086972 0443299 0687118 1704732 0332283 0600190 1552738 0450348
 1291910 1295018 0003242 0002716 0003241 0011560 0021027 0025914 0025929 0026809 0086418 0611285 0182400 1704681 2347609 3536729 0079240 1948037 0019941 0332283 0003242 0003241 0021027 0025914 0025929 0026809 0027021 0031179 0330510 0522529 0939835 1110641 1318719 1719918 1883708 0013313 1705493 0231448 0231449 0439792 1710236 0454844
 1704254 1704922 3542466 1524063 2697665 0449913 1553451 1704459 1524063
 0243122 0599278 1145667 1167622 1264633 0205430 0220825 1554103 1442460 0053246 3536937 1521827
 0443286 1114821 0011744 0033727 0369286 0441932 0564385 1439852 0750480 1705566 0016107
 0520510 0557061 2584313 1514811 1706462 1148554 1524063 0205198 1706082 0869040 0557651 1273517 2603343 0349966 1337208 0237876 0871161 1292721 0549255 0449819 0312860 1511726 3245479 1518422 1547282
 1883712 0205198 1706082 1705417 0442805 0332297 1145667 1167622 1689898 2349209 0225328 0549255 0449819 0332290 0225328
 1554961 1705847 0053246 3536937 0870432 0392756 0547047 0016315 0522510 0332297 1145667 1167622 1689898 2349209 0225328
 0442805 1517880 0023688 0243122 1145667 1167622 0225328 0205352 1881065 0005507 0243073 1510438 1947931 0079809 0242485 0243122 1145667 1167622
 0005507 0243073 1301627 1510438 0557351
 0005507 0243073 1510438 0243122 1145667 1167622 0444706 3541902 1524063 0086045 1446561 0312860 0086045 0032521 0349966 1337208 1553033
 0086045 1446561 0032521 0312860 0086045 1273517 0005507 0349966 1337208 2347469
 1301820 0005507 0243073 1510438 0021966 0039224 0221138 1706073 1706074
 0449911 0333052 2607870 0557702 1272706 1704674 0557702 1272706 1704674 0349966 1337208
 0740116 2827735 2981700
 0005507 0243073 1510438
 0005507 0243073 1301627 1510438 1547282
 2347469 0073187 0005507 0243073 1301627 1510438 1551058
 0005507 0243073 1510438 0085813
 2347469 0290266 0812297 1705148 0053246 3536937 1547282
 0449911 0039224 1706073 1706074 0557702 1272706 1704674 0557702 1272706 1704674 1552616 1706244 1704610 0026691 0042295 1705240 1839259 1547282
 0042295 0005507 0243073 1510438 1518422 0678226 0037628 0439801 0444686 1441506 1443182 3146286 3542948 3255993 0037633 0525069 0599956 0332294 0012725 0012727 0205257 0456080 0678226 0728938 1548386 2347509 0205134
 0034596 0005507 0243073 0599278 1510438 1524063 1442460 0053246 3536937
 0023866 0034036 0042295 1707455 1547282 1185738 1706132
 1518422
 0597484 1272460 1272460 1706839
 0243122 1145667 1167622 0225328 0085406 0242485 0303920 1524063 0086045 1446561 0312860 0086045
 0026691 1522609 1705240 1839259 0369637 0441923
 1522609 0086045 0032521 0439801 0806909 1549649 1552615 2349209 2826546 0598447 0750492 0558058 0034627 1279083 1306504 0032521
 0005507 0243073 1301627 1510438 0332290 0023688
 0026691 0042295 1705240 1839259 0150312 1883351 0851827 1701901 3244310 0042295
 1883712 0699794 1705175 1705176 1705177 1705178 1882348 0205198 1706082 0005507 0205448 0243073 1301627 1510438 0021966 0221138
 1707455 0023866 0034036 0042295 1301820 0005507 0243073 1510438 0700287 0042295 0699794 1705175 1705176 1705177 1705178 1882348 0205170 3146287
 1554961 1705847 0076466 1522609 0205280 0684224 0700287 3496591 1524063 0005507 0243073 1301627 1510438
 0036849 1442518 1705195 0700287 0243122 1145667 1167622 1547014 1948059
 1707455 0332290 0302523 0700325 1964257 0243122 1145667 1167622 1547014 1948059 0851827 1701901 3244310 0684224 0700287 3273238 0332232 0026691 0042295 1705240 1839259
 0681841 0750489 0445108 0237753 0449788 0032521 0750591
 1511726 3245479 0023688 0684224 0700287 3496591 0178587 0225328 0205145 1515974 2825164
 0444504 2347634 2348143 1373174 0086045 1446561 0225328 0030956 0086045 0596973 1446561 0005507 0243073 1510438 1524062
 1441506 1527178 1705938 0086045 1446561 0023175 0181586 0243122 1145667 1167622 1442948 1522538 1547014 1948059 2348269 3275067 1521761 2827422 0851827 1701901 3244310
 1979874 1441506 0851827 1701901 3244310 0686907 1515981 0005507 0243073 1510438 1518422 0243122 1145667 1167622 1547014 1948059
 0683607 0680844 0681916 0750572 0225328 0021966 0221138
 1515051 1534709 1881714 0023688
 0076466 0045368 0033727 0205090 0369286 0441932 0564385 0684010 2603358 0045368 0456603 1547037 0005456 0682969 1517880 0023688 0205145 0243122 1145667 1167622 1515974 2825164 0596973 0290266 0812297 1705148 0456603 1547037 0005456 0682969 1517880 0023688 0205145 0243122 1145667 1167622 1515974 2825164 0596973
 1511726 3245479 1705535 0005456 2945843 0205145 0205448 0243122 0456387 1145667 1167622 1705943 0225328 0302523 0700325 1521721 1964257 0441833 0687744 1257890 1552516 1705428 1705429 0332256 2700400
 1552616 1706244 1511726 3245479 0332283 1719822 0332290 0023688 0700287 0243122 1145667 1167622 1547014 1948059
 0026691 0042295 1705240 1839259 0205250 1299351 2700149 1552738
 1553033 0005456 0332120 0682969 1305899 2945843 0178587 0205145 0205195 0243122 1145667 1167622 1515974 2825164 1511726 3245479 1705535 0005456 0682969 2945843 0205145 0205172 0205447 0243122 0456387 1145667 1167622 1515974 1705943 2825164 0225328 0205145 1515974 2825164 0596973 0205145 1515974 2825164 0596973 1515273 1705313 2826302
 0005507 0243073 1510438 0183683 1521721 0392148 0243122 1145667 1167622 0225328 1517331 1880022 1524063 0005507 0243073 1510438 0076466 0335038 1522485 1705915 1709908
 0042295 1301820 0005507 0243073 1510438 0205250 1299351 2700149 0023866 0034036 0684224 0700287 3496591 0021966 0221138
 2348205 1999230 0332120 0005507 0243073 1510438 0700287 1511726 3245479 0332290 0005456 1517880 0225328
 0205134 0005458 0332290 0332307 1547052 0205145 1515974 2825164 0023688 0225328 0349966 1337208 1444656 0205198 1706082 0086972 0205448 0441833 0443299 0445247 0687118 0687744 1257890 1552516 1552839 1705428 1705429 0205396 1550043 1551388 0005507 0243073 1510438 0045368 0033727 0205090 0369286 0441932 0564385 0684010 2603358 0053246 3536937 0085732 1299581 0076466 0332297 0349966 0950261 1145667 1167622 1337208 1689898 2349209 0290266 0812297 1705148 0085732 1299581 0076466 0332297 0349966 0450365 0950261 1145667 1167622 1337208 1689898 1706097 2349209
 0012725 0012727 0456080 2347509 0023688 0045368 0205134 1518422 0678226 0205198 1301820 1706082 3146286 0086045 0750489 0012727 0076466 0950261 0042295 0332290
 0085732 0290266 0812297 1705148 0076466 0686907 0080103 0205345 1547039 0225328 0332182 0205197 0185027 1948020
 0449911 0333052 2607870 0557702 1272706 1704674 0557702 1272706 1704674 0349966 1337208
 0439086 2827736 2981702
 0005507 0243073 1510438
 0683162 0178602 0869039 0871261 1114758 1704632 1706817 2911692 0205134 1547282 0243122 1145667 1167622 0225328
 0053246 3536937
 0045368
 0045368 0033727 0205090 0369286 0441932 0564385 0684010 2603358
 2347469

 0290266 0812297 1705148
 0242485 0205145 0332120 1514583 0014274 0040671 0231881 0303920 0424589 0459800 0542479 0684213 1301820 1442080 1705822 0455769 0014274 0016315 0040671 0424589 0542479 1442080 1705822 0242485
 0871161 1292721 0182400 1704681 2347609 3536729 0233929 0549255 2349995 0806909 1552615 2826546 0312860 0182400 1704681 2347609 3536729 0233929 0549255 2349995 0806909 1552615 2826546 0312860 0040223 3541383
 1524063 0449819 0549255 0290266 0812297 1705148 0233929 2349995 1883073 2827424 0225328 0076466 0950261 1439852 0290266 0812297 1705148 0076466 0034869
 1441506 0370003 2347026 0392148 0312860 0449819 1517001 0233929 2349995 0076466 0349966 1337208
 0681814 1706386 0205341 0290266 0812297 1299987 1705148 0053246 3536937 0806909 1552615 2826546 1947931 0076466 0950261
 1710082 0312860 1441672 0053246 3536937
 1511726 3245479 0290266 0812297 1705148 0085732 1299581 0040671 1705822 0076466 0332290 1882932 0005456 1517880 0023688 0205145 0243122 1145667 1167622 0225328
 0449911 0333052 2607870 0557702 1272706 1704674 0557702 1272706 1704674 0349966 1337208

 0332120
 0233929 2349995 1883073 2827424 0332282 0549255 0225328 0076466 0950261 1439852 0290266 0812297 1705148 0053246 3536937
 0205171 0290266 0392148 0812297 1705148 1720467 1710082 0312860 0598447
 0034596 0599278 0005507 0243073 1510438 0456387 1705943 1705175 1705176 1705177 1705178 1882348 1883351 1705241 1705242 0023866 0034036 0005507 0243073 1510438 0684224 0700287 3496591 0005507 0243073 1301627 1510438 1705242 1442460 0053246 3536937 0225328 1524063 0005507 0243073 1510438
 0332290 0032521 0026691 1705240 1839259 0312860 0243122 1145667 1167622 0312860 0439509 0444706 3541902 0086045 1446561 1553637
 0026691 1522609 1705240 1839259 0205250 1299351 2700149 0205198 1706082 0312860
 1522609 0005456 0682969 1517880 0023688 0205145 0243122 1145667 1167622 1515974 2825164 0596973 0332290 0150312 2348205 0205198 0053246 3536937
 0449911 0333052 2607870 0557702 1272706 1704674 0557702 1272706 1704674 0349966 1337208
 0439084 0728893
 0243122 1145667 1167622 1442460 0053246 3536937 0225328
 0002778 0936012 1524024 1547282
 0026691 1705240 1839259 0042295 0002778 0936012 1441547 1524024 3245521 0312860
 2347469 0034596 0005507 0243073 1510438
 0683162 0178602 0869039 0871261 1114758 1704632 1706817 2911692 0205134 1547282 1442460 0053246 3536937 0225328 0076466
 0045368 0033727 0205090 0369286 0441932 0564385 0684010 2603358
 0045368
 0290266 0812297 1705148


 0053246 3536937
 0871420 1442989 2828392 0012727 0205419 1705236 1518422 0486588 3272888
 0150098 1511726 3245479 0332290 1552738 0205145 1515974 2825164 0225328
 1442162 1550718 3244317 1521970 0007589 0205615 1705535 1882932 0456387 1705943
 0005507 0243073 1510438 0005458 0023688 0444868 3539085 0392366 0085732 1299581 1442460 0053246 3536937 0332290 0225328 1948066
 0042295 1441547 3245521 0005507 0243073 1510438 0441994 1548802 2003888 1441547 3245521 0005507 0243073 1510438
 1705175 1705176 1705177 1705178 1882348 0599278 0005507 0243073 1510438 0021966 0221138
 1883712 0034596 0005507 0243073 1510438 0683607 1707455 0036849 1442518 1705195 0012634 0348080 1705253 1517880 0023688 0243122 1145667 1167622 0205145 1515974 2825164 0225328
 0042295 0680240 0042295 0205198 1706082 0238767 1706086 1515273 1705313 2826302 0699794 1705175 1705176 1705177 1705178 1882348
 0442726 1517880 0023688 0243122 1145667 1167622 1524063 0025664 0449851 0678226 0960756 0237753 0439849 0445223 0449788 2987476 3146286 1521761 2827422
 1880177 1710082 0016315 0522510 0085406 0080103 0205345 1547039
 0023688 0442805 2945843 0205145 0332297 1145667 1167622 1689898 2349209 1710082 0205444 0547044 0700321 1441672
 1883712 0332149 1705910 2362652 1517880 0023688 0243122 1145667 1167622 0442739 1548568 0392747 0443172 1705241 0332218 0016315 0442726 0522510 0242485
 0332120 1704711 1511726 3245479 0085732 1299581 0587267 1514583 0445247 0225328 1948066 1511726 3245479 1518422 1947931 0032659 0225328 0445247 1257890 1704711
 1883351 0376649 1442065 0033213 1706387 0086972 0443299 0687118 0225328 1524063 0025663 0449851 0871511 1305702 1547134 2355574 2937289
 0005507 0243073 1510438 1264633 0076466 1442460 0243122 1145667 1167622 0349966 1337208
 0449911 0333052 2607870 0557702 1272706 1704674 0557702 1272706 1704674 0349966 1337208

 0002778 0936012 1524024 0007704 0007703 0178587 0439182 0812409 0225328
 0016315 0439183 0439148 1264693 1519795
 0597879 0439183 0439148 1264693 1519795
 1442460
 1547282 1524063 0003241 0021027
 1316572 1317574 1369612 1264633 1554103 0332256 2700400 3546235 0520510 1264633 1554103 3546235 0520510
 0432616 0003242 0003241 0021027 0597879 1527178 1705938 1261552 1704379 1705117 2825408 1534709 1881714 0455052 1521827 0205099 1264633 0439084 0728893
 0680220 1710082 0150312 0449450 0332290 2983632 0225328 2348205 0150312 1524063 0025663 0449851 0871511
 1264633 1554103 0037004 1283792 0455052 1521827 0547044 0577559 1306372 3152252 1264633 1554103
 0871161 1292721 1442460 0053246 3536937 0182400 1704681 2347609 3536729 1264633 1705417 0449774 0238767 1706086 1710082 1301820 0020985
 2607943 2926606 3539655 0183683 1521721 1512612 0005456 1517880 1704711 0455052 1521827 1518422 0443288 1257890
 0520510 0557061 2584313 1514811 1706462 0243107 0678723 1527148 1511790 0333463 0392079 0205210 0011923 0079595
 1948052 0871161 1292721 0225328 1518422 0332128 0870444 0011008 0884358 2348077
 0884358 1514721 2348147 3542016 0040223 3541383 0683607 0002778 0936012 1524024 0225328 0021135 1533691 2827718
 1511726 3245479 0332290 1552738 0005456 0682969 0205145 0243122 1145667 1167622 1515974 2825164 0444868 3539085 0205198 1706082 0205250 1145667 1167622 1299351 1510827 2700149 0392148 0005456
 1285538 0037088 0243095 2825141 0225328 0018896 1552861 2699488 0033213 1706387 1282914 0349590 1262865 0442726 1511790 1515655 0023688
 0237753 0449788 0183683 1521721 0392148 0032521
 0205435 1279901 0026691 1705240 1839259 0042295 0205250 1299351 2700149 0205156 0684224 0700287 1552607 3496591 0034596 0243122 0599278 1145667 1167622 0005507 0243073 1510438
 0359589 1999230 0332120 0225328
 1883712 0005507 0243073 1510438 0178587 0205250 1299351 2700149
 0332256 2700400 1555721 1706204 0290266 0812297 1705148 0359589 1999230
 0085732 0018544 0678594 1705535 0005456 0682969 0205145 0243122 1145667 1167622 1515974 2825164 1709305 2745955 0205171 0332182 1720467 0205197 0725685 1551058 0225328 1948066
 1517880 0243122 1145667 1167622 1547014 1948059 0205145 1515974 2825164 1521970 1706388 2346469 2348519
 0449830 0225328 1948066 0349966 1337208 1547282

 3161035 0332307 0150312 0449450 0225328 0680220 1883357 0439962 1515187 1551359 2741673 2981730 1511726 3245479 1514583 0520511 1704711 0005456 0332282 0016640 0524811 3161031 0007704 0007703 0178587 0439182 0812409
 0449911 0333052 2607870 0557702 1272706 1704674 0557702 1272706 1704674 0349966 1337208

 3161035 0225328 0456387 1705943 0076466 0023688
 1552738 0205145 1515974 2825164
 0750546 0205396 1550043 1551388 0205145 0085862 1299583
 0449830 0558058 1705241 1705242 0023175 0205145 0332182 1442948 1522538 2348269 3275067 0587267 1514583 1709305 2745955 0185027 1948020
 1282927 1806781 2350002 0336721 0012725 0012727 0456080 2347509 0014274 0016315 0040671 0424589 0542479 1442080 1705822 1709305 2745955
 1719039 0205250 0678594 1299351 1514893 1706463 2699488 2700149 0030956 0205431 1548671 0470187 1881534 0332218 0750490 1706221 0005456 1517880 0023688 0205145 0243122 1145667 1167622 0032521
 0442805 0032521 1705535 0332281 0205448 0598629 1709915 1882936 0030956 0282443 1425988 1709940
 0392148 0225328 0205448 0947630 1521721 1524063
 0557651 2603343 1524063 0034596 0005507 0243073 1510438 1444656 0225328
 0557651 2603343 0005507 0243073 1510438 1524063 0076466 0225328 1301627 1552738 0085732 1299581 0076466
 2607943 2926606 3539655 0332290 0005456 0456206 0205145 0243122 1145667 1167622
 0442805 0042153 0457083 1947944 0013343 0332145 0011900 1704338 1704656 0450355
 2607943 2926606 3539655 1705535 1710082 0444184 0004398 0580205 0848632 0040300 0687676 1301820 1547928 1704687 0332281 1704675 1705535 1710082 0076466 0332281 1524063 0042153 0243072 0457083 0950261 1947944 0681853 0947630 0205198 1706082 0086045 0205250 1273517 1299351 2700149 0312860 1518422 0442805 0549177 0016315 0522510 0332281 0178587 0205250
 0805874 0870077 1446409 0681814 1881534 1524063 0042153 0457083 1947944 1515051
 0042295 1710082
 1522609 1518422
 0444686 1441506 1443182 0520511 1704711 0441889 1749467 1948047 0011389 0332461 0333463 0016576 0885348 0001128 0202406 0004398 0580205 0848632 0006104 0687676 1704687 2828366 0243148 1550141 1882979 2587213 3274648 0599755
 2607943 2926606 3539655 1705535 0441889 1550025 1704782 1708715 0449445 0369637 0441923
 1524063 1511726 1552961 2347617 0026691 1705240 1839259 0312860 1442460 0053246 3536937 2986841 0243122 1145667 1167622 3245505 1301820
 0597526 1551359 1883727 2741673 2981730 2986841 0243122 1145667 1167622 3245505 0392756 0750558 1710571 1710082 0032743 1515655
 0042295 0053246 0684224 0700287 3496591 3536937 0243122 1145667 1167622 0441889 0557651 2603343 1518422 0444706 3541902
 1522634 0036849 0150312 0449450 0947630 1442518 1705195 0332283 1719822 1880177 1707455 1710082 0032743 0032744 0040395 0040405 0233929 0557651 1301820 2349995 2603343
 1524063 0053246 3536937 0312860 0290266 0812297 1705148 0312860 0053246 3536937 0312860 0205198 1706082 1551359 2741673 2981730 0597526 2827734 2981698 2827734 2981698 2827734 2981698 0441889 1514873 1883351 2986841 0243122 1145667 1167622 3245505 0369637 0441923
 0042295 0086045 0444930 0684224 0700287 1704458 2746065 3496591 0030956 1705535 1881534 1880177
 1511726 3245479 1705535 1707689 2983265 1521840 0032743 0023688 0032744 0040395 0040405 0184511 0233929 0332272 1274040 1546471 1561611 2349995 2825142 0333562
 1883712 0042153 0457083 1947944 0036576 1521840 0205145 1515974 2825164 0220908 1305399 1705053 1524063 0076466 0205198 1706082 1708481 0681829 1881134 0011923 0079595 0947630
 1707478 1511726 3245479 0183683 1521721 3161035 0333463 0392079 0546881 0392148 0005456 1517880 0225328
 0556496 1522647 0243107 0678723 1527148 0750528 0022885 0039593 0392366 0684320 0684321 0009240 0392760 1314939
 0162340 0871161 1292721 0018896 0557034 1707689 2983265 0599278 0040594 0242656 1947900 0449258 0521110 0243107 0678723 1527148
 2825232 0010186 0220812 0449719 1709471 0220808 0680264 0007961
 1706852 0522501 1706089 0949214
 0205155 1293097 1522472 1552923 1705191
 0282413 0376649 1442065 1546895 0179400 1533124 0019994 1510665 0442650
 0254343 0796520 3272379

 0085205 1549619 1880669
 0013849 1705961 0024492 1538057 1547565 1325174 0000723 1273517 0002395 1521724 0012634
 0002716 0011560 0030956 0611285
 0333463 0011389 0332461 0392079
 0085400 0085400 3543859
 0032743 0032744 0040395 0040405 0233929 2349995 0032743 0032744 0040395 0040405 0233929 2349995
 0016315 0522510 0016315 0522510
 0014274 0016315 0040671 0424589 0542479 1442080 1705822 0014274 0016315 0040671 0424589 0542479 1442080 1705822
 2986841 0243122 1145667 1167622 3245505 2986841 0243122 1145667 1167622 3245505
 0076466 0076466
 0053246 3536937 0740116 2827735 2981700 2945751 0053246 3536937
 0053246 3536937 0740116 2827735 2981700 2945751
 0045368 0033727 0205090 0369286 0441932 0564385 0684010 2603358 0740116 2827735 2981700 2827734 2981698 0034251 0034255
 0045368 2827734 2981698 0034251 0034255
 0740116 2827735 2981700 2945751
 0740116 2827735 2981700 2945751
 0290266 0812297 1705148 0439084 0728893 0005068 0537916
 1568156 0010124 0205198 1706082
 2986676 0678579 0034596 0005507 0018896 0243073 0243122 0599278 1145667 1167622 1510438 1552861 0026019 2984656 0013852 0026018 3463986
 1514811 1706462 0520510 0557061 2584313 1514811 1706462
 2603360
 0369773 2603361
 0033727 0369286 0441932 0564385

 0439267


 0025141


 2347961


 0025141

 0376558 0450382 0025141 0033727 0369286 0441932 0564385

 0025141 0018026 1304897 0439267 0439267 0016327 0439133 1553038
 0205090 0684010 2603358 2603360 1538150 0369773 2603361
 0205090 0684010 2603358 1553033 0369773 2603361


 1417055

 0025141

 0439086 2827736 2981702 0025141
 0439267
 0016327 0439133 1553038 0369637 0441923

 0369773 2603361

 3642273
 0450388 0025141

 0369773 2603361 0439267
 0016327 0439133 1553038 0369637 0441923
 0439394 1706495 3642217



 0201682
 0025141 0369637 0441923
 0369773 2603361 1553033
 0369773 2603361 2347469

 0033727 0369286 0441932 0564385
 0016327 0439133 1553038
 2347379
 0025141
 0369773 2603361 0369637 0441923
 0369773 2603361 1553033
 0062006 2603360
 0597277 1708601

 0033727 0369286 0441932 0564385
 0016327 0439133 1553038


 0201682
 0025141 2603362
 0205090 0684010 2603358
 0439267
 1553033





 2347469

 2603362
 2603360 0369637 0441923
 0369637 0441923
 0369773 2603361 0369637 0441923

 0369773 2603361 2347469
 2603360


 1417055

 0025141 0033727 0369286 0441932 0564385
 0016327 0439133 1553038

 0369773 2603361 0369637 0441923
 0369773 2603361 1553033 0597277 1708601


 0201682

 0025141
 0369718 0441922 1553036 0439267
 0700321 0439267
 2603362
 1553033 0683589
 0205090 0684010 2603358



 0033727 0369286 0441932 0564385 0439267
 0369773 2603361 0021966 0221138 0439267
 0016327 0439133 1553038 2347469 0369637 0441923
 0080045
 2347469
 0677535 0369773 2603361 0439267
 2347469


 0450382 0025141 0439267

 0369718 0441922 1553036 2603362
 1553033 0683589
 0205090 0684010 2603358

 0027960 0324740 0439189 1456781 1824986

 0025141 0205090 0684010 2603358 0597277 1708601
 0369773 2603361 0369773 2603361





 0033727 0369286 0441932 0564385
 0016327 0439133 1553038 0369637 0441923
 0369773 2603361
 0369773 2603361 1553033
 0597277 1708601 2347469



 0027960 0324740 0439189 1456781 1824986

 0439084 0728893 0025141
 2347469
 2603362
 2603360 0369637 0441923
 0369637 0441923
 0369773 2603361 2347469
 2603360
 0369773 2603361 0439267
 0016327 0439133 1553038 0369637 0441923
 0439394 1706495 3642217



 0201682

 0025141 0369637 0441923
 0369773 2603361 1553033 0033727 0369286 0441932 0564385
 0016327 0439133 1553038



 0025141 0369637 0441923
 0205090 0684010 2603358
 0025663 0025664 0449851
 0033727 0369286 0441932 0564385


 0025141 0439267 2347469 0033727 0369286 0441932 0564385 0238749 0043402 0439394 1706495 3642217 0369773 2603361 0439114 0597277 1708601 0369773 2603361 0678579

 0044577

 0443030 0597277 1708601


 0310367 0750526 0025141 0033727 0369286 0441932 0564385 0597277 1708601 2603360
 0003461 2939124

 0025141 0033727 0369286 0441932 0564385 0439070 1705160 3642273
 0740116 2827735 2981700 1305702 1547134 2355574 0205090 0684010 2603358
 0597277 1708601
 0033727 0369286 0441932 0564385 0205090 0684010 2603358
 0439267
 2347469
 0033727 0369286 0441932 0564385
 0205090 0684010 2603358


 0025141 0439394 1706495 3642217



 0025141
 0369718 0441922 1553036 2603362
 0439267
 0439267
 0683589
 0205090 0684010 2603358
 0027910 1552241 1555991 0025141 2603360 0369718 0441922 1553036 2603360 0998924 0033727 0369286 0441932 0564385 0033727 0369286 0441932 0564385 0450955 2603360 2603360

 2347379
 0025141 0369773 2603361

 0016327 0439133 1553038
 0230467 0741204

 0450387 0025141 0439267



 0025141