 3494163 0035168 0242481 1947946 3540473 0042384 1963274 0039798 0087111 0205549 1363945 1707883 1947946 2348044 2948600 3540471 3540472 3540473 0205090 0684010 2603358
 0439261 0439394 1706495 3642217





 0439267
 0021966 0221138

 0587479 1704729 1273810 0237935 3245466 0036375 0018735 0242456 0237607 3245512 0041740 0587479 1704729 0454866 1273810 0237935 3245466 0036375 0018735 0242456 0237607 3245512 0041740 0205155 1293097 1522472 1552923 1705191 0023973 0557806 1273810 0237935 3245466 0023973 1293097 2919030 2919031 0009450 0036378 0036375 0041740 0027712 0013227 0025118 0019994 1510665 0282413 0205090 0684010 2603358
 0439261 0587479 1704729 1273810 0237935 3245466 0442650 1553549
 0013849 1705961 0024492 1538057 1547565 0039798 0087111 0150312 0332285 1522326 1533734 1705169 3538994 0264939 0042384 0205373 1427812 0015127 1314792 1524003
 0439234 1948036 2987518 0003826 0220786 1301808 1442792 3148680 2827734 2981698
 1711239 1883708 0725066 0205197 1554962 0678544 1421479 0205549 2348044 0008976 0042789 1947903 0039224 1552616 1706073 1706074 1706244
 1274040 1546471 2825142 1999230 0002055 0178499 1880279 1709483 0264939 0042384 0205373 0449450 1963274
 3643615 0040682 1510411 1705163 0012634 0348080 1705253 0033325 0035020 0205336 0012634 0740116 2827735 2981700 0439086 2827736 2981702
 0449911 0039224 1706073 1706074 0557702 1272706 1704674 0557702 1272706 1704674 0039224 1706073 1706074
 0681815 0008976 0678544 1421479 0947630 0008976 1707455 0281491 0025677 0030705 2717865 0264939 0042384 0103647 0332281 1963274 0201976 0600061 0010294 0229671 1546774 1550100 1561535 0347982 0376558 1314939
 2986535 2349179 2826544 0544452 0687702 2360800 1830427 0237753 0449788 0544452 0687702 0025677 0010583
 0035020 0205336 0277556 0871208 1521828 0013227 0802604 2598133 1272691 0205250 1299351 2700149 0025677 0010583
 0040223 3541383 0035020 0205336 0277556 0439231 1705535 0152002 0022646 0039798 0042384 0087111 0332281 1363945 1518422 1963274 1518422 1637379 0441640
 0008976 1707455 0004482 0010583 0030705 1314939 0010294 1561535 0347982 0027960 0324740 0439189 1456781 1824986
 0205447 0030705 0557651 2603343
 0010583 0439400 0439422 0439423 0439418 0332173 0439228 0439505 0032950 0441640 1548969 0439400 1442449 0439400 0439422 0439423 0439418 0332173 0439228 0439505 0439230 0544452 0687702 1274040 1546471 2825142 0030705
 0205447 0544452 0687702
 0011065 1306577 2349954 2825032
 0035052 0205263 0857127 0439231 0030705 0034656 0549178 0010583 1442449 0439400 0439422 0439423 0439418 0332173 0439228 0439505 0439231 1707719 0439400 0439422 0439423 0439418 0332173 0439228 0439505 0178602 0869039 1114758 0439422 0439423 0332173 0439228 0439505
 0439231 0441833 0687744 1257890 1552516 1552839 1705428 1705429 0004482 1442449 0439400 0439422 0439423 0439418 0332173 0439228 0439505 0032950 0439422 0439423 0332173 0439228 0439505
 1705241 1705242 0004482 0441833 0687744 1257890 1552516 1705428 1705429 0010583 0441833 0687744 1257890 1552516 1705428 1705429 0369773 0450385 2603361 0009667 0237529 1272706 1552654 1552713 1704725 1704726 0444930 2746065 0557651 2603343 0439231
 1705535 0010583 0424092 2349954 2825032 0332282 0035052 0205263 0857127
 0008976 1707455 0032113 0032134 0032105 0678640 1550098 0587279 0025815 0042384 1963274 0022660 0231176 0035078 1963154 0022646 0205178 0231174 0680095 0010294 1561535 0000857 0600678 1552863
 0205447 0030705 1514756 0032113 1300574 0022718 0439209 0034107 0391850 0439272 0022718 0439209 0439269 1960952 2346927 2936643 0039798 0087111 1363945 0010583 0032950
 1511726 3245479 1705535 1274040 0332272 0011945 0011946 0085862 0917873 1059964 0030705 0038954 0871208 1521828
 0205848 2348205
 1274040 1546471 2825142 0439234 1314677 0589120 1522577 1704685 3274571 0332283 1719822
 2949735 1948052 0205197 0010992 0002778 0936012 1511726 1524024 3245479 1515187 0442504 1704765 1882509 3496241
 0678544 1421479 0439234 1272689 1948052 0475806 1706276 0205197 1554962
 0266667 0323854 1707689 2983265 1883351 0376649 1442065 1522634 0010583 1280519 1704419 0600688 1407029
 0282458 0920317 0002778 0936012 1042496 1524024 0282440 2717865 0042384 0103647 0332281 1963274 0917903 0010583 0332148 0439092 0547044 0750492 0231175 1883351 0205263 0544452 0687702 0582147 3272281 3538919 0035647 0441994 1548802 2003888 0023530
 0035020 1709305 0010583 0039798 0087111 0332183 0750482 1522326 1533734 1705169 1947910 3538994
 0034656 0947630 1518422 0030705 1514756 0010583
 0034107 0391850 1319266 0178602 0439269 0457242 1442162 1550718 1960952 2346927 3244317 1272706 0038317 2945654
 0544452 0687702 2986511 0030705 1516986
 0035020 0205336 0277556 0030705 0450387 1709305
 0023530 0009450 0085692 0010692 1963088 0011065 1306577 0521114 0522498 1514917 0282443 1709940
 0040808 2945654 0266667 0323854 0376298 1527178 1874451 1707689 2983265 0332120 0205280 0282443 1709940 1282910 1552828
 0002778 0936012 1524024 0016674 0004927 0917903 0030705 0031036 0264992 0343192 0205288 0264939 0039082 0038952 0220921 0282416 1561607 0445247 1514756 0010583 0001617 0001617
 1514983 1705535 0030705 0205451 0449820 1521761 2827422 0038952 0220921 0332293 0010583 1522326
 0010583 1518422 0700364 1883351 0035020 0205336 0277556 0871208 1521828
 0917903 0010583 0030705 1273517 0012634 0449450
 1948052 0332120 0002055 0178499 1880279 0039798 0087111 1363945 0332281 0042384 0449450 1963274
 0040539 0600688 1524063 1707814 0010583 0042153 0178602 0392756 0441994 0457083 1511559 1548802 1947944 2003888 2986497
 0798503 0805586 3274764 1883351 0087111 1708063 0087111 0205132 0205435 1279901 1550648 1552960 1554078 0010583 1292734 1522326 0205269 0231200 1883351 0040539 0600688
 0439234 0243107 0678723 1527148 0087111 0439659 1883351 0030705 0042384 1273517 1963274
 0281481 0279936 0039798 0087111 1363945 0205265 0039798 0087111 1522326 1533734 1705169 3538806 3538994 0021390 1290884 0021831 0012634 0021853 0333348 1272703 1948052 1273517 1883351 1292734 1522326 0030705
 0012634 0038013 0038012 0033860 0332293 1522326 1524063 0449445
 1171324 0545321 0279694 0281176 0302189 0039798 0087111 1363945 3538806 0024131 0024138 0409974
 0150312 0449450 0332206 0684224 0700287 3273238 3540676 0042384 1963274 0150093 0163712 0205549 0868928 1706255 1706256 2348044 0008976
 0041703 0008976 0043092 0521173 0684224 0700287 3496591 0030705 0717758 1280519 1704419 0024501 2945704 0039798 0087111 0439858 1273517 1363945 1883712 1706712
 0666743 1273517 0012634 0439629 0205435 0238767 0449450 1279901 1706086 0035020 0205336 0277556 0205170 3146287 2983415 0012634
 0544452 0687702 0030705 0205263 0009450 0871208 1521828 0030705 0205336
 0947630 0004561 0007634 0333668 1269647 1704653 1948049 0233426 1524063 0393022
 0003442 0017649 1280519 1704419 0043092 0521173
 0030705 0728938 1550516 0677874 0205197 0725685 0871261 1704632 1706817 2911692 0030705 0205336 0444504 2347634 2348143 0589120 1522577 1704685 3274571 0332283 1719822
 3494163 0035168 0242481 1184743 1522240 1511806 0681833 0036397 1883351 1999230 0087111
 1292714 0015127 1314792 1524003 0439673
 0012634 0162340 0543483 0699748 0184511 0332272 1561611
 2963144 0103647
 0004358 0067033 1335267 0030946 1622131 1947941 0027021 0440053 0027950 0079189 0205148 0449450 0871133 0026473 0683607 1326120 1879547 0079189 1524094
 0242599 1879547 0425152 2937292 0067033 1335267 0030946 1622131 1947941 0027021 0440053 0023690 1448238 0966831 1879547
 3537152 0003313 0439662 0439855 1552738 1704241 3537152 0034805 0597357 2983605
 0332255 0486805 1704259 1705987
 0205171 0439044 0679994 0205410 1518422 0085416 0439818 0521346 1546767 1881705
 3537152 1515877 1879547 1698931 0031727 0033634 0033621 1168438 1418943 3540567 0033640 0031727 0033684 0030685 0391871 0439180 0680255 1283071 1963578 0016327 0439133 1553038 0425152 2937292 0164786 0285558 1150527 0085416 0079411 0205260 0439818 0521346 1546767 1881705 3146294
 1879547 0425152 2937292 0027950 1299582 0085416 0439818 0521346 1546767 1881705 0282443 1552617 0042789 1947903
 0103647 0020852 3536873 0021017 0021027 0439267 1621846
 1275917 1302677 0445604
 0035020 0442805 1707520 0441889 0456079 1547707 2946261 0020859 2828356 0947630 1705535 0030657 1136169 0020855 1707520 0020860 2828357
 0020860 2828357 0684224 0700287 3496591 1883351 1145667 1167622 0597357 1518422 0027950
 0947630 1705535 0020860 2828357 1515877 1879547 0027950
 0871161 1292721 1274040 0103647
 0020852 3536873 0021027 0439267 1621846 0238874 0030705 0103647 0205409 0439178 1446409 1514241 1548221 2825490 1709707
 0004364 0012634 0443146 3538806 0205217 0442805 0020852 3536873 0021027 0439267 1621846 0150312 0449450 1515877 1879547 0009498 0449913 1553451 1704459 1879547 0065661 1148594 1417054 2347054
 0103647 0003316 0067033 1335267 0030946 1622131 1947941 0282443 1552617 0042789 1947903
 1514873 0205372 0678594 0684224 0700287 0030956 0243122 1145667 1167622 1524063 0596988
 0003316 0103647 0443288 0679932 0947630 0103647 0067033 1335267 0030946 1622131 1947941 0027021 0440053 0018790 0237477 0392351 0521111 0243122 1145667 1167622
 2945843 0205145 1515974 2825164 0700364 1883351 2987476 0205681 0600499 0007382 0205145 1515974 2825164
 0947630 1705535 0003316 0205214 1522138 3245511 0030705 0449976 0449450 0003241 0017446 0205147
 0003316 0003241 0040223 3541383 0012634 0205177 0439167 0441655 1561536 0725813
 0024141 0003316 0332261 0004359 0003316 2717865 0042384 0103647 0332261 0332281 1963274 0205171 1720467 0027021 0440053 1441672 0067033 1335267 0030946 1622131 1947941
 0021044 0846101 0194073 0005558 0022646 0557651 0947630 2603343 0030705 1547282 0027950 0334154 0022663 0184047
 0242599 1879547 0103647 0205263 1155982 0314672 0026837 0700109 2754808 1154382 0007577 0001511 0175633 0332294 0027950 0678226 0243079 2350571
 0079411 3146294 0085416 0439818 0521346 1546767 1881705 1155982 0314672 1518422 0725813 0871133 0067033 1335267 0030946 0185117 1622131 1947941 0699040 0205148
 0005507 0243073 1510438 0242599 1879547 0001511 0175633 1274040 1546471 2825142 0024348 1536403
 0012634 0348080 1705253 1171318 0175735 0205013 0038435 0005847 0150312 0449450 0103647 0033414 1510802 0225336 0007634 0014257 3282337 0033414
 0021701 1334126 1704986 0524914 1705535 1334126 1704986 0103647 1999230 0033414 0242599 1879547
 0549178 0947630 0376649 1442065 0010957 1883709
 0103647 1704259 1705987 0033414 1514893 1706463 2699488
 0027950 0162638 0162638 0007587 0007634 0011065 1269647 1306577 1704653 1948049 0205217 0442805 0185117 0027021 0440053 0683607 0243122 1145667 1167622
 1518422 1274040 1546471 1879547 2825142 0007634 3282337 1547282 1372517 0031308 0030685 0391871 0439180 0680255 1283071 1963578 0079633 0020898 0021764 0022271
 0024432 1546706 1550652 0031308 0007634 3282337 0030685 0391871 0439180 0680255 1283071 1963578 0040691 1527194
 0103647 1184743 1522240 1516044
 2717865 0042384 0103647 0332281 1963274 1880022 0026019 2984656 0013852 0026018 0947630 3463986 1705535 1457869 1861101
 0332120 0520510 1265875 0007634 3282337 0152002 0238874 0022646 0042384 0103647 0439178 1441672 1446409 1514241 1963274 2825490
 0027950 0103647 1879547 1547282 1159823 0392747 0443172 0851827 1701901 3244310
 0205148 0162638 0392747 0443172 1705241 0683607 0024432 1546706 1550652 0007634 3282337 0185117 0205148 0392747 0443172 0521447
 0683607 0027950 0027540 1334928 1518422 0024432 1546706 1550652 0031308 0450348
 0543488 0034211 0040549 0033817 0009450 0033808 0391871 1283071 0521110 1326212 0162638 0851827 1701901 3244310 1514893 1706463 2699488 0021368 0010674 0016059 0205207
 0332120 0103647 0005532 0205460 1280500 0021135 1533691 2827718 1515655 0332218
 0947630 0020971 0042196 3244291 0027021 0440053 1518422 0023175 0042384 1442948 1522538 1963274 2348269 3275067
 1514468 0332257 0027021 0440053 1710236 0020281 0035065 1278951 0003842 0022646 0226004 1549542 0003062 0027697
 0684224 0700287 3496591 0392148 0022663 3161035 1705535 0441712 1706376 1314939 1705242 0012634
 0557651 2603343 1280500 0034693 0034721 0027021 0440053 1883708 1442162 1550718 3244317 0178602 0869039 1114758
 0003062 0027697 0243148 1550141 1882979 2587213 3274648 0027021 0440053 0205171 0439044 0679994 0052055 1624602 0599297 0205171 0439044 0679994 1518422
 0205172 0332185 0599779 0003062 3161035 1999230 0442821 0332120 0103647 0450254
 0206745 0025914 0025929 0026809 0004366 0443146 0871261 1704632 1706817 2911692
 1519477 0206745 0025914 0025929 0026809 0348011 0560617 1419248 1522225 1567709 2698932 0027697 0243107 0678723 1527148 1708698 1171312 0264939 0042384 0205373 1963274
 1624602 0206745 0025914 0025929 0026809 0027021 0229671 0440053 0560617 1522225 1546774 1550100 1998793 1720154 0560617 1419248 1522225 1567709 2698932 1709854 1883559
 0025914 0025929 0026809 0027697 1624602 0205171 0439044 0679994 0205410 0015127 1524003 0012634
 3161035 0441833 0687744 1257890 1552516 1552738 1705428 1705429 0037640 0205108 0205171 1720467 0600678 0684224 0700287 3496591
 0034709 0034693 0034721 0027021 0086418 0440053 0476442 0474643 1287242 0475208 0027697 0151701 1963171
 3161035 1328843 0042384 1963274
 1524063 0042153 0457083 1947944 0683607 0302523 0700325 1964257 0034693 0034721
 0003064 0003062 1547282 0001511 0175633 0871261 1704632 1706817 2911692 1332652 1705593 1707455 0243148 1550141 1882979 2587213 3274648
 0040671 1705822 0034693 0034721 1328843 0042384 1963274 1709854 1154393 0861064 0001511 0023516 0175633 0205217 0442805 1708698 0234402 0333348 0019080 0332282 1332652 1705593
 0043227 0359589 1999230 0332120
 0243107 0678723 1527148 0039796 0205314 0302350 0679622 1552738 3245505 1521840 2986546
 1707959 0035820 1705810 1334126 1704986 0103647 1514893 1706463 2699488 1326212 0162638 1705535 0443264 0016884
 1548787 0162340 0042384 1963274 1553387 1948035 0556656 1269909 1299988 2699029 0002424 0439780 0442592
 0556656 1948036 2987518 0332185 0205117 0332282 0439231 1515981 1883708 0034037 0205549 2348044 0086047 0332284 0557061 2584313 0872253 0243107 0678723 1527148 1292734 1522326 0441833 0687744 1257890 1552516 1705428 1705429

 0183683 1521721 0031928 0473169 0557651 1414316 2603343 0666743 0042384 1963274
 0221193 0079152 0009671 0543488
 1514811 1706462 3538806
 0042384 1963274 0039798 0087111 1363945 1947946 2948600 3540471 3540472 3540473
 0035452 0334889
 0018194 0018200 0017526 0007634 0017547 0018188 1269647 1546654 1704653 1948049
 1704648 0740116 2827735 2981700 0205090 0684010 2603358
 0035020 0264939 0042384 0205373 1963274
 0025141 0597277 1708601
 0008976 0025677 2717865 0152002 0042384 0103647 0332281 1963274
 0003864 0035431 0441833 0557651 0687744 1257890 1552516 1705428 1705429 2603343
 0008976 0042384 1963274 0332281 0004358 0010834 0521449
 0369718 0441922 1414400 1553036 0439267 0031831 1707664 2348314 3540849 0441833 0557651 0687744 1257890 1552516 1705428 1705429 2603343
 0032113 0032134 0032105 0678640 1550098 1282910 0022660 0231176 0035078 1963154 0022646 0205178 0231174 0680095 0017658

 0597277 1708601 0454802
 1522609 2717865 0042384 0103647 0332281 1963274 0282458 0920317 0002778 0936012 1042496 1524024 0282443 1552617
 0011945 0011946 0040732 0332835 0917873 1059964 0369637 0441923
 0441833 0557651 0687744 1257890 1552516 1705428 1705429 2603343
 1517942 0589120 1522577 1704685 3274571 0343192 0205288 0264939 0008728 0039082 0002778 0936012 1524024 0332257 0030705
 0003864 0035431
 0025141 0439267
 0004364 0012634 0443146
 0035452 0334889
 1280519 1707887 0393022 0030705 0003873 2697391 0003864
 0369718 0441922 1414400 1553036 0008976 0035168 0242481 0441833 0687744 1257890 1552516 1705428 1705429
 0717758 0043092 0521173
 1414400

 0033522 1709709 0023981 0557651 2603343 0666743 2717865 0264939 0042384 0205373 1963274 0103647
 2349143 0021966 0221138 0205090 0684010 2603358 1416933 2986618 0016080
 0441833 0557651 0687744 1257890 1552516 1705428 1705429 2603343
 0039798 0087111 1522326 1533734 1705169 3538994 0003442 0017649 0557651 2603343
 0022646 0063789 0227665 1278978 1514845 3272375
 0450385 0025141 0022337
 0040710 0681833 0036397 2717865 0042384 1963274
 1315013 3642273 0025141 0369637 0441923 0369637 0441923 0205090 0684010 2603358
 1275917 1302677 0445604 0035820 1705810
 1315013 1417055 1517844 0025141 1511780 2349168 0054868 3540479
 0037791 1511884
 1315013 1417055 1517844 0025141 0439267
 1155982 0314672
 0022646 0063789 0227665 1278978 1514845 3272375 0025141 1235746 1882141 0439269 1960952 2346927 0439267 3540812 0054868 3540479
 0185117 0067033 1335267 0030946 1622131 1947941 0242599 1516004 1879547
 0022337 0041700 1551090
 0103647 0205263 0064830 1334146 0021701 1417683 1823554 3273872 0007582 1704675 0014257 0079189 0205250 1879547

 0871133 0162638
 0022646 0063789 0227665 1278978 1514845 3272375 0025141 0439255 1419337 3539667
 0557651 2603343 0264994 0043092 0521173
 0030664 0205469 0677042 0025141 0369637 0441923 0016327 0439133 1553038
 0024432 0152002 0238874 0022646 0042384 0103647 0439178 1446409 1514241 1521970 1706388 1963274 2346469 2348519 2825490 0027697

 1326212 0162638
 0023617 2986899 3538806
 3266896 0205263 0857127 0034211 0441712 1706376
 1517844 0439269 1960952 2346927 3541314
 0027021 0440053 0332281 0235618 0017658 0334094 0599779 0003062 3161035
 1417055

 0744421 0003313 0017658 0439662 0439855 1704241 0034693 0034721 0205263 0027021 0439860 0440053
 1315013 1417055 1517844 0439073 0439082 0025141
 0004358 0436331 3263722 3263723 0034693 0034721
 0000857 0600678 1552863 0033727 0369286 0441932 0564385
 0004358 0205369 1552740 0042384 1963274
 1315013 0596019 0018510 0677607
 0020971 0042196 3244291 0205263 2717865 0042384 1963274 0019080

 1335829 1705260
 0596019 0023617 2986899
 1280500 1154393 0001511 0175633 0596795 0026018 1516048

 1527021 1554111 1705606 3541382 0333052 0239110 1706852 0239110 1705565 1947976 0687676 1704687 0557854 0013849 1705961 1706852 0282420 1706852 0282111 1706852 1138432 0239110 0162443 0205314 0033213 1706387 0003738 0024552 1519021 1554162 1883712 1552603 1706202 1706852 0282111 0740116 2827735 2981700 1706852 0205090 0684010 2603358
 1706852
 1706852 0205090 0684010 2603358
 1706852
 0600644 1516698 1704814 0037455 2735290 0242456 1522634 0205145 0887933 0947619 0035621 0205090 0439658