 0065088 0008203 0023870 0596019 0442805 0033268 0021467 0021469 1628982 3463820 0244989 0206354 0017932 0017911 0031727 0132555
 0439148 1519795 1704753 1880519 0004950 0022877 3244292 0027816 0876934 1540677 1555824 0004950 0034036 0034037 1514756 1704324 0348078 0376315 1515981 1522492 1527075
 0557061 2584313 1514811 1706462 0244989 0206354 0017932 0017911 0031727 0132555 0085732 1299581 1720655 1947974 0150312 1883351 0597162 1709450 0010851 0002395 1521724 0012634
 0065088 0008203 0023870 0596019 0018790 0237477 0392351 0521111 0244989 0206354 0017932 0017911 0031727 0132555 0332185 0684224 0700287 3496591 1883351 0392756 0547047 0033268 0085151 3538722 1456454 0033665 0002716 0011560 0033684 0611285 1709634
 0023870 0304231 1611640 0039796 0205195 0302350 0450442 1254351 1441414 1521826 1553874 1578820 3463820 0033268
 0021467 0021469 1628982 3463820 0065088 0008203 0023870 0596019 0205263 0027882 0392756 0547047 1441672
 3161035 0086045 1446561 0205217 0442805 0033268 0597304 0010813 0596311 1330957 1710236
 2713511 1171350 3537023 3537035 1999216 0244989 0206354 0205263 0750482 0205216 0392756 0442797 0033268
 0917903 0442805 1518422 0244989 0206354 0017932 0017911 0021467 0021469 0031727 0132555 0439849 0445223 1628982 3463820
 0557061 2584313 1514811 1706462 0002395 1521724 0012634 0015127 1524003 0205288 0221198 0392148 1880022 3538928 0006104 1269537 0522476 0030705
 0333463 0392079 0683607 0521091 0750484 2827734 2981698
 0085400 0597162 1709450 0010851 1881534 0332256 2700400 0026045 0026046 0033684 0332281 1720655 1947974
 0002395 1521724 0012634 1720655 1947974 0036720 1709915 1882936 0439084 0728893 0150312 1883351 2700455 0597162 1720655 1947974 0244989 0206354 0017932 0017911 0031727 0132555 0021135 1533691 2827718 0007634 3282337
 0333463 0392079 0332256 2700400 0444669 1167518 1706352 1882467 3274653 0002716 0011560 0030956 0611285 0052080 0085151 3538722 0033665 1456454 0002716 0011560 0033684 0611285 1441547 1709634 3245521
 0751455 0017337 0085151 3538722 1456454 2700640 0597298 0423896 0456205 0002520 2917660 0002520
 0085151 3538722 1456454 0033665 0002716 0011560 0033684 0611285 1709634 2329187 0087044 0021699 0033684 1167322 2752508 0332256 2700400 0002520 1522240 1704259 1705987
 0597304 0010813 0596311 1330957 0085151 3538722 0033665 0078989 2717969 1456454 0002716 0011560 0030946 0033684 0205145 0205170 0611285 1515974 1709634 1880022 1947941 2825164 3146287 0014442 1412727 1335533 0332255 1708096 1517331 0171484 0205242 0333853
 0205177 0439167 0441655 1561536 0150312 0439855 1704241 0033684 0205450 0332256 1705242 2700400 1332101 1705550 1538050 0872078 3541303 3273588
 0085151 3538722 1456454 0033665 0002716 0011560 0033684 0611285 1709634 0205242 0333853 0004793 0162326 0162327 1519249
 0597304 0010813 0596311 1330957 0205088 0332255 1705314 1705315 1708096 1707271 0205088 0332255 1705314 1705315 1708096
 0332120 0010813 0596311 1330957 1550369 0680022 0884358 0015576 1704727 1412181 2984597 0529196 1412186 1706640
 0162808 1514562 1880389 1883221 3541951 0021135 1533691 2827718 1515655 0249586 1332735 0248813 0380051 1367731 0872123 0872053 1334482 1367019 1707271 0162508 0031727 0205088 1553033 1705314 1705315 3536909 0244989 0206354 0017932 0017911 0031727 0132555
 1710236 1335962 0033684
 0332197 1689985 0023688 1150570 2261482 1152133 1150423 0205177 0439167 0441655 1561536 0244989 0206354 1518422 0311403 0332294 0031715 0678226 1158886 1749467 1948047 0243125 0699900
 1274040 1546471 2825142 2984359 0037083 3537152 0442805 0683607 1149367 0243122 1145667 1167622 0040715 2987521
 0065088 0008203 0023870 0596019 1171350 3537023 3537035 1999216 0031715 1158886 0027882
 0065088 0008203 0023870 0596019 0332185 0684224 0700287 3496591 1883351 0392756 0547047 0033268 0025936 0003069 0025914 0025929 0026809
 0023870 0304231 1611640 0450442 1254351 1521826 3463820 0031715 1158886 0033268
 0557651 2603343 0085080 0007634 3282337 0027882 0065088 0332293 0008203 0023870 0596019 1522326
 1171350 3537023 3537035 1999216 0244989 0206354 0205216 0392756 0442797 0031715 1158886 0027882 0205263 0027882
 0150312 0065088 0008203 0023870 0596019 0205217 0442805 0205177 0439167 0441655 1561536 0205217 0442805 1265611 0086418 3146294
 0010813 0596311 1330957 0205177 0439167 0441655 1561536 1708698
 2713511 1171350 3537023 3537035 1999216 0244989 0206354 0205263 0750482 0205216 0392756 0442797 0521390 0033268
 1883727 1883357 1274040 1546471 2825142 0065088 0008203 0023870 0596019 1704259 1705987 0021467 0021469 1628982 3463820 0244989 0206354 0017932 0017911 0031727 0132555
 0557061 2584313 1514811 1706462 0520510 0229671 0230445 1305418 1546774 1550100 1139023 0007585 0010454 0007634 0009458 0010453 0162867 0220814 0430400 1254021 1269647 1704653 1948049 2242979 0017243 0869011
 0074345 0036682 0450375 0075172 0043194 0258432 1421478
 0033607 0681834 0036397 0185125 0331965
 0034760 1301820 1719918
 0634829 1999216
 0016674
 0065088 0008203 0023870 0596019 1301820 0017480
 2713511 1171350 3537023 3537035 1999216 1999230
 0004950
 0359168 0003250 0003241 0021027 0746619 0002520 0001128 0086418 0442818 0017398 0017399 0683757 0869011
 0229671 1546774 1550100 0869011 1719918
 0229671 1546774 1550100 1720655 1947974 0450355
 0359168 0003250 0003241 0021027 1720655 1947974 1999230
 2603362

 0359168 0003250 0003241 0021027 0022877 0869011 1160185 1619828
 3541311
 0041740 0028423
 1979003 0312586 0003241 1412727 0439851 1947931 0029016 0035168 0242481 1555265
 0003241
 0007600 0205132 0010453 0220814 0430400 2242979 1552738
 0007634 3282337 0007634 0178587 0439479 0555206 3282337 0162339 0036563 0033727 0369286 0441932 0564385
 0010453 0205225 0439631 0034716 0013935 0034693 0034721 0332173 0439228 0439505 0580836 2700262 1552738
 0007634 3282337 0005971 1139930 3537155 0010453 0220814 0430400 2242979 0020498 0439479 0555206 0439479 0555206 0024337 0032400 0071360 0747726 1300565 0021135 1533691 2827718 0439228 0010453 0220814 0009458 0439536 1705217 3244283 0242295 1947943 2348609 0017797 0001483 1514798
 0012634 0348080 1705253 0010453 0027882 1705417 0007589 1511938 2945687 0038954 0038952 0220921 0871208 1521828
 0001483 1514798 0009450 0039798 0087111 1522326 1533734 1705169 3538994 0441513 0243114 1998793 1547699 2700640 0884358 1552738
 0021135 1442469 1533691 2827718 0439228 0010453 0009450 0439663 0449822 0033727 0369286 0441932 0564385 0231956 0449468 1690016 1705102 2700258 0010454 0009458 0010453 0220814 0430400 0439536 1705217 2242979 3244283
 0009458 0439536 1705217 3244283 1883708 0010454 1299987 0009458 0010453 0220814 0430400 0439536 0443224 0559956 1705217 2242979 2827486 3244283 1442765 0439228 0039798 0087111 1522326 1533734 1705169 3538994
 0012634 0348080 1705253 0439092 0547044 0027882 0033684 0001483 0679058 1514798 2700640
 0521390 0085080 0007634 3282337 0033727 0332293 0369286 0441932 0564385 1522326 0065088 0008203 0023870 0596019 2713511 1152564 0033727 0369286 0441932 0564385 0634829 1999216
 2986858 0005507 0243073 0444706 0647210 1510438 3541902
 0007634 3282337 0205170 3146287 0020498 0011744 0033727 0369286 0441932 0564385 1439852 0010454 0009458 0010453 0220814 0430400 0439536 1705217 2242979 3244283 0332256 2700400 0647210
 0009458 0439536 1705217 3244283 0849355 0427896 0444626 1378554 1533132 2699477 0205431 0024348 0037633 0205170 0525069 1536403 3146287 1549535 1883712
 1268822 2825050 0312860 0444706 3541902 1524063 0182258 1514743 1706461 0005526 0036397 0376558
 2121086 0949466 1514534 0002778 0936012 1524024 0009458 0162867 1254021 1881488 0005863 1552738
 1881488 0060916 0086376 0439267 0010454 0009458 0010453 0220814 0430400 0439536 1705217 2242979 3244283 0053809 0017243 0041175 0077281 0086972 0443299 0556985 0687118 0814229 2247301 3540495 0025255 0600190
 0025255 1439852 0439583 0003241 0021027 0332283 0003241 0021027 0027627 0175668 0205436 0019941 0027021 0031179 0330510 0939835 1110641 1318719 1948027
 0175723 0442726 1332684 1511790
 1709793 0085151 3538722 1456454 0033665 0002716 0011560 0033684 0611285 1709634 0025255 1321564 0369998 1718641 0003242 0001271 0003241 0021027
 0456603 1547037 0001271 0596607 0972569 2697665 0011923 0013855 0017243 0079595 0449913 1301746 1382104 1553451 1704459 0037585 1265611 1554108 1561573 1948027
 0021069 1881488 0007634 0021069 1269647 1704653 1948049 0030695 0150369 0181904 0596972 1521743 1704646
 0027882 1881840 0085080 0007634 3282337 0205170 3146287 0005971 1139930 3537155
 0332282 0039798 0087111 1522326 1533734 1705169 3538994 0007634 3282337 1548982 0040223 1632851 1883708 0184933 0444082 0991865 0006353 0009264 0009443 0031603 0031701 0036082 0234192 1601799 0441436 0993610 1998480
 0007634 3282337 0033607 0005507 0006353 0030946 0032931 0032932 0243073 0243077 0332256 1510438 1642401 1947941 2584299 2700400 0070329 0064858 0031493 0016327 0681834 0036397 0185125 0331965 0869011
 0370003 2347026 0439583 0439269 1960952 2346927 0075172 0036681 0038164
 0015252 0728940 0075172 0036681 0038164 0007703 0118460 0560021 0439267 0370003 2347026 0369247 0720544 0003241 0021027 0439267 0301871 0033727 0369286 0441932 0564385
 0075172 0036681 0038164 0439269 1960952 2346927 1883708 1524062 0439583
 0370003 2347026 0118460 0439267 0179834 0702093 0993610 1548982 0040223 1632851 0041175 0077281 0814229 2678549 1882074 0020283 0450407 0450408 0450409 0146951 0133689 0242759 0068941 0068940 0439509 0006353 0265246 1532188 1720092 1948045 0041175 0077281 0814229 1882074 0020283 0450407 0450408 0450409
 0993610 0456692 0702093 1439852 0006353 0041175 0077281 0814229 0020283 0450407 0450408 0450409 0017861 0025402 0006247 1260957
 0370003 2347026 1883708 0118460 0439267 0179834 0702093 1550101 0053809 0017243 0041175 0077281 0556985 0814229 1708715 2247301 3540495 0005863 0042789 1947903 1282910 1552828
 1709793 0007585 0010454 0007634 0009458 0010453 0021069 0220814 0430400 0439536 1269647 1704653 1705217 1948049 2242979 3244283 0030695 0150369 0181904 0596972 1521743 1704646
 1709793 1550369 0014441 0884358
 0449445 1292724 0010454 0009458 0010453 0220814 0430400 0439536 1705217 2242979 3244283 1516695 1516698 0033607 0332293 0070329 0064858 0031493 0016327 0521097 0007703 0118460 0560021 0439267
 1550101 0521108 1709793 0014441 0005507 0243073 1510438 0302828 1442085 3263700
 0681814 1547282 0010357 0442740 0443286 1114821 2828360 0524637
 0233929 2349995 0005971 0036085 0332287 0444706 1139930 1514743 1706461 1854310 3537155 3541902 0005526 0036397 0376558 0449819
 0021069 0010454 0009458 0010453 0220814 0430400 0439526 0439536 0884358 1705217 2242979 3244283 1552738
 0231441 0443218 2827483 0560267 0070066 0369637 0441923 2678549 1882074 0020283 0450407 0450408 0450409 1167624 1947902 2827499 0884358 1524063 0025663 0449851 0871511
 1253961 0007634 3282337 0332293 0020281 1522326 0018790 0237477 0392351 0521111 0027021 0031179 1318719 0037633 0233660 0332206 0525069 1439852 1518416 0041175 0077281 0814229 0037494 1959973 2678549 1882074 0020283 0450407 0450408 0450409
 0003241 0021027 1253961 0007634 3282337 1624602 0005575 0522529 2700256 0086022 0442335 1705099 0332283 0439855 1704241 0086022 0442335 1705099
 1151518 0205177 0439167 0441655 1561536 0443289 1524063
 0441655 1515653 0021135 1533691 2827718 0444706 0597717 1527178 1705938 3541902
 0085080 0007634 3282337 1548982 0991865 0006353 0009264 0009443 0031603 0031701 0036082 0184933 0234192 0444082 1601799 0007703 0441436 0993610 1998480 0560021 0720544 0439267
 1882074 0020283 0450407 0450408 0450409 0037494 1959973 0013618 0146951 0133689 0242759 0007634 0441436 0993610 1269647 1524062 1704653 1948049 1998480 0007634 3282337
 0037680 0439084 0728893 2828366 0521097 0007703 0560021 0439267 2267219 0441655 0444706 1550101 3541902
 0005507 0243073 1510438 0206243 0699809 0086376 0006353 0332256 2700400 0048959 0047917 1710236 0302828 1442085 3263700 0449911
 0700308 0033727 0369286 0441932 0564385 0450316 0332582 0370003 2347026 0182258 0016315 0036085 0332287 0936012 1514743 1706461 1709027 1854310 0449819 0312860
 1883676 0439178 1446409 1514241 2825490 0243148 1550141 1882979 2587213 3274648 0086418 0171484 0884358 1998793 1300565 0439526 0086045 1446561
 1999216 1273517 0005507 1565132 0439509
 0205177 0439167 0441655 1561536 0005507 0171484 0243073 0444706 0597336 1510438 3541902 2346593 0312860
 0439267 0205430 3160715 1710236 0005575 2700256 0230171 0205088 0369637 0441923 0449468 1546485 1690016 1705102 2700258 0006353 1882074 0020283 0450407 0450408 0450409 0013618 0036774 0036773 0728877 0001924 0007452 0229671 1140701 1546774 1550100 0034917 0017817 0392756
 0011744 0033727 0369286 0441932 0564385 0332582 1524062 0016315 0182258 0444706 1514743 1706461 1709027 3541902 0449819 0312860
 1274040 1546471 2825142 0439269 1960952 2346927
 0449911 0333052 2607870 0557702 1272706 1704674 0557702 1272706 1704674
 0039798 0087111 1522326 1533734 1705169 3538994 0065088 0442805 0033268
 0185117 0870883 2698672 0007600 0085080 0007634 0205132 0936012 1269647 1704653 1948049 0005863 1524063 0003241 0021027
 0185117 0205091 1552822
 1708715 0332298 0025255 1439852 2587213 0369998 0003242 1718641 0001271 0003241 0021027 0205091 1552822
 0185117 1511790 0021069 0010454 0009458 0010453 0220814 0430400 0439536 1705217 2242979 3244283 0205090 1547282
 0085080 0007634 3282337 0332293 1522326 2827734 2981698 0450346 0740116 2827735 2981700 0439084 0728893 0065088 0008203 0023870 0596019 0205090
 2347469 0007620 0007634 0038952 0220921 1269647 1704653 1948049 0444706 3541902 1524063 2986858 0005507 0243073 0647210 1510438
 1274040 1546471 2825142 0444504 2347634 2348143 0007620 0007634 0038952 0220921 0332155 0439165 1442162 1549488 1550718 1561533 3244317 3282337
 0369718 0441922 1553036
 0369773 2603361 0243148 1550141 1707455 1882979 2587213 3274648
 0521119 0014441 1709793
 1274040 1546471 2825142 0439165 1549488 1561533 0085080 0007634 3282337
 0369718 0441922 1553036
 0369773 2603361 0243148 1550141 1707455 1882979 2587213 3274648
 0073187 0085080 0007634 3282337 0392148 1439852 0332197 1689985
 0010454 0009458 0010453 0220814 0430400 0439536 1705217 2242979 3244283 1709793 0014441 0033727 0369286 0441932 0564385 0033727 0369286 0441932 0564385
 1274040 1546471 2825142 0444504 2347634 2348143 0243148 0439165 1549488 1550141 1561533 1882979 2587213 3274648 0033727 0369286 0441932 0564385
 0369718 0441922 1553036
 0369773 2603361 0243148 1550141 1707455 1882979 2587213 3274648 0033727 0369286 0441932 0564385
 1518422 0332293 1522326 0007634 3282337 0033727 0332293 0369286 0441932 0564385 1522326 0065088 0008203 0023870 0596019
 1707156 3274014 3541345 0369637 0441923
 1300565 0040679 1442762
 0012634 0348080 1705253 0040679 1442762 0005516
 0007634 3282337 0038636 0369637 0441923 0521108 1161331 0332256 2700400 0013618 0020923 0020924 1882074 2678549 0492253 0006353 0020283 0450407 0450408 0450409 0033607 0681834 0036397 0185125
 0038960 1382107 1705537 0181200 0439816 0453911
 0205251 1299352 1550472 0678536 1264633 1554103 0441436 0993610 1998480 1412113 1516077 0560021 0439267 0040223 1632851 0597428 1384604
 1550101 1517331 0439267 1550099 0702093
 0441436 0993610 1998480 0006353 0439526 0038636 0205430 0369637 0441923 1161331 3160715 2584321 1300565 0038636 0205132 0439182 0812409 0934502 1161331 1511276 1552825 2827734 2981698 1300565 0439526 0178587
 0678624 0007703 0439267 0033727 0369286 0441932 0564385 1264633 1516695 1516698 0033684 0423896 0456205 0936012
 0005863 1709793 0884358 1552738
 1274040 1546471 2825142 1882115 1882932 2348974
 0449911 0333052 2607870 0557702 1272706 1704674 0557702 1272706 1704674
 0065088 0008203 0023870 0596019 0442805 0441889 0456079 1547707 2946261 0085080 0007634 3282337
 0085080 0007634 3282337 0392148 1439852 0332197 1689985 0033727 0369286 0441932 0564385 0634829
 0185117 0005863 1524063 0003241 0021027 0441833 1999270 3537156
 0441889 0021069 0936012 0003241 0021027 0441833 1999270 3537156
 2347469 1707271 0033621 1168438 1335533 1418943 3540567 0205088 0332255 1705314 1705315 1708096 0444504 2347634 2348143 0439165 1549488 1561533
 0369718 0441922 1553036
 0369773 2603361 0243148 1550141 1707455 1882979 2587213 3274648
 0237753 0449788 0369718 0441922 1553036 1444656 2729544 0349966
 2827734 2981698 0740116 2827735 2981700 0439084 0728893
 1710574 0022885 0039593 0392366 0884358 1883351 1707455 1517586 0012634 0348080 1705253
 0871424 0002778 0936012 1524024 1709320 0002780 1550369 0002778 0205447 0884358 0936012 1524024 1711260 2348152 0332283 0022885 0039593 0392366 0439064 0687676 1704687 1707455
 0005863 0949466 1705493 0349966 0449450
 2827734 2981698 0740116 2827735 2981700 0439084 0728893 1882932 0681814
 0557061 2584313 1514811 1706462 0065088 0008203 0023870 0596019 0442805 1265611 0085080 0007634 3282337 0427861 0085080 0007634 3282337 0005863 1524063 0003241 0021027
 0003241 0021027 1518422 0442726 0085151 3538722 1456454 0033665 0002716 0011560 0033684 0611285 1709634 0085080 0007634 3282337 0450344 1553633 0521093 0750484 0003264 0597298 0085151 3538722 1142652
 1274040 1546471 2825142 0349966 1337208 1547282
 0450344 1553633 0085080 0007634 3282337 0010454 0009458 0010453 0220814 0430400 0439536 1705217 2242979 3244283
 0085080 0007634 3282337 0033727 0369286 0441932 0564385 1439852 0033727 0369286 0441932 0564385 0020283 2827734 2981698 0450346 0740116 2827735 2981700 0439084 0728893 0007620 0007634 0038952 0220921 1269647 1704653 1948049 0444706 3541902 1524063 2986858 0005507 0243073 0647210 1510438
 1274040 1546471 2825142 0349966 0449450 1337208
 0450345 0033727 0369286 0441932 0564385 0065088 0008203 0023870 0596019 0205263 0040539 0600688
 0033727 0369286 0441932 0564385 0065088 0008203 0023870 0596019 0205263 0007587 0007634 0011065 1269647 1306577 1704653 1948049
 0065088 0008203 0023870 0596019 0086045 0205289 0806909 1446561 2347813 0033727 0369286 0441932 0564385
 0085080 0007634 3282337 0033727 0369286 0441932 0564385 1439852 0392148 0086045 0065088 0008203 0023870 0596019 2827734 2981698 0450346 0740116 2827735 2981700 0033268 0014441 1709793 1265611 1882115
 1274040 1546471 2825142 0349966 0449450 1337208
 0065088 0008203 0023870 0596019 0205217 0442805 0033268
 0039798 0087111 1522326 1533734 1705169 3538994 0065088 0008203 0023870 0596019 0205217 0442805 0033268 0677881 1280500 1511636
 0010454 0007585 0009458 0010453 0220814 0430400 0439536 1705217 2242979 3244283 0392148 1439852 0332197 1689985 0521108 0014441 1709793 0033727 0369286 0441932 0564385 1515981
 1274040 1546471 2825142 0349966 0449450 1337208
 1416886 1442449 1547282 0392756 0547047 0039798 0087111 1522326 1533734 1705169 3538994 0065088 1518422 0001721 0031227 0243127 0443331
 0449911 0333052 2607870 0557702 1272706 1704674 0557702 1272706 1704674
 0065088 0008203 0023870 0596019 1518422 0392747 0443172 1705241 0475264 1744691 1412727
 0085080 0007634 3282337 0033727 0369286 0441932 0564385 1439852 0392148 0332197 1689985 0039195 0243148 1550141 1882979 2587213 3274648 0065088 0008203 0023870 0596019
 0520511 1704711 1553033 1412727 0038636 0073187 0178587 0812409 1161331 0887883 0034850 1279919 1707455 0040679 1442762 0205103 1185625 1550465 2827755 2986730 0014239 0035295 0598268 0018042 3541311 2347469
 1883351 1292732 1280500 2348382 1150570 2261482 1152133 1150423 0205177 0439167 0441655 1561536 0244989 0206354 0936012
 0243125 0699900 0021467 0021469 1628982 3463820 0683607 0040715 2987521
 0349966 1337208 1547282
 0065088 0008203 0023870 0596019 0033727 0369286 0441932 0564385 0205263 0065088 0332293 0008203 0023870 0596019 1522326 1547282 1150570 2261482 1152133 1150423 0205177 0439167 0441655 1561536 0244989 0206354 0311403 1517586 0012634 0348080 1705253
 0065088 0008203 0023870 0596019 0442805 1265611 0085080 0007634 3282337 1280500 2348382 1709694 0085080 0007634 3282337 0634829 1707455 1999216
 0634829 0065088 0008203 0023870 0596019 1518422 0392747 0185117 0085080 0007634 3282337
 1517001 0021467 0021469 1628982 3463820 0312860 0033727 0369286 0441932 0564385 1707271 0205088 0332255 1705314 1705315 1708096 3538722 1274040 1546471 2825142 0005863 0332282 0021069
 1707271 0205088 0332255 1705314 1705315 1708096
 1280500 0065088 0008203 0023870 0596019 2348205 0439086 2827736 2981702 0442805
 1709694 0039798 0087111 1522326 1533734 1705169 3538994 1705242 0332293 0634829 1522326 0065088 0008203 0023870 0596019
 0634829 0311403 0033268 1518422 1547282 1425988 0065088 0008203 0023870 0596019 0205217 0442805 1265611
 1708698 1883351 1707271 0205088 0332255 1705314 1705315 1708096 0065088 0008203 0023870 0205263 0596019 1518422 0021467 0021469 0171484 0205177 0439167 0441655 1274040 1546471 1561536 1628982 2825142 3463820 0085151 3538722 0033665 0597304 1456454 0002716 0010813 0011560 0033684 0205217 0442805 0596311 0611285 1330957 1709634
 0065088 0008203 0023870 0596019 1518422 0392747 0443172 1705241 0520511 1704711 1512571 0065088 0008203 0023870 0596019 0309049 0597304 0010813 0596311 1330957 0392747 0443172 0872250 0520511 1704711 1412727 0030946 1947941 0205309 1883351 0085151 3538722 0033665 1456454 0002716 0011560 0033684 0611285 1709634 0037640 0309049 0545082 1512346 1947978
 1512571 1656251 0016640 0524811 0936012 1292732 3161031 1524063 0678624
 0040679 1442762 0702093 3541311 0887883 1524063 0034850 1273517 1279919 0005516 0018042
 0005516 0178587 0812409 0520511 1704711 1518422 0065088 0008203 0023870 0039798 0087111 0392747 0596019 1522326 1533734 1705169 3538994 0349966 1337208 2347469
 0178587 0520511 1704711 1412727 0445247 0936012 1264633 0349966 1337208 1518422 0392760 1314939
 1511726 3245479 0442805 0065088 0008203 0023870 0205263 0596019 0332620 1274040 1546471 2825142 1412727 1704259 1705987
 0449911 0333052 2607870 0557702 1272706 1704674 0557702 1272706 1704674
 0205177 0439167 0441655 1561536
 0085080 0007634 3282337 0392148 1439852 0065088 0008203 0023870 0332197 0596019 1689985 0033727 0369286 0441932 0564385 0634829
 0171484 0205177 0439167 0441655 1561536 0444706 3541902 0007634 0150312 0332285 1269647 1704653 1948049 1515653 0021135 1533691 2827718 0597717 1527178 1705938 2828366
 1274040 1546471 2825142 0332155 0439165 1549488 1561533 0243148 1550141 1882979 2587213 3274648
 0369718 0441922 1553036
 0369773 2603361 0243148 1550141 1707455 1882979 2587213 3274648
 0369773 2603361
 0205177 0439167 0441655 1561536 0442805 0332255 0486805 1708096 0033268 0171484 0205102 0205177 0392747 0439167 0439674 0441655 1274040 1546471 1554963 1561536 2825142
 0205177 0439167 0441655 1561536 0243148 0444706 1550141 1882979 2587213 3274648 3541902 0007634 3282337 1524063 0002518 1874187 0002520 2917660 0001128 0004793 0162326 0162327 0202406 1519249
 0243148 1550141 1882979 2587213 3274648 0171484 0884358 1998793 1999216 0439509 1883351 0005507 0243073 1510438 1518422 1547282
 1274040 1546471 2825142 1547282 0039798 0087111 1522326 1533734 1705169 3538994 0205217 0442805 0205177 0439167 0441655 1561536 0450373 1553636
 1883712 1515653 0021135 1533691 2827718 0444706 3541902 0005507 1280500 1518681
 0349966 1337208 1547282
 0450375 0065088 0008203 0023870 0596019 1518422 0392747 0443172 1705241 0205177 0439167 0441655 1561536 0634829 0311403 0205177 0439167 0441655 1561536
 1274040 1546471 2825142 0443211 0039798 0087111 1522326 1533734 1705169 3538994 0065088 0008203 0023870 0596019 0205217 0442805
 0449911 0333052 2607870 0557702 1272706 1704674 0557702 1272706 1704674
 0065088 0008203 0023870 0596019 0018790 0237477 0392351 0521111 0244989 0206354 0017932 0017911 0031727 0132555
 0027882 0085151 3538722 1456454 0033665 0002716 0011560 0033684 0611285 1709634 0027882 1062667 0001490 0001483 0001486 0086418 0439663 1514798 1547699 1552907 2700640 0005863 1524063 0003241 0021027
 1171362 0185117 2828366 0205091 1552822
 1708715 0332298 0025255 1439852 2587213 0369998 0003242 1718641 0001271 0003241 0021027 0205091 1552822
 0185117 1511790 0021069 0205090 1547282
 2347469 1819944 0038952 0220921 0444706 3541902 1524063 2986858 0005507 0243073 0647210 1510438
 1274040 1546471 2825142 0444504 2347634 2348143 1819944 0027882 0038952 0220921 0332155 0439165 1442162 1549488 1550718 1561533 3244317
 0369718 0441922 1553036
 1720655 1947974 1720655 1947974 0005863 1524063 3470196 0441833 1999270 3537156 1418527 0441833 1999270 3537156 0003241 0021027
 0073187 0031715 1158886 0444706 0449770 0456603 1547037 0444504 2347634 2348143 0439165 1549488 1561533
 0129575 0369718 0441922 1553036
 0369773 2603361 0243148 1550141 1707455 1882979 2587213 3274648
 0027882 0065088 0008203 0023870 0392148 0596019 1439852 0003241 0021027
 1707156 3274014 3541345 0369637 0441923
 1280500 1819944 0038952 0220921 0244989 0936012 1280500 0033666 1709694 0085151 3538722 1456454 0007634 3282337
 0444930 2746065 0439663 0027882 1547699 2700640
 0439228 0428479 0441889 0442726 1511790 1881488 1553637 0205091 1552822
 0009458 0439536 1705217 3244283 0391871 1283071 1553637 0205090
 1280500 2348382 1819944 0038952 0220921 0444706 0647210 3541902
 0349966 1337208 1547282
 0039798 0087111 1522326 1533734 1705169 3538994 0065088 0033727 0369286 0441932 0564385 0235032 1280500
 1883351 1292732 1280500 2348382 1150570 2261482 1152133 1150423 0205177 0439167 0441655 1561536 0244989 0205435 1279901 0936012 1158886 0031715
 0005863 1547282 0185117 1518422 2348205 0027882 0065088 0332293 0008203 0023870 0596019 1522326 0003241 0021027 0442726 1511790 3470196 0441833 1999270 3537156 1425988
 1979874 1511790 0003241 0021027 1720655 1947974 1547282 0392756 0547047 0441994 1548802 2003888 0441833 1999270 3537156 0392756 0547047 0031715 1158886 0027882 0065088 0008203 0023870 0596019 1439852
 0349966 1337208 1547282
 0065088 0008203 0023870 0596019 0205263 0065088 0332293 0008203 0023870 0596019 1522326 0521093 0750484 0021467 0021469 1628982 3463820 1517586 0012634 0348080 1705253
 0065088 0008203 0023870 0596019 0442805 1265611 0033684 0557651 2603343 1280500 2348382 1709694 0027882 0034693 0034721
 0439228 0001483 1514798 1547699 2700640 0027882 0065088 0332293 0008203 0023870 0596019 1522326 0456680
 1881488 0010454 0009458 0010453 0162867 0220814 0430400 1254021 2242979 0005863 0003241 0021027
 0065088 0008203 0023870 0596019 0392747 1265611 1265611 0010454 0009458 0010453 0220814 0430400 0439536 0521108 1705217 2242979 3244283 1518422 1547282
 1280500 2348382 1709694 0085151 3538722 1142652 1456454 0033665 0002716 0011560 0033684 0611285 1709634 0027882 0634829 1707455
 0349966 1337208 1547282
 1553638 0085080 0007634 3282337 0634829 0205263 0442805 0005863 0332282 0021069
 0442805 0065088 0008203 0023870 0392148 0596019 1441672
 1709694 1705242 0332293 0634829 1522326 0065088 0008203 0023870 0596019
 0349966 1337208 1444656
 0634829 0311403 0033268 1552738
 1979874 0065088 0008203 0023870 0596019 0205263 0442805 0033268
 0065088 0008203 0023870 0596019 0205217 0442805 1265611 2828366
 1883727 1883357 1274040 1546471 2825142 0065088 0008203 0023870 0596019 0442805 0033268 0442808 1265611 1517331 0171484 0205177 0439167 0441655 0442739 1522240 1561536 2346711 0027882 0521093 0750484 1280500 2348382 0085080 0007634 1441672 3282337
 2713511 1171350 3537023 3537035 1999216 0244989 0206354 1518422 0392747 0033268 0332183 0244989 0033640 1417673 3537353 0206354 0017932 1171350 3537023 3537035 1524063 0017911 0031727 0132555 1273517 1999216 0205369 1552740 0870432 1705417 0237753 0449788
 1883351 0557651 2603343 0442805 0033268 0244989 0206354 0017932 0017911 0021467 0021469 0031727 0132555 0439849 0445223 1628982 3463820 0392366 1171350 3537023 3537035 1999216 0244989 0206354
 2713511 0018790 0237477 0392351 0521111 0244989 0033640 1417673 3537353 0206354 0017932 0017911 0031727 0132555
 0027882 0085151 3538722 1142652 1456454 0033665 0002716 0011560 0033684 0611285 1709634 0392148 1439852 0332197 1689985 0033727 0369286 0441932 0564385 1819944 0038952 0220921 0444706 3541902 1524063 2986858 0005507 0243073 0647210 1510438
 1274040 1546471 2825142 0349966 0449450 1337208
 1571602 2713511 0235032
 0065088 0008203 0023870 0596019 2713511 0205263 0521093 0750484 0021467 0021469 1628982 3463820 0244989
 2713511 1518422 0392747 1265611 0027882 0034693 0034721 1518422 1547282
 0065088 0008203 0023870 0596019 2713511 1883351 0392756 0547047 0521119 0033268 1705241 1705242 1273937 0237881
 0021467 0021469 1628982 3463820 2713511 0205217 0442805 0033268 1707455 2713511 0205171 0439044 0679994 1280500 1511559
 1883727 1883357 1274040 1546471 2825142 0442805 0244989 0206354 0017932 0332291 0017911 0021467 0021469 0031727 0043194 0085862 0132555 0258432 1299583 1421478 1628982 3463820
 0449911 0333052 2607870 0557702 1272706 1704674 0557702 1272706 1704674
 0065088 0008203 0023870 0596019 0442805 1265611 1569778 1335665 0033684
 0027882 0392148 1439852 0332197 1689985 0634829 1553033 0065088 0008203 0023870 0596019
 0007592 2828366 0005863
 2347469 1511790 0021069 0003241 0021027 0205091 1552822
 1707271 0033621 1168438 1335533 1418943 3540567 0205088 0332255 1705314 1705315 1708096 0444504 2347634 2348143 0439165 1549488 1561533
 0369718 0441922 1553036
 0369773 2603361 0243148 1550141 1707455 1882979 2587213 3274648 0205090
 0521119 0014441 1709793
 1274040 1546471 2825142 0444504 1442162 1550718 2347634 2348143 3244317
 0205091 1552822 0521119 0439297 0439526 0439165 1549488 1561533 0205090 0243148 1550141 1882979 2587213 3274648
 0369718 0441922 1553036
 0369773 2603361 0243148 1550141 1707455 1882979 2587213 3274648
 0073187 1171362 0185117 2828366 0205091 1552822
 1708715 0332298 0025255 1439852 2587213 0369998 0003242 1718641 0001271 0003241 0021027 0205091 1552822
 0456603 1547037 0444504 2347634 2348143 0439165 1549488 1561533
 0369718 0441922 1553036
 0369773 2603361 0243148 1550141 1707455 1882979 2587213 3274648 0205090
 1514811 1706462 1511726 3245479 0085080 0007634 3282337 0027882 0039798 0087111 1522326 1533734 1705169 3538994 0065088 0008203 0023870 0596019 0600688 1407029 0311403 1150570 2261482 1152133 1150423 0205177 0439167 0441655 1561536 0244989 0206354
 1517586 0012634 0348080 1705253 0065088 0008203 0023870 0596019 0205217 0442805 0205177 0439167 0441655 1561536 1707271 0205088 0332255 1705314 1705315 1708096 0171484 0205177 0439167 0441655 0442739 1522240 1561536 2346711
 0065088 0008203 0023870 0596019 0205217 0442805 0033268
 0150312 0449450 0557651 2603343 0684224 0700287 1705535 0065088 0008203 0023870 0596019 0085732 1299581 0018790 0237477 0392351 0521111 0033268 0332257 0027882
 0947630 0007634 3282337 0065088 0332293 0008203 0023870 0086045 0596019 1522326 0150312 1883351 0677881 1511636 0392756 0547047 0684224 0700287 1551359 2741673 2981730 3496591 0033268
 0027882 0065088 0008203 0023870 0596019 0150312 1883351 0028778 0332206 1533157 1706084 2828370 0033268 0185117 0036636 0597363 0042776 0086312 0319157 1514798 0013126 0683607 0185117 0205263 0040539 0600688
 1273517 0001483 1514798 0683607 1171362 0185117
 0025936 0003069 0025914 0025929 0026809 0085151 3538722 0023870 0684224 0700287 3496591 1883351 0015127 1524003 0301630 0392756 0441610
 3495095 0022023 0001721 0441712 0085151 3538722 0033665 0033666 1456454 0002716 0011560 0033684 0611285 1314939 1709634 1709694
 0332218 1707455 1274040 1546471 2825142 0007600 0007635 3282338
 1883712 0038435 0025936 0003069 0025914 0025929 0026809 0557651 2603343 0085151 3538722 1142652 1456454 0033665 0002716 0011560 0033684 0611285 1709634 1705285 0348078 0376315 1522492 1709694
 0065088 0008203 0023870 0596019 0684224 0700287 3496591 1883351 0028778 0332206 1533157 1706084 2828370 0033268
 1547282 0033666 1547386 1709694 1705242 0010813 0596311 1330957 1883351 0065088 0008203 0023870 0392760 0596019 1314939
 0150312 0065088 0008203 0023870 0596019 1518422 0018790 0237477 0392351 0521111 0205177 0439167 0441655 1561536
 0065088 0008203 0023870 0596019 0392747 0444454 1554204 0439855 1704241 1274040 1546471 2825142 1705535 1707271 0205088 0332148 0332255 0332285 0750492 1705314 1705315 1708096 3538722 0085151 3538722 0033665 0597304 1456454 0002716 0010813 0011560 0033684 0205217 0442805 0596311 0611285 1330957 1709634 1274040 1546471 2825142
 0150312 1301751 1280500 2348382 0520511 1704711 0085151 3538722 1456454 0033665 0002716 0011560 0033684 0611285 1709634 1412727
 1524063 1515653 0021135 1533691 2827718 0005507 0243073 1510438 1947931 0205177 0439167 0441655 1561536
 0332290 0065088 0008203 0023870 0596019 0597304 0010813 0596311 1330957 0085151 3538722 1456454 0039798 0087111 1522326 1533734 1705169 3538994 1518422 0001721 0033268 0332282 0185117 0027882 1518422 1547282
 0680240 1511726 3245479 0065088 0008203 0023870 0596019 1518422 0392756 0547047 1327616 0036536 0036537
 0441712 0205177 0439167 0441655 1561536 1517331 1292732
 1708063 0039798 0087111 1522326 1533734 1705169 3538994 0065088 0008203 0023870 0596019 0205217 0442805 0423896 0456205 1705535 0205177 0439167 0441655 1561536 0442805 1274040 1546471 2825142 0033684
 0521093 0750484 0065088 0008203 0023870 0596019 0018790 0237477 0392351 0521111 1150570 2261482 1152133 1150423 0205177 0439167 0441655 1561536 0010453
 0035820 1705810 0033268 1518422 0162340
 0021467 0021469 1628982 3463820 0244989 1883351 0033268
 0018563 1281583 1552914 1099354 0035668 0521102 0700321 0301630 0392756 0441610 0392756 0033268 0301630 0392756 0441610 0205217 0442805 0033268
 0065088 0008203 0023870 0596019 0018790 0237477 0392351 0521111 0597298 0244989 0206354 1705535 1280500 2348382 0033268 0244989 0206354 0017932 0017911 0021467 0021469 0031727 0132555 1628982 3463820
 0021467 0021469 1628982 3463820 0244989 0206354 0017932 0017911 0031727 0132555 0023870 0205309 1883351 1705417 0237753 0449788 0021135 1533691 2827718 1515655
 0007613 1325880 0031842 0031843 0333051 2347509 0014653 0205415 0560184 0851827 1701901 3244310 0244989 0332291 0085862 1280500 1299583 2348382 0033268
 0449911 0333052 2607870 0557702 1272706 1704674 0557702 1272706 1704674
 1171350 3537023 3537035 1999216 0244989 0206354 2713511 1518422 0392747 0033268
 0027882 0033727 0369286 0441932 0564385 1439852 0392148 0332197 1689985 0039798 0087111 1522326 1533734 1705169 3538994 2713511
 1819944 0038952 0220921 0444706 3541902 1524063 2986858 0005507 0243073 0647210 1510438
 1819944 0038952 0220921 0444504 2347634 2348143 0439165 1549488 1561533 0243148 1550141 1882932 1882979 2587213 3274648
 0369718 0441922 1553036
 2347469 0002778 0936012 1524024 0027882 0392148 1439852 2713511 0003241 0021027
 1707156 3274014 3541345 0369637 0441923
 0521119 0014441 1709793 0010453 0065088 0332293 0008203 0023870 0596019 1522326 2713511 0065088 0332293 0008203 0023870 0596019 1522326 2713511 2713511 0033727 0369286 0441932 0564385
 1522609 0444504 2347634 2348143 0439165 1442162 1549488 1550718 1561533 3244317 0243148 1550141 1882979
 0369718 0441922 1553036
 0369773 2603361 0243148 1550141 1707455 1882979 2587213 3274648
 1547282 2713511 1171350 3537023 3537035 1999216 0065088 0008203 0023870 0596019 0205171 0750482 1720467 0205216 0392756 0442797 0033268
 0009429 1704537 0039798 0087111 1522326 1533734 1705169 3538994 0065088 0008203 0023870 0596019 2713511 1547282 1280500 1511559
 1274040 1546471 2825142 0442805 0244989 0206354 0017932 0332291 0017911 0021467 0021469 0031727 0085862 0132555 1299583 1628982 3463820
 0002395 1521724 0012634 0392148 1880022 0006104 1269537 0333463 0392079 0085400
 0444669 1167518 1706352 1882467 3274653 0332256 2700400 0002716 0011560 0030956 0611285 0085400 0597162 1709450 0010851 1881534 0332256 2700400 1446659 2700455 0085401 0026045 1421563 0026046 0033684 0332281 1720655 1947974
 1883351 0018790 0237477 0392351 0521111 0220781 0439634 1522492 0449445 0309872 0002716 0011560 0611285 0030664
 0023870 1547282 1883351 0018790 0237477 0392351 0521111 0031715 1158886 0332257 1720655 1947974 1883351 0392756 0547047 0033268
 0023870 0304231 1611640 0039796 0302350 0450442 0750591 1254351 1521826 0039798 0087111 1522326 1533734 1705169 3538994 0002395 1521724 0012634
 0030351 1547566 0449475 0023870 0086045 1273517 0861064 0002716 0011560 0030956 0033268 0205217 0442805 0611285 1708698 0442808 0205177 0439167 0441655 1561536
 1524063 0023870 0027552 0686904 0439617 0558347 1527075
 2825232 0043227 0337797 1521721 0001829 0016327 0439133 1553038 0016617
 0010186 0220812 0449719 1709471 0220808 0680264 0007961
 1706852 0522501 1706089 0949214
 0205155 1293097 1522472 1552923 1705191
 0282413 2827734 2981698 0376649 1442065 0004950
 0254343 0796520 3272379

 0085205 1549619 1880669
 0013849 1705961 0024492 1538057 1547565 1412573 2350443 3539770 0740116 2827735 2981700 0000723 1273517 0597162 0597162 0010851 1709450
 0244989 0206354 0017932 0017911 0031727 0132555 0244989 0206354 0017932 0017911 0031727 0132555
 0002716 0011560 0030956 0611285
 0085151 3538722 1456454 0033665 0002716 0011560 0033684 0611285 1709634 0085151 3538722 1456454 0033665 0002716 0011560 0033684 0611285 1709634
 0085151 3538722 1456454 0033665 0002716 0011560 0033684 0611285 1709634 1749467 1948047
 1412727 0085151 3538722 1456454 0033665 0002716 0011560 0033684 0611285 1709634 0014442
 1707271 0205088 0332255 1705314 1705315 1708096 1707271 0033621 1168438 1335533 1418943 3540567 0205088 0332255 1705314 1705315 1708096 0010813 0596311 1330957
 0634829 0369718 0441922 1553036 2348935 0014898 0754515 1367342 1705316
 0647210 0439086 2827736 2981702 0740116 2827735 2981700 0006222
 0018555 0008120 0018557 0029939 0152035 0227898 1278992
 0014441 0014441 2717977 0005507 0014442 0021075 0243073 1510438 1517892 1704666
 0053809 0041175 0077281 0556985 0814229 2247301 3540495 0740116 2827735 2981700 0740116 2827735 2981700 0033434 0017945
 0597717 0597717 0014274 0016315 0040671 0231881 0424589 0459800 0542479 0684213 1442080 1705822
 2986676
 0439394 1706495 3642217
 1999230 0634829
 0369773 2603361
 0003241 0021027 2347469
 0369637 0441923

 1514811 1706462 0557061 2584313 1514811 1706462 0033727 0369286 0441932 0564385


 0025141
 0369773 2603361




 0025141


 3642273
 0025141 0021966 0221138 0597277 1708601 0330603
 0369637 0441923
 0033727 0369286 0441932 0564385
 0369637 0441923


 0201682

 0369773 2603361
 0369773 2603361
 2347469
 0033727 0369286 0441932 0564385


 0025141
 0033727 0369286 0441932 0564385

 0369773 2603361
 0205090 0684010 2603358 2347469
 0033727 0369286 0441932 0564385


 0025141 2347469
 0205090 0684010 2603358
 0369637 0441923


 0025141
 0369773 2603361 1551730 0597277 1708601
 0205090 0684010 2603358
 0369773 2603361 2347469
 0033727 0369286 0441932 0564385


 0025141
 0033727 0369286 0441932 0564385
 0205090 0684010 2603358 2347469
 0033727 0369286 0441932 0564385
 2347469
 0205090 0684010 2603358 0402830



 0025141 0444649
 0439267 0369718 0441922 1553036
 0439267 2347469
 0439394 1706495 3642217 0597277 1708601
 1418943

 0268596 2700624
 3642273

 2603362

 0033727 0369286 0441932 0564385
 0439267
 0444649
 0597277 1708601
 0033727 0369286 0441932 0564385 0439267 0597277 1708601 0442532 2347469
 0349590 1262865 0025141
 0369718 0441922 1553036


 0025141
 0369718 0441922 1553036
 2347961

 0025141 0205090 0684010 2603358 2347469

 0332319 0369773 2603361
 2347469 0331968 2699100 0369773 2603361 0205090 0684010 2603358 0337841 0325045 1688274 0369637 0441923

 2603360
 0016327 0439133 1553038 3463939 0439267 0759909 1135895 0369637 0441923
 0036397 2347469
 0027882 0025141
 2603360 2347469 0033727 0369286 0441932 0564385


 0439084 0728893 0025141 0205090 0684010 2603358 1551090 0205090 0684010 2603358 1553033 0016327 0439133 1553038
 1418943

 0268596 2700624
 3642273

 2603362


 0439267


 2347469
 0033727 0369286 0441932 0564385


 0025141 0597277 1708601 0597277 1708601 3272348 2603360 0369773 2603361
 1553033 0998924 2603360


 0025141

 0597277 1708601
 0016327 0439133 1553038
 0402830



 0025141 0557775 1511780 0205090 0684010 2603358 0439114 0033727 0369286 0441932 0564385


 0201682
 0439394 1706495 3642217
 0205090 0684010 2603358


 0025141
 0205090 0684010 2603358 0016327 0439133 1553038


 0025141 0999213
 0369773 2603361

 0369637 0441923


 0201682

 0205090 0684010 2603358 0369637 0441923
 2603360
 0369773 2603361 1208001 2347469
 0033727 0369286 0441932 0564385

 0033872 0033873 0025141 0038817 0376223 0439114 0562547 3160718
 0033727 0369286 0441932 0564385


 0025141


 0369773 2603361
 2603362
 0349590 1262865 0025141 1705534 3495095 2347469 1431628 0016633 0369718 0441922 1553036 0369773 2603361 0597277 1708601 0016327 0439133 1553038 2348274 2347469
 0005477 0025141 1705534 0016327 0439133 1553038 3495095 2347469 2348274 2347469


 2347379

 0025141 0033727 0369286 0441932 0564385
 0016327 0439133 1553038
 0369773 2603361 0999213 0439394 1706495 3642217
 0242823
 0369773 2603361 0227136 0439394 1706495 3642217
 2603362
 2347469 2347469
 0597277 1708601
 0043217 0597277 1708601
 2603362

 0439394 1706495 3642217
 0033727 0369286 0441932 0564385 0021966 0221138
 0205090 0684010 2603358
 0439394 1706495 3642217
 0597277 1708601
 0369773 2603361 0597277 1708601
 0369773 2603361
 0439267

 0330603
 1431628 2945617 2945618
 2603360
 2347469 0369773 2603361
 0439394 1706495 3642217
 0491941 0369637 0441923
 0033727 0369286 0441932 0564385 0439394 1706495 3642217
 2603360



 0597277 1708601
 0597277 1708601
 2347469
 0369773 2603361

 3495095
 0023882 0700321 2700395 2603362
 0369773 2603361 2603360
 0402830 0016327 0439133 1553038
 2348274 2347469
 0402671 2244327
 2347469

 0597277 1708601 1705534 0439394 1706495 3642217

 2945618 2603360



 0025141
 0369773 2603361
 0369773 2603361 1332417 0369637 0441923
 2603360
 2347469
 0033727 0369286 0441932 0564385


 0025141 0205090 0684010 2603358
 0016327 0439133 1553038 0439394 1706495 3642217
 0369718 0441922 1553036


 2347379

 0025141
 0016327 0439133 1553038 0337799 1553033 0205090 0684010 2603358
 0369773 2603361 0439394 1706495 3642217 0439394 1706495 3642217
 0369718 0441922 1553036


 0201682
 0402217 0439267



 2347379
 0025141 0369773 2603361 0033727 0369286 0441932 0564385
 1553033 1707433 0369637 0441923
 0033727 0369286 0441932 0564385
 0597277 1708601 0439394 1706495 3642217

 0369773 2603361 0427896 0444626 1533132 1704641 0205090 0684010 2603358
 0439267
 1418943

 0268596 2700624
 3642273

 2603362

 0439394 1706495 3642217
 0021966 0221138 0369773 2603361

 1315013

 0439083 0439087 0025141 0369637 0441923
 0369773 2603361
 2828360
 2603362

 0369718 0441922 1553036
 0439114
 0439267
 0369773 2603361

 0599997 0678579 0369637 0441923
 1305702 1547134 2355574 0205090 0684010 2603358
 0554249
 0439267 0597277 1708601

 1551377 1555310 1706054

 0201682

 0025141 0369773 2603361
 0369718 0441922 1553036
 0030956
 0450348
 0439267
 0005477 0025141 0439267


 0205090 0684010 2603358

 0369773 2603361


 2347379

 0025141 2603360 0016327 0439133 1553038 0597277 1708601 0597277 1708601
 1418943

 0268596 2700624
 3642273

 2603362

 0016327 0439133 1553038 2347469 0033727 0369286 0441932 0564385 0369773 2603361
 0011198 0017480 3541240


 0020789 0063555 2275731 0369718 0441922 1553036 2603360 0205090 0684010 2603358 0033727 0369286 0441932 0564385 0205090 0684010 2603358 0444649
 0439394 1706495 3642217 0597277 1708601


 0201682
 0369773 2603361 2347469
 0369718 0441922 1553036


 0201682
 0369773 2603361 0369773 2603361 0369773 2603361



 2347379

 0025141 0439267
 0369637 0441923
 0439267


 0000857 0600678 1552863 0759909 1135895
 2347469

 0027882 0025141 1527021 1554111 1705606 3541382 0333052 0441061 0179636 1824528 0239110 1706852 0239110 1705565 1947976 0687676 1704687 0557854 0013849 1705961 1706852 0282420 1706852 1138432 0239110 0162443 0205314 0033213 1706387 1706852
 1706852
 1706852
 1706852
 0039224 1706073 1706074 0162443 1521991 0162443 0026376 0005532 0009993 0013621 0013622 0013658 0037455 0039401 0596070 1521991 1552856 0005477 0026376 0005532 1521991