 0205177 0439167 0441655 1561536 0449265 0027746 0301630 0441610 0039798 0087111 1522326 1533734 1705169 3538994 0002395 1521724 0012634 0027910 0030664 0205469 0677042 0006754 0041740 3146274 1826357 0036375 1555265 0006754 3146274 0021622 1272753 0587475 1704729 0006754 0041740 3146274 0036152 1826357 0006754 3146274 0034036 0034037 1514756 1704324 0348078 0376315 1515981 1522492 1527075
 0557061 2584313 1514811 1706462 0002716 0011560 0030956 0611285 1883351 0032214 0600138 0035820 1705810
 0030685 0391871 0439180 0680255 1283071 1963578 0597304 0014442 1412727
 0474395 0443158 0205177 0439167 0441655 1561536 0025936 0003069 0025914 0025929 0026809 0085151 3538722 0033665 0597304 1456454 0002716 0010813 0011560 0033684 0392747 0596311 0611285 1274040 1330957 1546471 1709634 2825142 1880177 0027746
 1273517 0086860 0441889 0027882 0025936 0003069 0025914 0025929 0026809
 0025914 0025929 0026809 1707455 0025936 0003069 0025914 0025929 0026809 0919677 0428479 0441889 0428479 0441889
 0243148 1550141 1882979 2587213 3274648 0025914 0025929 0026809 0025914 0025929 0026809 0025914 0025929 0026809 1547282 0027746 0011164 1880269 0175173 0019564 0949582 1029104 1284077 0243125 0699900
 0521654 2987487 0205082 0025914 0025929 0026809 0025914 0025929 0026809
 1274040 1546471 2825142 0683317 0441889 0205410 0449265 0027746 1515655
 1704259 1705987 1518422 0033268 0086418 0205217 0442805 0725813
 3463820 1412727 0028778 0332206 1533157 1706084 2828370 0851827 1701901 3244310 0441712
 0557061 2584313 1514811 1706462 0441712 0027746 0332152 1522538 1863051 0002395 1521724 1425076 0012634 0205197 1518422 0162340
 0205132 1705535 1515926 0085151 3538722 1456454 0033665 0002716 0011560 0033684 0611285 1709634 0002716 0011560 0030956 0332152 0611285 1522538 0032214 0600138 0035820 1705810
 1514468 0085151 3538722 0033665 1456454 0002716 0011560 0033684 0611285 1441547 1709634 3245521 0010813 0596311 1330957 1272688 1280477 0332185 1881534 0014442 0014445 1314939
 0597304 0010813 0596311 1330957 0171484 0004461 0036536 0036537 0205088 0549177 1274040 1546471 1705314 1705315 2825142
 1704259 1705987 0171484 0205088 0332255 1705314 1705315 1708096 0025255 0332297 0596901 1145667 1167622 1689898 1706182 2349209
 0332255 0486805 1517331 1883708 0171484 0205242 0333853 0332294 0030956 0033268 0678226
 0085151 3538722 1456454 0033665 0002716 0011560 0033684 0611285 1709634 0014442 1412727 0171484 0205177 0439167 0441655 1551359 1561536 2741673 2981730 0006104 1269537 2827734 2981698
 1412727 2717969 0030946 1947941
 0010813 0596311 1330957 0014442 1707271 0205088 0205145 1515974 1705314 1705315 1709305 2745955 2825164 0332294 0004461 0033684 0079411 0205286 0678226 3146294 0439659 0061472 0220839
 0332120 1705535 0543483 0699748 0184517 1515926
 0678951 0032529 1882417 0684224 0700287 3496591 1883351 1281905 0035647 0002395 1521724
 1707455 0243148 1550141 1882979 2587213 3274648 0597879 0333463 2936349 0002716 0011560 0205217 0442805 0611285 0006104
 0441889 0002395 1521724 0006111 0006104 0012634 0205250 1269537 3163633 0085151 3538722 0033621 0033665 1168438 1418943 1707271 3540567 0919677 1456454 0002716 0011560 0033684 0205088 0332255 0441889 0486805 0611285 1705314 1705315 1707520 1709634 0428479 1335533 1515981
 0035820 1705810 1292732 1515655 1327340 0597299 0025519 0025520 0086418 0086418 1412727 0003069 0025936 0003069 0025914 0025929 0026809
 0947630 1547282 0185117 0441889 1519606 3161035 1707271 0079411 0205088 0205217 0332255 0442805 0486805 1274040 1546471 1705314 1705315 2825142 3146294 0868928 1533148 0011560 0332281 1705760 0002716 0333562 0611285 2349975
 0947630 0521093 0750484 0085151 3538722 1456454 0033665 0002716 0011560 0033684 0611285 1709634 1709694 1515655
 0439849 1705630 1706279 3540605 0033666 1709694 0085151 3538722 1456454 0027746 1883351 0443211 1272684
 1883351 0376649 1442065 0033213 1706387 1273517 0086860 0205171 0439044 0679994 0205195 1947911
 0683317 0441889 0205217 0442805 1518422 0027746
 0557061 2584313 1514811 1706462 0079411 3146294 0025936 0003069 0025914 0025929 0026809 0006556 1547699 2700640 1883559 0035380 0032520 0040649 0677874 1555029 0035696 1552738 0450348
 0006556 0332257 1552866 2700399 0079160 0004793 0162326 0162327 0376298 1519249 0175754 0282160 3541413 0444930 2746065 1883351 2349975 0185117
 0006556 0015295 0441587 0185117 0450240 1706210 0031831 0033727 0369286 0441932 0557775 0564385 1511780 1707664 1999230 2348314 3540849 0331935 0331818 0331779 0039021 1998793 0920487 0007634 0013935 0205447 1269647 1704653 1948049
 1450009 0025936 0025914 0025929 0026809 0200931 3272453 0200898 0002778 0012854 0017428 0032520 0205396 0677874 0887950 0936012 1524024 1550043 1551388 0005558 0039259 0185115 3541890
 0025936 0003069 0025914 0025929 0026809 0019425 0025914 0025929 0026809 3146294 0205132 0003069 0205132 1550648 1552960 1552738 0450348
 0205132 1550648 1552960 0441889 0332294 0011389 0220781 0332461 0333463 0439634 0678226 1522492 1442461 0439231 0001779
 0003069 0205132 0025936 0003069 0019425 0025914 0025929 0026809 1314677 1554182
 0025936 0003069 0025914 0025929 0026809 0557651 0936012 2603343 0019425 1273517
 0001779 0025914 0025929 0026809 0008161 0016382 1696091 1549542 0036082
 0006104 0040300 0849355 0006104 0332849
 0031603 0031701 1601799 0006353 0070066 2678549 1882074 0020283 0450407 0450408 0450409 0086418 0002778 0936012 1524024
 0016701 0677542 1698986 1514534 0002778 0936012 1524024
 0034760 0185115 0814229 3541890 0683939 0205099 1882516 0016701 0220853 0677542 1273723 0006104 1269537 0017446 0205147 0175173 0019564 0949582 1029104 1284077 0006353 1698986 0035168 0242481
 0035668 1553157 0599442 0005507 0020202 0035542 0037633 0243073 0525069 0936012 1300517 1510438 1545588 1552738
 0370003 2347026 0050587 0086972 0443299 0687118 0006007 0041175 0077281 0814229 0017243 0017243 0332157 0086296 1561571 1561572
 0035696 0441889 0034754 0182400 0205369 1552740 1704681 2347609 3536729 0035668 0205202 0423896 0456205 0743559 1708715 1710082
 1273517 1883351 0035696 0028630 1708200 1510755 0237753 0449788 1706078 0028630 1510755 0598211
 1412727 1510755 0598211
 1510755 0015295 0237753 0449788 0450388 1421539 1706078
 0001271 1510755 0598211
 0949466 0005863 0002778 0936012 1524024 1705493 1335533 0033621 1168438 1418943 1707271 3540567 0205088 0332255 0486805 1705314 1705315 1148554 0025663 0449851 0871511 0016733 1708715 0060916 0086376 0439267 0071500 0017243 0071499 0086972 0443299 0687118 0600190
 0312586 1979003 0003241 0004461 0021027 0034493 1708632
 2827734 2981698 2827734 2981698 0359168 0003250 0443737 0700271 1317659 1445860 0003241 0021027 0746619
 1555271
 2827734 2981698 2827734 2981698 0359168 0003250 0003241 0021027 0746619

 2827734 2981698 0312586 1979003 0003241 0021027 1412189


 2827734 2981698 0359168 0003250 0003241 0021027 0746619
 1417599 1538038
 2827734 2981698 2827734 2981698 0332283 0025914 0025929 0026809 1624602
 0038164 0033684 1439852 0331834 1135440 1254351 0332157 0596957 1551491 0027971 0220908 1305399 1705053 1439852 1553037 1705493 1710082 1710236 0332157 1883351 0086296 1561571 1561572
 1522508 0003241 0039224 0205447 1552738 1706073 1706074
 1883351 0205419 0243148 1550141 1882979 2587213 3274648 1708715 1321564 0359168 0003250 0003241 0004461 0021027 0025914 0025929 0026809 0746619 1439852 0001271
 2827734 2981698
 0871362 0522510 1710082 0037585 0596957
 0449911 0039224 1706073 1706074 0557702 1272706 1704674 0557702 1272706 1704674 0003241 0085151 3538722 1456454 0033665 0002716 0011560 0033684 0611285 1709634 0870883 2698672 0085151 3538722 1456454 0949466 0005863 0869040 1524063 0002778 0557651 0936012 1273517 1524024 1524062 1705493 2603343 0205250 0884358 0012634 0348080 1705253 1552738 0392747 1554963
 0040300 0016576 0885348 0001128 0202406 0086045 1446561 0456693 1442458 0702093 0179834 0439267
 1550101 1516695 1516698 0205250 1273517 1704732 0949466 0005863 0002778 0936012 1524024 1705493
 0439269 1960952 2346927 0333463 0439267 0333463 0555903 1261360 0033684 0439175 0439810 0005507 0085672 0243073 1510438 1553035 1708639 1708715 0071500 0017243 0071499 1382104 0332256 2700400 0041942 0000983 0000985 0001128 0202406 0981805 0003103 0007441 0006353
 0017243 1382104 1883708 0205451 0702093 0041175 0006353 0001963 2678549 0020283 0450407 0450408 0450409 1179949 0004461 0025255 0348011 0596901 0600190 1706182 0456389 1325742
 0025255 0596901 1706182 0991865 0006353 0031603 0031701 0036082 1601799 0242301 1546559 0702093 0026131 0028778 0332206 0349374 0444318 2825079 2983591 0041175 0006353 0036082 0077281 0814229 0041415 0265246 1532188 2603360 1439852 0439583 0003242 0432616 0003241 0021027 0439526
 0025255 1883708 1548982 0040223 1632851 0036774 0036773 0728877 0001924 0007452 0229671 1140701 1546774 1550100 0063351 0019941 0003242 0051979 2754943 0003241 0021027 0025914 0025929 0026809 0027021 0027627 0031179 0175668 0205436 0330510 0939835 1110641 1318719 1439852 0086418 2348236 0005903 0039476 1547703
 0025255 1548982 0040223 1632851 1511790 0206243 0699809 0439787 0849355 1553037 1705493 1710082 1710236
 0030956 1266240 1826357 0035953 0038137 0175675 0600140 1704688 2346414
 0449911 0333052 2607870 0557702 1272706 1704674 0557702 1272706 1704674
 0185117 0243148 1550141 1882979 2587213 3274648
 0440746 0025936 0003069 0025914 0025929 0026809 0205132 0439231 0439507 0580836 1301820 0740116 2827735 2981700 0243148 1550141 1882979 2587213 3274648 0086418
 1412573 2350443 3539770 0086418 0086418 0025914 0025929 0026809 0025914 0025929 0026809 0035696 0005507 0035542 0243073 1510438 1545588
 2986957
 1708639 0332256 2700400 0370003 2347026 0086418
 2347469 0035696 0441889 0001271 2347469 0001271 0456603 1610540 0743559
 1710082 1552738
 0073187 0428479 0441889 0016733 0007776 0205123 1176472 2700441 0949466 0005863 0002778 0936012 1524024 1705493
 0005863 0949466 1705493 0004083 0439849 0596306 0699792 1264633 1554103
 1708639 0332256 2700400 0370003 2347026
 0175723 0037585
 0016327 0439133 1553038 0205177 0439167 0441655 1561536 0597717 0014274 0004461 0016315 0030956 0040671 0231881 0332575 0424589 0459800 0542479 0684213 1260956 1442080 1705822 1710236 0596988 1527178 1705938
 0005507 0243073 1510438 1518422 0020115 0086418 0205615 0441655 1412727
 0441889 1704788 3539106
 0031753 0021067 0487602 1704680 0016733 0007776 0205123 1176472 2700441 1513853 0025936 0025914 0025929 0026809 0439267 0025936 0003069 0025914 0025929 0026809 0011744 0033727 0369286 0441932 0564385 0021966 0221138 2827734 2981698
 0025914 0025929 0026809
 0205132 0740116 2827735 2981700 0022885 0039593 0331847 0392366
 0243148 1550141 1882979 2587213 3274648 0022885 0039593 0392366
 1514534 0002778 0936012 1524024 1327340 0030956 0014441 2717977 0014442 0021075 0005507 0243073 1510438 1517892 1704666 1552738
 0014441 0442726 0014441 0442726 0348078 0376315
 0002778 0936012 1524024 1335533 0033621 1168438 1418943 1707271 3540567 0205088 0332255 0486805 1705314 1705315 0025663 0449851 0871511 0936012 0427716 1304757 0086045 1446561 1979839 0060916 0086376 0033684 0439267 1708639 1708715 1708639 0025914 0025929 0026809 0071500 0017243 0071499 0600190 0003241 1335533 0033621 1168438 1418943 1707271 3540567 0205088 0332255 0486805 1705314 1705315 1412189
 2827734 2981698 2827734 2981698 0085151 3538722 1456454 0033665 0002716 0011560 0033684 0611285 1709634 0037083 3537152
 2827734 2981698 2827734 2981698 0041348 2937342 0243148 1550141 1882979 2587213 3274648
 2827734 2981698
 1883351 0220825 1280500 1704259 1705987 0949466 0003241 0025250 1366499 0025914 0025929 0026809 0746619

 2827734 2981698 0021669 1415875 0014442 0021641 1533581 1579433 0021669 1415875 0014442 0021641 1533581 1579433 0034493
 1826357
 2827734 2981698 2827734 2981698 0034493
 0005574
 2827734 2981698 2827734 2981698
 0556570 0002778 0936012 1524024 2937289 0043193 0042153 0457083 1947944 0030956 0597717 0085151 3538722 0033665 1456454 1564139 0002716 0011560 0033684 0596988 0611285 1441547 1709634 1710263 3245521 0004793 0162326 0162327 1519249 1552738
 1521713 0006104 1269537 1412727 1439852 1710236 0086045 1446561 0034760
 1883708 1947925 2746065 0006353 0142785 0000975 0037473 0597484 1524062 1710082 0312860
 0009932 0243148 0681814 1550141 1882979 2587213 3274648 0884358 0205134 3146294 1524063 1412727 1442989 2828392 1999216 0812225 1150635 1705212 1705213 1999230 3273202
 1883351 0521093 0750484 1456348 0683317 0441889 1550101 0041175 0077281 0814229 0205177 0439167 0441655 1412727 1561536 0005507 0243073 1510438 1710236 2936473 0004627 1658972 0242210 3546791 0024658 0033684 0243122 1145667 1167622 0085151 3538722 1707271 1874187 0002520 0033665 0033621 1168438 1418943 1456454 3540567 0001128 0002716 0011560 0033684 0205088 0611285 0699952 1705314 1705315 1709634 2936473 1552738
 0005507 0243073 1510438 0206243 0699809 0142785 0000975 0037473 0439787 0597484 0849355 2678549 0020283 0450407 0450408 0450409 0146951 0133689 0242759
 0439962 1720119 1948037 2827734 2981698 0439084 0728893 1439852 0086418 0439962 1883708 0205170 1708715 3146287 0005971 1139930 3537155 0312586 0003241 0004461 0021027 1522408 0442818 2936473 0242210 3546791 0024658 0033684 0243122 1145667 1167622
 1514468 0442726 1511790 1524063 0004461 1273517 1442989 2828392 0205177 0439167 0441655 1561536 0005507 0243073 1510438
 0449911 0333052 2607870 0557702 1272706 1704674 0557702 1272706 1704674
 0547047 0085151 3538722 0033621 0033665 1168438 1418943 1707271 3540567 1456454 1168113 1335533 0002716 0011560 0033684 0205088 0332255 0442805 0486805 0611285 1705314 1705315 1709634 0025936 0003069 0025914 0025929 0026809
 0025936 0003069 0025914 0025929 0026809 0086972 0443299 0687118 1383501 1264633 0005863 0003241 0085151 3538722 1456454 0033665 0002716 0011560 0033684 0611285 1709634 0025914 0025929 0026809 0746619 1335533 0033621 1168438 1418943 1707271 3540567 0205088 0332255 0486805 1705314 1705315 1412189 0034493 0001271 0025914 0025929 0026809 0746619 3244092 0185117 0441889
 0005863 0949466 1705493 0003069 0205132
 1708639 0332256 2700400 0370003 2347026
 2347469 1709793 0521390 0017431
 3538902 3541881 0002778 0936012 1524024 0332575 1260956 1335533 0033621 1168438 1418943 1707271 3540567 0205088 0332255 0486805 1705314 1705315 0332583 0016733 0007776 0205123 1176472 2700441 0003069 1518422 0003069 0025914 0025929 0026809
 0025914 0025929 0026809
 0243148 1550141 1882979 2587213 3274648 0022885 0039593 0392366
 0444454 1554204 0043047 0599638 1550678 0681814 0206243 0699809 2718082 0023693 0439787 0849355 1306462 1511572 1881376
 1517586 1709707 0015780 0086287
 0022885 0039593 0392366 0206243 0699809 0439787 0849355 1552738
 0337051 1509144 2349200 0029053 0043047 0599638 1261286 1550678 1708059 1882150 0025914 0025929 0026809 0205435 1279901 0336809 1552514 1883351 1710360 0439228 0004461 1710360 0439228 0702093
 0025914 0025929 0026809 0231175 1883351 0243095 1710360 0442504 1704765 1882509 3496241
 0450429 1515974 1273517 0025914 0025929 0026809
 1552961 2347617 0025914 0025929 0026809 0043047 0599638 1550678 0442504 1704765 1882509 3496241 0392747 0443172 0205448 1523987 1705654 1552961 2347617 0004461 0012751 2348205 1710360
 0332173 0439228 0439505 0008976 0884358 1883351 0332196 2828389 1705241 1705242 0015672
 0040223 3541383 2584321 1710360 0205275 0919386 1444754 1705483 1706316 0678536 0004461 0042655 0348000 0449913 0546881 1553451 1704459 3463807 0034869 0348000 1826357 0036849 1442518 1705195 1883351
 0205155 1293097 1522472 1552923 1705191 0025914 0025929 0026809 0440746 1439852 0439583 0003241
 2827734 2981698

 2827734 2981698 0205447
 0243122 1145667 1167622 0022877 0086022 0442335 0442726 0812225 1150635 1511790 1619828 1705099 1705212 1705213 3273202 0020281
 0947630 0884358 1552738
 0205155 1293097 1522472 1552923 1705191 1439852 0439583 2827734 2981698 0332575 0439851 1260956 1517480 1521871 1705759 1710082 1947931 0449913 1553451 1704459 0005526 0036397 0376558
 2827734 2981698
 0205155 1293097 1522472 1552923 1705191 1883708 1439852 0003241 0021027 0439583 1335533 0033621 1168438 1418943 1707271 3540567 0205088 0332255 0486805 1705314 1705315 1412189
 2827734 2981698 0332283 0018019 1265549 1510458 0034493 0086022 0442335 1705099
 2827734 2981698 0242841 1540289 2698590
 0205155 1293097 1522472 1552923 1705191 1439852 0439583 0359168 0003250 0003241 0746619 0024773 1417006 0026045 3547162 0026046 0033684 0332281 1417006 1424480

 2827734 2981698 0004716
 2827734 2981698 0017626 1325793 1415042 0001128 0027836 0033684 0017626 1415042

 2827734 2981698 1552738
 0243122 1145667 1167622 0086022 0442335 0442726 0812225 1150635 1511790 1705099 1705212 1705213 3273202 0020281 2754943 0003241 0027627 0085216 0175668 0205436 0522529 0086022 0442335 1705099
 2827734 2981698
 0205155 1293097 1522472 1552923 1705191 0491970 0023693 0181839 0332128 1306462 1706379 1881376
 0205155 1293097 1522472 1552923 1705191 0242842 0026018 0936012
 0002778 0936012 1524024 0028778 0175173 0332206 1533157 1706084 2828370 0019564 0949582 1029104 1284077 0017814 0029385 0029383 0014631 1707903
 0028778 0332206 1533157 0205155 1293097 1522472 1552923 1705191 0017480 0181845 0004461 0013852 0181839 0936012 1706379 3463986 0017480 0450355
 0206243 0699809 0444499 0439787 0849355 1709697 2728259 3484370 0027964 0028407 0067895
 1705241 1705242 0022885 0038492 0039593 0392366 1516048 1551041 1552573 1709320 0205447 0332283 0022885 0392366 1444656
 2936637 0205134 0871881 0079809 0205341 0936012 1879489
 0456148 1512571 0441889 0456079 1547707 1548437 2946261
 0449911 0333052 2607870 0557702 1272706 1704674 0557702 1272706 1704674
 0547047 0085151 3538722 0033621 0033665 1168438 1418943 1707271 3540567 1456454 1168113 1335533 0002716 0011560 0033684 0205088 0332255 0442805 0486805 0611285 1705314 1705315 1709634 0025936 0003069 0025914 0025929 0026809
 0025936 0025914 0025929 0026809 0086972 0443299 0687118 1383501 1264633 0005863 0003241 0085151 3538722 1456454 0033665 0002716 0011560 0033684 0611285 1709634 0025914 0025929 0026809 0746619 1335533 0033621 1168438 1418943 1707271 3540567 0205088 0332255 0486805 1705314 1705315 1412189 0034493 0001271 0025914 0025929 0026809 0746619 3244092 0185117 0441889
 0005863 0949466 1705493 0025936 0003069 0025914 0025929 0026809 0243148 1550141 1882979 2587213 3274648
 2347469 1709793 0521390 0441833 0687744 1257890 1552516 1705428 1705429
 3538902 3541881 0002778 0936012 1524024 0332575 1260956 0332583 0016733 0007776 0205123 1176472 2700441 0003069 0003069 0025914 0025929 0026809
 0025914 0025929 0026809
 0243148 1550141 1882979 2587213 3274648 0022885 0039593 0392366
 0025936 0003069 0025914 0025929 0026809 0022885 0039593 0331847 0392366
 0557061 2584313 1514811 1706462 0185117 0006104 0021485 1272883 1533685 1828121 0003069 0205132 0205449 0002778 0936012 1517331 1524024 0035696 0441889 1527178 1705938 0005507 0035542 0243073 1510438 1545588
 0035696 0441889 0332462 1880834 0205250 1299351 2700149 0016733 0007776 0205123 1176472 2700441 0086418 0002395 1521724 0012634 0441889 0442726 1511790 0150312 0205132 0332285 1550648 1552960 0349966 1337208 2347469
 0205132 0441889 0205216 0392756 0442797 0003069 1518422 1707455 0243148 1550141 1882979 2587213 3274648
 0332290 0428479 0033684 0441889 0349966 1337208 0073187 0205177 0439167 0441655 1561536 0597879 0349966 1337208 0205132 1550648 1552960 0205250 1299351 2700149 0205132
 0205132 0441889 0027882 1441672 0934502 0175173 0349966 1337208
 0175202 0019564 0220781 0439634 1522492 0597879 0206441 1268228 0007634 0017446 0205147 0442726 1511790 3282337 0152314 1281026 0007600 0007634 0010837 0205132 0993609 1515981 1550648 1552960 3282337 0027882 1515981 1538426 0010837 0205132 1518422 1547282
 0597879 0442726 0815275 1511790 0007610 0007765 1268981 1707522 1518422 1547282
 0006104 0243148 1550141 1882979 2587213 3274648 0597879 0443640 0003241 0021027 0205369 0442726 1511790 1552740 0349966 1337208 0073187 0439267
 0919677 0441889 0428479 3244092 0428479 0441889 1444754 1706316 0085151 3538722 1456454 0033665 0002716 0011560 0033684 0611285 1709634 0949466 0006104 0442726 1269537 1511790 1705493 0175723 0439645 1521913
 0003069 1518422 1707455 0243148 1550141 1882979 2587213 3274648 0025936 0003069 0025914 0025929 0026809 0428479 0441889 2347469
 0392756 0547047 0205393 0175723 0205448 0522501 1282910 1706089
 1979874 0919677 0428479 0441889 0332462 1880834 0205250 1299351 2700149 0243148 1550141 1882979 2587213 3274648 0949466 0005863 0002778 0936012 1524024 1705493 0003241 0021027 0085151 3538722 0033665 1335533 1456454 0002716 0011560 0033684 0332255 0486805 0611285 1708096 1709634 0349966 1337208 1553033 0332255 1708096
 0002778 0936012 1524024 0521093 0750484 0205250 1299351 2700149 0243148 1550141 1882979 2587213 3274648 0349966 1337208 3538902 3541881
 0027882 0870432 3244092 0441889 1547282 0428479 0441889 0349966 1337208 3539617
 1517331 1883351 1280500 1709694 0025936 0003069 0025914 0025929 0026809 0205132 1550648 1552960 0450348 0205132 1550648 1552960 0025936 0003069 0025914 0025929 0026809 0005863 0949466 0936012 1705493
 0025936 0025914 0025929 0026809 1547282 0442805 0003069 1518422 1707455 0243148 1550141 1882979 2587213 3274648 0349966 1337208 1412573 2350443 3539770
 0025914 0025929 0026809 1707455 0025914 0025929 0026809 0428479 0441889 0919677 0428479 0441889 0349966 1337208 1412573 2350443 3539770
 0597879 0033621 1168438 1418943 1707271 3540567 1335533 0205088 0332255 0486805 1705314 1705315 0027882 0445247 0349966 1337208 3539617 0332290 0442805 0010813 0205217 0442805 0596311 1330957 1274040 1546471 2825142
 1883351 1292732 1327340 0597299 0025519 0025520 0025914 0025929 0026809 1335533 0033621 1168438 1418943 1707271 3540567 0205088 0332255 0486805 1705314 1705315 0020985 0002778 0442726 0936012 1511790 1524024 0036679 0237868 1881713 0071500 0017243 0071499
 0002778 0936012 1524024 0443289 0442805 0025914 0025929 0026809 1882932 0085151 3538722 0033665 0597304 1456454 0002716 0010813 0011560 0033684 0596311 0611285 1274040 1330957 1546471 1709634 2825142 0205145 1515974 2825164 0450373 1553636
 0010813 0596311 1330957 0033268 1274040 1546471 2825142 0010813 0596311 1330957 0033268 1274040 1546471 2825142
 0025914 0025929 0026809 0441889 1705920
 0441889 0450375 0450376 0441994 1548802 2003888 0025936 0003069 0025914 0025929 0026809
 0014441 2717977 0014442 0021075 0005507 0243073 1510438 1517892 1704666 1273517 1883351 1301820 1706701 0242485 0442726 0030956 0332256 2700400 0002520 0001128 0936012 0441889 0442818 0444598 0449719 0549183 1552826 0030956 0002520 0039224 0205447 1706073 1706074
 0185115 0684295 0016576 0885348 0001128 0202406 0332283 1719039 0856880 0001128 0041942 0202406 0205250 1299351 1514893 1704732 1706463 2699488 2700149 0949466 0005863 0002778 0936012 1524024 1705493 0301630 0441610 1705920 0025936 0003069 0025914 0025929 0026809 1707455 0450377 2986754
 0332290 0333463 2936349 0442726 1511790 1510828 0439231 0016733 0007776 0205123 1176472 2700441 1523990 0019564 0949582 1029104 1284077 0025914 0025929 0026809 1518422 0349966 1337208 0016327 0439133 1553038 1511726 3245479 1518422 1547282
 0449911 0333052 2607870 0557702 1272706 1704674 0557702 1272706 1704674
 0392756 0441889 0547047 0333562
 0439086 2827736 2981702 0025936 0003069 0025914 0025929 0026809 0205132 1550648 1552960 0205132 1550648 1552960 0025936 0025914 0025929 0026809 0243148 1550141 1882979 2587213 3274648 0007703 0086972 0443199 0443299 0687118 1705242 1264633 0017243 0077068 0086972 0443299 0687118 0005863 0003241 0021027 1335533 0033621 1168438 1418943 1707271 3540567 0205088 0332255 0486805 1705314 1705315 1412189 0034493
 0005863 0949466 1705493 0025936 0003069 0025914 0025929 0026809
 1883351 0521093 0750484 1456348 0449445 0442726 1705241 1705242 1335533 0033621 1168438 1418943 1707271 3540567 0205088 0332255 0486805 1705314 1705315 0332257 3538986 0370003 2347026 0441889 1883559 0332307 0445392 1547052
 0332290 0597304 0010813 0596311 1330957 0085151 3538722 1456454 1412727 0025914 0025929 0026809 0025914 0025929 0026809
 2347469 0441889 2347469 0025914 0025929 0026809 0521390 0205132 1550648 1552960 0014441
 0073187 1705920 1719039 0856880 0001128 0041942 0202406 0205250 0442726 1299351 1511790 1514893 1704732 1706463 2699488 2700149 0949466 0005863 0002778 0936012 1524024 1705493 1552738
 0033684 0175173 0185115 3541890 1708639 0025914 0025929 0026809
 0016327 0439133 1553038 0333562 0019564 0442726 1511790 0205155 1293097 1522472 1552923 1705191 0003241 0021027
 1442461 0439231 0001779 0025936 0003069 0025914 0025929 0026809 2936349 0333562 0025936 0003069 0025914 0025929 0026809 0016327 0439133 1553038
 0439267 1707455 0021669 1415875 0014442 0021641 1533581 1579433 1235660 0025936 0003069 0025914 0025929 0026809
 0441889 0243148 1273517 1550141 1708715 1882979 2587213 3274648
 0016733 0007776 0025914 0025929 0026809 0205123 0439231 0439507 0580836 1176472 2700441
 0033727 0369286 0441932 0564385 0002778 0392762 0936012 1524024 0021669 1415875 0014442 0021641 1533581 1579433 0185117
 0021966 0221138 1514534 0002778 0936012 1524024 0085151 3538722 1456454 1335533 0033621 1168438 1418943 1707271 3540567 0205088 0332255 0486805 1705314 1705315 0025936 0003069 0025914 0025929 0026809
 0071500 0017243 0071499 0077068 0086972 0443299 0687118 0348011 0600190 0085151 3538722 0033665 1456454 0002716 0011560 0033684 0611285 1709634 0182400 1704681 2347609 3536729 0040005 0003241 0021027
 0002778 0392762 0936012 1524024 1547282 0428479 0441889 0025914 0025929 0026809 0392756
 0025936 0003069 0025914 0025929 0026809 1710574 0022885 0038492 0039593 0392366 1551041 1552573
 0449911 0333052 2607870 0557702 1272706 1704674 0557702 1272706 1704674
 2987487 0025936 0003069 0025914 0025929 0026809
 0439231 0001779 0205132 1550648 1552960 0025914 0025929 0026809 0205132 1550648 1552960 0025914 0025929 0026809 0521390 0441833 0687744 1257890 1552516 1705428 1705429 0025914 0025929 0026809 0004461 0043047 0083355 0599638 0870866 1550678 0336809 1552514 1710360 0439228 1710360 0439228 1710360 0332173 0439228 0439505
 0332173 0439228 0439505 0449432 1705248 0022885 0039593 0392366 1710360 0205379 0205450 0441833 0687744 1257890 1552516 1552839 1705428 1705429 0205275
 1710360 0205262 0441833 0687744 1257890 1552516 1552839 1705428 1705429 1547282 2987487 0003069 1518422 1707455 0243148 1550141 1882979 2587213 3274648 0439228 0439228 0441833 0687744 1257890 1552516 1552839 1705428 1705429 0871881
 1521798 0025914 0025929 0026809 1441672 0871881 0079809 0205341 0233535 1879489 0205134 1705242
 0332173 0439228 0439505 0039593 0392366 0332173 0439228 0439505 0025914 0025929 0026809 0884358 0025914 0025929 0026809 0205169 0205172 0025936 0003069 0025914 0025929 0026809 1709320 0205447
 2607943 2926606 3539655 0332149 1705910 2362652 0441889 1274040 1546471 2825142 0171484 0470187 1710236 0031227 0243127 0443331 0871208 1521828 0014442 0014445 0025250 1366499 0021669 1415875 0014442 0021641 1533581 1579433
 0020985 0002778 0936012 1524024 0025250 1366499 0021669 1415875 0014442 0021641 1533581 1579433 1547282 0014440 1287349 0441889 0025914 0025929 0026809 0025914 0025929 0026809 0025914 0025929 0026809 0243148 1550141 1882979 2587213 3274648 0349966 1337208 0439267 0033727 0369286 0441932 0564385
 1883712 0441889 1710236 0349966 1337208 0439267 0033727 0369286 0441932 0564385
 1274040 1546471 2825142 1705535 0392756 0547047 0025914 0025929 0026809 0441889 0205177 0439167 0441655 1561536 1518422 0205217 0243125 0442805 0699900 1274040 1546471 2825142 0205216 0392756 0442797 0205177 0439167 0441655 1561536
 0547047 0332185 0085151 3538722 0033665 0470187 1456454 0002716 0011560 0033684 0205216 0205286 0392756 0439849 0442797 0445223 0611285 1709634 0085151 3538722 1456454
 0332290 0949466 0005863 0002778 0936012 1524024 1705493 0085151 3538722 1456454 0033665 0002716 0011560 0033684 0040005 0611285 1709634 0443289 0428479 0441889 0441994 1548802 2003888 0025914 0025929 0026809 0349966 1337208 0021966 0221138
 1274040 1546471 2825142 0183683 1521721 0683317 0441889 1159342 1704259 1705987 1550032 1880497 1996907 0206181 1550030 0004461 0004462 0005528 0205088 1317949 1705314 1705315 3495449 1709707 0439855 1704241 1515187 0442504 1704765 1882509 3496241
 0474395 0205177 0439167 0441655 1561536 0449265 2987487 1510828 0439231 0025936 0003069 0025914 0025929 0026809 1547282 2749419 0004093 2678242 0026838
 0031437 1285572 0750489 0037771 0004461 0205402 0221166 0443306 1272688 0439231 0001779
 0025914 0025929 0026809 1547282 0521654 2987487 1510828 0439231 0439231 3553819 0040822 1963252
 0025936 0003069 0025914 0025929 0026809 1261322 1516048 0025936 0003069 0025914 0025929 0026809 1707391 2828360 0025936 0003069 0025914 0025929 0026809 1160858 0002778 0936012 1524024
 0439231 0001779 0025914 0025929 0026809 0025914 0025929 0026809 0025914 0025929 0026809 0043047 0083355 0392366 0599638 0870866 1550678 0582587 0013621 0023185 0025260 0700327 1706377
 0332173 0439228 0439505 0449432 1705248 0022885 0039593 0392366 1710360 0205379 0205450 0441833 0687744 1257890 1552516 1552839 1705428 1705429 0205275 0349966 1337208
 1710360 0205262 0441833 0687744 1257890 1552516 1552839 1705428 1705429 1547282 2987487 0003069 1518422 1707455 0243148 1550141 1882979 2587213 3274648 0349966 1337208
 1521798 0025914 0025929 0026809 1441672 0871881 0079809 0205341 0233535 1879489 0205134 1705242
 0332173 0439228 0439505 0022885 0039593 0392366 0332173 0439228 0439505 2987487 1705242 1709320 1707455 0025936 0003069 0025914 0025929 0026809
 1883351 1516048 0439792 0025914 0025929 0026809 0003241 0884358 0005516 0521390 0205266 0872403 1947912
 0003069 1518422 1707455 0243148 1550141 1882979 2587213 3274648 1553638 0025914 0025929 0026809 0441889 0870432 0332513 0017446 0205147 0019564 0949582 1029104 1284077 1515926 0025914 0025929 0026809 0205397 0205132 0349966 1337208 1522410 1550648 1552960 2347469 1553033
 0003069 1518422 1707455 0243148 1550141 1882979 2587213 3274648 0027882 0332513 0003069 0205132 0205449 1155631 0349966 1337208 0016327 0439133 1553038
 1167624 1947902 2827499 0085103 0003241 0027834 1417006 1424480 0243148 1550141 1882979 2587213 3274648 0004461 0085103 0011305 0439640 1184743 1522240 0025914 0025929 0026809 0205216 0332454 0349966 1337208 0033727 0369286 0441932 0564385 0597277 1708601
 1515926 0205402 0349966 1337208 0021966 0221138 0439394 1706495 3642217 0439792 0547044 0439086 2827736 2981702 1510828 0439231 1518422 1547282
 0439231 0001779 1515926 0332281 0004461 0205332 0751171 1518422 0003069 1441672 1518422 0243148 1550141 1882979 2587213 3274648 0349966 1337208 0369637 0441923 0439114
 0243148 1550141 1882979 2587213 3274648 1521528 1553553 0025914 0025929 0026809 1547282 1178979 0010834 0010840 1521554 1837496 0011164 1880269 0204861
 1517945 1515926 0025936 0003069 0025914 0025929 0026809 0442726 1511790 0025914 0025929 0026809 0025914 0025929 0026809 0010957 1883709 0349966 1337208
 0003069 1518422 1707455 0243148 1550141 1882979 2587213 3274648 1571602 0025914 0025929 0026809 0441889 0016733 0007776 0205123 1176472 2700441 1515926 0205402
 0017446 0205147 0019564 0949582 1029104 1284077 0441833 0687744 1257890 1552516 1552839 1705428 1705429 1547282 1832338 1517945 0205082 0025914 0025929 0026809 0349966 1337208 0016080
 1514811 1706462 0150312 0449450 0557651 2603343 0474395 0205177 0439167 0441655 1561536 0027882 0025936 0003069 0025914 0025929 0026809 0205410 0449265 1515926 0521654 2987487 0027746
 1412727 0079411 1514873 3146294 0683317 0441889 0205216 0392756 0442797 0205217 0442805 0441889 0025936 0003069 0025914 0025929 0026809 1707455 1705535 1518422 1363844 0025936 0003069 0025914 0025929 0026809 0205396 1550043 1551388
 0025914 0025929 0026809 0085151 3538722 1518422 1547282 0205494 2707261 1515926 0025936 0003069 0025914 0025929 0026809 0205132 1441672 0750558 1710571 0392756 0547047 0521390 1551359 2741673 2981730 2987487 0025936 0003069 0025914 0025929 0026809 0205397
 0441712 1706376
 0085151 3538722 0033665 1456454 0002716 0011560 0033684 0611285 1709634 0332255 1708096
 0035168 0205393 0242481 0521116 1705970 0002395 1521724 0012634 0235032 0205234 1280500 1285542 3245505 1335533 0033621 1168438 1418943 1707271 3540567 0205088 0332255 0486805 1705314 1705315 1547282 1883351 1280500
 1707959 0010453 0033414 0162638
 0025936 0003069 0025914 0025929 0026809 1514559 1707271 0205088 0332255 0486805 1705314 1705315 0011164 1880269 0233794 2987487 0206249 2984294 0443252 0205166 0279023 1515273 1705313 1706317 2826302
 0449911 0333052 2607870 0557702 1272706 1704674 0557702 1272706 1704674
 0876934 1540677 1555824 1515926
 0205155 1293097 1522472 1552923 1705191 0056484 0330463 0678580 2986582 0003241 0027834 3539617 1417006 1424480 0017626 1415042 3538743 0026019 2984656 0013852 0026018 1522240 3463986 0279759 0279766 1418864 3538934 3538935
 2347469 1704254 1704922 3542466 0019564 0949582 1029104 1284077 1551058 1515981 1704254 1704922 3542466 0003069 0175173 1518422 1551058 0003069 0205132 1550648 1552960 0025914 0025929 0026809
 2347469 0332513 0011164 1880269 0336721 0017446 0205147 0025936 0003069 0025914 0025929 0026809
 1261322 1516048 0443289 0598940 0025914 0025929 0026809 0205132 0740116 2827735 2981700 0521390 0441833 0687744 1257890 1552516 1705428 1705429
 0073187 0332513 0011164 1880269 0336721 0030560 0230004 3496642 0017446 0205147 0025936 0003069 0025914 0025929 0026809
 0016327 0439133 1553038 1261322 1516048 0175173 0443289 0598940 0025914 0025929 0026809 0205132 1550648 1552960 0521390 0441833 0687744 1257890 1552516 1705428 1705429
 0439267 0033727 0369286 0441932 0564385 1517945 0027834 0443289 0025914 0025929 0026809 0746619 1511327 0026018
 0021966 0221138 1709793 1547282 0392756 0547047 0521390 0441833 0687744 1257890 1552516 1705428 1705429
 0597277 1708601 1515926 0678594
 0439394 1706495 3642217 1261322 1516048 0011305 1417006 1424480 1548223 0175173 0443289 1517945 0521390 0441833 0687744 1257890 1552516 1705428 1705429
 0369637 0441923 0369718 0441922 1553036 0751171 0017626 0443289 1415042 1511327 0026018
 0439114 1709793 0175173 1547282 0442805 0205132 1550648 1552960 0521390 0441833 0687744 1257890 1552516 1705428 1705429
 0369773 2603361 0002778 0936012 1524024 0011305 0439640 0678594 0004461
 1979874 0025936 0003069 0025914 0025929 0026809 1547282 0332513 0233656 0598405 0010840
 0205090 0684010 2603358 0004461 0333456
 1707156 3274014 3541345 0025914 0025929 0026809 2347469 0073187 0439267 0033727 0369286 0441932 0564385 0369637 0441923 0025914 0025929 0026809 0597277 1708601 0025914 0025929 0026809 0369773 2603361 0025914 0025929 0026809 0205090 0684010 2603358
 0243148 1550141 1882979 2587213 3274648 0022885 0039593 0392366
 0449911 0333052 2607870 0557702 1272706 1704674 0557702 1272706 1704674
 1515926
 0205155 1293097 1522472 1552923 1705191 0003241 0021027 1417006 1424480 0025914 0025929 0026809 0746619 1704254 1704922 3542466
 0002395 1521724 0012634 0016733 0007776 0205123 1176472 1551058 2700441 0019564 0949582 1029104 1284077 1551058
 0027882 0011305 0033085 0205170 3146287 0016327 0439133 1553038 0332120 0003069 2347469 0439267 0003069 0025914 0025929 0026809
 1515926 0205082 0073187 0021966 0221138
 1709793 0011305 0439844 1417006 1424480 1999244 0443289 0333668 0003069 0205132
 0025914 0025929 0026809
 0243148 1550141 1882979 2587213 3274648 0022885 0039593 0392366
 0474395 0205177 0439167 0441655 1561536 0442805 1708698 0441889 1335533 0033621 1168438 1418943 1707271 3540567 0205088 0332255 0486805 1705314 1705315 0025914 0025929 0026809 0025914 0025929 0026809 0332290 0439509
 0919677 0428479 0441889 0205132 0025914 0025929 0026809 0205494 0439792 0439849 0445223 2707261 1515926 0919677 0428479 0441889 0150312 0205082 0205132 0221099 0684336 1550648 1552960
 0947630 0439509 1547282 0442805 0392756 0547047 0150312 0449450 0557651 2603343 0150312 0442805 1299394 0043194 0258432 0441889 1421478 0441889 0205216 0392756 0442797
 1705535 0085151 3538722 0033665 0033666 1456454 0002716 0011560 0033684 0611285 1709634 1709694 3161035 1709305 2745955 0010813 0205145 0596311 1330957 1515974 2825164
 0442805 0441889 0205216 0392756 0442797 0025914 0025929 0026809 0392756 0547047 0750489 0441889
 0025936 0003069 0025914 0025929 0026809 1707455 0025914 0025929 0026809 1547282 0441889 0205216 0392756 0442797 1514559
 1158886 0031715 0033666 0392747 0687676 1519614 1554963 1704687 0004462 0005528 1317949 3495449 0392756 0547047 0597304 0010813 0596311 1330957 1185625 1279919 1382196 1709305 2745955
 0441889 0033621 1168438 1418943 1707271 3540567 0205088 0332255 0486805 1705314 1705315 1335533 0332281 0086418 0205216 0392756 0441889 0442797 0014441 0205250 0242485 0392762
 1274040 1546471 2825142 0332290 1274040 1546471 2825142 1301820 3161035 0439509
 1521761 2827422 1551359 2741673 2981730 1705241 1705242 0332257 0017296 0314603 1706907 0936012
 1521761 2827422 1280500 3244092 0441889
 0205251 1299352 1550472 3244092 0441889 2349975 0033268 0333562 3244092 0441889 0392756 0033268 0683317 0441889 0333051 1325816 0450429 1515974 0599444 2752549 0682679 0007634 0242821 0460148 1268086 1269647 1704653 1948049 1159342 1704259 1705987 0085151 3538722 0033665 0332294 1456454 0002716 0004461 0011560 0033684 0205286 0333668 0611285 0678226 1709634 1185625 2986730
 1265611 0004461 0205108 1521840 0079411 3146294
 1518422 1521761 2827422 0027746 0011164 0027882 1274040 1546471 1880269 2825142 0441889 0205177 0439167 0441655 1561536
 0332120 1705535 0040539 0600688 1707271 0010656 0086597 0127400 0205088 0332255 1705314 1705315 1708096 3146294
 0543488 1883351 0022885 0039593 0392366 0309872 0079411 3146294 0309872 1292733 0027746
 0042449 1278960 0185117 0025914 0025929 0026809 0443289 0441712
 0474395 0205177 0439167 0441655 1561536 0032930 1444748 0027746 0085151 3538722 1456454 0033665 0002716 0011560 0033684 0611285 1709634
 1707959 0021135 1533691 2827718 1515655 1412727 0613488 1539865 0021966 0221138 0037039 0163611 0010813 0596311 1330957 1514468 1704444 1327616
 0332185 1547282 1412727 1711351 3494197
 0683317 0441889 1517331 0038592 0178623 0678612 0037791 1511884 1710236 0025936 0003069 0025914 0025929 0026809 0086418
 0947630 0205396 1550043 1551388 0441889 0085151 3538722 0033621 0033665 1168438 1418943 1707271 3540567 1456454 1335533 0002716 0011560 0033684 0205088 0332255 0486805 0611285 1515981 1705314 1705315 1709634 0006104 1705535 0474395 0205177 0439167 0441655 1561536 1314939 0002395 1521724 0012634 0543483 0699748
 0557651 2603343 0183683 1521721 0231448 0439792 0474395 0205177 0439167 0441655 1561536 0015127 1524003 1515926 1515655
 0171484 1518422 0392747 1709694 0392756 0547047 0033268 0442805 3463820 1412727 0028778 0332206 1533157 1706084 2828370 0851827 1701901 3244310 0441712
 2825232 0043227 0027468 0018173 0018684 0021622 1521721 3245503
 0010186 0220812 0449719 1709471 0220808 0680264 0007961
 1706852 0522501 1706089 0949214
 0205155 1293097 1522472 1552923 1705191
 0282413 2827734 2981698 0376649 1442065 0027910 0006754 0041740 3146274 1826357 1555265
 0254343 0796520 3272379

 0085205 1549619 1880669
 0013849 1705961 0024492 1538057 1547565 0059804 0000723 1273517 0002395 1521724 0012634 0002395 1521724 0012634
 0030956 0002716 0011560 0030956 0611285
 0002780 0002778 0936012 1524024
 0085151 3538722 1456454 0033665 0002716 0011560 0033684 0611285 1709634 0085151 3538722 1456454 0033665 0002716 0011560 0033684 0611285 1709634
 1412727 0085151 3538722 1456454 0033665 0002716 0011560 0033684 0611285 1709634 0014442
 1707271 0205088 0332255 1705314 1705315 1708096
 0014441 0014441 2717977 0005507 0014442 0021075 0243073 1510438 1517892 1704666
 0085216 0060520 0124209 0206359
 0443225 1444754 1706316
 0597717 0014274 0016315 0040671 0231881 0424589 0459800 0542479 0684213 1442080 1705822 0597717 0014274 0016315 0040671 0231881 0424589 0459800 0542479 0684213 1442080 1705822
 0017626 1415042 0017626 1325793 1415042 0001128 0027836 0033684
 0086418 0086418
 0021669 1415875 0014442 0021641 1533581 1579433 0021669 1415875 0014442 0021641 1533581 1579433
 0242841 0600396 0600395 0242842 0023089 0026018 0034606 0441633 0458142 1023865 1706315
 0025914 0025929 0026809 0025914 0025929 0026809
 1417006 1424480 0024773 1417006 0026045 0026046 0033684 0332281
 2936473 0242210 3546791 0024658 0033684 0243122 1145667 1167622 2936473 0242210 3546791 0024658 0033684 0243122 1145667 1167622

 0005507 0035542 0243073 1510438 1545588 0005507 0035542 0243073 1510438 1545588
 1710263 1710263

 0077068 0369718 0441922 0700307 1553036 0556985 2247301 3540495 0017890 0522461
 2986676 0031831 1707664 2348314 3540849
 0557775 1511780 0450240 1706210 0031831 1707664 2348314 3540849

 0031831 1707664 2348314 3540849
 0005507 0205177 0243073 0439167 0441655 1510438 1561536 0031831 1707664 2348314 3540849
 0369773 2603361

 1514811 1706462 0557061 2584313 1514811 1706462 0439394 1706495 3642217 0439267

 0369718 0441922 1553036

 0268596 2700624
 3642273
 0016327 0439133 1553038 2603360 0033727 0369286 0441932 0564385 0439267 2603360 0205090 0684010 2603358
 0027882 0025141


 2347961


 0025141

 0349590 1262865
 0450348 0450355
 0369773 2603361 0205090 0684010 2603358 0439267
 0205090 0684010 2603358 0591397 0033727 0369286 0441932 0564385
 0016327 0439133 1553038 0369718 0441922 1553036 0597277 1708601 0369718 0441922 1553036 0369773 2603361 0021966 0221138 0032863 0302595 1537110 3275241 0033727 0369286 0441932 0564385 0439267 0330603 0369773 2603361 2603362
 0043016
 0349590 1262865 0025141 0205090 0684010 2603358 2347469

 0332319 0369773 2603361
 2347469 0331968 2699100 0369773 2603361 0205090 0684010 2603358 0337841 0325045 1688274 0369637 0441923

 2603360
 0016327 0439133 1553038 3463939 0439267 0759909 1135895 0369637 0441923
 0036397 0064494 0033727 0369286 0441932 0564385 0014511 0086809 1547963 0033727 0369286 0441932 0564385
 0205090 0684010 2603358 0080045
 0439394 1706495 3642217 0369773 2603361



 0025141 0337841 2347469 2347469
 0332319 0369773 2603361 0441039 1705854 3540815 0033727 0369286 0441932 0564385 0439394 1706495 3642217

 0439267 0759909 1135895 0205090 0684010 2603358


 0025141 0759909 1135895 0369637 0441923

 0001811 0450348 0025141
 0369637 0441923
 2603362

 3642273
 1553033 2347469 0369718 0441922 1553036 0597277 1708601 2603362


 2347379

 0025141 0069389 0205090 0684010 2603358 0597277 1708601 2603360
 1553033
 1418943

 0268596 2700624
 3642273

 2603362


 0033727 0369286 0441932 0564385 1553033 1412430 0369637 0441923
 0205090 0684010 2603358
 0025141 0205090 0684010 2603358

 0597277 1708601 0444649
 0439394 1706495 3642217 0439267


 0025141
 2603360 0597277 1708601

 3539821 0205090 0684010 2603358



 0201682
 0205090 0684010 2603358
 0205090 0684010 2603358


 2347379
 0025141 0033727 0369286 0441932 0564385 2347469
 2347469
 2603360 0369637 0441923

 0230467 0741204

 3495095 0205090 0684010 2603358 0597277 1708601 2945617 0439394 1706495 3642217
 2347469 0759909 1135895 0205090 0684010 2603358 0331781 2603360 0439394 1706495 3642217 0064494 0033727 0369286 0441932 0564385 0369773 2603361 0080045
 1418943

 0268596 2700624
 3642273

 2603362


 2347469 2347469 0597277 1708601
 3539821 0205090 0684010 2603358


 0369637 0441923


 0016327 0439133 1553038 1553033 0597277 1708601
 0033727 0369286 0441932 0564385 0369773 2603361


 0025141 0369637 0441923
 0439394 1706495 3642217
 0439394 1706495 3642217 0439267 0452875 1123019 1145701 3496086 2347469
 2603360


 0201682
 2603362

 0439267 0369773 2603361
 0241737 0369773 2603361
 0033727 0369286 0441932 0564385
 1551730
 1551910 0439394 1706495 3642217
 0369637 0441923
 0021966 0221138 0369718 0441922 1553036 0369637 0441923
 0369718 0441922 1553036
 0027960 0324740 0439189 1456781 1824986
 0007634 1269647 1704653 1948049

 0025141 0872005
 0021966 0221138


 2347379
 0450387 0025141 0439394 1706495 3642217 0302595 1537110 3275241 0033727 0369286 0441932 0564385 0032863 0439394 1706495 3642217


 0201682
 0205090 0684010 2603358
 2347469 2826220 0597277 1708601
 0205090 0684010 2603358

 2603362

 0369637 0441923
 1418943

 0268596 2700624
 3642273

 2603362

 0043217 0597277 1708601 0205090 0684010 2603358 0597277 1708601 0439267 0205090 0684010 2603358 0597277 1708601 0302595 1537110 3275241 0033727 0369286 0441932 0564385 0150593 0021966 0221138 0369773 2603361 0439394 1706495 3642217
 1418943

 0268596 2700624
 3642273

 2603362

 2603362
 0439267 0369637 0441923

 0439267 0999213 0597277 1708601
 2603362
 2347469 0369718 0441922 1553036
 0150593 0597277 1708601 0043217 0597277 1708601 0597277 1708601
 2603360
 2603360 0684195 1446885 0021966 0221138 0205090 0684010 2603358 0205090 0684010 2603358 0369718 0441922 1553036
 0016327 0439133 1553038 0032863
 0439267
 0369637 0441923
 0597277 1708601
 0439267 0033727 0369286 0441932 0564385 1261259 0439394 1706495 3642217

 0027960 0324740 0439189 1456781 1824986
 0325074
 0021966 0221138 0439394 1706495 3642217
 1418943

 0268596 2700624
 3642273

 2603362

 0439394 1706495 3642217 1006780 0439267
 0439394 1706495 3642217
 0442982
 0205090 0684010 2603358



 0439394 1706495 3642217 1006780 0439267

 0439267 0597277 1708601 0043217 0597277 1708601 0439394 1706495 3642217





 2347379
 0025141 2603360 1305702 1547134 2355574 0369773 2603361
 2603360
 0205090 0684010 2603358 0021966 0221138 1414819 2681211 0439394 1706495 3642217



 0201682
 2986502 0033727 0369286 0441932 0564385 0369637 0441923
 0205090 0684010 2603358
 1551756 0597277 1708601
 0369637 0441923
 0033727 0369286 0441932 0564385
 0033727 0369286 0441932 0564385 2603362
 0999213 0033727 0369286 0441932 0564385
 0557775 1511780 0439394 1706495 3642217
 0033727 0369286 0441932 0564385

 0369718 0441922 1553036

 0268596 2700624
 3642273
 0000857 0600678 1552863



 0025141
 2603360
 0439267

 3539821 0205090 0684010 2603358



 0201682
 0033727 0369286 0441932 0564385
 0562547 3160718
 0033727 0369286 0441932 0564385 1420648 2603362
 0033727 0369286 0441932 0564385
 0033727 0369286 0441932 0564385 1424349
 2603362
 1416171 1422188
 0033727 0369286 0441932 0564385

 0872005
 0597277 1708601 1555430 0369637 0441923
 0033727 0369286 0441932 0564385

 2603360
 1416171 1422188 0033727 0369286 0441932 0564385
 2603362
 0439114 2603362
 0033727 0369286 0441932 0564385
 0033727 0369286 0441932 0564385 2603362
 0033727 0369286 0441932 0564385 1416171 1422188
 0033727 0369286 0441932 0564385


 0450389 0025141 0061864 0885382 0205090 0684010 2603358


 0270811

 0061864 0885382 0369637 0441923
 0439394 1706495 3642217 0205090 0684010 2603358
 0439394 1706495 3642217
 0027960 0324740 0439189 1456781 1824986
 2347379
 0025141 0369637 0441923
 0033727 0369286 0441932 0564385 0597277 1708601
 0205090 0684010 2603358
 0369637 0441923

 0599851

 0021966 0221138 0369718 0441922 1553036 2603360 0369773 2603361 1553033 0016327 0439133 1553038



 0597277 1708601 0597277 1708601 2603360
 0369773 2603361 0998924 2603360


 0597277 1708601 0597277 1708601 3272348 2603360 0369773 2603361
 1553033 0998924 2603360


 0025141 0369773 2603361

 1418943

 0268596 2700624
 3642273

 2603362




 0025141 0597277 1708601 0069389 0205090 0684010 2603358 0443037 0597277 1708601 0337841 0759909 1135895 0033727 0369286 0441932 0564385 1553033 0033727 0369286 0441932 0564385
 0369718 0441922 1553036


 0201682
 0033727 0369286 0441932 0564385
 0597277 1708601 2603360 0016327 0439133 1553038 0597277 1708601 0597277 1708601 0315755 0033727 0369286 0441932 0564385 2347469 0369773 2603361 0369718 0441922 1553036


 0201682

 0439267 0369773 2603361
 0369773 2603361 2347469 2347469 0369637 0441923
 0452875 1123019 1145701 3496086 2347469
 2603360 0597277 1708601 0021966 0221138 0597277 1708601 2347469 2603362
 0439394 1706495 3642217


 0450388 0025141
 2603360
 2603362
 0369773 2603361 0331893 0369637 0441923

 0369773 2603361 2347469
 0205090 0684010 2603358


 0201682
 0021966 0221138
 0205090 0684010 2603358
 0439267 2603360
 1553033 0021966 0221138
 0597277 1708601


 0554249 2603360

 0016327 0439133 1553038
 1553033 0439267
 0027960 0324740 0439189 1456781 1824986
 0007634 1269647 1704653 1948049

 0025141 0597277 1708601 0080045
 0036397 0025141 0369773 2603361 0439267 0080045


 0000857 0600678 1552863 0439267 0369773 2603361 0444649 1553033 0597277 1708601
 0007634 1269647 1704653 1948049 0025141 0439394 1706495 3642217 0597277 1708601 0369773 2603361 0444649 1553033 0080045
 1418943

 0268596 2700624
 3642273

 2603362

 0597277 1708601 0402830

 2347379

 0740116 2827735 2981700 0597277 1708601 0014511 0086809 1547963 0439267

 2347379

 2603362
 0369718 0441922 1553036
 0205090 0684010 2603358

 0001811 0025141 0369773 2603361 1553033 0016327 0439133 1553038 0033727 0369286 0441932 0564385 1553033 0205090 0684010 2603358 0205090 0684010 2603358 0021966 0221138
 0349590 1262865 0025141

 0027960 0324740 0439189 1456781 1824986
 0325074
