 0033970 0033968 1282927 1555913 1879313 0587494 1704729 0019994 1510665 0587494 1704729 0221502 0587494 1704729 0019994 1510665 0587450 1704729 0019994 1510665 1979971 0587494 1704729 0019994 1510665 0282413 0006434 0587494 1704729 0563054 0016249 1547707 0013621 0013622 0013658 0039401 0683939 0205099 0019994 1510665 0442650
 0254343 0796520 3272379
 0085205 1549619 1880669
 0013849 1705961 0024492 1538057 1547565

 1514811 1706462 1706907 0332120 0886296 1273869 2979881 3542921 0002395 1521724 0012634 0038435 0947630 0886296 1273869 1948041
 0233820 0332183 0033085
 1947946 2948600 3540471 3540472 3540473 1947946 2948600 3540471 3540472 1883351 1516048 0282440 1096777 0008976 2587213 0886296 1273869 1948041 0814225 0392335 0031843 0542341 0700205 1516691 1705273 0001726 0683368 1457887 0018684 0031206 0205170 3146287
 0027361 0237401 1883351 1514756 1883016 1883017 0039798 0087111 1522326 1533734 1705169 3538994
 0392335 0031843 0542341 0700205 1516691 1705273 0001288 0871707 0441655 1285697 0079809 0242485 0038435 0009967 0332152 1516048 2826257 0886296 1273869 1515981 1948041
 1274040 1546471 2825142 2986411 0086749 0079809 0150312 0680220 1274040 1879489
 0038659 1705535 0039798 0087111 1363945 0184511 0332272 1561611 0443286 1114821
 1707478 0332120 0183683 1521721 1293116 1875307 0002395 1521724 0012634
 0449851 1879533 3539083 0018896 1552861

 1514811 1706462 0002395 1521724 0012634 0392760 0683278 1314939 0027361 0237401 1515273 1705313 2826302 0038435 0683770 0010186 0220812
 0013227 3244316 1280500 2348382 2986411 0600015 0183683 1521721 0080194 0456178 1518614 2987481
 0009244 0004933 0004927 0039798 0087111 1363945 1516691 2986890 0038435 2828008 0149623 2699787
 0947630 0886296 1273869 1948041 0002395 1521724 0012634 0439851 1947931
 2363430 0012634 0886296 1273869 2979881 3542921 0332183 0033085 0683269 0376209 0456081 0332218 0015450 1281591 0016884
 0011317 2700401 0011142 0441712 1706376 0205214 1522138 3245511 0080103
 0204525 0599237 0039798 0087111 1363945 1552738 0035168 0242481
 0087111 0332257 1519941 0871247 1555307 0043217 0442548
 0282443 1552617 0150312 0814225
 1947946 2948600 3540471 3540472 1883351 1516048 0282440 1096777 0008976 2587213 0449445 0027361 0237401 0439851 1947931 0002395 1521724 0012634 0814225 0392335 0031843 0542341 0700205 1516691 1705273 0001726 0683368 1457887 0018684 0031206 0205170 3146287

 1514811 1706462 1707689 2983265 0557651 2603343 0282440 1096777 0008976 2587213 0039798 0087111 1442989 1522326 1533734 1705169 1707455 2828392 3538994 0027361 0002395 1521724 0012634
 1261322 0206243 0699809 0168634 0439787 0849355 1442488 0439230 1515981 1442461 0439231 0349966 1337208
 0557651 2603343 0086911 0085546 0814851 0015000 0035168 0205276 0205540 0242481 1527243 2699414
 0449911 0333052 2607870 0557702 1272706 1704674 0557702 1272706 1704674 0349966 1337208
 3641234 1707689 2983265 0002395 1521724 0012634
 0027361 0237401 0085537 1305660 0034927 0002424 0442592
 1512693 0243161 0011900 1704338 1704656 0243161
 0871208 3494623 0011265 0497327
 0449820 1282910 1552828
 0376558 0085537 1305660 0332158 0337611 1705415
 0085732 0566001
 0332282 1511481 1554192 0027361 0237401 0039798 0087111 0205447 0205448 0441833 0687744 1257890 1522326 1533734 1552516 1552839 1705169 1705428 1705429 3538994 0243148 1550141 1882979 2587213 3274648 1524063 0237753 0449788 1300196 0587450 0038215 0205476 0600673 1704729
 0009932 0243148 0441833 0687744 1257890 1550141 1552516 1705428 1705429 1882979 2587213 3274648 1883351 1883016 1883017
 1261322 0087111 0808232 0886296 1273869 2979881 3542921 0004927 0027361 0237401 0442519
 0008425 0013227 0013227 3244316 0003289 2698157 1883351 0205360 1547311 0439231 1705654
 0087111 0808232 0886296 1273869 2979881 3542921 0039798 0087111 0441833 0687744 1257890 1522326 1533734 1552516 1705169 1705428 1705429 3538994 1514756 1883016 1883017 0557555
 0009932 0243148 0441833 0687744 1257890 1550141 1552516 1705428 1705429 1882979 2587213 3274648 1514756 1442989 1947933 2828392 0150600 0205246 1553889 0332529 0011900 1704338 1704656 0039798 0087111 1522326 1533734 1705169 3538994 0451610 0282443 1552617 0029921
 1415386 0033968 0205309 1555913 3161035 1273517 1883351 1292734 1522326 1883525 2346866 0332257 0011570 0011581 0344315 0349217 0460137 0149779 0424366 0036588 1551994 3244295
 1947946 2948600 3540471 3540472 1301627 0020792 0205396 1299586 0678227 0024501 0700361 0231303
 0008942 0871525 0043227 1883357 0243095 0022885 0037633 0039593 0392366 0392747 0443172
 0000934 0392673 0039798 0087111 1363945 0027361 2937289 0002395 1521724 0012634
 1522508 0470187
 0000934 0392673 0332257 3538986 0019857 0011209 0559563 1705822 1314939 0085537 1305660
 0205146 1521840
 1135957 1273517 1883351 0683295 0036588 1551994 3244295
 0009671 0521116 1299586 1705970 1514893 2699488
 0221423 1272745 0442504 1704765 1882509 3496241 0728831 0021797 0439849 0332257 0035820 1705810
 0204525 0027361 0039798 0087111 0237401 1363945 0871525 0680968 0456692 0702093 1883016 1883017 0004309 0004339 0027552 0085537 0686904 1305660 2584303 0700287 0085537 1305660
 1708476 1517741 0702093
 0033968 1555913 0024763 0175674 0680011 0038842 0205272 1273870 0218063 1524063 0004295
 1883016 1883017 0871208 1510802 3161035 1524063 0681889 0175659 0349674 0871208 1947916 3536777 1547201
 0175659 0349674 1947916 3536777 0683607 1883016 1883017 0205225 0205449 0680240 0871208 1542147 0205447
 0205447
 0205447
 0886296 1273869 1948041 1547282 0449820 0175659 0222045 0542339 1264637 0449820 0521093 0750484 1510802
 0679830 1261322 1261322 0206243 0699809 0039798 0087111 0439659 0439787 0849355 1363945 0444930 2746065 0039798 0087111 1363945 0439230 0439231 1515981 0589120 1522577 1704685 3274571 0332283 1719822
 0679604 0175659 0349674 1947916 3536777 0011265 0497327 0175659 0349674 1947916 3536777 1516048 0086132 0683368 1457887 0011265 0497327
 2924612 0175659 0205449 0332197 0349674 0871208 1552961 1947916 2347617 2699517 2945599 3536777 0205267 0205082
 0449820 1282910 1552828
 0451306 0850338 0278060 0229992 0445542 1301808 1442792 3148680 0079809 0242485 0449820 1552961 2347617
 1515187 0456692 0702093 0205197
 0025260 0700327 1706377 0475482 1707357 0233514 0871208 1830610 2735073 2735074 0376249 0439603 0871396 1561548 1705502 0011265 0497327 0522510 0085537 1305660
 0376249 0439603 0871396 1561548 1705502 0443286 1114821 2924612 0175659 0205452 0349674 0871208 1552961 1947916 2347617 3536777
 0001288 0871707 0441655 0034394 0085537 0871208 1305660
 0205146 2924612 0175659 0205451 0349674 0871208 1552961 1947916 2347617 3536777 0033213 1546466
 0451208 0175637 0588388 1261322 0681906 2700446 0034394 0036588 0684224 0700287 1551994 3244295 3273238 1516048 0815107 0205486 0231303 1306597 0026538 0220880
 0205197 0702093 0439092 0547044 1551338 2924612 0175659 0205450 0349674 0871208 1552961 1947916 2347617 3536777
 0451022 0011570 0011581 0021941 0031213 0344315 0349217 0460137 0681906 2700446 0034394 0036588 0684224 0700287 1551994 3244295 3273238 1516048 0011570 0011581 0344315 0349217 0460137
 1515187 0456692 0702093 0205197
 1551338 0449820 0439086 2827736 2981702 2964552 0439175 0439810 0449820 1441547 3245521
 2964552 0439175 0439810 0449820 0205172 1705535 0392148
 0681906 2700446 0034394 0036588 0684224 0700287 1551994 3244295 3273238 1516048 0679199
 1515187 0702093 0205197 2924612 0175659 0205450 0349674 0871208 1552961 1947916 2347617 3536777 1272460 2984081 0442824 1518422 1706839 1273517
 0596764 1998467 0392747 0443172 1705241 0175659 0205453 0349674 1552961 1947916 2347617 3536777 1273517 0035173 0403172 2348608 0442726 0392747 0443172 1705241 0332174 0439230 0439231 0439507 0589120 1522577 1704685 3274571 0332283 1719822 0018408
 1947959 0184511 0332272 1561611 0332271 1279889 1457868
 0871208 0205197 0332282 0557061 2584313 0016327 0439133 1553038 0016327 0439133 1553038 0871685 1550470 1440044 0150108 0150112 0441833 0680038 0687744 0932026 1257890 1552516 1555580 1705428 1705429 0039798 0087111 1522326 1533734 1705169 3538994 0243148 1550141 1882979 2587213 3274648
 0027361 0237401 1515187 1292711 0449719 1709471 0205197 0038951
 1710187 0449450 0030705
 0871424 0002778 0936012 1524024 0034656 1441506 0002778 0936012 1524024 1273517 0162425 1283828 1292734 1522326
 1280500 2348382 0392747 0443172 1516048 3533236 0444504 0449820 2347634 2348143 0040223 3541383 0439828 1524063 0814908 0002778 0936012 1524024 0449820 0001779
 0449820 1514873 0040682 1510411 1705163
 0449820 2986759 1704970 1704970 0449450 0871653 1704970
 0008041 1552646 0022885 0392366 1720589 1548787 0079809 0884358 1879489
 1546437 1572381 1511726 3245479 0002055 0178499 1880279 1441506
 0557651 2603343 0441833 0687744 1257890 1552516 1705428 1705429 0456389 0205410 0442726 1705241 1705242
 0242356 0993637 1511726 1527178 1705938 3245479 0683607 0871208 1521828 2349954 2825032 1707391 1883351 0027361 0237401
 1292711 0449719 1709471 0031928 0473169 0557651 1414316 2603343 1883351 1301820 1706701 1511726 3245479 1441506 0242618 0456389

 1514811 1706462 1532359 0420581 2585021 1546430 0034927 0242428 1512693 0243161 0449445 1883351 1515187 0449719 1709471
 1548564 1705116 0027361
 0392360 3245505 0700361 1883016 1883017 0015127 1524003 1883727 0449719 1709471
 0039224 1706073 1706074 0441833 0557651 0687744 1257890 1552516 1552839 1705428 1705429 2603343 1274040 1546471 2825142
 0027361 0441833 0687744 1257890 1552516 1705428 1705429
 0205393 0162409 0017313 1554098 0030705 1947933
 0039798 0087111 0441833 0687744 1257890 1522326 1533734 1552516 1705169 1705428 1705429 3538994 0009932 0243148 0441833 0687744 1257890 1550141 1552516 1705428 1705429 1882979 2587213 3274648 0003289 2698157 0205437 0205448 0008425 0013227 0205447 0002395 1521724 0012634
 0679646 0205197 0557651 2603343 0589120 1522577 1704685 3274571 0332283 1719822
 0449911 0039224 1706073 1706074 0557702 1272706 1704674 0557702 1272706 1704674 1521970 0679646 2698741 1261322 0332174 0439230 0439231 0439507 1705241 1705242 1274040 0030705 0079809 0242485 1879489 0332257 0681889 0871208 0451306 0850338 0278060 0229992 0445542 1301808 1442792 3148680 0001288 0871707 0441655 0205246 0871208 2348867 1274040 0079809 0085537 0242485 1305660 1879489
 0442739 1548568 0392747 0443172 0451182 0034394 0424575 0451022 0011570 0011581 0021941 0031213 0344315 0349217 0460137
 1521798 0443286 1114821 0233514 0260657 1546466
 0009967 0205155 1293097 1522472 1552923 1705191 1707357 1547282 0369773 2603361
 0871208 1521828 1704675 0018896 0449435 3540469 0009967
 1705241 1705242 0030705 0205448 0332849 0441833 0687744 1257890 1552516 1552839 1705428 1705429 2960235 1532985 0449820 0451306 0850338 1282910 1552828
 0332120 0085537 1305660 0449820 0814225 0039798 0087111 0205172 1522326 1533734 1705169 3538994 0870209 1546466 0009967 0205155 1293097 1522472 1552923 1705191 1707357 1442461 0439231 0444504 1522609 2347634 2348143 1707455 0369773 2603361
 1261322 0679646 2698741 0021966 0221138 1710187 3641827 0085732 1299581 1299586 0205172 2963144
 0439165 0205449 0562018 0205449 0332283 1710187 1719822 3641827 0021966 0221138 0243095 0021966 0221138 1518422 0039869 0233629 0021966 0221138 0018896 1552861 0013987 0439092 0547044 0016770
 1998882 0013987 0423731 0037817 0234856 0013987 0205170 1551338 0522165 0150157
 0021966 0221138 0085732 1299581 0037817 0234856 0600118 1551338 0332218 0037817 0234856 0600118
 0205392 0282411 0439178 0947611 1446409 1514241 1705247 2825490 3540770 0030705 0332257 3538986 0021966 0221138 0085732 1299581 0037817 0234856 0600118 0332219
 1552961 2347617 0021966 0221138
 0021966 0221138
 0010212 1561602 0683607 1883351 0439787 0849355 1551338 0021966 0221138 1518422 0080103 0079382 1697767
 0282411 0947611 1705247 0332257 3538986 1999230 1546466 0231441 0085537 1305660
 2347469 1881534 0013987 0018379 0442519
 1553033 0242664 1619821 0080151 0018592 0037817 0234856 1883708 0598853
 1553033 0237506 0033213
 0679646 1514756 0039798 0087111 1363945 0545082 1512346 2826704 0439231
 0681913 0021822 0935630 0206243 0699809 0439787 0849355
 0030705 0205451 0205451 0521093 0750484 0150312 0018896 1552861

 1514811 1706462 2607943 2926606 3539655 0557651 2603343 1547282 0332149 1705910 2362652 2937289 3161035 0002395 1521724 0012634
 2986411 0150312 0680220 1274040 0079809 0242485 0679646 1879489 0085537 1305660
 0038659 1705535 0039798 0087111 1363945 0184511 0332272 1561611 0683368 1457887 0012634
 0871525 0449416 1705919 0085537 1305660 0030705
 0392360 2699007 1707391 1883351 1521840 2986546 0017446 0205146 1514756 0004268
 0087111 1883351 0031330 0205464 1521840 1516691 0525041 0683368 1457887
 0886296 1273869 2979881 3542921 0025664 0449851 0085537 1305660 1880165 0449445 1292724 0456369 0814225 1551058 0080194 0456178 1518614 2987481
 0004448 0282440 1096777 0814861 0008976 2587213 0027361 0002395 1521724 0012634 1524063 0086749 0079809 1879489
 0449445 0332282 0031928 0473169 0557651 1414316 2603343 0027361 0027552 0237401 0679646 0686904 2937289
 1883016 1883017 0085537 1305660 0018896 1552861 0871525 0683368 1457887 0750591 0231303
 0392360 0037088 0243095 2825141 0886296 1273869 1948041 1301751 1280500 2348382 0558058 0444669 1167518 1706352 1882467 3274653 0221423 1521970 1706388 2346469 2348519 0392335 0031843 0542341 0700205 1516691 1705273 0001288 0871707 0441655
 1883016 1883017 1999230 1515273 1705313 2826302 1708745 0039798 0087111 1522326 1533734 1705169 3538994 0445550 0332268
 1883712 0557651 2603343 0027552 0686904 1883351 1516048 0205172 0332148 0750492 0012634 0814225 1293130 1515273 1705313 2826302
 1280500 2348382 0449820 1444656 1707357 1547282 0085537 1305660 1883351 0037817 0234856 0600118 0150499 0027361 3494623 0011265 0497327 0205216 0036658
 1314939 0039798 0087111 1363945
 1280500 2348382 0679201 2986411 3245504 0871208 0018684 0031206 0205170 3146287
 1518422 1314939 0700364 1883351 1825598 0237607 0596545 3539073 0150312 0332285 0440042 1521738 2346620 2349184
 0039798 0087111 1363945 0042153 0457083 1947944 2937289 0027361 0338656 0684336
 1521798 0085537 1305660 1547647 1274040 0031330 0205464 0814225 0886296 1273869 1518422 2979881 3245505 3542921 0441833 0687744 1257890 1552516 1705428 1705429
 0947630 1880310 2003864 0449445 1292724 0336789 1274040 1947933
 0680215 1274040 0002395 1521724 0012634 0085537 1305660 1709701 0947630

 1514811 1706462 0449445 1292724 0027361 2937289 0011265 0497327
 0087111 0011265 0497327 0439851 1947931 1280500
 0027361 0886296 1273869 2979881 3542921
 0449295 0242618 0456389 0700321
 1274040 0079809 0242485 1879489 1707391 0750492 0332324 1518422 1550474 0079809 0242485 2986411
 0025663 0449851 0871511 1518422 0027361 0580836

 1514811 1706462 0557651 2603343 0206243 0699809 1273810 0019994 0237935 0439787 0796085 0849355 1417725 1609061 1710133 3245466 0016820 0680854 0237935 3245466
 2986676 0679646 0085537 1305660
 1514811 1706462
 1514811 1706462 0439267
 0205090 0684010 2603358
 0722969 0205090 0684010 2603358
 1553033 0679604 0175659 0349674 1947916 3536777 0011265 0497327
 0005523 0005532 0033872 0033873 0205460 0450348 0025141 0205090 0684010 2603358 1551756
 2347469 0439394 1706495 3642217

 0004933 0886296 1273869 2979881 3542921 0028688 0006147 0028677 0028678
 0162443 0025141
 2603360
 1979617 0039798 0087111 1522326 1533734 1705169 3538994
 0025141
 2603360 1305702 1547134 2355574
 0033727 0369286 0441932 0564385 0021941 0031213
 0003738 0033872 0033873 0205246 1553889 1554162 0025141 1553033 0599237 3177188 0039798 0087111 1363945
 0162443
 0852885 0205090 0684010 2603358

 0439267
 0597277 1708601 0582381 1261322 1516048 0011265 0497327 0243107 0678723 1527148
 0001779 0001811 0000857 0600678 1552863 0006434 1280500 1274040 1546471 2825142 0002395 1521724 0008976
 0011265 0497327 0009241 0679383 0012634 0025141 0205090 0684010 2603358
 0043227 0011265 0497327 0282441 0282443 1552617
 0162443 0450389 0025141 1553033 0369718 0441922 1553036
 0006434
 1825598 0085537
 0162443 0450387 0000857 0600678 1552863 0369637 0441923
 0016327 0439133 1553038 2603362

 0369773 2603361
 0205090 0684010 2603358
 0278060 0229992 1301808 1442792 3148680 0025663 0449851 0871511 0683521 1301808 1442792 1516691 3148680 0871685 1550470
 0162443 0025141 1512024 0073187
 0369773 2603361
 0181090 0302614 1706050

 0681191 0016327 0439133 1553038 1551910 0008976 0022104 0021853 0022107 0039082
 0025141 1024808 0369718 0441922 1553036 0443013 0597277 1708601 0282440 1096777 0814861 0008976 2587213 0853846 0032343 0032344
 0018408
 2973287 0596764
 1261322 1516048 0024763 0175674
 0027466 0027468 0025353 1555896 0018684 0021622 0229992 1272753 3245503
 0681191 0016327 0439133 1553038 0282440 1096777 0008976 2587213 0030705 0267167 0013395 0205245 0542341 2700217
 0017163 0025141 0205090 0684010 2603358
 0016327 0439133 1553038
 0013987 0348078 0376315 1522492 1527305 0018787 1281570
 0023973 0034036
 2603362
 0597277 1708601
 0369637 0441923
 0026868 0026867 0039798 0087111 1363945 0886296 1273869 1948041
 0282441 0282443 1552617
 0162443 0740116 2827735 2981700 0025141 1553033 0369718 0441922 1553036 1280519 0392756 2828008 0085537 1305660 0030705 0002395 1521724 0012634
 0162443 0439267 0332140 0011900 0205210 1704338 1704656 0684224 0700287 3273238 0162458 0441722 0563538 3540678 0041711 0002395 1521724 0012634
 0027855 0000857 0600678 1552863 0369637 0441923
 0336852 2603362
 0033727 0369286 0441932 0564385 0679804 0886296 1273869 1948041 0205421 0028688 0745030 0002395 1521724 0012634
 0282440 1096777 0008976 0034656 2587213
 1422839 0000857 0600678 1552863

 0871208 0333052 2607870 0870077
 0027855 0025141 0369637 0441923
 0369637 0441923
 0556529 0039798 0087111 1363945
 1955832 0220922 0282443 1552617 0033213 1706387


 0033968 1555913
 1274040
 0162443 0000857 0600678 1552863

 1547201 0369637 0441923
 1171369 1510802
 0162443 0035168 0242481 0740116 2827735 2981700
 0150321 0039798 0087111 1363945 0282443 1552617
 0023621 0751608 0872147 0033213 1706387
 0037683
 0369773 2603361
 0369718 0441922 1553036
 0039798 0087111 1522326 1533734 1705169 3538994 0011265 0497327
 0162443 0025141 0439394 1706495 3642217 0369773 2603361 0205090 0684010 2603358 1160858 1261322 1516048 0011265 0497327 0025260 0700327 1706377 0475482 1707357 0233514
 0033909 1524060 0001811
 0369773 2603361
 0369773 2603361
 0439617 0558347 1527075 0871161 1292721
 0004939 0004927 0035168 0242481 2986890 0439086 2827736 2981702
 0043217 0442548 0205090 0684010 2603358
 2603360
 0025664 0449851
 1510541 0237607 3245512


 0034036 0034037 1514756 1704324
 0439617 0558347 1527075 1514756
 0034036 0034037 1272684 1548435 1704324
 1706852
 1527021 1554111 1705606 3541382