 0287683 1420498 0288881 0450344 1553633
 1335808 0740116 2827735 2981700 0740116 2827735 2981700 0740116 2827735 2981700 0439267
 0740116 2827735 2981700 0205090 0684010 2603358

 1704729 0041740 1704729 0041740 1709697 2728259 3484370 0033333 0019994 1510665 1704729 0017402 1555773 0017398 0017399 0041740 0035171 0035168 0242481 1707689 2983265 0557061 2584313 1514811 1706462 1521761 2827422 0300824 0597357 0169272 0287683 1420498 0288881 0450344 1553633 0032214 0600138 0035820 1705810 0015283 0205171 1518422 1720467 1145667 1167622 0596235 0332324 0597277 1550474 1708601 0439799 1706095 1883351 0004793 0162326 0162327 1519249 0036536 0036537 0332152 1522538
 0441889 0300824 0033684 0441730 0035804 0241863 0332307 0392756 1547052 1705535 0035820 1705810 1326961 0019868 0580546
 1292732 0035820 1705810 0007634 3282337 0025936 0003069 0025914 0025929 0026809 0441889 0456079 1547707 2946261 0205250 1299351 2700149 0287683 1420498 0288881 0450344 1553633 0022131 0030274 0679006 1947967 0025914 0025929 0026809 0287683 1420498
 0025914 0025929 0026809 0287683 1420498 0870432 0020456 0439775 0702240 0017741 0337438 0595310 0178665 0201777 0013220 0017725 0020963 0022885 0039593 0220929 0231197 0392366 1704410 1276042 0202098 0428405 0857690 0021641 0032105 0441889 1533581 1550098 1579433
 0007634 3282337 0015272 0598703 0013220 0020963 0220929 0231197 1704410
 1883351 0243067 1273517 0597452 0002778 0936012 1524024 0242485 0022009
 0442805 1522528 0022131 0287683 1420498 0007634 0025914 0025929 0026809 0288881 0392756 0450344 1553633 3282337
 0025914 0025929 0026809 0015272 0521116 0392747 0443172 1705241 0332324 0439799 0597277 1550474 1706095 1708601
 1274040 1546471 2825142 1705535 0231239 0231241 2827773 0011847 0011849 0030664 1521733 0022009 0439799 1706095 0337076 1256369 0021641 0036536 0036537 0221099 0684336 1533581 1579433 1880177
 1521761 2827422 0300824 0597357 0169272 0300824 0033684 0205170 0205309 3146287 0086597 0015283 2827734 2981698
 0022131 1522529 0007634 1269647 1704653 1948049 1705654 0442805 0587267 0332324 0597277 1550474 1708601 0439799 1706095 1955862 0439799 1706095 2347961 0439086 2827736 2981702
 1274040 1546471 2825142 1515877 1879547 0175566 0439799 1706095 0683607
 0442805 1883708 0032930 1444748 0015283 0010837 0993609
 0556639 0439799 1706095 1416554 1883708 1879547 0015127 1314792 1524003 3268904 0332294 0185003 0596235 0678226 1521802 0439799 1706095 1256369 0021641 0023175 0036536 0036537 0181586 1442948 1522538 1533581 1579433 1880019 2348269 3275067
 0300824 0033684 0287683 1420498 0288881 0450344 1553633 0287683 1420498 0288881 0450344 1553633 1547282 1883351 1947931 1145667 1167622 0205171 1518422 1720467 0439799 1706095 0439084 0728893 0439799 1706095 1416554 0022131
 0332464 1512571 1708698 0300824 0033684 0004793 0162326 0162327 1519249 0441471 3541888 1256369 0021641 0036536 0036537 0332152 1522538 1533581 1579433
 3161035 0011860 0332257 0034693 0034721 0441889 0682323 0075689 0033684 0148340 1421419 0078208 1167317 0025252 0025255 0033684 0332281 0333262 0596901 1622418 1706182 0033684 0205082 0392756
 1550177 0040223 0237400 3272377 3541383 0011923 0015283 0021641 0079595 1533581 1579433 0022131 1547282 0036536 0036537 0078889 0237753 0449788 0010837 0993609
 0301630 0392756 0441610 2987476 0300824 0033684 0183362 0205216 0392756 0441889 0442797 1153540 0428479
 0243148 1550141 1882979 2587213 3274648 0449982 0728938 1550516 1274040 1546471 2825142 0441889 0300824 0033684 1256369 0021641 0036536 0036537 1533581 1579433
 1517499 0017337 0040671 1705822 1256369 0021641 0036536 0036537 1533581 1579433
 1514559 0007600 0007634 0205132 1269647 1704653 1948049 1256369 0021641 0036536 0036537 1533581 1579433
 0026882 1704257 1705285 1515926 0580546 1326961 0017725 0019868 0205161 1880177 2347472 2699333 0011847 0011849
 0596620 0025519 0025520 0580546 0332185 0175702 1414382 0039082 0684224 0700287 3496591 0950133 0559758 0008073 0012634 0458003 0678723 0017446 0205147 1442161 1511760 1880274 1881036 0015127 1524003 1521638 0008633 0450348 0332257 1552866 2700399 0017337 0287683 1420498
 0030705 0015272 1883525 2346866 0332257 0020502 0020437 0021149 0220856
 0001675 0001779 0439234 0595310 0039593 0392366 0029161 0597140 0205448 0596620 0025519 0025520 0860800 0439083 0439087 1527428 0011847 0011849 0369718 0441922 1553036 0011847 0011849 0369718 0441922 1553036 0271650 0178665 0013220 0017725 0020963 0220929 0221099 0231197 0684336 1704410 0369718 0441922 1553036 0243161 0443211 1272684 2699414 0011847 0011849
 1883727 1883357 0947630 1705535 0441889 0022131 0030274 0018684 1709305 2745955 0011847 0011849 1515981 0243148 1550141 1882979 2587213 3274648 0332257 0337076 0022009 0439799 1706095
 1883351 0033422 0441889 0300824 0033684 0205263 1301808
 0332453 0022131 0392756 0547047 0442805 0205263 1280500
 1883351 0376649 1442065 3146294 0025936 0003069 0025914 0025929 0026809 1881878 1514559 0287683 1420498 0288881 0450344 1553633 0428479 0033684 0441889 0679106 0442805 0205263 0441472
 1273517 0314604 0017337 0003069 0205132 0287683 0288881 0033684 1420498 1955394 0040300 0205369 1547928 1552740 0393040 1176299 0287683 1420498 0288881 0033684 0205227 0450344 1553633
 0683607 1883351 0036538 0449432 1327616 0332324 1550474 0205410 0015283 1326961 0019868
 0442805 0428405 0287683 1420498 0015283 0021641 0288881 0392756 0441889 0450344 1533581 1553633 1579433 0205263 0271650 0017725 0231199 1744706 2355652 0205172 0025914 0025929 0026809 0015272 0231199 1744706 2355652
 1547282 0439799 1706095 0332324 1550474 1707455 1416554 0332453 0441889
 0700364 1514559 0392747 1261552 0580546 1326961 0017725 0019868 0205161 1880177 2347472 2699333 0011847 0011849
 0035171 0035168 0242481 1707689 2983265 0086912 0035171 0035168 0242481 1707689 2983265 0557061 2584313 1514811 1706462 0079411 3146294
 0332256 2700400 0314604 0017337 1273517
 0012854 1521827 1524063 1690540 1551532 0332255 1708096 0010167 0037949 1267072 0012238 2349986 0011516
 0332255 1708096 1706746 0017243 0036681 0521108 1382104 1519355 1524063 0011945 0011946 0917873 1059964 1185738 1706132 0006823 0006353 0021485 1272883 1533685 1828121 1882074 0020283 0450407 0450408 0450409 0013618 0439297
 0021485 1272883 1533685 1828121 1517101 0043544 0013710 0025914 0025929 0026809 0232904 0884358 1883708 0003062 0015780 0043210 0086287 0348011 1413207 1705497 1705498 1709854 3273701 3541222 1552738
 0680063 0282641 1158478 1705422 0220908 1305399 1705053 1517480 1521871 1705759 0600680 0017446 0205147 1524063 0016327 0439133 1553038 0439084 0728893 0205090 0684010 2603358 0439084 0728893
 1511572 0884358 0332283 1719822
 1511572
 0231448 1880641 0456692 0702093
 1514468 1704444 1706746 0017243 0036681 1382104 1514893 2699488
 1148554 0002778 0936012 1524024
 1148554 1707513 0884358 1524063 1555265
 0031082 0079240 1882932 0237753 0449788 1948062 1707513 3272453 0012854 0017428 0887950 0011516 0868946 1706746 0017243 0036681 1514893 2699488 0025255 0028736 0348011 0596901 0740034 1706182 0005862
 1514468 1704444 0600600 1883633 0600680 0017446 0205147 0287683 1420498 0288881 0450344 1553633 0020202 0182400 1273517 1300517 1704681 2347609 3536729
 1883351 1516048 0185117 0282641 1709450 0287683 0599161 1420498 0032520 0086418 0288881 0450344 0677874 1273517 1517480 1519595 1521871 1553633 1705759 1524063 0035668
 0035668 0040300 0185115 3541890 1524063 0034760 1555029 1524063 0439070 1705160
 1517480 1521871 1705759 1883712 0439070 1705160 1273517 1883351 0218063 2936628 0259846 1881659 2349974
 0012931 2827421 0034861 0033684 0017837
 0287683 1420498 0288881 0450344 1553633 0017837 0287683 1420498 0072393 0288881 1418948 0017817 0033684 0040676 0450344 1273517 1553633 0684224 0700287 3496591
 1171362 0185117 0243114 1998793 0884358 0332282 0302828 1442085 3263700
 1441565 0162768 0033684 0332466 1293131 0017837 0991566 0287683 0288881 0033684 1420498 0017837 0287683 1420498 0010813 0017817 0040676 0288881 0450344 0596311 1301820 1330957 1553633 0040018 0849355 1883720 3244314 0017837 0017817 0040676 1719918
 0025914 0025929 0026809 0015663 0456962 0439583 0033727 0369286 0441932 0564385 0206243 0699809 0439787 0849355 0178665 0005507 0013220 0017725 0020963 0220929 0231197 0243073 1510438 1704410 0015663 1550565 0017725 0798503 0805586 3274764
 0005910 1305866 0043100 0242821 0460148 1268086 0015663 1515981 1550565 0444706 3541902 2608091 0205107 0439148 0439208 1519795 1704753 1880519 0034869
 1321095 1705648 2347093 2348338 1883727 1292748 0033119 0034117 1881711 0428548 2603360 1524063 0475209 1706378 0470941 0006823
 0439269 1960952 2346927 0178602 0869039 1114758 0025914 0025929 0026809 1720154 0005767 0005768 0229664 1883727 0439083 0439087 0702093
 0025914 0025929 0026809 0683607 1883351 0439230 0521108 2004454 0681814 1706386
 0681814 0206243 0699809 0238884 0439787 0849355 1551807 0162791 0220845 0282423 0178478 0003045 0178478 0003062 0041740 0205540 1947933 2699414
 1148554
 0025914 0025929 0026809 0039142 0175730 0439526 1547937 1561954 1704730 1706072 0006823 0544726 1823381 1881060 1511276 1552825 0175730 1547937 1561954 1704730 0231999 0549178 0683607
 0023216 1140621 1285009 2983612 0231448 0231449 0439792 0231441 0443218 2827483 1446851 0332462 1880834 0039259 0039866 1281586
 0926332 0018494 0518505 1524063 0179323 2700402 2948008 0750489
 0027551 1704318 1882041 1883708 1273517 1883351 0033119 0034117 1881711 0036186 0392907 0042449 1278960 1516695 1516698 0332155 0006823 0205112 0441889 0456079 0702093 1547707 2946261 0034869
 0178913 0370003 2347026 1301820 0702093
 0232338 0806140 1516698 1704814 1522408 1704806 0205148 1441759 0086296 1561571 1561572 0728774 0309872 0005778 1328723 0005778 0441509 1328723
 0005767 0005768 0229664 0683607 1883351 2348236 0005903 0039476 0596013 1547703 1704644 0702093 0683607 0005778 1328723
 0229671 1546774 1550100 1883708 0086972 0443299 0687118 1415347 1823107 0032105 1550098 0450376 0582523
 0428357 1261415 0202098 0428405 0021641 0229671 0441889 1533581 1546774 1550100 1579433 1883708 0005507 0243073 1510438 1524063 0035168 0242481 3538743 0201682 0008044 0020898 0021764 0022271
 0236287 0202098 0201777 0598703 0013220 0020963 0021641 0022885 0039593 0220929 0231197 0392366 1533581 1579433 1704410
 0025914 0025929 0026809 0033727 0369286 0441932 0564385 0015663 0456962 0025664 0184661 2700391 0206243 0699809 0439787 0849355 0598703 0005507 0013220 0020963 0021641 0220929 0231197 0243073 1510438 1533581 1579433 1704410 0015663 1550565
 0005910 1305866 0043100 0242821 0460148 1268086 0015663 1515981 1550565 0444706 3541902 2608091 0205107 0439148 0439208 1519795 1704753 1880519 0034869
 1321095 1705648 2347093 2348338 1883727 1292748 0033119 0034117 1881711 0428548 0702093 1524063 0475209 1706378 0470941
 0199782 0586328 0021485 1272883 1533685 1828121 0356365 0795635 0021641 1533581 1579433 0331875 0006823 0025914 0025929 0026809 1720154 0005767 0005768 0229664 1883727 0439083 0439087 0702093
 0025914 0025929 0026809 0683607 1883351 0439230 0521108 2004454 0681814 1706386
 0020985
 0237868 0600209 1704732 0020985 0884358 1552738
 1522528 0006353 0370003 2347026 0242301 1546559
 0456389 0332306 0034693 0034721 0241863 1947933 1883727 1883351 0218063 1708715
 0205435 1279901 0332306 1265611 1554108 1561573 0205349 0025663 0392747 0449851 0871511
 1708715 0056269 0521093 0205375 0487602 0750484 1260957 1608508 1704680 0017243 1515981
 0370003 2347026 0086376 0033684 0439267 1708715 0071500 0017243 0071499 0086972 0443299 0687118 1382104
 0033684 1883708 0348011 0025255 0025914 0025929 0026809 0205225 0439631 1439852 0746619 1979003 0312586 0003241 0003250 0003241 0021027 0746619 2827734 2981698 0079240 1948037 1719918
 0075689 0443737 0700271 1317659 1445860 0033684 2827734 2981698 2827734 2981698
 1445860 0312586 0003241 0021027 0148340 1421419 0078208 2827734 2981698 2827734 2981698
 0003250 0003241 0021027 0746619 2827734 2981698 2827734 2981698 0022877 1619828 1826357
 0369998 0003242 1718641 0001271 0003241 0021027 2827734 2981698 0205474 0006823 0700308 0919528 1527868 0033727 0369286 0441932 0444868 0564385 3539085 2348236 0005903 0039476 1547703
 0003241 1883708 0003241 0027627 0175668 0205436 0442726 1511790 1548787 0162524 0234621 1450278 0020898 0021764 0022271 0274281 0332157 0086296 1561571 1561572 0027976 1879958 0456692 0702093
 1709793 1710082 0274281 0728853 0441633 0936012 1524063 1704254 1704922 3542466 0333052 2607870
 0521116
 0007634 3282337 0598352 0007634 0444667 0449830 1269647 1704653 1948049 2827597 0175721 1705942 1883710 1524063 0002684 1706099 0037585 0017480 1552738
 0007634 3282337 0205171 0205396 0521116 0597484 1272460 1521970 1550043 1551388 1705417 1720467 0205160 1513916 2825415 2825491 3245505 1553387 1948035
 0182301 0184108 1418486 0336635 0348000 1524063 0348000
 0182301 0220896 0237834 1514892 1514721 2348147 3542016 0369637 0441923 0037633 0175996 0178719 1708059
 0037633 0525069 0332256 2700400 0024472 0013714 0019215 0024471 2348935 1882074 0020283 0450407 0450408 0450409 0071767 0456081
 0242485 0037633 0525069 1278655 0445247 0332300 0024471 1532563 0392756 0439190 0683607 0175566 1882151
 0037633 0525069 0332256 2700400 0055134 0596019 0024472 0013714 0019215 0024471 2348935 1882074 0020283 0450407 0450408 0450409 0456081
 0037633 0525069 0242485 0332256 2700400 0037494 1959973 0024472 0017725 1705052 0019215 0601906 1882074 0020283 0450407 0450408 0450409 0456081
 0037633 0525069 1278655 0445247 0332300 0596019 1524062 0086045 1446561 1532563 0205217 0439190 0442805
 0449830 2827597 0443211 1272684 0007634 1269647 1704653 1948049 1948036 2987518 0440102 0442711 0681850 1515981 1517586 1550501 1706203 2349001 2697811 1522508 1274040 1546471 1515981 2729544
 0681814 2348236 0005903 0039476 0884358 1547703
 0242485 0521116
 0013812 0043076 0332276 0740486 1522408 0402644 0006823 0339897 0587267 0220896
 0237834 1514892 1514721 2348147 3542016 0369637 0441923 0182301 0037633 0175996 0178719 0525069 1708059 0332256 2700400 0055134 0596019 0024472 0013714 0019215 0050063 0024471 2348935 1882074 0020283 0450407 0450408 0450409 0456081
 0037633 0525069 0332256 2700400 0037494 1959973 0024472 0076252 0017725 1705052 0019215 0601906 1882074 0020283 0450407 0450408 0450409 0456081
 0242264 0449851 0750572 1521970 1706388 2346469 2348519 1709061 0376249 0439603 0871396 1561548 1705502 0449830 2827597
 0004927 1524063 0002684 1706099 0037585
 0441471 3541888 0449265 0034107 0039676 0205454 0336809 0391850 1552514 2349943 3539704 0376249 0439603 0871396 1561548 1705502
 0005903 0039476 0036849 1442518 1705195
 0038215 0600673
 1274040 1546471 2825142 0449450 1704970
 0439064 0441833 0687744 1257890 1273517 1552516 1705428 1705429 0237881 1709380 0038215 0750502 0022885 0038492 0039593 0392366
 1709380 1522609 0750591 0237881
 0035171 0035168 0242481 1707689 2983265 0557061 2584313 1514811 1706462 0079411 3146294 0287683 1420498 0288881 0450344 1553633
 0205132 0004897 0332255 1708096 3272453 0085732 1299581 0332289 0282641
 0205132 0205449 1848335 1417627 1417636 0150312 1883351 0035696 0287683 0599161 1420498 0032520 0086418 0205369 0288881 0450344 0677874 1517480 1519595 1521871 1552740 1553633 1705759 0332120 0035668
 1148554 1707513 0884358 0205132 0444686 1441506 1443182 1883351 0332256 2700400 0205450 0205448 1948062 0450344 1553633
 0002778 0936012 1524024 0470166 0205132 0441889 0023884 0150312 0449450 0736268 1278929 2346688 0022646 0227665 1278978 1514845 0024109 0819757 1278908 0021853 1708548 1511726 3245479 1518422 1547282 1705535 0282641 0013879 0205227 0220905 0243148 1550141 1704735 1882979 2587213 3274648 0034987
 0017296 0314603 1706907 0025914 0025929 0026809 0287683 1420498 0233426 0700364 0018270 0220844 1621966 2911660 0015895 0200069 2986895
 0019638 0205462 0344441 1511726 3245479 1518422 1547282 0030274 1278931 0450345 0336721 1444656 0205307 0439166 2347086
 1518422 1855073 0011065 1306577 0005609 0005615 1550722 3245487 0034869 0205132 0025914 0025929 0026809 0287683 1420498 0025914 0025929 0026809 0205392 3540770 0683607 1883351 1548795 1634625 2982691 2987125 0439230 0018684 0031206
 0449911 0333052 2607870 0557702 1272706 1704674 0557702 1272706 1704674 0349966 1337208
 2827734 2981698
 0079411 3146294 0287683 1420498 0288881 0450344 1553633
 1707513 0237753 0449788 1948062 1848335 1417627 1417636
 0370003 2347026 1547282
 2347469 0025914 0025929 0026809 0287683 1420498 0019638 0205462 0344441 0523207 0018964 0014448 0038128 0885297
 1552961 2347617
 0583332 0202041 0428548 0439234 0439508
 0042295 1520150 1883559 0025914 0025929 0026809 0332307 0445392 1547052 0369718 0441922 1553036 0025914 0025929 0026809 0369718 0441922 1553036 0025914 0025929 0026809 0129575 0369718 0441922 1553036
 0369773 2603361 1883559 0332307 0445392 1547052 1707455
 0439234 0439508 0428548 0017725 0441889 0205250 1299351 2700149 1532563 0369718 0441922 1553036 1520150 1883559 0025914 0025929 0026809 0332307 0445392 1547052 1707455 2348935 1532563 0369718 0441922 1553036 0369773 2603361 0205132 1550648 1552960 0015272 0428548 0860803 1532563 0129575 0369718 0441922 1553036 0369773 2603361
 0428548 0017725 0441889 0205250 1299351 2700149 1532563 0369718 0441922 1553036 1417627 1532563 0369718 0441922 1553036 0205132 1883559 0332307 0445392 1547052 1707455 1532563 0369718 0441922 1553036 0369773 2603361
 1848335 0205132 1547282 1171362 0185117 0042789 1947903 0442805 0428548 0205132 1550648 1552960 1518422 0392366 1444656 0282641 0287683 1420498 0015264 1280500 2348382 0449682 0332291 1705686 2945843 0021107 0043194 0085862 0205145 0258432 0441587 1299583 1421478 1512796 1515974 1883719 2825164 0017428 2338314
 0205132 1550648 1552960 0287683 0288881 0033684 0441889 0428479 0205172 0015272 0428548 0860803 0947630 0542341 0205132 0884358 1550648 1552960 1848335 0205171 0439044 0679994
 0439230 0001779 0025914 0025929 0026809 0456389 2698651 0681829 0947630 0204727 0205409 0220862 0332128 0043100
 0043100 0205132 1550648 1552960 1520150 1883559 0025914 0025929 0026809 0332307 0445392 1547052 1705242 0287683 1420498 0288881 0450344 1553633 0439267 0439267 0369718 0441922 1553036 0015780 0086287 0287683 1420498 0288881 0450344 1553633 0439267 0439267 0369718 0441922 1553036
 0185117 0022131 0030274 0521093 0750484
 0020456 0162418 1705535 1457869 1861101 0287683 1420498 0288881 0450344 1553633 0205309 1883351 2346714 0032214 0600138 0035820
 0185117 0282641 1158770 0040649 0243148 1550141 1882979 2587213 3274648 1517001 1883351 0243095 0392747 0443172 1518865 0030274 1278931
 1547282 0681814 1706386 1883559 0332307 0445392 1547052 0025914 0025929 0026809 0287683 1420498
 0450354 1706096 1547282 1709793 1883559 0332307 0445392 1547052 0439165 1549488 1561533 1710082 1882932
 1547282 0369773 2603361 0287683 1171362 1420498 0288881 0033684 0185117 0442805 0450344 1553633 1883559 1520150 0025914 0025929 0026809 0332307 0445392 1547052 1707455 0205132 1547282 0442805 1511726 3245479 1518422 1547282
 0748025 0428479 3244092 0441889 0205132 1550648 1552960 0678226 0332148 0750492 3146286 1705241 1705242 0086418 0025914 0025929 0026809 1158770 0040649 0851285 1314939 1327622 0040712 0597295 1519614
 1883708 0332128 0442805 1522528 1171362 0185117 0075689 0033684 0148340 1421419 0078208 1167317 0025252 0025255 0033684 0332281 0333262 0596901 1622418 1706182
 1883559 0332307 0445392 1547052 1707455 0651677 1823140 0287683 0288881 1564880 0148340 1421419 1425576 0078208 1334805 1167317 0025252 0025255 0033684 0332281 0333262 0596901 1622418 1706182 0075689 0428479 0033684 0442739 2346711
 0025914 0025929 0026809 0287683 1420498 1848335 0441889 1547282 0301630 0392756 0441610 0369773 2603361 1883559 1520150 0025914 0025929 0026809 0332307 0445392 1547052 1707455
 3244092 0185117 0441889 0021212 0033684 0205163 1235732 1522602 1549782 1708715
 0021641 0423896 0456205 1533581 1579433 0034580 1705242 0024554 0086582 0287683 1420498 0288881 0450344 1553633 0439275 0439526 0439275 0439526 0015780 0086287 0287683 1420498 0288881 0450344 1553633 0439275 0439526 0439275 0439526
 0449911 0333052 2607870 0557702 1272706 1704674 0557702 1272706 1704674 0349966 1337208
 0740116 2827735 2981700
 0441889 0287683 0288881 0074447 1334805 0033684 0205450 0287683 1420498 0282641 0288881 0450344 1553633 1948062 0450344 1553633 0243148 1550141 1882979 2587213 3274648 1883559 0332307 0445392 1547052 1883559 0332307 0445392 1547052
 0370003 2347026 0022131 0086376 0600209 1514893 1704732 2699488 0033684 0368672 0003241 0205396 1444656 1550043 1551388
 0681814 1706386 0205409 0205447 1548221 1883559 0036849 0332307 0445392 1442518 1547052 1705195 0025914 0025929 0026809 0287683 1420498
 2347469 0011321 0332291 0085862 0204727 0205449 0205450 0884358 1299583 1883559 0332307 0439165 0445392 0449450 1547052 1549488 1561533
 0369773 2603361 0369773 2603361 1883559 0332307 0445392 1547052 1707455
 0025914 0025929 0026809 0287683 1420498 0015272 0271650 0017725 0231199 1744706 2355652
 0442805 0205410 0205263 0580546 1704258 0332128
 0349966 1337208 1547282
 0439086 2827736 2981702 0024554 0086582 1706180 1706428 1706429 0015780 0043210 0086287 1705497 1705498 0287683 1420498 0441862 0025914 0025929 0026809 0288881 0441833 0450344 0687744 1257890 1552516 1552839 1553633 1705428 1705429 0015272 0428568 1261430 0428554 0428548 0243148 1550141 1707455 1882979 2587213 3274648
 0287683 1420498 0288881 0450344 1553633 1532563 1532563 0369773 2603361 0025914 0025929 0026809 0287683 1420498 0288881 0450344 1553633 1532563 1532563 0369773 2603361
 0021493 0021485 1272883 1533685 1828121 0015780 0043210 0086287 1705497 1705498 0287683 1420498 0441862 0025914 0025929 0026809 0288881 0441833 0450344 0687744 1257890 1552516 1552839 1553633 1705428 1705429 0205250 1299351 2700149 1441672 1883351 0205082
 0456693 1442458 0702093 0583332 1546743 0202041 0428548 1532563 1883559 0024554 0086582 0332307 0445392 1547052 1706180 1706428 1706429 1707455 1532563 0439190
 0456693 1442458 0702093 0583332 0202041 0428548 0444706 3541902 1883351 1532563 0439190 2987476 1883559 0015780 0043210 0086287 0332307 0445392 1547052 1705497 1705498 1707455 1532563 0439190
 1326961 0019868 0580546 0202041
 0024554 0086582 1706180 1706428 1706429 0287683 1420498 0025914 0025929 0026809 0337438 0428548 0017725 0441889 0456079 1547707 2946261 1532563 0205250 1299351 2700149 1532563 0439190
 1274040 1546471 2825142 1883727 1883357 1705535 0025914 0025929 0026809 0287683 1420498 0015272 0271650 0017725 0231199 1744706 2355652 0205082 0015780 0086287 1707455
 0449911 0333052 2607870 0557702 1272706 1704674 0557702 1272706 1704674 0349966 1337208
 0439086 2827736 2981702
 0025914 0025929 0026809 0287683 1420498 0015272 0020456 0020456 1883559 0332307 0445392 1547052 1707455 1883559 0332307 0445392 1547052
 0042295 0441833 0687744 1257890 1552516 1705428 1705429 0025914 0025929 0026809
 0024554 0086582 0369773 1706180 1706428 1706429 2603361 0287683 1420498 0015780 0025914 0025929 0026809 0043210 0086287 0288881 0369773 0450344 1553633 1705497 1705498 2603361 1520150 1883559 0025914 0025929 0026809 0332307 0445392 1547052
 0025914 0025929 0026809 0287683 1420498 0030685 0391871 0439180 0680255 1283071 1963578 0021641 1533581 1579433
 0271650 0017725 0231199 1744706 2355652 0287683 1420498 0025914 0025929 0026809 0288881 0450344 1553633 0015272 0678226 0021641 0030685 0391871 0392756 0439180 0680255 1283071 1533581 1579433 1963578 2987476 3146286 0005775 1516559 1258192 0237834 1514892 0021641 0441472 1533581 1579433 3266814
 0205435 1279901 0332128 0021641 1533581 1579433 0005775 0391871 1283071 0450373 1553636
 1316572 1317574 1369612 0015663 0229671 0441889 1546774 1550100 1550565 0441994 1548802 2003888 0439275 0439526 0015780 0043210 0086287 1705497 1705498 0025914 0025929 0026809 0024554 0086582 0243148 1550141 1706180 1706428 1706429 1707455 1882979 2587213 3274648 0439275 0439526 0369773 2603361 0015780 0043210 0086287 1705497 1705498 0439275 0439526 0369773 2603361 0449719 1551359 1709471 2741673 2981730 1705241 1705242 0428568 1261430 0005802 0005767 0005768 0015663 0017725 0229664 1550565 0349966 1337208
 0428357 1261415 0202098 0428405 0021641 0229671 0441889 1533581 1546774 1550100 1579433 0702093
 0349966 1337208
 0450375 0441889 2348792 0040223 3541383 1552961 2347617 0017446 0205146 0205134
 0024554 0086582 1706180 1706428 1706429 0287683 1420498 0025914 0025929 0026809 0030685 0391871 0439180 0680255 1283071 1963578 1827823 0439445 0702093 1827823 0439445 0702093 0441994 1548802 2003888 1827823 0439445 0702093 0442755 0369773 2603361 0456693 1442458 1827823 0439445 0702093 0369773 2603361
 0700364 0025914 0025929 0026809 1457869 1861101 0301630 0392756 0441610 1883559 0332307 0445392 1547052 1707455 0025914 0025929 0026809 0301630 0392756 0441610 1883559 0332307 0445392 1547052 1707455
 0449911 0333052 2607870 0557702 1272706 1704674 0557702 1272706 1704674 0349966 1337208

 0025914 0025929 0026809 0287683 1420498 0015272 1371675 1256369 0021641 0036536 0036537 1533581 1579433 1515655
 1261322 1516048 0798503 0805586 3274764 1547282 0301630 0392756 0441610 1883559 0332307 0445392 1547052 1883559 0332307 0445392 1547052
 0042295 1520150 1883559 0025914 0025929 0026809 0332307 0445392 1547052 1520150 1883559 0025914 0025929 0026809 0332307 0445392 1547052 0025914 0025929 0026809
 0024554 0086582 0369773 1706180 1706428 1706429 2603361 0287683 1420498 0015780 0025914 0025929 0026809 0043210 0086287 0288881 0369773 0450344 1553633 1705497 1705498 2603361 1520150 1883559 0025914 0025929 0026809 0332307 0445392 1547052
 2347469 0202098 0428405 0650607 1719133 0021641 0030685 0391871 0439180 0680255 1283071 1533581 1579433 1963578 0017446 0205146 1158478 1705422 1709793 0205134
 0042295
 0369773 2603361
 0369773 2603361
 0025914 0025929 0026809 0015272 0021655 2700570 0021641 0237834 1514892 1533581 1579433
 1883708 0332128 1326961 0019868 1258192 0040300 0205100 0237834 1514892 0021641 0441472 1533581 1579433 3266814 0884358 2947996 0236287 0202098 0201777 0598703 0013220 0020963 0021641 0022885 0039593 0220929 0231197 0392366 1533581 1579433 1704410
 0681842 1882327 0920563 0021641 0036667 0312418 0427965 1511883 1522640 1533581 1579433 2346484 2349185 1518422 0287683 1420498 0025914 0025929 0026809 0288881 0392760 0450344 1314939 1553633 0287683 1420498 0288881 0450344 1553633 1518422 0038164 0033684 0424612 0026845 0023884 0736268 1278929 2346688
 1517001 1883351 2348042 2826345 0798503 0805586 3274764
 1517001 0428548 0205250 1299351 2700149 0025914 0025929 0026809 0349966 1337208 0243148 1550141 1707455 1882979 2587213 3274648
 0920563 0036667 0312418 0427965 1511883 1522640 2346484 2349185 0332324 2348205
 0301630 0392756 0441610 1442103 1547049 1705241 1705242 0439509 0702093 1515981 0021493 0199782 0586328 0021485 0021641 1272883 1533581 1533685 1579433 1828121 0740116 2827735 2981700 1532563 0439086 0439190 2827736 2981702 0871208 1521828 3272448 0287683 1420498 0288881 0450344 1553633 1883559
 0015272 0301630 0392756 0441610 1532563 0871208 1521828
 0025914 0025929 0026809 0015272 0021655 2700570 0021641 0237834 1514892 1533581 1579433 0428548 1532563 0439190 2827734 2981698 1883559 0024554 0086582 0332307 0445392 1547052 1707455 0871208 1521828 0301630 0392756 0441610 3272448 0205265 0332152 1279901 1416797 1555582 1705685
 0449911 0333052 2607870 0557702 1272706 1704674 0557702 1272706 1704674 0349966 1337208
 0439084 0728893
 0025914 0025929 0026809 0287683 1420498 0015272 0236287 0021655 2700570 0202098 0598703 0021641 0237834 1514892 1533581 1579433 1883559 0332307 0445392 1547052 1707455 1883559 0332307 0445392 1547052
 0042295 0441833 0687744 1257890 1552516 1705428 1705429 0025914 0025929 0026809
 0025914 0025929 0026809 0205450 0439092 0547044 0025914 0025929 0026809 0206243 0699809 0439787 0849355 0444504 2347634 2348143 0750591 1883351 0369718 0441922 1553036
 0024554 0086582 0369773 1706180 1706428 1706429 2603361 0287683 1420498 0015780 0025914 0025929 0026809 0043210 0086287 0288881 0369773 0450344 1553633 1705497 1705498 2603361 1520150 1883559 0025914 0025929 0026809 0332307 0445392 1547052
 1522528 0022131 0015272 0015283 0521116
 1326961 0019868 0580546 0349966 1337208 0025914 0025929 0026809 0287683 1420498 0011155 0021641 0162429 1327616 1533581 1579433 1623416 1880177
 1883351 1880177 0439092 0547044 0025914 0025929 0026809 0349966 1337208
 1883351 1880177 0025914 0025929 0026809 0287683 1420498 1273517 0025255 0242264 0596901 1706182 0242485
 0349966 1337208 1547282
 1553638 1704458 0032930 1444748 0015283
 0442711 1507394 1522729 2348563 0030685 0391871 0439180 0680255 1283071 1963578 0010837 0993609 0205448 0185112 0578718 0010837 0993609 0337051 1509144 2349200 1883351 0807726 0337051 1509144 2349200 0034107 0391850 0740116 2827735 2981700
 0521116 1705970 1444748 0032930 0521115 0007634 0445247 1269647 1441672 1704653 1948049 1553638 1511276 1552825
 0442805 0007634 3282337 0332161 0599946 0205448 0034107 0391850 1704458
 0301630 0392756 0441610 1511276 1552825
 1274040 1546471 2825142 0349966
 0073187 1547282 0015283 0521116 0287683 1420498 0007634 0025914 0025929 0026809 0288881 0392756 0450344 1553633 3282337
 1274040 1546471 2825142 1705535 1514559 0287683 1420498 0015127 1524003 0684336 0456389 0185112 0300926 0337051 1509144 2349200 0337051 1509144 2349200
 0287683 1420498 0288881 0450344 1553633 1145667 1167622 0018790 0237477 0392351 0521111 0439799 1706095 1515981 0287683 1420498 0288881 0450344 1553633 1883351 0577538 0010837 0993609 0439799 1706095 1883351 0010222 1948027 0175566 1882151 0015283 0450348
 1274040 1546471 2825142 1705535 0015283 0449234 1704772 1882133 0449719 1709471 0022009 0439799 1706095
 0449911 0333052 2607870 0557702 1272706 1704674 0557702 1272706 1704674 0349966 1337208

 0007634 3282337 0015272 0015283 0521116 1883559 0332307 0445392 1547052 1707455 0449475 0007634 3282337 0242485 0521116
 2347469 0442805 1444748 0034107 0039676 0205454 0336809 0391850 1552514 2349943 3539704 0032930 0376249 0439603 0871396 1561548 1705502 0243148 1550141 1882979 2587213 3274648 0007634 3282337 0442822 1524031 1883002
 0442822 1524031 1883002 1547282 0521116 0007634 0445247 3282337 0032930
 0025320 0392747 0443172 1705241 0162658 0007634 0456389 1269647 1704653 1882115 1948049 0232117 0237753 0391850 0449788 1947910
 0073187 1274040 1546471 2825142
 0042295 0007634 3282337
 0369773 2603361 1883559 1707504 1879930 0243148 0332307 0445392 1547052 1550141 1707455 1882979 2587213 3274648
 1522528 0022131 0015272 0086439 1153410 0205177 0439167 0441655 1561536
 0349966
 1571602 2347469 0332128 0521116 0243148 1550141 1882979 2587213 3274648 0025914 0025929 0026809
 1274040 1546471 2825142 0349966 1337208
 1547282 0521116 0025251 0025255 0596901 1706182 3245505
 0521116 0032930 1444748 0007634 1269647 1704653 1948049 0521116 0205250 0596235 1299351 2700149 0439799 1706095 0332307 1547052 0439799 1706095 0332307 1547052 0449864
 0178587 0392756 0441833 0687744 1257890 1552516 1705428 1705429
 1316572 1317574 1369612 0301630 0392756 0441610 0205463 1514721 1709305 2348147 2745955 3542016
 0449911 0333052 2607870 0557702 1272706 1704674 0557702 1272706 1704674 0349966 1337208

 0007634 3282337 0178587
 0521116 1883559 0332307 0445392 1547052 0032930 1444748 1883559 0332307 0445392 1547052 0007634 3282337 2347469 0007634 3282337 1948036 2987518 1883708 0442808 0598352 1261552 1948023 0039676 2349943 3539704 1705117
 0521116 0162658 0007634 0456389 1269647 1704653 1882115 1948049 0598352
 0042295 0007634 3282337
 0369773 2603361 1883559 1707504 1879930 0243148 0332307 0445392 1547052 1550141 1707455 1882979 2587213 3274648
 0556639 1153410 0441655 2348205
 1441672 1979886 0287683 1420498 0288881 0011945 0011946 0033684 0450344 0917873 1059964 1553633 0022131 0287683 1420498 0288881 0450344 1514559 1553633 0007634 3282337 0311403 0439799 1706095 1416554
 0332128 1514559 0007634 3282337 1153410 0441655
 1274040 1546471 2825142
 1553640 1547282 1153410 0441655 0205171 1720467 0392756 1282910 0442822 1524031 1883002
 1705535 0439799 1706095 0287683 1420498 0288881 0450344 1553633
 0183683 1521721 0011945 0011946 0917873 1059964 0022131 0085732 1299581 0018790 0237477 0392351 0521111 0521116 0684224 0700287 3496591 1553640 0442822 1524031 1883002
 1274040 1546471 2825142 0349966 1337208
 1424736
 0684224 0700287 3273238 1547282 0007634 0034693 0034721 3282337 0007600 0007634 0205132 1269647 1550648 1552960 1704653 1948049 0287683 0288881 0033684 0311403 0521116
 1883351 1707455 0178587 0007634 3282337 1518422 1547282 0541594 0392747 0443172 1705241 0243148 1550141 1882979 2587213 3274648 0441833 0687744 1257890 1552516 1552839 1705428 1705429 1511726 3245479 1518422 1547282
 0700364 0439799 1706095 0332324 1550474 0441889 0349966 1337208 0439799 1706095 0439799 1706095 0439092 0547044 0287683 1420498 0288881 0450344 1553633 1948027 0439799 1706095
 0449911 0333052 2607870 0557702 1272706 1704674 0557702 1272706 1704674 0349966 1337208

 0007634 3282337 0178587 0449475 0007634 3282337
 1883559 0332307 0445392 1547052 0007634 3282337 1948036 2987518 1883708 0442808 0598352 1261552 1948023 0039676 2349943 3539704 1705117 0032930 1444748 0521116 1704458 0442822 1524031 1883002
 0442822 1524031 1883002 1547282 0521116 0287683 0288881 0162768 0033684 0332466 1293131 0702093
 2347469 0521116 0162658 0007634 0456389 1269647 1704653 1882115 1948049 0598352
 0042295
 0369773 2603361 1883559 1707504 1879930 0243148 0332307 0445392 1547052 1550141 1707455 1882979 2587213 3274648 0441833 0687744 1257890 1552516 1552839 1705428 1705429 0287683 1420498
 0035171 0035168 0242481 1707689 2983265 0557061 2584313 1514811 1706462 1274040 1546471 2825142 0231239 0205410 0205263 0392747 0443172 0332298 2587213 0036536 0036537
 0022009 0022023 0025255 0439787 0596901 0849355 1700702 1706182 0439799 1706095 0036536 0036537 1314939 0439799 1706095 0205393 1948027 0287683 1420498 0288881 0450344 1553633 0332324 1550474 0441889 0456079 1547707 2946261
 0183683 1521721 0150312 1816453 0015127 1524003 0301630 0392756 0441610 0521116 1705970
 0287683 1420498 0288881 0450344 1553633 0205171 0439044 0679994 0018790 0237477 0392351 0521111 0439799 1706095 0075689 0033684 0039067 0233535 0332281 0392148 1532717 1883708 0015272 0441472 3266814
 0597526 0287683 1420498 0288881 0450344 1553633 0205171 0337076 1518422 1720467 0022009 0022023 0025255 0596901 1700702 1706182 0439799 1706095 1883351 0562342 1171285 0542341 0851285 1327622
 0287683 1420498 0288881 0450344 1553633 0287683 1420498 0025914 0025929 0026809 0288881 0450344 1167395 1553633 1709915 1882936 0332257 0002520 2917660 0001128 0202406 0086418 0025914 0025929 0026809
 0002520 2917660 0001128 0202406 0025914 0025929 0026809 0086418
 0002520 2917660 0001128 0202406 0205088 0442824 1705314 1705315 0086418 0025914 0025929 0026809
 1555721 1706204 0813984 1709915 1882936 0205447 1519623 1167322 1880389 1883221 2752508 3541951 0205448 1883170 1517050 0439787 0521119 0849355 1880389 1883221 3541951 1518422 1517001 1883351 0015272 0441472 0022009 0022023 0025255 0596901 1700702 1706182 0439799 1706095
 0287683 1420498 0288881 0450344 1553633 0075689 0033684 0439855 1704241 0079613 0439799 1706095 1416480 0439799 1706095 0700364 1883351 0332324 1550474 0441889
 1883712 1883708 0018790 0237477 0392351 0521111 0521116
 1518422 1280500 2348382 0022131
 0441889 0456948 0392756 0441889 1517331 0020456 0392756 0439590
 0441889 1883708 0439799 1706095
 0022131 1522529 0007613 0333717 0007634 0031843 0205161 0439799 0542341 0700205 1269647 1704653 1705273 1706095 1880177 1948049 2347472 2699333 0036667 0312418 0427965 1511883 1522640 2346484 2349185
 0441889 0001721 0015283 0287683 1420498 0288881 0450344 1553633 0205447 0075689 0033684 0148340 1421419 0078208 1167317 0025252 0025255 0033684 0332281 0333262 0596901 1622418 1706182 0205448 2700400 0337076
 1316572 1317574 1369612 0301630 0392756 0441610 0025914 0025929 0026809 0287683 1420498
 0032214 0600138 0035820 1705810 0287683 1420498 0288881 0450344 1553633 1879547 0175566 0026377 1883708 1145667 1167622 0300824 0033684 0015283
 0441889 0013682 0392756 1274040 1546471 2825142 1979886 0348078 0376315 1522492 1514873 1883351 0871133 0886515 0337051 0392756 0456389 0871133 1509144 1880177 2349200 0185112 0300926 0337051 1509144 2349200 0557651 1441672 2603343
 1518422 1883351 1947931 0001721 0439799 1706095
 0026377 1416554 0007634 1269647 1704653 1948049 0287683 1420498 1883559 1955862 0288881 0332307 0445392 0450344 1547052 1553633 0439799 1706095 0025320 0392747 0443172 0700321 0287683 1420498 0288881 0450344 1553633 1522528 1518422 0205082 0205410 0441472
 0441889 0392756 1518422 2963144 1280500 0220781 1883254 0205360 2347098
 1326961 0019868 0678226 3146286 1256369 0679330 1547211 0021641 0036536 0036537 0205161 0205171 1518422 1533581 1579433 1720467 2347472 2699333 0150312 0920563 0234235 0021641 0036667 0312418 0427965 1511883 1522640 1533581 1579433 2346484 2349185
 0178666 0005528 0017725 1317949 3495449 0040300 0332257 0424612 0026845 1995013 0300824 0033684 0183362 0851285 1153540
 0288881 0005528 1317949 3495449 0036248 1539874 0450348 0148340 1421419 0078208 1167317 0025252 0025255 0033684 0332281 0333262 0596901 1622418 1706182 0287683 1420498 0288881 0450344 1553633
 0920563 0234235 0021641 0036667 0312418 0427965 1511883 1522640 1533581 1579433 2346484 2349185 0678226 0175668 0027627 0205436 0243067 0599851 2987476 3146286 0030685 0391871 0439180 0680255 1283071 1963578 0020268 0007412 0037663 0169964 0018270 0019932 0220844 1621966 2911660 0441712 0030685 0391871 0439180 0680255 1283071 1963578
 0599851 0014136 0521425 0032005 0683454 0001625 0022131 0040300 0287683 1420498 0288881 0450344 0851285 1553633 0332148 0750492 0287683 1420498 0288881 0392760 0450344 1314939 1514559 1553633 2362652 0015127 1524003 0030685 0391871 0439180 0680255 1283071 1963578 0541749 1709743 0920563 0234235 0021641 0036667 0312418 0427965 1511883 1522640 1533581 1579433 2346484 2349185 1256369 0030281 1327616 0021641 0036536 0036537 1533581 1579433
 1316572 1317574 1369612 0920563 0021641 0036667 0312418 0427965 1511883 1522640 1533581 1579433 2346484 2349185 0205319 1280444 0287683 1420498 0024554 0025914 0025929 0026809 0086582 0205171 0288881 0450344 1553633 1706180 1706428 1706429 1720467 1518422 0025914 0025929 0026809
 1705535 0017253 0035820 1705810 0014939 0033308 2757070 0039601 0920563 0021641 0036667 0312418 0427965 1511883 1522640 1533581 1579433 2346484 2349185 0040300
 0030685 0391871 0439180 0680255 1283071 1963578 0019932 0287683 1420498 0288881 0392760 0450344 1314939 1553633 1947931 0036248 1539874 0030685 0391871 0439180 0680255 1283071 1963578 1704259 1705987
 0442805 0025914 0025929 0026809 0205170 0392747 0443172 1280500 1514721 1882417 2348147 3146287 3542016 0034987 0013879 0220905 1704735 0017337 0205397 0037640 2347946
 1708726 0015502 1333523 0332256 2700400 0032529 0427593 0175630 0441889 0086860 0205449 0205447 0021920 0009219
 1883357 0032529 0587267 1551359 2741673 2981730 2825407 0205419 0428479 0033684 0441889 0205397 0027361 0700364 1883351 1280500 2348382 0035647 0079613 0679688 1521761 2827422 0450355
 0032529 0392747 0443172 0683971 0032659 0205246 1257890 1553889 2987476 0392747 0012655 0220898 1264642 1547045 0011847 0011849
 1547282 3161035 0015272 0428479 0441889 0022131 0030274 0332257 0287683 1420498 0288881 0450344 1553633
 1880177 0086418
 0205212 0860803 0205250 0376249 0439603 0871396 1299351 1561548 1705502 2700149 0001675 0684224 0700287 3496591 0205250 1299351 2700149 0683971 0032659 1257890 1705535 0015127 1524003 1280500 2348382 0017337
 1881036 1523925 0015127 0205225 0439631 1524003 0000768 0000769 0287683 1420498 0288881 0450344 1553633
 1158774 1280500 0205171 1720467 0392747 0443172 1705241 0025936 2986594 1519606 0003069 0025914 0025929 0026809 0205397 3161035 0007634 3282337 0332324 1550474
 0442808 0442797 0441889 0007634 3282337 0332454 1706853 1879748 0031843 0542341 0700205 1705273 0392747 0443172 0597526 1704675
 0287683 1420498 0288881 0392747 0392756 0441889 0450344 0456079 1547707 1553633 2946261 0079411 3146294 1881036
 1274040 1546471 2825142 0231239 0001721 0022009 0439799 1706095 0015283 1551058 2347946 0332464 0237753 0449788 0027765 0012634 1282910 1552828 0441889 0205082
 0016733 0007776 1176472 2700441 0036341 0011570 0011581 0344315 0349217 0460137 0007465 0804771 0011065 0015127 1306577 1524003 0038661 1316572 1317574 1369612 1883351 0015272 0441889 0030705 1707455 0011065 0015127 1314792 1546956
 0684224 0700287 1883727 1883357 1705535 0000768 0000769 1979886 0162429 2987487 1704241 0033684 0205431 0022009 0439799 1706095 0033684 1999230 1710236 0459424 0205161 0220781 0439634 1274040 1522492 1546471 1704241 2347472 2699333 2825142
 1552616 1706244 0043227 0231239 0231241 2827773 0300824 0033684 0441889 1272746 0021641 0392747 0443172 0449774 0871261 1327616 1533581 1579433 1880177 0018684 0011860 0441730 1320657 0011847 0011849 0332307 1515981 1547052
 0560020 0439267 1514756 0004083 0011847 0011849 0018173 0238884 0439849 0596306 0699792 1548284 0035172 0021622
 1514756 0035172 0021622

 1514756 0015770
 2986676 0025914 0025929 0026809 0287683 1420498
 0369637 0441923 1880177 0043227
 0010186 0220812 0449719 1709471 0220808 0680264 0007961
 1706852 0522501 1706089 0949214
 0205155 1293097 1522472 1552923 1705191
 0282413 3273171 0331828 0686900 1272683 1522634
 0041740 1547703 1547706 1999269 0025118 1282913 1551714 0029040
 0013849 1705961 0024492 1538057 1547565 0205090 0684010 2603358
 0041740 1547703 1547706 1999269 0025118 1282913 1551714 0029040
 0013849 1705961 0024492 1538057 1547565 0034036 0034037 0450348 1514756 1704324 0348078 0376315 1272684 1522492 1527075 1548435 0025255 0242264 0596901 1706182
 0017837 0017817 0040676 0017837 0017817 0040676
 0017741 0337438 0595310 0178665 0201777 0013220 0017725 0020963 0022885 0039593 0220929 0231197 0392366 1704410
 0439799 1706095 0332324 0439799 0597277 1550474 1706095 1708601
 0439799 1706095 0814023 0597675 0032824 0032821 0439799 0597277 1706095
 1417857 1521761 2827422
 0075689 0033684 0075689 0033684
 0183362 0300824 1153540 0169272 0300824 0597357 0033684 0185023 1417857 1749467 1947904 1948047 1999228
 0287683 1420498 0288881 0450344 1553633 0287683 1420498 0288881 0450344 1553633
 0076252 0076252
 0148340 1421419 0078208 1167317 0025252 0025255 0033684 0332281 0333262 0596901 1622418 1706182 0148340 1421419 0078208 1167317 0025252 0025255 0033684 0332281 0333262 0596901 1622418 1706182
 0175702 1414382 0039082 1514811 1706462 0035171 0035168 0242481 1707689 2983265 0557061 2584313 1514811 1706462 0369637 0441923 0020792 0205396 0337051 1509144 2349200 1273518
 0000857 0600678 1552863
 0025141 0597277 1708601 0030281 0007634 0030274 0330390 0439096 0439799 1706095 2004068 3282337 0035820 1705810 0851285 1327622 3245505
 2945617 0369718 0441922 1553036 0205090 0684010 2603358 0288881 0597675 3258486 0449560 0596235 0598352 0439799 1706095 0007634 3282337
 2247463 0014963 1457900 0033727 0369286 0441932 0564385 0205090 0684010 2603358 1539791 0288875 1823141 0288881 0450344 1553633 0018790 0237477 0392351 0521111 1153433 1153410 0205177 0439167 0441655 1561536 0288263 3538943 0005572 0220781 0015283
 0025141 1539791 0183362 0300824 1153540 1145667 1167622 0598153 0332462 1880834 0439799 1706095
 2349168 0016327 0439133 1553038 0033727 0369286 0441932 0564385 0021966 0221138 1539791 0287683 1420498 0288881 0450344 1553633 1416554 0010834 0521449 1145667 1167622 0599896
 0369637 0441923 0016327 0439133 1553038 0033727 0369286 0441932 0564385 1412999 1539791 0287683 1420498 0288881 0450344 1553633 0439799 1706095 0015283
 0025141 2951520 0369637 0441923 1539791 0020564 0332281 0017725 0020517 0205112 0520946 1171362 0185117
 0000857 0600678 1552863 1539791 0439267 0582525 1171362 0185117 0034693 0034721 0031562 0039798 0087111 0885670 1522326 1533734 1705169 3538994
 0014963 1457900 0016327 0439133 1553038 1539791 1159356 0851285 1327622 1427949 1421356 1436571 1706404
 0369637 0441923 0011923 0079595 0442632 1522290 0332466 1293131 0030281 0007634 0030274 0330390 0439096 2004068 3282337 0004927 2707008 0205307 0439166 2347086 0007634 0330390 0439096 2004068 3282337 0030281
 0025141 0033727 0369286 0441932 0564385 0033727 0369286 0441932 0564385 0185117 0287682 1420498 0288881 0075689 0033684 0030281 0007634 0030274 0330390 0439096 2004068 3282337 1256369 0021641 0036536 0036537 0221099 0684336 1314939 1533581 1579433 0449982 1256369 0021641 0036536 0036537 1533581 1579433
 0000857 0600678 1552863 0033727 0369286 0441932 0564385 0033727 0369286 0441932 0564385 0597277 1708601 0185117 1705810 0035820 0030281 0007634 0030274 0330390 0439096 2004068 3282337 0287683 1420498 0288881 0450344 1553633 0450345 0032214 0600138 0035820 1705810
 0336362 0597277 1708601 1704648 0557651 2603343 0175702 0039082
 0023617 2986899 1421539 1420193 1832169 3538902 0017260 1442161 1511760 1880274 0027361 0237401 0175702 0039082
 0025141 2699414 0008902 0008903 0678229 0684224 0700287 3273238 0011900 1704338 1704656 0008902 0008903 0678229
 1335641 0016327 0439133 1553038 0598279 2827421 0525013 0023953 2587213 0031843 0205171 0243148 0542341 0700205 1550141 1705273 1708726 1720467 1882979 3274648 0017446 0205147
 0442782 0000857 0600678 1552863 0038108 0041405 1824670 3272447 1521761
 1419031 1419700 1419791 2945617 0439267 0033727 0369286 0441932 0564385 0442027 0288881 0750490 1706221 0015283 0182953 0205160 1513916 1704734 1704735 2825415 2825491 0007634 1269647 1704653 1948049
 0454673 1550752 0337076 1326474 0021641 0166441 0332256 0332466 0333262 0851285 1293131 1314939 1420175 1533581 1579433 2700400 2982484 0007603 0025255 0032105 0596901 1550098 1706182
 0025141 0369637 0441923 1153440 0006685 0006675 0006726 0439799 1706095 2936886 0337076 1948027
 0369637 0441923 0015283 1522214 0030281 1522109 0004561 0007634 0021641 0025914 0025929 0026809 0030274 0439799 1327616 1533581 1579433 1706095 3282337
 0369637 0441923 0033727 0369286 0441932 0564385 1550751 1412999 1539791 1880389 1883221 3541951 0018790 0237477 0392351 0521111 1955862 3272384 0439799 1706095 0598153 1148916 0028630 0243122 0332462 1145667 1167622 1880834 0740116 2827735 2981700
 3539059 1704675 0075689 0033684 0439799 1706095
 0000857 0600678 1552863 0021966 0221138 0369637 0441923 1539791 0021966 0221138 1704675 0439799 1706095 1416554 0851285 1327622
 0033727 0369286 0441932 0564385 0597277 1708601 0369637 0441923 0033727 0369286 0441932 0564385 1547341 0036667 0312418 0427965 1511883 1522640 2346484 2349185 0007634 0034693 0034721 0221099 0330390 0439096 0684336 2004068 3282337 0030281 0026343 3161035
 0000857 0600678 1552863 2951520 0680243
 0021966 0221138 0369637 0441923 0021966 0221138 0041405 1824670 3272447 1707719 0015283 0035820 1705810
 0035820 1705810 0042449 0348013 0852949 0012634
 0369637 0441923 0016327 0439133 1553038 0016327 0439133 1553038 0205090 0684010 2603358 0678951 0032529
 0016327 0439133 1553038 0369637 0441923 0016327 0439133 1553038 0439267 0016327 0439133 1553038 0016327 0439133 1553038 0205090 0684010 2603358 0021399 0086860 0427593 0441889 0027051 0428953 2926063 0021308 0027061 0035647 1515981 1522564 0010054 2733225 0004153 0018787
 0025141 0597277 1708601 0033727 0369286 0441932 0564385 0597277 1708601 0752046 0028630 0032529 0037179 0087136 0205171 1882417 2603360 0017337 0287683 1420498 0206132 0001779 0332162 1514873
 0025141 0043092 1506978 1705538 0230613 0000768 0000769 0311448 0016733 0007776 0205123 1176472 2700441 0004936
