 1513492 1705994 0004462 0005528 1317949 1720655 1947974 3495449


 0442532 0033727 0369286 0441932 0564385

 1704729 0023973 0021622 1272753 0562547 3160718 0023973 0221193 0013849 1705961 0024492 1538057 1547565 1272684 1548435 0520510 0557061 2584313 1514811 1706462 1720655 1947974 0165073 0033684 0524851 0012634 0030664 0205469 0677042
 1292732 0441712 0165073 0231174 0680095 0524851 1522560 0012634 0243107 0678723 1527148 0008073
 0150312 0007292 0026046 0205266 0725813 1554187 0025979 0010853 1748451 1720655 1947974 0165073 0560560 0578671 1269909 1299988 2699029
 1273517 0242940 0026018 0042655 3463807 1301820 1706701 1704254 1704922 3542466 0032136 0033684 1258415 0120285 1818826 0033684 0303920 0332583 1522485 1708632 2349975
 0150312 0678594 0332256 2700400 0165073 0040802 1555670 1637379 0004461 0560560 0680968 0680220 1550010 0678594 1521970 0027834 1441672
 0597177 0332256 2700400 0165073 0015663 0456962 0005528 1317949 3495449 0026609 0027882 0085139 1513492 1521991 1622129 1705994
 0681814 1720655 1947974 0165073 0332281 1704241 0332256 2700400 0085139 1622129 0165073 0700364 1883351 1166789 0013352 0332256 1622677 1704241 2700400
 1515653 0005507 0243073 1510438 1524063 1882598 0006104 0034693 0034721 1269537 0034861 0033684 1514798 0443289 1704675 0740116 1720655 1947974 2827735 2981700 0165073 1518422
 2607943 2926606 3539655 1705535 0004462 0005528 1317949 3495449 0441712 1706376 1709305 2745955 1513492 1705994 0332257 1335532 0015576 1704727 0178766 0005528 1317949 3495449 0085139 1622129 1179106 0033684
 1705313 1720655 1947974 0165073 0004462 0005528 1317949 3495449 0004461 0085139 1622129 0013352 1622677 0520510 0557061 2584313 1514811 1706462 0085401 2700455 0033684 1720655 1947974 0004461 0027882 0033414 1706853 1879748 1513285 1293130
 1720655 1947974 0025255 1145667 1167622 0014442 0014445
 0002395 1521724 0012634 0949664 1720655 1947974 0085400
 1720655 1947974 0004462 0004461 0005528 1317949 3495449 0871208 1521828 0332290 1524057 0231174 0680095 0332149 0441712 1705910 1706376 2362652 0949664
 0165073 0033684 0024501 0205266 0872403 1314939 1947912 0031843 0542341 0700205 1705273 1157723 0851285 1327622
 0681829 0947630 1547282 0165073 0004461 0560560 0578671 1269909 1299988 2699029 0449432 1705248 0040802 1555670 0449432 1705248 0004462 0005528 1317949 3495449 0004461
 0165073 0150312 0449450 0030567 1521736 2681933 0012634 0752347 0250088 0868928 1533148
 0004462 0005528 1317949 3495449 0004461 0441712 1441414 1553874 1578820 1706376 0030567 1521736 2681933 0012634 0543483 0699748 1314939
 0243132 1554210 2745955 0165073 0524851 0012634 0205418 1627358 2349975 0165073 1705535 1517892 1704666
 1704970 0027882 0004462 0005528 0442799 0449913 1317949 1553451 1704459 3495449
 1292732 0004462 0005528 1317949 3495449 0165073 0005528 1317949 3495449 0332149 0441712 1705910 1706376 2362652 0012634 1314939 0015272 1720655 1947974 0030664 0205469 0677042
 0150312 1720655 1947974 0165073 0040802 0678536 1555670 1514721 2348147 3542016 0598954 0004462 0005528 1317949 3495449 0004461
 0040223 0205435 1279901 1547282 3541383 0015663 0085139 0456962 0589502 1513492 1622129 1705994 0005528 1314939 1317949 1720655 1947974 3495449 0165073 0037088 0243095 0439851 1521721 1704675 1947931 2825141 1720655 1947974 0085139 1622129
 0150312 0165073 0332281 0013352 0439784 0589500 1513492 1622677 1705994
 0302523 0700325 3244290 0162340 1314939 1720655 1947974 0004462 0005528 1317949 3495449 0004461 0679238 1521761 2827422
 0520510 0520510 0557061 2584313 1514811 1706462 0032136 2827421 0165073 0165073 1258415 0120285 0033621 1168438 1418943 3540567 0033684 0303920 0332583 0699952 2349975 3146294 1552738
 1258415 0085401 2700455 0120285 0033684 0303920 0332583 3146294 1552738 1720655 1947974 1258415 0120285 0033621 1168438 1418943 3540567 0033684 0303920 0332583 0699952 2349975
 0017837 0017817 0040676 0597298 0699952 1720655 1947974 0017837
 0036378 0036375 0022341
 0017837 0017817 0040676 0165073 0009015 0165073 3146294 0205145 1515974 2825164
 0032136 0017837 0017817 0040676 1416692 0023693 0085139 0337112 0699952 1306462 1524075 1622129 1881376 0740116 2827735 2981700 1416692 0017837 1825716 0017837 1136188
 0021622 0205476 1272753 1551730 1555265 0041703
 0003241 1979003 0312586 0003241 0021027 0439083 0439087 0071642 0030956 0442818 0002520 0001128 0034693 0034721 0165073 0439083 0439087 1883712 0010654 0034131 0522529 0017814
 1979003 0312586 0003241 0021027 0071642 0030956 0442818 0002520 0001128 0086418 0165073
 0005863 0359168 0003242 0003250 0003241 0021027 0746619 0010834 0521449 0205103 0337112 1524075 1550465 2827755 0003250 0003241 0021027 0746619 0869011 1512888 0041703
 0079604 0016318 0026018 0079603 0003242 0003241 0021027 0869011
 0041348 2937342 0220806 0869011 1719918 3272558
 1979003 0003242 0003241 0021027 0009219 0805701 0869011 0011318
 0003241 0869011 1136140
 0003241 0060520 0124209 0206359 1517892 1704666 0076308 0073197 0076306 0124209 0206359 0600322 0869011
 0243114 1998793 1720655 1947974 0597298 1998793 1552738
 0370003 2347026 0540173 0205390 0243114 0332152 0740175 1273517 1300072 1306673 1551432 1551969 1998793 2257086
 0040669 0040669 0014264 0332296 0812225 1150635 1705212 1705213 1880497 1996904 3273202 1521827
 0027882 0013935 0034693 0034721 0332173 0439228 0439505 1301820 0010453 0220814 0430400 2242979 1552738
 0028247 0039798 0087111 1522326 1533734 1705169 3538994 1258415 0120285 0033684 0165073 0303920 0332583 2349975 0332293 1522326 1442460 0439227 0028247 0010737 0010739
 0027882 0231441 0443218 2827483 1442473 0439232 0700321 0702093 1282918 2347166 0332282 0039798 0087111 1522326 1533734 1705169 3538994
 0027882 1524063 0439083 0439087
 1514534 0002778 0936012 1524024 0165073 0206243 0699809 0439787 0849355 1552738
 0012751 0033684 0205101 0205228 0040802 1555670 0449770 0599444 2752549 0203910 1305852 0007634 0182215 0242821 0444706 0460148 1268086 1269647 1295726 1704653 1948049 3541902 0004461 0439801 1549649 2349209 0205094
 0027882 0041348 2937342 1524063 0003241 0021027 0001271 1515981 1524063 0076308 0073197 0076306 0124209 0206359 0600322 0218063 0443161 0699900 1265875 0025979 0010853 1517586 1709305 0012634 0348080 1705253
 0026022 0026018 0027882
 0200765 0002778 0936012 1524024 1704254 1704922 3542466 0884358 0439586 1442464 0439227 1704254 1704922 3542466 0444499 0205436 0457385 0565930 1272706 1516695 1516698 1561503 1705190 0457385
 0449381 0024763 0175674 0546881 1524063 0037585
 0678594 0221191 1883351 0560560 0012727 0369637 0441923 1704254 1704922 3542466 1522609 0026649 0678594 0027882
 0012725 0012727 0456080 2347509 0369637 0441923 0750591 0750501 0205393 0332148 0750492 0678226 0231239 2987476 3146286 0012634 0348080 1705253 1282914 0007634 3282337 0004462 0678226 1550030 0005528 1317949 2987476 3146286 3495449
 0040223 1632851 0444706 3541902 0205171 0678594 1720467 1269909 1299988 2699029 1550010 1269909 1299988 2699029 0040223 3541383
 1167624 1947902 2827499 0231441 0443218 2827483 0560267 0991865 0006353 0031603 0031701 0036082 1601799 0444499 0146951 0133689 0242759 0456692 1442446 0439232 0700321 0702093 1282918 2347166 0449604 0205145 0028778 0332206 2983591 0560267 0036774 0036773 0728877 0036820
 0027882 1720655 1947974 1524063 1979003 0312586 0003241 0021027 0165073 1515981 0439083 0439087
 0475264 1744691 1720655 1947974 0165073 0027882 0085139 1622129 2986582 1524063 0003250 0003241 0021027 0746619
 0027882 0439586 1442464 0439227
 1704254 1704922 3542466 1516695 1516698 1524063 0181839 1706379
 0010453 0006353 0034584 2678549 1882074 0020283 0450407 0450408 0450409 0037494 0008203 0037473 0596019 0597484 0037508 1171560 1556062 0016327 0037473 0597484 0029366 0037473 0597484 0013618 0001128 0202406 0580272 1519043 0001128 0202406 0031493 0016327 2827734 2981698 0146951 0133689 0242759 0560267 0037506 0074769 0058632 0037473 0038720 0475337 0597484 3536965 0444499 0560267 0037500 0037473 0086123 0597484 0033607 3536890 0030946 1947941 1999216 0331965 0008848 0868963 3262831 0020746 1439852 0456693 1442458 0439232 0700321 0702093 1282918 2347166 0439267 0179834 0456693 1442458 0439232 0700321 0702093 1282918 2347166 0450376
 1550101 0849355 0033684 0423896 0456205 0005507 0243073 1510438 0005507 0243073 1510438
 0021069 1979003 0003241 0021027 0011318 1979003 0003241 0021027 0439083 0439087 1524062 1550101 0301871 0060916 0086376 0033684 0036681 0205409 0439267 0589502 1548221 1883712 1136140
 0301871 1548982 0040223 1632851 0033684 0020985 0442726 1511790 1882443 0010834 0521449 0205103 0337112 1524075 1550465 2827755 0003250 0003241 0021027 0746619
 0597301 0243114 1998793 0025663 0449851 0871511 0017837 0302828 0947322 1442085 1527178 1705426 1705938 3263700 1136140
 0185117 0162768 0033684 0332466 1293131 0017837 0444499 1418486 0013352 0205263 1622677 2945717 1292425 0439227
 0993610 0033607 3536890 0991865 0006353 0030946 0031603 0031701 0036082 0205197 0332256 0725685 1601799 1947941 1999216 2700400
 0146951 0133689 0242759 0945818 0086045 0205088 1446561 1524062 1546485 0560268 2349105 0038960 1382107 1705537 0456693 1442458 0439232 0700321 0702093 1282918 1439852 2347166 0450376 0085631
 0332282 0007703 0456692 1442446 0439232 0700321 0702093 1282918 2347166 0450376 1550101 0332256 2700400 0162768 0033684 0332466 1293131 0017837 0036682 0017817 0036681 0450375 1439852 1442450 0439227 0564385 0450376 0085631
 0991566 0007703 1516695 1516698 0439267 0470296 0439232 0700321 0702093 1282918 2347166 0450376 0040223 1632851 0007703
 0033684 0017837 0036774 0036773 0728877 0071500 0017243 0071499
 0242210 0033684 0312860 0036682 0017817 0036681 0332297 0450375 0991566 1145667 1167622 1689898 2349209 1882598 0001675 0006104 0034693 0034721 1269537 1439852 1706450 1720655 1947974 0312860 2678549 1882074 0020283 0450407 0450408 0450409 0037494 0008203 0037473 0596019 0597484 0037508 1171560 1556062 0016327 0037473 0597484 0029366 0037473 0597484 0013618 0001128 0202406 0580272 1519043 0001128 0202406 0031493 0016327 2827734 2981698 0560268 2349105 0068940 0439509 0033607 3536890 0030946 1947941 1999216
 0991566 0439267 0441436 0993610 1998480 0470296 0439232 0700321 0702093 1282918 2347166 0450376 0991566 1548982 0040223 1632851 0037506 1318391 0058632 0074769 0006353 0013855 0037473 0038720 0071499 0370003 0475337 0597484 2347026 3536965 0332256 2700400 0012789
 0033684 0017837 0949466 0003241 0085139 1622129 0013352 1622677 1720655 1947974
 1274040 1546471 2825142 0520510 0557061 2584313 1514811 1706462 0004462 0005528 1317949 3495449 0165073 0026046 0205266 0725813 1554187 0027882 0010453 0220814 0430400 2242979 0021135 1533691 2827718 1708065 0439228
 0205390 1300072 1306673 0027882 1513822 1705739 1882071
 0205265 1292732 0011546 0439857 2698668 0165073 0025979 0010853
 0332293 1522326 0010453 0028247 0001271 0010737 0010739
 0039798 0087111 1522326 1533734 1705169 3538994 0206243 0699809 0439227 0040223 3541383 0150312 0449450 0085103 0205107 1515981 0017446 0205147
 0871208 1521828 0027882 0444706 0449770 0012751 0033684 0205094 0303920 0040802 1555670 1272706 0439086 2827736 2981702 1292426 0439227
 0010453 0332293 0028247 1522326 0010737 0010739 0003241 0021027 0041348 2937342 0076308 0076310 0073197 0076306 1613323 0031312 0124209 0206359 0600322 1711411 0332453 0025979 0010853 0450344 1553633
 1517001 0039798 0087111 1522326 1533734 1705169 3538994 1156031 0026046 0301644 1274040 1546471 2825142 0041348 0205216 0392756 0442797 0487602 0522510 1704680 2937342
 0005528 1317949 3495449 0165073 0311403 0026046 0028247
 1280500 2348382 0165073 1258415 0085401 2700455 0120285 0033684 0303920 0332583 2348205 0332162 0005528 1317949 3495449 1258415 0085401 2700455 0120285 0033684 0303920 0332583 0439831 0450345 1553033
 0205449 1442458 0439227 2825407 0456693 1442458 0439232 0700321 0702093 1282918 2347166 0165073 0700364 2986417 0027882 0332155 1707455 0005528 1317949 3495449 0392756
 1280500 2348382 0165073 0441712 1706376 1314939 0750558 1710571 0085103 0086597 0127400 0332523 2825977 0028247 0205263 1517001 0033684 2348205 0005528 0871208 1317949 1521828 3495449 0332523 0392760 1314939 2825977
 1518422 0332523 2825977 0087111 0015127 0439531 1948053 0681814
 0039798 0087111 1522326 1533734 1705169 3538994 0010737 0010739 0015127 1524003 1513822 1705739 1882071 1710394 1882475 1883351 0036974 0332521 0344329 1880118 0522510 0017446 0205147 0392756 0450344 1553633
 1280500 0028247 0344329 0392748 0025979 0010853 1748451 1518422 1280500 2348382 0027882 0450345 1553033
 1274040 1546471 2825142 1547282 0871208 1521828 0165073 0332291 0001271 0085862 0205266 1299583 1513822 1554187 1705739 1882071 0441712 1706376 0027882
 0449911 0333052 2607870 0557702 1272706 1704674 0557702 1272706 1704674 0349966 1337208
 2827734 2981698
 1720655 1947974 0005528 1317949 3495449 1166781 0010853 0026046 0205266 0725813 1554187 1748451
 0027882 1518422 0332293 1522326 0010737 0332293 0010739 1522326 0332454 0025979 0010853 1748451 0028247 0026046
 0041348 2937342 0003241 0021027 0041348 2937342 0003241 0021027 0332583 0001271 0076308 0076310 0073197 0076306 1613323 0031312 0124209 0206359 0442726 0600322 1511790 0332575 1260956
 1704254 1704922 3542466 0001271 0205090 1547282
 0687760 1551065 0369637 0441923
 0027882 0165073 2347469 1258415 0085401 2700455 0120285 0033684 0303920 0332583 1553033 0007634 3282337 0456693 0231441 0439232 0443218 0700321 0702093 1272706 1282918 2347166 2827483 0040669
 0027882 1518422 0332293 1522326 0332293 0028247 0439227 1522326 0040669 0010737 0010739
 0027882 0165073 0165073 1524063 0003241 0021027 1720655 1947974 1258415 0120285 0016315 0033684 0332583 0439851 0442726 1511790 1947931 2349975
 0012751 0033684 0205101 0205228 0040802 1555670 0449770 0599444 2752549 0203910 1305852 0007634 0182215 0242821 0444706 0460148 1268086 1269647 1295726 1704653 1948049 3541902 0004461 0439801 1549649 2349209 0205094
 1552961 2347617 1882932 0369637 0441923
 0242485
 0039798 0087111 1522326 1533734 1705169 3538994 0311403 0007292 0369773 2603361 1524063 1709320 0007292 0039798 0087111 0392760 1314939 1522326 1533734 1705169 3538994 0010737 0010739 0369773 2603361 1513822 1705739 1882071 0205224 0165073
 0597177 0332256 2700400 0560560 0578671 1269909 1299988 2699029 2827421 0026649 0332256 2700400 0678594 0007634 1548795 1634625 2982691 3282337 0030695 0150369 0181904 0596972 0439586 1442464 0439227 0040669 0349966 1337208 2936424 0520510 0681495
 0680220 0016315 0549178 1441672 0004461
 0017446 0205147 0004461 0016315 0205251 1299352 1550472 0332149 1705910 2362652 0678594
 0597177 0440102 0456389 0439831 0026649 0015272 0439531 1948053 1550010
 1955473 0016315 0522510 1883351 0392756 1883351 0683607 1511790 0868928 1706255 1706256 0680220 0026046 0205379 0004461
 0439227 0165073 0205393 1720655 1947974 0440102 0442726 0456389 0678594 1511790 0205392 3540770 0439831 0560560 0871208 1521828 0439531 1948053 1550009
 0678594 0332256 2700400 0165073 0205172 0026046 0332268 1441672 0165073 1258415 0120285 0085401 1421563 2700455 0033684 0303920 0332583 1707455 1720655 1947974 2349975
 0349966 1337208
 0013352 1622677 1547282 0332168 0332256 2700400 2347469 0678594 0013352 1622677
 0597177 0589502 0560560 0578671 1269909 1299988 2699029 0597177 0560560 0578671 1269909 1299988 2699029
 0175168 1510464 0678594 1258415 0349966 1337208 1547282
 0013352 1622677 0040594 1524063 0037585 0449738 0449243 1704250 0349966 1337208 1547282
 0013352 1622677
 0597177 1882932 0032659 0542339 1257890 1264637 1882932 0680220 0567305 0302523 0700325 1550010 1964257 0439531 0042789 1947903
 0449911 0333052 2607870 0557702 1272706 1704674 0557702 1272706 1704674 0349966 1337208
 0740116 2827735 2981700
 1720655 1947974 0678594 0560560 0578671 1269909 1299988 2699029 0871208 1521828
 0027882 1258415 0120285 0033684 0303920 0332583 2349975 0439586 1442464 0439227
 0026649 0030695 0150369 0181904 0596972 1521743 1704646 1524063 0200765 0002778 0936012 1524024 1704254 1704922 3542466
 0180979 0872291 0040223 1272706 1444656 1883727 3541383 0457385 1547282 1704254 1704922 3542466 0560560 0871208 1521828
 0180979 1547282 0589502 0439784 0589500 0026649
 0042789 1947903 2936424 0520510 0681495 0740116 2827735 2981700
 0589502 0546881 0589502 1547282 2347469
 0013352 1622677 0589502 2347469 1547282 0589502 1553033 0439784 0589500 0013352 1622677 0597177
 0042789 1947903 2936424 0520510 0681495
 0013352 1622677 0546881 1547282
 0687760 1551065 0369637 0441923
 0449381 0332256 2700400 1524063 0037585 0039224 1706073 1706074
 1274040 1546471 2825142 1547282 2348205 0175168 1510464 0678594 1258415 1707959 0040223 3541383 0680968 1550009 0033684 0332232
 0444504 0871208 1521828 2347634 2348143 0488347 0489607 0175168 1510464 0678594 1258415 0085401 2700455 0332173 0439228 0439505 0027834 0332173 0439228 0439505 0678579 0070435 1325815
 1514721 2348147 3542016 1258415 0120285 0085401 1421563 2700455 0175168 1510464 0033684 0303920 0332256 0332583 0678594 1720655 1947974 2349975 2700400 0332173 0439228 0439505 2348205 0070435 0684224 0700287 1325815 3496591 0332173 0439228 0439505
 0175168 1510464 0678594 1258415 0560560 0578671 1269909 1299988 2699029 0589502 0037640 0449738 0040223 3541383 0439784 0449738 0589500 1515981 0026649 0040223 3541383
 0678594 0589502 0449738 1269909 1299988 2699029 0026649 0040223 3541383 0439784 0449738 0589500 1515981 0026649 0040223 3541383
 0444504 0871208 1521828 2347634 2348143 0015663 0456962 0332173 0439228 0439505 1514721 2348147 3542016 2830144 0332173 0439228 0439505
 1274040 1546471 2825142 1705535 0441712 0005528 0165073 1314939 1317949 3495449 0010852 1720655 1947974 0027834
 0449911 0039224 1706073 1706074 0557702 1272706 1704674 0557702 1272706 1704674 0039224 1706073 1706074
 0449381 0332256 2700400 1258415 1454490 1335665 1258415 0085401 2700455 0120285 0033684 0303920 0332583 0175168 1510464 0678594 1258415 0085139 1622129 1258415 0085401 2700455 0120285 0033684 0303920 0332583 0175168 1510464 0678594 1258415 1441672 0560560 1513492 1705994 0085139 1622129 0026649 1314939 0033684 1547282 0070435 1325815
 0475264 1744691 0001613 0007776 0022655 0027882 0034693 0034721 1292732 0439586 1442464 0231441 0439227 0443218 2827483 0085139 1622129 0349966 1337208
 1709707 0332256 2700400 0079604 0242842 0600395 0016318 0023089 0026018 0079603 0205396 0458142 1023865 1550043 1551388 1706315 0332281 0085139 1622129 0349966 1337208 0336721
 1518422 0165073 0332256 0444868 0678594 1720655 1947974 2700400 3539085 0085139 1622129 0680220 0040223 1550010 3541383 0302523 0700325 1964257 1883351 1517001
 0449911 0333052 2607870 0557702 1272706 1704674 0557702 1272706 1704674 0349966 1337208
 0439086 2827736 2981702
 1258415 0085401 2700455 0120285 0033684 0303920 0332583 0175168 1510464 0678594 1258415 0085139 1622129
 0027882 0439586 1442464 0231441 0439227 0443218 2827483 0085139 1622129 0242842 0600395 0023089 0026018 0458142 1023865 1706315
 1704254 1704922 3542466 1547282 0205146 0336721 0597879
 0687760 1551065 0369637 0441923
 1720655 1947974 0165073 0085139 0301871 1622129 0165073 0013352 1622677 0301871 1258415 0085401 2700455 0120285 0033684 0303920 0332583 1258415 0120285 0033684 0303920 0332583 0015272 0475264 1744691 0205117 0332282 1883708 0165073 0150312 0449450 1513492 1705994 0598954 0004462 0005528 1317949 3495449 0004461 0085139 1622129 0013352 1622677
 0681814 0004927 1524063 0003241 1720655 1947974 0349966 1337208 0441833 1999270 3537156 0165073 0349966 1337208 0441833 1999270 3537156
 0301871 0949466 1524063 0003241 0349966 1337208 0441833 1999270 3537156 0205103 0337112 1524075 1550465 2827755 0349966 1337208 0441833 1999270 3537156
 1720655 1947974 0165073 0085139 1622129 0301871 0085139 0439175 0439810 1622129 2827734 2981698 0085139 0439175 0439810 1622129 2827734 2981698
 1449705 0021069 0085139 1622129 1518422 0037494 0392760 1314939 1883712 1959973 1704675 2986815 1511726 3245479 1518422 1547282
 0165073 0013352 0205103 0337112 1524075 1550465 1622677 2827755 0301871 0444499 0205103 0337112 1524075 1550465 2827755 1517586 0012634 0301871 0348080 1705253
 1720655 1947974 0165073 0439855 1704241 2987476 0085139 1622129 1882598 0006104 1269537
 1274040 1546471 2825142 0680240 1551058 0947630 1705535 0439851 1947931 1704675 0085139 1622129 0165073 1515981 0013352 1622677
 0449911 0333052 2607870 0557702 1272706 1704674 0557702 1272706 1704674 0349966 1337208

 1720655 1947974 0165073 0085139 0301871 1622129 0165073 0013352 1622677 0301871
 1882598 0006104 0034693 0034721 1269537 0301871 1524063 0003241 1720655 1947974 0441833 1999270 3537156 0165073 0441833 1999270 3537156
 0301871 0949466 0003241 0085139 1622129 0441833 1999270 3537156 0013352 1622677 0441833 1999270 3537156
 0003241 0021027 0301871 0085139 1622129 0013352 1622677
 0165073 0301871 0085139 1622129 0013352 1622677
 0005516 3152252 0205091 1552822 1547282 1532717
 0004083 0439849 0596306 0699792 0017837 0017817 0040676 0165073 0392148 1704241 1720655 1947974 0165073 1292732 1524063 0017837 0017817 0040676 1720655 1947974 0017837 0017837 0017817 0040676 0165073 0017817 0036681 0332297 0991566 1145667 1167622 1689898 2349209 1882598 0001675 0006104 0034693 0034721 1269537 1439852 1706450
 0033684 0037506 0058632 0074769 0013855 0037473 0038720 0071499 0086972 0443299 0475337 0597484 0687118 3536965 0949466 0003241 0085139 1622129 0013352 1622677 0349966 1337208
 0597879 1441672 1882443 1720655 1947974 0017837 0017837 0017817 0040676 0165073 0580846 0681814 1273517 0597879 0205397 0017837 0017817 0040676 0205171 0439044 0679994 1553637 2347469
 0597879 1441672 0017837 0017817 0040676 0991566 0006104 1269537 1439852 0597879 1441672 1524063 1720655 1947974 0013352 1622677
 0392360 3146298 0004083 0439849 0596306 0699792 0165073 1705535 0165073 0150312 0449450 0013352 1622677
 0449911 0333052 2607870 0557702 1272706 1704674 0557702 1272706 1704674 0349966 1337208
 0439084 0728893
 1720655 1947974 0017837 0017837 0017817 0040676 0165073 1180347 0332256 2700400 0085139 1622129 0017837 0017817 0040676 0165073 1180347 0332256 2700400 0013352 1622677
 0949466 0017837 0017817 0040676 1439852 1720655 1947974 0017837 0017837 0017817 0040676 0165073 0017817 0036681 0332297 0991566 1145667 1167622 1689898 2349209
 0033684 0949466 0003241 0085139 1622129 0013352 1622677 0013352 1622677
 0441833 1999270 3537156 0589502 2347469 1547282 1704675 0017837 0017817 0040676 0165073 0006104 1269537
 1704675 0013352 1622677 1553033 0017837 0017817 0040676 0165073 0013352 1622677
 1704675 0006104 0442726 1269537 1511790 0017837 0017817 0040676 1439852 1998793 0205171 0439044 0679994
 1261322 1516048 1416692 0250875 0023693 0085139 0337112 1306462 1524075 1622129 1720655 1881376 1947974 1547282 1883351 1145667 1167622 0439064 0747726 0085139 1622129 0005528 1317949 3495449 0085151 3538722 1456454 0033665 0002716 0011560 0033684 0611285 1709634
 1883351 1516048 0085732 0250576 0670902 0033684 1720655 1947974 0165073 0017837 0017817 0040676 0017837 0017817 0023693 0040676 0085139 0337112 1306462 1524075 1622129 1881376 1416692 0017837 1415329 1825716 1416692 0017837 0017817 0023693 0040676 0085139 0337112 1306462 1524075 1622129 1881376 1825716 0017837 0017817 0036681 0332297 0991566 1145667 1167622 1689898 2349209 1882598 0001675 0006104 0034693 0034721 1269537 1439852 1706450
 0033684 0037506 0058632 0074769 0013855 0037473 0038720 0071499 0086972 0443299 0475337 0597484 0687118 3536965 0949466 0003241 1720655 1947974 0349966 1337208
 1882598 0006104 0034693 0034721 1269537 1720655 1947974 0175723 0439064 0700364 1882932 0597298 1553638
 1705920 0442726 0580846 1511790 1882598 0006104 0034693 0034721 1269537 1524063 1416692 0017837 1825716 0017837 1553638
 0597879 1441672 0243148 1550141 1882979 2587213 3274648 0017837 0017817 0040676
 0681814 1720655 1947974 0439855 1704241 2987476 0085139 1622129 1518422 0376649 1442065 1720655 1947974 1145667 1167622 0085139 1622129 1947931 0872079 1704675
 1883351 1292732 0034861 0085401 2700455 0033684 1720655 1947974 0017837 0017817 0040676 1439852 1998793 1416692 0017837 1825716 0017837 1720655 1947974 0949466
 0243122 1145667 1167622 1416692 0017837 1825716 0017837 1441672 0243122 1145667 1167622 1720655 1947974 0017837 0017817 0040676
 1274040 1546471 2825142 1720655 1947974 1145667 1167622 1416692 1947931 1825716
 1979874 0442726 0165073 0165073 1825716 1511726 3245479 1518422 1547282
 1274040 1546471 2825142 0243148 1524062 1550141 1882979 2587213 3274648 0243122 1145667 1167622 1416692 1825716 0205369 1552740 1705535 0165073 1882598 0006104 1269537 0033684 0086597 0127400 1524062
 0002778 0936012 1524024 0165073 1273518 0005528 1317949 3495449
 0449911 0333052 2607870 0557702 1272706 1704674 0557702 1272706 1704674 0349966 1337208

 1720655 1947974 0017837 0017817 0040676 1416692 1825716 0017837
 0949466 1705493 1720655 1947974 2347469 0312586 0003241 0021027 0182400 1704681 2347609 3536729 1720655 1947974 0017837 0017817 0040676 1416692 0017837 1825716 0017837 0017817 0036681 0332297 0991566 1145667 1167622 1689898 2349209
 1720655 1947974 1720655 1947974 1704241 0332256 2700400 1720655 1947974 1882598 0017837 0017817 0040676 1145667 1167622 1416692 1825716 0017837 0017837 0017817 0040676 1518422 1998793
 0520510 0557061 2584313 1514811 1706462 1547282 1547282 1720655 1947974 0165073 0001613 0007776 0022655 0027882 0004462 0004461 0005528 1317949 3495449 0871208 1521828 0332290
 0150312 0449450 0005528 1317949 3495449 0165073 1513822 1705739 1882071 0007292 0005528 0033684 1317949 1880019 3495449 0392148 0028247
 0005528 1317949 3495449 0456693 1442458 0028247 0039798 0087111 0392756 0439232 0700321 0702093 1282918 1522326 1533734 1705169 2347166 3538994 3274784 0028247 0040223 3541383 0849355 1883720 3244314 1513822 1705739 1882071 0015127 1314792 1524003 0026649 1947925
 1280500 0005528 1317949 3495449 0165073 0700364 1883351 0231204 2827758 0439232 0700321 0702093 1282918 2347166 0005528 1317949 3495449 0150312 1705241 1705242 0005528 1317949 3495449 1720655 1947974 0165073 0302523 0700325 1964257
 1280500 0004462 0005528 0027834 0233660 0332206 1317949 3495449 1441672 0439232 0700321 0702093 1282918 2347166
 0589502 0750482 0205421 3272602 1280500 2348382 0004462 0005528 1317949 3495449 0004461 0026237 0684224 0700287 3496591 0026649 0028247 0039798 0087111 0392756 0439232 0700321 0702093 1282918 1522326 1533734 1705169 2347166 3538994 0007608 0678835 1510470 0456693 1442458 0439232 0700321 0702093 1282918 2347166
 1513822 1705739 1882071 0004462 0007292 0029219 0871261 1704632 1706817 2911692 0026649 1705535 0441712 0231204 2827758 0449286 0542560 1261322 1552578
 0441833 0687744 1257890 1552516 1552839 1705428 1705429 0070435 1325815 0041348 2937342 1720655 1947974 0165073 0005528 1317949 3495449 0439834 0449432 1705248 0015272 0026649 0012173 1337615 0033684 1527428 0439835 0678579
 0005528 0871208 1317949 1521828 3495449 0234108 1705536 0560560 0439755 1637379 0425946 0439531 1948053 0033684 0205393 1550010 0683454 0021966 0221138 0456603 1547037 0005528 0871208 1317949 1521828 3495449 0678579
 0242940 0026018 0042655 3463807 1292732 0005528 1317949 3495449 0165073
 1524063 0042655 3463807 0011923 0079595 0085732 1299581 1947931 0026649 0165073 0027882 0032136 0033684
 0868928 1706255 1706256 1720655 1947974 0165073 0442726 1511790 0678594 1269909 1299988 2699029 0521114 0004461 0871208 1521828 0332290
 0026649 0332183 0443239 0488347 0489607 1512900
 0021069 0150312 1720655 1947974 0165073 0332281 1947931 1704241 0332256 2700400 0015663 0085139 0456962 0589502 1513492 1622129 1705994 0165073 0150312 0439855 0449450 1704241 0013352 1622677
 1299582 0442726 1449705 0021069 1720655 1947974 1517586 0012634 0348080 1705253 1273517
 1441672 0026649 0027882 0332148 0750492 1720655 1947974 0750490 1706221 1521761 2827422 0332298 2587213 0598953 0005528 1317949 3495449
 0332196 2828389 1707455 0165073 0004093 1762617 1704675 0013352 1622677 0013352 0033684 1622677 0021069 0332454
 0165073 0543488 0684224 0700287 1444656 0004083 0439849 0596306 0699792 1512693
 0165073 0237876 0871161 1292721 0678594 0010834 0348078 0376315 1522492 1512693 0242608
 0557651 2603343 1441672 1705241 1705242 0165073 1720655 1947974 1149264 1166790 0085139 0243122 0439855 1145667 1167622 1622129 1704241 1416692 1825716 0165073 1518422 1145667 1167622 1416692 1825716
 1274040 1546471 2825142 1720655 1947974 0165073 0205393 0750492 0015663 0456962 0005528 1317949 1513492 1705994 3495449 1705241 1705242 1513492 1705994 1720655 1947974 2698977 1149264 0085139 0243122 1145667 1167622 1622129 0165073 0033684 0348078 0376315 1522492 0439855 1704241
 0007608 0678835 1510470 0332290 0332256 2700400 0010852 0027834 0042666 1325833 1421451 0070435 1325815 0041348 2937342 0678579 1705417 0004927 2707008 0560560 0578671 1269909 1299988 2699029 0026046 1637379
 2607943 2926606 3539655 1547282 0010852 0039869 1883351 0005528 1317949 3495449 0598956 0004462 0005528 0205171 0439834 0449432 1317949 1705248 1720467 3495449 0750492 0015663 0456962 1269909 1299988 2699029 0332257 0085139 1622129 0013352 1622677
 0947630 1547282 0026649 0027834 0680968 0040223 3541383 1301808 1442792 3148680 0871208 1521828 0439834 0678579
 0150312 1720655 1947974 0040223 1550010 3541383
 0449381 0027882 0004897 2348205 0070435 1325815
 0439830 1547053 1421563 1720655 1947974 1258415 0120285 0332173 0439228 0439505 1514721 2348147 3542016 0005528 0027834 0332173 0439228 0439505 1317949 3495449 0678579 0005528 1317949 3495449 0449432
 0165073 0332290 1547282 1709707 0598954 0004462 0005528 0015663 0449432 0456962 0560560 0578671 1269909 1299988 1317949 1705248 2699029 3495449
 0165073 0332281 1882598 0006104 0034693 0034721 0333262 1269537 1518422 0449381 0010852
 0597177 0332173 0439228 0439505 0015663 0456962 0332173 0439228 0439505 1517331 1705535 0441712 0004083 0439849 0596306 0699792 1513492 1705994 0165073 0004462 0005528 1317949 3495449 0004461
 0205419 0033684 1547282 1883351 0085139 0750490 1622129 1706221 0332464 1707959 0005528 0871208 1317949 1521828 3495449 0332173 0439228 0439505 0085151 3538722 0033665 1456454 0002716 0011560 0033684 0611285 1709634 0005528 0871208 1317949 1521828 3495449 0449445 1292724 0332173 0439228 0439505 0205419 0005528 1317949 3495449 0205397
 0557651 2603343 0004462 0005528 0205234 1285542 1317949 1720655 1947974 3495449 0165073 0947630 0332302 0851285 1327622 0004462 0005528 1317949 3495449 0004461 0029219
 1707959 1514559 3161035 2259163 0497528 0021467 0021469 0449432 1274040 1546471 1628982 2825142 3463820 0005528 1317949 0026237
 1441414 1553874 1578820 0441712 1706376 2259163 0005528 0021467 0021469 1314939 1317949 1628982 3463820 3495449 1720655 1947974 0679932 1720655 1947974 0015127 1524003 0085139 1622129 0005456 0026046
 1511726 3245479 1705535 1720655 1947974 0085139 1622129 1947931 0681841 1514559 1720655 1947974 0333312 0085139 1622129 0309872 1513492 1705994 0683607 0026237 0599444 2752549 0007634 0242821 0460148 1268086 1269647 1704653 1948049
 1720655 1947974 1514559 0678851 0005528 1317949 3495449 0849355 1883720 3244314 1720655 1947974 1518422 0018790 0237477 0392351 0521111 0005528 1317949 3495449 0004462 1705535 0026649 1518422 0026046 0311403 0442802 1522408 1704806 1720655 1947974
 0205463 0237881 0750502 1441672 0015663 0456962 0005528 1317949 1720655 1947974 3495449 0165073
 0012634 0348080 1705253 1265611 0205217 0442805 0456603 1547037 0026046 0332297 1145667 1167622 1689898 2349209 0392747 1707959 0031715 1158886 0026882 1280500 0005528 1317949 3495449 0392760 1314939
 0165073 1547282 0596988 0165073 0015127 1314792 1524003 1832428 0348078 0376315 1522492 0243122 1145667 1167622
 0684224 0700287 3496591 0165073 0015272 0178766 0005528 1317949 3495449 1883559 0165073 0332307 0445392 1547052 1707455 0557651 2603343 1518422 0442726 1280500 0031119 0025936 0003069 0025914 0025929 0026809 0165073
 0332453 0165073 0524851 0012634 1709305 2745955 0175996 0178719 0205418 0220781 0439634 1274040 1522492 1546471 2825142 2754100 0007587 0007634 0011065 1269647 1306577 1704653 1948049
 1707478 0557651 2603343 0439659 1883351 0441712 0004462 0007292 1720655 1947974 0165073 0238767 1706086 0205309 1883351 0524851 0012634 1314939
 2348205 0007292 0033684 0871208 1521828 0165073 0005528 0015663 0086597 0127400 0456962 1317949 3495449 1513492 1705994 0332257 0085139 1622129 0013352 1622677
 0043227 0018173 1521721 0079816 1556038 0035168 0205476 0242481 1551807 0037455 0037455 0030567 1521736 2681933
 2986676

 1720655 1947974
 0036378 0036375 0022341 0032136 0017837 0017817 0023693 0040676 0085139 0337112 1306462 1524075 1622129 1881376 0740116 2827735 2981700 1136188
 0021622 0205476 1272753 1551730 1555265 0041703
 2825232 1415570 1514811 1706462 0520510 0557061 2584313 1514811 1706462 0021966 0221138 0013352 1622677 1832110
 0033727 0369286 0441932 0564385 0369773 2603361
 0369718 0441922 1553036


 0025914 0025929 0026809 0332268 0285890 1420276 0165073 0439095 2003941 2350010 1705417 2987487
 0027882 0025141
 0369773 2603361 2347469
 0033727 0369286 0441932 0564385 0369773 2603361

 0402830


 0017789 0220839 0439834 0004462 0005528 1317949 3495449 0027882


 0369773 2603361
 2347469
 0033727 0369286 0441932 0564385 0369773 2603361

 0402830


 0031715 1158886 0004462 0005528 1317949 3495449


 0678579
 2347469 2347469


 0333562 1621982 0231174 0680095 1707310 0332152 1522538


 1417055

 0025141 0205090 0684010 2603358 0439267

 1704675 0007603 0025255 0032105 0596901 1550098 1706182 0016538 0033363 0086597 0127400 0205088 0348018 1705314 1705315 1720655 1880389 1883221 1947974 3541951


 0000857 0600678 1552863 0678579

 0004462 1179949 1519624 0005528 1317949 3495449



 0597277 1708601 0013352 1622677 0369718 0441922 1553036
 2347469 0597277 1708601
 2347469 0999213


 0333668 0039065 0332161 0599946 0871261 1292856 1948023 0025914 0025929 0026809 0332268 0285890 1420276 0165073 0439095 2003941 2350010


 0016327 0439133 1553038 0033727 0369286 0441932 0564385
 2347469 0013352 1622677
 0181107 0205090 0684010 2603358
 0439267 1556085


 0205173 1705764 1705765 0206745 0025914 0025929 0026809 0245467 1420278 0165073 1280500 2348382
 1418943

 0268596 2700624
 3642273
 0041703 0454845
 2603362
 0369637 0441923


 0031809 0205485 1509143 0243178 0871161 1292721 0035820 1705810 1706853 1879748

 0027960 0324740 0439189 1456781 1824986

 0025141 0683432 1424053 0205090 0684010 2603358

 0016327 0439133 1553038

 0004462 0178766 0005528 1317949 3495449 0002395 1521724 0012634 0332281 0392747 0443172
 2347379
 0025141 0205090 0684010 2603358 2603360
 0439267 1416746 1862225
 1555429 2603362
 0033727 0369286 0441932 0564385 0597277 1708601
 0369773 2603361 2347469
 0033727 0369286 0441932 0564385 0369637 0441923

 0026882 0871161 1292721 0001721 0031715 1158886

 0025141
 0439267 0369637 0441923


 0815043 1527118 0007613 0031843 0542341 0700205 1705273


 0000857 0600678 1552863 0205090 0684010 2603358 0597277 1708601 2347469

 1514559 0018790 0237477 0392351 0521111 0851827 1701901 3244310 2266273 0333262 0599896 0026237 0014239 0035295 0598268



 0369637 0441923

 1515926


 0025141 2347469
 0021966 0221138 0369637 0441923
 0439394 1706495 3642217
 0021966 0221138
 0369773 2603361
 2603360

 0369637 0441923

 0589507 1158830 1704686 0285890 1420276 0165073 0439095 2003941 2350010
 0036397 0205090 0684010 2603358
 0439394 1706495 3642217

 0752347 0085200 0242821 1995017 0282443 1552617 1524063 0021044 0285890 1420276

 0025141 2603360 1706757 0033727 0369286 0441932 0564385 0439267 0554249 0369637 0441923


 0332621 0439168 0007580
 2347379
 0025141 0016327 0439133 1553038 0597277 1708601
 1006780 0005680 0027567 0085756 0439541 0369637 0441923
 0369637 0441923 0369773 2603361


 0035820 1705810 0004462 0005528 1317949 3495449 0004461 0026046 0027834


 2347469
 2603360 0369773 2603361 0369637 0441923 0205090 0684010 2603358


 0007292 0599895 1159772 0005528 1317949 3495449

 3642273


 0871161 1292721 0035820 1705810


 0025141

 0085401 0085139 1145667 1167622 1622129 0443264 1879547
 0027817 0025141 0369773 2603361
 0033727 0369286 0441932 0564385 0369637 0441923
 0205090 0684010 2603358
 0439267 0369637 0441923

 0243122 1145667 1167622 0006104 0333262 1269537 0030567 1521736 2681933 0277558 0012634 0015576 0026882 0241888 1705285


 0201682
 0369773 2603361
 0033727 0369286 0441932 0564385 3495095

 0439267

 0004462 0005528 1317949 3495449 0086597 0127400 0449432 0871208 1521828



 0025141 1553033 0369773 2603361
 0439267

 0025252 1179949 0025255 0033684 0596901 1706182 0007294 0005528 0557651 2603343
 0027960 0324740 0439189 1456781 1824986

 0007634 1269647 1704653 1948049 0439267
 2347469 2945617
 0033727 0369286 0441932 0564385 0439394 1706495 3642217
 2603362

 0004462 0007292 0599895 1159772 0005528 1317949 3495449 0086597 0127400 0243122 0439851 1145667 1167622 1947931 1711351 0021966 0221138
 0027882 0025141 2603360 2603360 0033727 0369286 0441932 0564385 2603360 0597277 1708601

 0033640 0031727 0033684 1538659 0085400 0026029 0333262 0085401 2700455 0033684 1720655 1947974


 0000857 0600678 1552863 0021966 0221138 0597277 1708601

 0428479 0006104 0441889 1269537 0002395 1521724 0012634 0205250 3163633 0005507 0243073 1510438


 0025141 0205090 0684010 2603358 2603360 0013352 1622677 0033727 0369286 0441932 0564385
 2603360 0439394 1706495 3642217 0439114

 0596611 0026882 1705285 0030567 1521736 2681933 0012634

 0325074
 0025141 1825831 1837329 2347469 0013352 1622677 2347469

 0030664 0205469 0677042 0041623 1287401 0428132 2607943 2926606 3539655

 0025141 0439267 2603362
 2603360
 0175723 0439645 1521913 0033727 0369286 0441932 0564385 0439267

 1720655 1947974 0282625 0206364

 3642273

 0369637 0441923


 0949664

 2347961

 0025141 3495095 0369773 2603361
 0080045
 0439394 1706495 3642217 0369637 0441923
 0597277 1708601

 0004462 0005528 1317949 3495449 0001811 0439834 1518422 0030567 1521736 2681933 0277558 0012634 0015576 0026882 0241888 0392760 1314939


 0025141 0033727 0369286 0441932 0564385 3495095
 0439394 1706495 3642217 0439267
 0439267

 1956003 0031686 0031678 0033684 1149880 0026046 1521840 1446659 2700455 0026045 0085401 1421563 0026046 0033684 0332281 1720655 1947974


 0201682
 0439394 1706495 3642217
 0554204 0439114

 0035820 1705810 0025979 0001271 0004461 0011305

 0056167 1456376

 0025141 0021966 0221138 0369637 0441923 0439394 1706495 3642217

 2825879 0002716 0011560 0030956 0330390 0439096 0611285 2004068 2349975 0285890 1420276 2987487 0030567 1521736 2681933 0012634
 1418943

 0268596 2700624
 3642273
 0041703 0021966 0221138 0597277 1708601
 2603362 0205090 0684010 2603358


 0871208 1521828 0041348 2937342 0026045 0026042 0026046 0033684 0332281 0332120 0026046 1515655


 0000857 0600678 1552863
 0439267 2603362
 0016327 0439133 1553038 0205090 0684010 2603358
 0369637 0441923
 0369637 0441923
 0033727 0369286 0441932 0564385

 0285890 1420276 0165073 0439095 2003941 2350010 0150312 0449450 0030567 1521736 2681933 0012634 0205422
 0027960 0324740 0439189 1456781 1824986
 0033872 0033873 0025141 0033727 0369286 0441932 0564385 2603360

 0348078 0376315 1522492 0597162 1709450 0010851


 2347379

 0025141
 2347469 0205090 0684010 2603358
 0439267
 0369637 0441923

 1512693 0752347 0012634


 1417055

 0025141 2603362 0369718 0441922 1553036

 0026046 0560560 0578671 1269909 1299988 2699029
 0681840 0220825 1261322 2986904 0021135 1533691 2827718 0004461 0043342 0043343 1504663 1515981


 0000857 0600678 1552863 0033727 0369286 0441932 0564385 0369718 0441922 1553036




 0000857 0600678 1552863 0205090 0684010 2603358
 0439267
 0861352
 0016327 0439133 1553038 0369637 0441923


 0035820 1705810 0851285 1327622 1154438 0005572 0220781


 0369637 0441923
 0033727 0369286 0441932 0564385
 0328104 1415875 2826366 2603362
 0014878 0522667 0730321
 2347469 0040452 0242726 1318154 1705917 0033727 0369286 0441932 0564385

 0596611 0026882 1705285 0015576 0205396 1550043 1551388 1704727 0030567 1521736 2681933 0012634
 0036397
 0016327 0439133 1553038
 0369637 0441923


 0085200 0242821 1995017 0442805 0524851 0012634 0205418 1512693
 0230467 0741204

 0205090 0684010 2603358
 0013352 1622677 0205090 0684010 2603358
 0205090 0684010 2603358


 0026649 0040594 1706853 1879748


 2347469
 2603360 0439267
 0205090 0684010 2603358
 0205090 0684010 2603358


 0015663 0456962 0085418 0007292 0599895 1159772 0005528 0027834 0033684 1317949 3495449 0026046 0596146

 3642273
 0013352 1622677 0554249 0369637 0441923
 0369773 2603361
 0033727 0369286 0441932 0564385
 0439267

 0019409 1705535 1706968 1879887 0002395 1521724 0012634

 0025141
 2603362 0439394 1706495 3642217
 2603362

 1417166 0017337
 0020792 0205396 1880022


 0201682

 0369637 0441923

 0002395 1521724 0012634 0332120




 0025141 0009237 1365948 0369773 2603361 0554249 0439267 0205090 0684010 2603358
 0597277 1708601 2603362
 2603360 0005680 0027567 0085756 0439541 0369637 0441923
 0369637 0441923

 0027834 0005528 1317949 3495449 1637379 0004461


 0672708
 0205090 0684010 2603358 0369718 0441922 1553036

 0369773 2603361 2347469
 0033727 0369286 0441932 0564385
 0369637 0441923
 0439394 1706495 3642217

 0205263 0857127 0285890 1420276 0165073 0439095 2003941 2350010



 0025141 0672708
 0205090 0684010 2603358 0442532 0369637 0441923


 0402830


 2347469
 0033727 0369286 0441932 0564385


 0026882 0015272 0004462 0178766 0005528 1317949 3495449

 3642273
 0205090 0684010 2603358 2603360 0369718 0441922 1553036

 0026045 0026042 0026046 0033684 0332281 0031843 0542341 0700205 1705273 0599814 1519624 0005528 1317949 3495449 1523867


 0025141 0369718 0441922 1553036
 0205090 0684010 2603358

 0567416 0205332 1314939 0019564 0949582 1029104 1284077
 2347961

 0025141
 1706974
 0369773 2603361 0369773 2603361
 2603360 0369637 0441923

 0021966 0221138
 2347469

 1705241 1705242 0033414 1706853 1879748


 2347379
 0025141 0033727 0369286 0441932 0564385 0597277 1708601
 0872005
 0033727 0369286 0441932 0564385

 1261322 1552578 0085139 1622129 1720655 1947974 1417006


 0033727 0369286 0441932 0564385 1424349
 2603362
 0033727 0369286 0441932 0564385 0230444
 0597277 1708601 0702093 0597277 1708601 0033727 0369286 0441932 0564385
 0562547 3160718
 0033727 0369286 0441932 0564385
 2603362


 0165073 0038952 0220921 1819944 1704259 1705987 0044602 0285761 2936824


 0439394 1706495 3642217
 0369773 2603361

 0016327 0439133 1553038

 0040715 2987521 0026046 0086597 0127400 0449719 1709471 0115175
 0027960 0324740 0439189 1456781 1824986

 0007634 1269647 1704653 1948049 1551776 0439267 0205090 0684010 2603358 1553033 0007457 0043157 0220938
 0439070 1705160 0369637 0441923
 0439267
 2603362

 0872079 1167622 1704675 1720655 1947974 0026046
 0243107 0678723 1527148


 0201682
 0369637 0441923
 0439267 0369637 0441923


 0205090 0684010 2603358 0369637 0441923

 0285890 1420276 0165073 0439095 2003941 2350010
 0349590 1262865 0025141 0369637 0441923
 0439267 0205090 0684010 2603358
 0205090 0684010 2603358 0369637 0441923 0369637 0441923

 0285890 1420276 0165073 0439095 2003941 2350010 0030567 1521736 2681933 0012634 0752347
 1418943

 0268596 2700624
 3642273
 0041703 0597277 1708601 0205090 0684010 2603358 1080058
 0369637 0441923

 1720655 1947974 0028778 0332206 1533157 1706084 2828370 0027834 0333262 2349975 0242606 0038435 0311404


 0450319
 0439267 2603360 0369637 0441923
 0369637 0441923

 1167059 0285890 1420276 0165073 0205431 0439095 2003941 2350010 1420277 3541909


 0201682
 1553033 0369637 0441923 0597277 1708601

 0684336 0598953 0005528 1317949 3495449 0025991



 0025141 0439267


 0520511 1704711 0033684 1521713 0006104 1269537
 2347379
 0025141 2347469
 0369637 0441923

 1720655 1947974 0541879 0595950 1518422 0678536 0005528 1317949 3495449 0333262 0029219

 3642273
 0369637 0441923

 0033727 0369286 0441932 0564385 0439267
 0402830
 0369773 2603361
 0369637 0441923 2347469
 0033727 0369286 0441932 0564385

 0031715 1158886 0206354 0001721 0085732 0033414 0036588 1551994 1706853 1879748 3244295


 0025141 0369637 0441923

 0144237 0205090 0684010 2603358
 0402830
 2347469
 0033727 0369286 0441932 0564385

 0598956 0004462 0007292 0599895 1159772 0005528 1317949 3495449 0005528 1317949 3495449 0871208 1521828 0596988


 0439394 1706495 3642217 0678579

 0026649 0016315 1138417 1441672
 0027960 0324740 0439189 1456781 1824986

 0007634 1269647 1704653 1948049 0439394 1706495 3642217 0678579

 0026649 0004461


 0025141 0439394 1706495 3642217 1832110
 0038817 0376223 0013352 1622677 0205090 0684010 2603358
 0597277 1708601 0678579

 0026649 0439590 0443239 0488347 0489607 1512900


 0740116 2827735 2981700 0025141
 2603360 0949818 2603360
 2347469

 0007292 0599895 1159772 0005528 1317949 3495449 0004461

 3642273

 2603360 1553033
 0597277 1708601 2603360
 2347469

 0004083 0439849 0596306 0699792 0085139 1622129 0444498

 0010853 1748451 0025141
 2603360
 0597277 1708601
 0033727 0369286 0441932 0564385 2603360
 0949818
 0016327 0439133 1553038 2603360
 2347469

 0348078 0376315 1522492 0004462 0005528 1317949 3495449 0004461 0589507 1158830 1548673 1704686 0678723 0870861 1254042

 0010853 1748451 0025141 2347469 2603360 0369637 0441923
 0013352 1622677

 0369637 0441923

 0004462 0005528 1317949 3495449 0025936 0003069 0025914 0025929 0026809 0949664


 0439267
 0205090 0684010 2603358 2603360 0085999 1553033 2603360
 0597277 1708601
 0205090 0684010 2603358
 0033727 0369286 0441932 0564385

 1514534 0002778 0936012 1524024 0872252


 0201682
 1552616 1706244 1527021 1554111 1705606 3541382 2936424 0520510 0333052 0239110 1706852 0239110 1705565 1947976 0687676 1704687 0557854 0013849 1705961 1706852 0282420 1706852 1138432 0239110 0162443 0205314 0033213 1706387 1706852 0369637 0441923

 1706852
 0369773 2603361
 1706852 0369637 0441923

 1706852
 0369773 2603361