 0037455 0596070 0005477 0026376 0005532 1521991
 1514570 0033666 1709694 0005821 1963076 3495095 0033727 0369286 0441932 0564385
 2827734 2981698 2827734 2981698
 0444649 2827734 2981698 0587487 1704729 0041740 0042645 0997115 0004340 0025353 0035172 1555896 0018684 0021622 0035168 0229992 0242481 1272753 0033876 0019994 1510665 0042645 0997115 0004340 0205099 0041740 1514811 1706462 0000857 0600678 1552863 0033666 1709694 0033268 0332148 0441471 0750492 3541888 0243107 0678723 1527148 0242656 1947900 0449258 0729650 0012634 0333562
 0947630 1547282 0005821 1963076 0332256 2700400 0085151 3538722 1456454 0033665 0002716 0011560 0033684 0611285 1709634 0085151 3538722 1456454 0033665 0002716 0011560 0033684 0611285 1709634 1710236 0557651 2603343 0033666 1709694 0085151 3538722 0860902
 0150312 0449450 0557651 2603343 1547282 0332255 1708096 0332255 1708096 0085151 3538722 1456454 0033665 0002716 0011560 0033684 0611285 1709634 0150312 0449450
 0085151 3538722 1456454 0033665 0002716 0011560 0033684 0611285 1709634 0332255 1708096 1881707 0005821 1963076 0040018 1879547 0009325 1167364 0521966 0878412 0444420
 0597304 0010813 0596311 1330957 0332255 1708096 0392148
 0332282 1292856 1948023 0332255 1708096 3146294 0003316 0745777
 0108192 1552116 1552117 0014898 0604331 0022634 0013714 0018790 0237477 0392351 0521111 1327161 0597297 0597304 1623036 0243125 0699900 0332255 1708096
 0022023 0332257 0043481 2348288 0009968 2347872 2348263 0009148 2348262 0018790 0237477 0392351 0521111 1327161 0597297 0597304 1623036 0243125 0699900 0332255 1708096
 0557651 2603343 1705535 0006784 0758959 0769345 2717970 0030946 1947941 0085151 3538722 0033665 1514570 0033666 1456454 0002716 0011560 0033684 0597304 0611285 1314939 1705920 1709634 1709694 1947941 0005821 1963076
 1293116 1875307 0033684 0333463 2936349 0017968 0443228 0549177 1441547 1704243 1709634 3245521 0085151 3538722 1456454 0033665 0002716 0011560 0033684 0611285 1709634 0085151 3538722 1456454 0033665 0002716 0011560 0033684 0611285 1709634 1709915 1882936 0205088 0205437 0596260 1705314 1705315 1292711 0449719 1709471
 1335532 0015576 1704727 0015608 0015609 1412466 1412467 1518422 0332256 2700400 0004793 0162326 0162327 1519249
 1335532 0015576 1704727 0231448 0439792 0597298 1883351 0085151 3538722 0002345 0033665 0751455 0017365 0017387 0376437 1456454 0002716 0011560 0017337 0033684 0035687 0332270 0611285 1523987 1709634 2610186 3146294 0015295
 0085151 3538722 1456454 0033665 0002716 0011560 0033684 0611285 1709634 0597298 0006104 1269537 0332268 1514524 1880389 1883221 3541951 0015295 0679058 2700640
 1514524 1880389 1883221 3541951 0543488 0031843 0542341 0700205 1705273 0441471 3541888 0007603 3161472 0007634 0025255 0596901 1269647 1704653 1706182 1948049
 0680251 2828389 0002345 0086934 0035687 2610186 0205549 2348044 0085151 3538722 1456454 0033665 0002716 0011560 0033684 0611285 1709634 0282637 0007634 0024264 0026473 1881379 3282337
 0947630 1547282 0597298 0085151 3538722 0027836 0007634 0521390 1518422 3282337 0332197 1689985 1517001 1883351 0441471 3541888 0085151 3538722 0033665 0162808 1456454
 0441712 1706376 0033213 0596611 0026882 0277558 1832428 0012634 0015576 0241888 0348078 0376315
 0026882 1709305 2745955 0010813 0205145 0596311 1330957 0030685 0033684 0391871 0439180 0680255 1283071 1314939 1963578
 0026882 0205145 1515974 2825164 2945843 0015127 0036536 0036537 0171484 0205145 0205217 0442805 1515974 1515981 1524003 2825164 0007634 3282337
 0026882 0205101 2945843 0205145 1515974 2825164 0009221 1095825 0015127 1524003 0442805
 1547282 0205418
 0441712 0205170 3146287 0162340
 0085151 3538722 1456454 0033665 0002716 0011560 0033684 0611285 1709634 0392747 0597304 0687676 1704259 1704687 1705242 1705987 1947941
 0205393 1327340 0085151 3538722 0033665 0597299 0280606 1456454 0002716 0011560 0025519 0025520 0033684 0557651 0611285 0947630 1709634 2603343 0206243 0699809 0007600 0205132 0085151 3538722 0033665 1456454 0002716 0011560 0033684 0611285 1709634 0006556 0085151 3538722 1456454 1547282 0750546 1883254 0085151 3538722 1456454 0033665 0002716 0011560 0033684 0611285 1709634 0085151 3538722 1456454 0033665 0002716 0011560 0033684 0611285 1709634 1159343 1159342 1327616 1704259 1705987 2828386
 0030685 0391871 0439180 0680255 1283071 1963578 1532717 1185625 2986730 0332255 1708096
 1184743 1522240 0010813 0596311 1330957 0205177 0439167 0441655 1561536 1327133 0220781 0439634 1522492
 0085151 3538722 0033665 1456454 0002716 0011560 0033684 0205392 0611285 1527428 1709634 3540770 0699040 0007634 0205148 1269647 1704653 1948049 0024369 0034850 1185625 1881707 2984253 2986730 0015576 1704727
 1883712 0441889 0007634 1327616 3282337 0010453 0220814 0430400 2242979
 1709694 1709305 2745955 0521450 1261552 1279919 1704259 1704379 1705117 1705987 2825408 0887883 0332282 0014139 2984285 1159342 0001128 0205087 1185625 1327616 1704259 1705987 2986730
 0030940 0030946 1947941 1515273 1705313 2826302 0171484 1514873 1883351 0268059
 0205177 0439167 0441655 1561536 0007603 3161472 0007634 0025255 0596901 1269647 1704653 1706182 1948049 0085151 3538722 0033665 1519623 0021699 0162808 1456454 1514562 0002716 0011560 0030685 0033684 0391871 0439180 0611285 0680255 1167322 1283071 1709634 1880389 1883221 1963578 2752508 3242339 3541951 0025255 0596901 1706182
 0030940 0030946 1947941 0085151 3538722 0033665 0033666 1456454 0002716 0011560 0033684 0611285 1709634 1709694 0282443 1709940
 0030940 0030946 1947941 0085151 3538722 1456454 0033665 0002716 0011560 0033684 0611285 1709634 1515655 1518422 0205396 1550043 1551388
 0037791 1511884 0002518 0002520 2917660 0001128 0004793 0162326 0162327 0202406 1519249 0205171 0439044 0679994 0332218 0030940 0030946 1947941 1515655 0030940 0030946 1947941 0027627 0175668 0205436 0026377
 0332196 2828389 0441472 3266814 0085151 3538722 1456454 0033665 0002716 0011560 0033684 0611285 1709634
 0392360 0557651 2603343 0033666 1709694 0033085
 0005821 1963076 0332256 2700400 0085151 3538722 1456454 0033665 0002716 0011560 0033684 0611285 1709634
 0005821 1963076 3161035 0557651 2603343 0033666 1709694 0085151 3538722 0860902
 0007600 0007634 0205132 1269647 1704653 1948049 0033666 1709694 1518422 0558058 1709694 1515655 0005821 1963076 1999230 0026339 3161035 0449913 1553451 1704459 1709305 2745955 1515655
 0005821 1963076 0449416 1705919 0085151 3538722 0582509 1456454 0033665 0002716 0011560 0033684 0611285 1709634 0205463 0391871 1283071 1292856 1948023 0554249
 0085151 3538722 1456454 0033665 0002716 0011560 0033684 0611285 1709634 0018790 0237477 0392351 0521111 0015524 0005789 1705535 0035820 1705810 0019116 0740166
 0150312 0449450 0557651 2603343 1292732 0033666 1709694 0005821 1963076
 0020792 0205396 0243125 0699900 0332256 2700400 1335533 0332255 1708096 0332282 0032173 1879547
 1511726 3245479 1705535 0006784 0758959 0769345 2717970 0030946 1947941 1327161 0085151 3538722 0033665 0597297 0597304 1456454 1623036 0002716 0011560 0033684 0243125 0611285 0699900 1314939 1705920 1709634 0005821 1963076
 0108192 1301820
 0004340 0012403 0038770 0038771 0851343 1549535
 0005516 0683758 0869011
 0041700 1708611 0166872
 0050587 0067314 0054666 0051723 2726663 1301820
 0006785 0006784 0021966 0221138 0869011
 0022341
 0064858 0043194 0258432 1421478 0004340
 0033559 0009325 1167364 0521966 0878412 0444420 0039654 0000975 0767601 0006474 0006476 1552116 1552117 0014898 0604331 0022634 0022634 0022181 0060567 2827734 2981698 0031370 0070915 0031493 0016327 0021973 0013714 1719918
 0040018 0043194 0258432 1421478 0017480
 0074345 0036682 0450375 0075172 0331955 0869011 0038995
 0427716 1304757 0086045 0025663 0449851 0871511 1332420 0020898 0021764 0022271
 0071710 0123400 0043194 0258432 0683758 1421478

 0220806 0034760 0441800 0919553 0936012 3244287
 0003316 0017480 0043194 0258432 1421478
 0312586 1979003 0003241 0021027 0034493 0085151 3538722 0033665 1142652 1456454 0002716 0011560 0033684 0086418 0442818 0611285 1709634 1998793
 1979003 0003255 0312620 0003241 0021027 1709915 1882936 0085151 3538722 1456454 0033665 0002716 0011560 0033684 0611285 1709634 0031831 1707664 1999230 2348314 3540849
 0557806 0027976 0205314
 0003242 0003241 0021027 0085151 3538722 0033665 1456454 0002716 0011560 0033684 0442818 0611285 1709634
 2347469
 0449911
 1709915 1882936 0027976 0021622 0205314 0869011 1272753 1301808 1442792 3148680 0681833 0035168 0242481 0008073 1552527 0231170 0458003 0678723 0022130 0027976 1879958
 0312586 0003241 0021027 0439509 0442818 1709915 1882936
 0003250 0003241 0746619 0076560 0869011 1719918
 0003241 0021027 1880022
 1510827 1998793 0025914 0025929 0026809 1624602 0072149 0683758 1301820
 0043193
 0455052 1521827 0005821 1963076 0005767 0005768 0229664 0443224 2827486 1521827 1552738
 0005821 1963076 0007703 0205409 1548221 1548982 0006353 1720725 1948050 0142825 0008857 0037473 0376259 0597484 0017725 0037494 1959973 1882074 0020283 0450407 0450408 0450409 0392148 0033559
 0005821 1963076 1883708 0439526 0037494 1959973 0017725 2678549 1882074 0020283 0450407 0450408 0450409 0009458 0439536 1705217 3244283
 0868928 1533148 0005821 1963076 0006353 0019215 0037494 1959973 0013618 2678549 1882074 0020283 0450407 0450408 0450409 0006675 0006726 0009458 0332296 0439536 1705217 1880497 1996904 2936886 3244283
 0005821 1963076 1883708 0369637 0441923 0878412 1439852 0039654 0000975 0205195 1947911 0009325 1167364 2348236 0005903 0039476 1547703 0392148 0006675 0006726 2936886 0006353 1444656
 0013714 0020283 0450407 0450408 0450409 0086045 0205088 1446561 1524062 1546485 0007703 0443299 0005821 1963076
 0993610 0006353 0024348 0392747 0332256 2700400 0013618 2827734 2981698 0146951 0133689 0242759 0064858 0031493 0016327 0332283 0007703 1282927 1879313 0439267 0849355 1883720 3244314 0013879
 0455052 1521827 0012238 2349986 1301820 1706701 1881488 0005821 1963076 0006353 0024348 0146951 0133689 0242759 0332268 0006675 0006726 2936886 0033607
 1523943 2349986 0012238 0006784 0884358 0332283 1719822
 0006686 0006675 0006726 0008203 0596019 2936886 0086045 1446561 0006785 0006784 0021966 0221138 0086045 1446561 0439267 0439526 1524062 1881488 0205163 0439185 0456693 1442458 0702093 1439852
 0443286 1114821 0006353 0370003 1553404 2347026 2348570 1883712 2827734 2981698 0560267 0017890 0522461 0740116 2827735 2981700 0560267 0439084 0728893 0025402 0560268 2349105
 0868928 1533148 1881488 0034760 1444656 0702093 1883712 0006784
 0600209 0013862 0071500 0596607 0013855 0017243 0071499 1382104 0205163 0439185 0006353 0370003 2347026 1549535 0392756 0242301 1546559 0086972 0443299 0687118 0071500 0017243 0071499
 0033684 1883708 0348011 0123400 0025255 0063412 0071710 1552738
 0312590 0205370 0243122 0750540 1145667 1167622 0028778 0332206 2983591 0560267 0036774 0036773 0728877 0001924 0007452 0229671 1140701 1546774 1550100 0025255 0003241 0021027 0205225 0439583 0439631 1439852
 0025914 0025929 0026809 0051979 0034493 0002059 1318717 0031678 0522529 1149880 1979842 2827734 2981698 1524063 0003241 0021027 0205225 0332297 0439631 1145667 1167622 1273517 1689898 2349209
 0003241 0021027 0234621 0443286 1114821 1524063 0249921 0031603 0031701 1601799 0002059 1318717 0031678 1149880 1979842
 1444656 0162524 1450278 1273517 1883351 0442726 0003241 0021027 0025255 0596901 1706182 0003241 0021027 1273517 0162524 0234621 1450278 2349975 0302828 1442085 3263700 0947322 1705426 1999230
 1514863 0039224 1706073 1706074 2825142 1274040 1546471 0040223 0205449 0884358 1632851
 1274040 1546471 2825142 0085151 3538722 0033665 0033666 1456454 0002716 0011560 0033684 0443225 0611285 1444754 1706316 1709634 1709694 0947630 0205396 1550043 1551388 0085151 3538722 0033665 1456454 0582509 0002716 0011560 0033684 0611285 1709634
 1709694 0332255 0486805
 0597304 0010813 0596311 1330957 0005821 0332128 0444667 1879547 1963076
 0005821 1963076 0243192 1439852 1705242 2987634 0392148 0332197 1689985 0024348 0597879 0085151 3538722 1456454 0005863 0003241 0021027 1511625 1880389 1883221 3541951 0085151 3538722 1456454 0033665 0002716 0011560 0033684 0611285 1709634
 0003241 0021027 0181496 2827499 1547282 0085151 3538722 1456454 0033665 0002716 0011560 0033684 0611285 1709634 1335533 0332255 0486805 1518422 0442726 0085151 3538722 1456454 0033665 0002716 0011560 0033684 0611285 1709634 1749467 1948047
 0150312 0449450 0557651 2603343 1547282 0005821 1963076 0033559 0332293 1522326 0085151 3538722 1456454 0033665 0002716 0011560 0033684 0611285 1709634 0450344 1553633 1708639 0439084 0728893 0680240 0684224 0700287 3273238
 0085151 3538722 1456454 0033665 0002716 0011560 0033684 0611285 1709634 0003250 0003241 0021027 0442726 0746619 1511790 0003316 1511726 3245479 1518422 1547282
 0032173 1879547 0304402 0205195 1947911 0009325 1167364 0243192 2987634 0039654 0000975 0767601 0521966 0878412 0444420 0332296 1880497 1996904 0006353 0332256 2700400 0013618 0009458 0439536 1705217 3244283 0006353 0332256 2700400 1426700 0085151 3538722 0002722 0002723 0033665 0038164 1456454 0002716 0011560 0033684 0175723 0205216 0392756 0439645 0442797 0611285 1521913 1709634 0450344 1553633 1708639
 0878412 0039798 0087111 1522326 1533734 1705169 3538994 0205263 0597304 0010813 0596311 1330957 0450344 1553633 1708639 1708639
 0032173 1879547 1272688 0012634 0348080 0006675 0006726 2936886 0085151 3538722 0033665 1456454 0002716 0011560 0030685 0033684 0391871 0439180 0611285 0680255 1283071 1444656 1709634 1963578 0009458 0439536 1705217 3244283 0450345
 0949466 1514534 0002778 0936012 1524024 0005821 1963076 0233426 0700364 0392148 0205263 1327161 0597297 0597304 1623036 0243125 0699900 0085151 3538722 0030685 0391871 0439180 0680255 1283071 1963578
 0005821 1548982 1963076 0243192 1879547 2987634 0392148 1426700 1444656 0013618 1881488 0009458 0439536 1705217 3244283 1521827
 0370003 2347026 0600209 0013862 0071500 0596607 0025255 0071710 0348011 1883708 0003241 1444656
 0003241 0021027 0002059 1318717 0003241 0021027 0027627 0031678 0175668 0205436 0442726 0522529 1149880 1511790 1979842 0443286 1114821
 1881488 0005821 1441547 1963076 3245521 0003241 0021027 0936012 0085151 3538722 1456454 0033665 0002716 0011560 0033684 0611285 1709634
 0009458 0439536 1705217 3244283 0005821 1441547 1963076 3245521 0003241 0021027 0936012 0085151 3538722 1456454 0033665 0002716 0011560 0033684 0611285 1709634 0003250
 0009458 0439536 1705217 3244283 0005821 1441547 1963076 3245521 0003241 0021027 0936012
 0577559 1306372 3152252 0205091 1552822 1547282
 0597704 1159772 0475264 1744691 0597879 0205090 1444656
 2603360 0009325 1167364
 0521966 0878412 0444420
 0949466 0005863 1514534 0002778 0936012 1524024 1705493 0005821 1963076 0233426 0700364 0392148 0033607 0022023 1547282 1327161 0597297 0597304 1623036 0243125 0699900 0085151 3538722 1456454 0030685 0391871 0439180 0680255 1283071 1963578 0108192 0311403 0013714
 1547282 1514541 0021467 0021469 1628982 3463820
 0005821 1548982 1963076 0332293 0243192 1522326 2987634 0392148 0450442 1254351 1521826
 1881488 1521827 0005863 1552738 2729544 0349966 1337208
 2827734 2981698 0332300 0162524 0442726 1450278 1511790
 2347469 1979963 2003903
 0009458 0162867 1254021 0003241 0021027 0936012
 2603360 0009325 1167364
 0878412
 1556156 0108192
 0085151 3538722 0582509 1456454 0033665 0002716 0011560 0033684 0611285 1709634 0005863 1524063 0454044 0449851 0332324 1550474
 0332282 1879547 0085151 3538722 1456454 0033665 0002716 0011560 0033684 0611285 1709634 0175723 1708632 0700364 0175723 1518422 0005821 0033559 0150312 0332293 0449450 1522326 1963076 1708639
 1709793 1524063 0002778 0936012 1524024 0085151 3538722 0033665 1456454 0002716 0011560 0033684 0205171 0611285 1709634 1720467 0205242 0333853 0005821 1963076 0009325 0040018 0332287 1167364 1948023 0767601 0039654 0000975 0031588 0070750 0129533 0085151 3538722 1456454 0033665 0002716 0011560 0033684 0611285 1709634 0005821 0332293 0878412 1522326 1881707 1963076
 1705175 1705176 1705177 1705178 1882348 0678226 0013277 0043194 0258432 0597304 1184743 1421478 1522240 1947941 3146286 0005821 1548982 1963076 0033607 0702093 1883712 0878412
 0597304 0010813 0596311 1330957 0005821 1963076 0108192 0311403 0604331 0022634 0013714 0022023 1177210 2347872
 1550147 2709094 3539075 3539076 0108192 0013714 0085151 3538722 0033665 1456454 0002716 0011560 0033684 0439509 0611285 1709634 0243125 0699900
 1177210 2347872 0028778 0332206 2983591 1327161 0085151 3538722 0033665 0597297 0597304 1623036 1456454 0002716 0011560 0033684 0243125 0444868 0611285 0699900 1709634 3539085 0439083 0439087
 0086045 1446561 1300565 0439267 0439526 0740116 2827735 2981700 0311403 1327161 0597297 0597304 1623036 0243125 0699900 0085151 3538722 1456454 1511726 3245479 1518422 1547282
 1327161 0597297 0597304 1623036 0243125 0699900 0085151 3538722 1456454 0040018 0205263 0039654 0000975 0767601 0108192 0311403 0013714 2348205 0150312 0205263 0857127 0878412 1511726 3245479 1518422 1547282
 0010813 0596311 1330957 1518422 0311403 0450442 1254351 1521826 0001721 1185625 1382196 0332120 1705535 0035820 1705810 1185625 1382196
 1314939 1185625 2986730 0005821 0332128 0444667 1963076 0008269 0026408
 0597879 0005863
 0456148 0549184 0450442 1254351 1521826 0311403 0597304 0010813 0596311 1330957 1705535 0391845 0014442 0014445 1185625 1382196 1518422 1327161 0085151 3538722 0033665 0597297 0597304 1456454 1623036 0582509 0002716 0005821 0011560 0033684 0243125 0611285 0699900 1314939 1709634 1963076
 0597304 0030685 0391871 0439180 0680255 1283071 1963578 0009458 0439536 1705217 3244283 1274040 1546471 2825142 0039798 0087111 1522326 1533734 1705169 3538994 0684224 0700287 3496591
 1883351 0521093 0750484 1456348 1274040 1546471 2825142 0086972 0443299 0687118 0005821 1963076 0936012 0233426 0700364 3537453 0521119 0017446 0205147 0009458 0439536 1705217 3244283 0005863
 1265611 0442726 1511790 0005821 1963076 0332293 0009325 0040018 0332287 1167364 1522326 0039654 0000975 0767601 0878412 0030685 0391871 0439180 0680255 1283071 1963578 0006675 0006726 0039798 0087111 0150312 0332287 0878412 1522326 1533734 1705169 2936886 3538994
 0030685 0391871 0439180 0680255 1283071 1963578 0009458 0439536 1705217 3244283 0005821 0311403 1550147 1963076 2709094 3539075 3539076 0108192 0604331 0022634 0013714 0033607 0332257 0031493 0016327 0022181 0060567 0070329 0450354 1706096
 0020792 0205396 0332128 1335533 0332255 1708096 0005863 1881488
 1881488 0150312 1883351 0332256 2700400 1335533 0332255 1708096 0003241 0021027 1708639
 0449445 1292724 0521093 0750484 0175723 0439645 1521913 1335533 0332255 1708096
 0205435 1279901 0003241 0021027 0030956 1334043 1273517 1883351 0487602 1704680 0450365 1706097
 0205436 0457385 0565930 1561503 1705190 0003241 0332257 1708639 3540513 0085151 3538722 0033665 1456454 0002716 0011560 0033684 0442818 0611285 1709634 1708639 0085151 3538722 1456454 0033665 0033684 1708639 0003250 0450373 1553636 0332255 1708096
 0003316 0004793 0162326 0162327 1519249 1274040 1546471 2825142 1444656 1532717 0332255 1708096 0332256 2700400 0004793 0162326 0162327 0205393 1519249 0004793 0162326 0162327 1519249 0085151 3538722 1456454 0033665 0002716 0011560 0033684 0611285 1709634
 0332255 1708096 0005821 0442726 1511790 1963076 0205307 0439166 2347086 0681850 1550501 1706203 2349001 2697811
 0003241 0021027 0349966 1337208 1532717
 0175723 0150312 0449450 0033559 0005821 1963076 0445356 1704623 1518422 0332128 1517331
 1880022 1881488 0005821 1963076 0005863 0949466 1705493
 0005821 1963076 0033559 0205409 0392148 1548221 0024348 0005821 1441547 1963076 3245521 0600209 0013862 0071500 0596607 0936012 1552738 2729544 0349966 1337208
 2827734 2981698
 0085151 3538722 1456454 0003241 0936012 1705242
 1708639 1445860 0003241 0021027
 1708639 0003241 0021027
 1708639 1445860 0003241 0021027 3540513
 1708639 1445860 0003241 0021027
 2347469 0597879 0030956 0392148 1273517 1883351 0003241 0021027 1708639
 0577559 1306372 3152252 0205091 1552822 1547282
 0597704 1159772 0475264 1744691 0205090 1444656
 0205171 1720467 0175723 0439645 1521913 0003241 0205450
 0005863 0949466 1705493 1547282 0597304 0010813 0596311 1330957 0005821 1963076 1514873 0006675 0006726 2936886
 0005821 1548982 1963076 0243192 1444656 1948023 2987634 0392148 1426700 1426700 0013618 0936012 1552738 2729544 0349966 1337208
 2827734 2981698
 1881488 0003241 0021027 0936012
 1881488 0085182 0936012 1420760
 0332255 1708096 0032173 0005821 1879547 3146294
 2603360 0009325 1167364
 0878412
 0597304 0010813 0596311 1330957 0005821 1963076 1184743 1522240 0205117 0332282 1883708 0332128 1327161 0597297 0597304 1623036 0243125 0699900 0032173 0332281 1441093 0005821 1879547
 0005821 1963076 0243192 0440102 1439852 2987634 0024348 1305923 0005863 1524063
 0005821 1963076 0521966 0444420 0006675 0006726 0022022 0878412 1439852 1517596 2936886 2827734 2981698 0006675 0006726 0009458 0332256 0369637 0439536 0441923 1705217 2700400 2936886 3244283 0175723 0439645 1521913 0450373 1553636 0332255 1708096 1441672 0450373 1553636 1708639 1426700
 0332255 1708096 1518422 0005821 0033559 0150312 0332293 0449450 1522326 1963076 0450373 1553636 1708639 1426700 1518422 0003241 0021027 0450373 1553636 1708639 1426700
 1184743 1522240 0851827 1701901 3244310 0005821 1963076 0332293 0878412 1522326 0006675 0006726 0009458 0332296 0439536 1705217 1880497 1996904 2936886 3244283 1518422 0023175 0205088 0243125 0332255 0699900 1442948 1522538 1532717 1705314 1705315 1708096 2348269 3275067 0028423 0028609 0079411 0205088 0332255 1513854 1532717 1705314 1705315 1708096 3146294 0450373 1553636 1708639 0005821 1963076 1883171 0032173 1879547
 0010813 0596311 1330957 0005821 1963076 0332128 1292856 1948023 0243192 2987634
 0005821 1963076 0332293 0040018 1522326 2945590 0439526 2945590 0439526 0009325 1167364 0439267 0439526 0039654 0000975 0767601 2827734 2981698 0369637 0392148 0441923 0332197 1689985 0243125 0699900 1518422 1441672 0450373 1553636 1708639 0439086 2827736 2981702 1426700
 0012634 0348080 1705253 0005821 1963076 1879547 0085151 3538722 0033665 1159339 1456454 0002716 0011560 0033684 0036536 0036537 0205217 0442805 0611285 1444656 1709634 0332282 0450345 1708639 0439086 2827736 2981702
 1280500 2348382 0022023 1708097 0085151 3538722 1456454 0033665 0002716 0011560 0033684 0611285 1709634 1280500 2348382 0332128 1883351 0456387 1705943 0010813 0596311 1314939 1330957 0332256 2700400 0332255 1708096
 0005821 1963076 0033607 0022023 1883708 0005821 1963076 0332293 0878412 1522326
 1881488 1521827 0597879 0085151 3538722 1456454 0005863 1524063
 0005821 1963076 0108192 0604331 0022634 0013714 0243125 0699900 0005821 1963076 0311403 1553637
 0021467 0021469 1628982 3463820 1300565 1518422 1547282
 0010813 0596311 1330957 1518422 0036733 0031493 0033607 0036734 2717971 0016327 0030946 0036720 0243077 0311403 1947941 0022181 0060567 1418385 1152589 1418824 0025543 0243077 0031370 0070915 0070329
 0010813 0596311 1330957 0010658 0033607 0758959 0769345 2717970 0010654 0021973 0030946 0243077 0392148 1709305 1947941 0022634 0522510 0205216 0005821 0332293 0878412 1522326 1707455 1963076
 1177210 2347872 0311403 0010813 0596311 1330957 2346593 1518422 1280500 2348382
 0005863 0949466 1705493 0392148 0033607 1547282 0108192 0013714 0309872 0233426 0700364 0018790 0237477 0392351 0521111 0243125 0699900
 0005821 1548982 1963076 0034760 1444656 1883708 0332293 0878412 1522326
 0005821 1963076 0009458 0086972 0439536 0443299 0687118 1705217 3244283 1881488 0005863 0949466 0936012 1705493 1524063 0441833 1999270 3537156 0085182 1420760 0441833 1999270 3537156 1553033
 0009458 0162867 1254021 0936012
 0332255 1708096 0032173 0005821 1879547 3146294
 1556156 0108192
 0108192 0013714 0311403 1327161 0597297 0597304 1623036 0243125 0699900 1518422 0001721 0033684 0332257 0085151 3538722 1456454 0033665 0002716 0011560 0033684 0611285 1709634 0005821 1963076 0086035 1709694 0332281 0006675 0006726 2936886
 0947630 1547282 0086045 1446561 1273517 1518422 0032176 0677599 0920267 0005821 0332621 0439168 0521102 0036536 0036537
 1280500 2348382 1177210 2347872 0678226 3146286 1280500 0032173 1879547 0311403 0030685 0391871 0439180 0680255 1283071 1963578 0076560 1511726 3245479 1518422 1547282
 1314939 1185625 2986730 0332128
 0005821 1963076 0008269 0026408 0010813 0596311 1330957 1518422 0311403
 1705535 0391845 0014442 0014445 1185625 1382196 1518422 0205088 0243125 0332255 0699900 1314939 1705314 1705315 1708096
 0597304 0010813 0596311 1330957 1274040 1546471 2825142 0039798 0087111 1522326 1533734 1705169 3538994
 0085182 1420760 1710236 0243125 0699900 1150129 1524063 0006784 0205177 0439167 0441655 0918012 1273517 1552854 1561536 1637833 0032173 1879547
 0010813 0596311 1330957 0205171 1720467 0006675 0006726 0009458 0332256 0439536 1441672 1705217 2700400 2936886 3244283 0596235 0006675 0006726 0009458 0332296 0439536 1518422 1705217 1880497 1996904 2936886 3244283 0450375 1708639 0445247 0012634 0348080 1705253 0233426 0700364 1709305 0450373 1553636
 0205195 1947911 0039798 0087111 1522326 1533734 1705169 3538994 0039798 0087111 1522326 1533734 1705169 3538994 0332197 1689985 0085182 0243125 0699900 0728938 1420760 1550516 1274040 1546471 2825142 0450375 1708639 0439086 2827736 2981702 0680240 0684224 0700287 0010813 0596311 1330957 0750489 0349966 1337208
 1979874 0245726 0638262 1416498 0032195 0086816 0001271 1518422 0205242 0333853 0012634 0348080 1705253 1511726 3245479 1518422 1547282
 0010813 0596311 1330957 0108192 0311403 0604331 0022634 0013714
 1523943 2349986 0012238 0006784 1274040 1546471 2825142 1705535 0010813 0596311 1330957 0006784 0758959 0769345 2717970 0006675 0006726 0010654 0030946 0086597 0127400 0851827 1701901 1882074 1947941 2825492 2936886 3244310 0205393 0006784 0005821 1963076
 1883351 0033213 0243077 1518422 0085732 1299581 0205321 0025255 0596901 1706182 0175996 0178719 0521102 1709694 1881488 0006353 1521827 0332256 2700400 0146951 0133689 0242759 0033607
 0012634 0348080 1705253 1335533 0332255 1708096 0205265 0205396 1279901 1550043 1551388 1555582 1705685 1881488
 0681814 0349966 1337208 0750489 0005821 1963076 0033607 0024348 0030946 0243077 0392148 1947941 0064858 0031493 0016327 0013618 0332256 2700400 0332255 1708096 0016701 0205341 1881488 1710378
 0037088 0243095 2825141 1705535 0332255 1708096 0205103 1550465 2827755
 0085182 1420760 1518422 0521108 1881488 0033607 1705535 1879547 0184661 1948041 2700391 3274430 3538935 3539779 0205410 0332255 1708096 0085182 1420760 0205410 1518422 1335533 0332255 1708096
 1883351 1292732 0006784 1327161 0085151 3538722 0033665 0597297 0597304 1456454 1623036 1335533 0002716 0011560 0033684 0243125 0332255 0486805 0611285 0699900 1314939 1709634 1881488 0033607 0006785 0006784 0021966 0221138 1439852 1998793
 0002778 0936012 1524024 0085151 3538722 1456454 0033665 0002716 0011560 0033684 0611285 1709634 0005863 1883712 0079411 0205088 0332255 1705314 1705315 1708096 3146294 1274040 1546471 2825142 0006786 0006784 1518422 0332255 1708096 0349966 1337208 1708639
 0079411 3146294 0006785 0006784 0021966 0221138 0311403 1881488 0108192 0604331 0022634 0013714 1177210 2347872 0311403 0021973 1518422 0022181 0060567 2346593 0070329
 0557651 2603343 0332149 1705910 2362652 0085151 3538722 0033665 0582509 1456454 0002716 0011560 0033684 0611285 1709634 0033607 0085151 3538722 1456454 0033665 0002716 0011560 0033684 0611285 1709634 1637379 0005821 0024348 1536403 1881707 0684224 0700287 3496591
 0005863 0949466 1705493 1547282 0006785 0006784 0021966 0221138 0332255 1708096
 1881488 0034760 1444656 0332283 0006784 1883712
 0370003 2347026 0600209 0013862 0071500 0596607 0005863 0332283 1524063
 0332255 1708096 0006785 0006784 0021966 0205101 0205228 0221138 3146294
 1881488
 1553033 3641135 1524062 1881488
 1556156 0108192
 0557061 2584313 0557651 2603343 0359589 1999230 0332120 1335533 0332255 1708096 0085151 3538722 1456454 0033665 0002716 0011560 0033684 0611285 1709634 0150312 0449450 1522240 0332282 0032173 1879547
 0085151 3538722 1456454 0033665 0002716 0011560 0033684 0611285 1709634 0205242 0333853 0005821 1963076 0040018 1948023 0009325 1167364 0205195 1947911 0767601 0039654 0000975 0031588 0070750 0129533 0878412
 1292856 1948023 0039654 0000975 0767601 0040018 0205195 1947911 0009325 1167364 0085151 3538722 0033665 1456454 0002716 0011560 0023175 0033684 0181586 0611285 1442948 1517945 1522538 1709634 2348269 3275067
 1979874 0039798 0087111 1522326 1533734 1705169 3538994 0392148 0006675 0006726 2936886 0205263 1327161 0597297 0597304 1623036 0243125 0699900 0205263 0079411 3146294 0205396 1550043 1551388 1518422 0033559 0150312 0449450 0009325 1167364 0005821 1963076
 0085151 3538722 1456454 0033665 0002716 0011560 0033684 0611285 1709634 1517050 0205088 0205242 0268059 0333853 0521119 1705314 1705315 1880389 1883221 3541951
 1518422 2963144 1327161 0597297 0597304 1623036 0243125 0699900 0332255 0486805 0010813 0596311 1330957 0441987 0332218 0205615 0332255 0486805 0085151 3538722 1456454 0033665 0002716 0011560 0033684 0611285 1709634 0085151 3538722 1456454 0033665 0002716 0011560 0033684 0611285 1709634 0005821 1963076
 0597304 0010813 0596311 1330957 0010658 0033607 0758959 0769345 2717970 0108192 0604331 0022634 0013714 1518422 0036720 0311403 0033607 2717969 0022181 0060567 0031493 0016327 0070915 2827734 2981698 0031370 0070329 0243077 0026408 0008269
 0022023 1177210 2347872 0018790 0237477 0392351 0521111 1327161 0597297 0597304 1623036 0243125 0699900 0085151 3538722 1456454 0678226 0439855 1280500 1704241 2987476 3146286 0031843 0542341 0700205 1705273 0005821 1963076 0022023 0001721 0544610 0036536 0036537 0332257 0085151 3538722 1456454 0033665 0002716 0011560 0033684 0611285 1709634 0076560 1305923 0005821 0150312 1963076 0003241 1883525 2346866 1514562 0017446 0205147 0332257
 0332255 1708096 0332256 2700400 0004793 0162326 0162327 1519249 0085151 3538722 0033665 1456454 0002716 0011560 0033684 0611285 1441547 1709634 3245521 0439849 0445223 0567416 1412466 1412467
 0332255 1708096 0150312 0449450 0332148 0750492 0205307 0439166 0441471 1709694 2347086
 0947630 0007634 3282337
 0947630 0150312 1883351 0439659 0205088 1705314 1705315
 0597879 0443640 0003241 1335533 0332255 1708096 0332256 2700400 0003316 0007634 0150312 3282337 2350570 3179121 0427861 0041637 0221313 0225336 1280193 0007634 0014257 0041638 0042449 0086418 1179027 1278960 3282337
 0005821 1963076 0332293 0006675 0006726 0332287 0878412 1522326 2936886 0332255 1708096 1518422 0442726 1511790
 0521115 0233426 0700364
 0332255 1708096 1518422 0003250 0003241 0021027 0746619 0003316 0849355 1517945
 0175723 0439645 1521913 0003241 0021027 0205172 0175723 0439645 1521913 1705535 0332255 0486805 0332257 0085151 3538722 1456454 0033665 0002716 0011560 0033684 0611285 1709634 1709634
 0441889 0221145 0033268 1709305 2745955 0005863 0869040 0557651 1273517 2603343
 0010813 0596311 1330957 0108192 0311403 0604331 0022634 0013714 0022023 1177210 2347872 0036720 1518422 0033607 2717969 0034760 1518422 0001721 1185625 2986730 0024369
 0030946 1947941 1273518 0332255 1708096 1883351 0205396 1550043 1551388
 1521970 0332255 1708096 0332290 1327161 0597297 0597304 1623036 0243125 0699900 0332255 1708096 1882074 0020283 0450407 0450408 0450409 1709305 2825492 0010658 0033607 0758959 0769345 2717970 0108192 0604331 0022634 0013714
 0108192 0018790 0237477 0392351 0521111 0237753 0449788 0869040 1273517 0920267 1254881 0031843 0542341 0700205 1705273 1150095 0006675 0006726 0030946 0205177 0205393 0439167 0441655 0851827 1561536 1701901 1947941 2936886 3244310 0005821 1963076
 0108192 0205309 1883351 0018790 0237477 0392351 0521111 0699919 1332804 0007428 0006784
 0699919 1332804 0007428 0205177 1518422 0006675 0006726 2936886
 1314939 1327161 0597297 0597304 1623036 0243125 0699900 0085151 3538722 0750558 1710571 1327161 0597297 0597304 1623036 0243125 0699900 0085151 3538722 1518422 0392760 1314939 0008269
 1883712 1881488 3146294 0332255 1708096 2348205 0005821 0150312 0332293 0878412 1522326 1963076
 0079411 3146294 0108192 0311403 0604331 0022634 0013714
 1883727 1883357 1511726 3245479 1705535 0441712 1706376 1314939 0758959 0769345 2717970 0030946 1947941 2348205 1327161 0085151 3538722 0033665 0597297 0597304 1456454 1623036 0002716 0011560 0033684 0243125 0611285 0699900 1709634 0332255 1708096
 1314939 1327161 0597297 0597304 1623036 0243125 0699900 0085151 3538722 1456454 0332148 0750492
 0085151 3538722 1456454 0033665 0002716 0011560 0033684 0611285 1709634 0025255 0332281 0596901 1706182 1517001 0205177 0439167 0441655 0597304 1561536 1947941 0006784 0758959 0769345 2717970 0030946 1947941 0085151 3538722 0033665 1456454 0002716 0011560 0033684 0611285 1314939 1709634 1709694 0025255 0392752
 0006784 0758959 0769345 2717970 0030946 1947941 0006784 0010834 0332281 0025255 0596901 1706182
 1274040 1546471 2825142 0521093 0750484 1456348 0392148 0108192 0013714 0332324 1550474 0005821 1963076 0085182 1420760
 0205177 0439167 0441655 1561536 1150129 0006784 0205177 0439167 0441655 1552738 1561536
 0005821 1963076 0030685 0391871 0439180 0680255 1283071 1963578 0078411 0312498 0597357
 1265611 0009458 0439536 0442726 1511790 1705217 3244283 1274040 1546471 2825142 0032173 1879547 1184743 1522240 0108192 0311403 0604331 0022634 0013714
 0332290 0332529 0758959 0769345 2717970 0010654 0030946 0205242 0333853 1947941 0006784 0441635 0030685 0391871 0439180 0680255 1283071 1963578
 0205177 0439167 0441655 1561536 0237876 1521970 0085151 3538722 0033666 1456454 0033665 0002716 0011560 0033684 0611285 1709634
 0597304 0010813 0596311 1330957 0445247 0006784 2717970 1883351
 0947630 0183683 1521721 0449911 0006675 0006726 2936886 2753370 0085151 3538722 0033665 0033666 1456454 0002716 0011560 0033684 0611285 0851285 1314939 1327622 1709634 1709694
 1547282 0033666 1709694 0085151 3538722 1456454 0201925 0428302 0006675 0006726 0175996 0178719 0441889 0851285 2936886 0851285 1327622 3546691 1819041 0599177 1879547 0033634 0033621 1168438 1418943 3540567
 0006675 0006726 2936886 0085151 3538722 0033665 0033666 1456454 0002716 0011560 0033684 0611285 1314939 1709634 1709694
 0442808 0201925 0428302 0006675 0006726 0175996 0178719 0441889 2936886 0086597 0442805 0427861 0553257 0007634 3282337 0085151 3538722 0033665 1456454 0002716 0011560 0033684 0611285 1709634
 0442805 0002395 1273723 1521724 0006111 0006104 0012634 0027882 0150312 1269537 1514819 0017446 0205147 0205393 0392760 1314939
 1299582 1705241 1705242 0005821 1963076 0491336 0582509 2699787 0027882 0033684 0040539 0600688 0015127 1524003 0006784 0014442 0086597 0127400 0597304 0010813 0596311 1330957
 0443264 1511572 0001721 1880177
 0039224 1706073 1706074 1280500 2348382 0243077 1708097 0022023 0085151 3538722 0033665 1456454 0582509 0002716 0011560 0033684 0611285 1709634 0005821 1963076 0034760 0702093 2348236 0005903 0039476 1547703 0878412 1879547 2827734 2981698
 0370003 2347026 0005863 0520510 1552738 0025663 0025664 0449851
 0086045 1547282
 0010813 0596311 1330957 0311403 1514468 1704444 0205431 0021467 0021469 1628982 3463820 0332268 0220781 0439634 1522492
 1522609 0042295 0237753 1518422 1516050 1552601 0392762 0005507 0243073 1510438
 0039224 1706073 1706074 1280500 0022023 1708097 0006785 0006784 0021966 0221138 0034760 1444656 0006785 0332283 0006784 0021966 0221138 1883712 0005863 0520510 1552738 0025663 0025664 0449851
 1514468 1704444 0442726 1511790 0332268 1265611 0442726 1511790 0243148 1550141 1707455 1882979 2587213 3274648 0030946 1947941 0205171 0439044 0679994
 1522609 0042295 0237753 1518422 1516050 1552601 1518422 0005507 0243073 0392762 1510438
 2825232 0043227 0449719 1521721 1709471 0018173 0027472 0079816 1556038 0018684 0035168 0205476 0242481 1551807 3245503 0004340 1551807 0016617
 0010186 0220812 0449719 1709471 0220808 0680264 0007961
 1706852 0522501 1706089 0949214
 0205155 1293097 1522472 1552923 1705191
 1521721
 0282413 0376649 1442065 0030664 0205469 0677042 0041740 0042645 0997115 0004340
 0254343 0796520 3272379

 0085205 1549619 1880669
 0000723 1273517 0085151 3538722 1456454 0033665 0002716 0011560 0033684 0611285 1709634 0085151 3538722 1456454 0033665 0002716 0011560 0033684 0611285 1709634
 0597304 0010813 0596311 1330957 1514468 1704444
 0332255 1708096 0332255 1708096
 0085151 3538722 1456454 0033665 0002716 0011560 0033684 0611285 1709634 0085151 3538722 1456454 0033665 0002716 0011560 0033684 0611285 1709634
 0085151 3538722 1456454 0033665 0002716 0011560 0033684 0611285 1327616 1709634
 0085151 3538722 1456454 0033665 0002716 0011560 0033684 0611285 1709634 1514468 1704444 0085151 3538722 0171484 3146294
 0085151 3538722 1456454 0033665 0002716 0011560 0033684 0611285 1709634 1514468 1704444 0085151 3538722 0171484 3146294
 0033559 0033559 0033554 1266240
 0039654 0000975 0767601 0039654 0000975 0767601
 0006474 0006476
 1552116 1552117
 0604331 0022634 0604331 0022634
 0022634 0022634
 0022181 0060567 0022181 0060567
 0031493 0016327 0031493 0016327
 0013862 0071500 0596607 0013855 0017243 0071499 1382104 0013862 0071500 0596607 0013855 0017243 0071499 1382104
 0032190
 0071710
 0003250 0003241 0021027 0746619 0003250 0003241 0021027 0746619
 3537453 0061621

 3495095
 0439394 1706495 3642217
 0444649 1274040 1546471 2825142

 3495095
 0439394 1706495 3642217
 0444649 0302523 0700325 1964257

 0557806 0027976 0205314 0243163 0699914 1314650 1561604 1875802 1999230 1979003
 2986676 0031831 1707664 2348314 3540849


 1440524 0004340 0242414 0700114 0042960
 1316572 1317574 1369612 0556981 1524062 0054533 1999216 0165174 0684224 0700287 3496591 1883351 0028778 0332206 1533157 1706084 2828370 0033268 2347469 0027882
 1514811 1706462 0033727 0369286 0441932 0564385 1632313 2603360 2603360
 0063789 3272375
 0450348 0450318 0025141 0016327 0439133 1553038
 0040833 1521798
 3642273
 0025141 0369637 0441923
 1553033 0033727 0369286 0441932 0564385 0369773 2603361



 0000857 0600678 1552863
 0033727 0369286 0441932 0564385 0369773 2603361 2347469

 1418943

 0268596 2700624
 3642273

 2603362

 0439083 0439087 0000857 0600678 1552863 0330099
 0021966 0221138 0205090 0684010 2603358
 2347469 0205090 0684010 2603358 1440524 0369773 2603361 0439267 0597277 1708601 0444649
 0439394 1706495 3642217

 0201682

 2603362
 0369773 2603361 0369637 0441923

 0205090 0684010 2603358
 0369773 2603361 2603360

 0369773 2603361 1418943

 0268596 2700624
 3642273

 2603362

 0000857 0600678 1552863



 0369773 2603361 1418943

 0268596 2700624
 3642273

 2603362

 0000857 0600678 1552863 0064494 2603360
 2603362
 0439267 0036397 0025141 0439267
 2603362

 0369773 2603361 1418943

 0268596 2700624
 3642273

 2603362

 0000857 0600678 1552863 0759909 1135895 2603360 1553033 0439394 1706495 3642217 0544691 1823998
 0369773 2603361 1553033 0021966 0221138
 0349590 1262865 0025141 0439267
 0021966 0221138
 0369773 2603361 2603360

 2347379

 0025141 0016327 0439133 1553038
 0369773 2603361

 0205090 0684010 2603358

 0205090 0684010 2603358 2603360 1305702 1547134 2355574 0369773 2603361
 0036397 0025141 0439267 0597277 1708601 0444649
 0439394 1706495 3642217 0002716 0011560 0611285 0063789 3272375

 1417055
 1315013
 2827734 2981698 0016633

 2347469
 1553033 0605411
 0005767 0005768 0229664 0000857 0600678 1552863 0016633

 2347469

 1553033
 0205090 0684010 2603358

 0201682
 0597277 1708601 0439394 1706495 3642217 0369718 0441922 1553036
 2347379
 0025141
 2807028 0439267
 0369773 2603361
 2347469 0369773 2603361
 0022877

 0025141
 0439394 1706495 3642217 0369773 2603361
 2347469


 0025141 2603360
 0439394 1706495 3642217
 0033727 0369286 0441932 0564385
 2603362
 0439267 0036397 0025141 1553033
 0033727 0369286 0441932 0564385 0544691 1823998


 0349590 1262865 0025141 1553033 0544691 1823998
 0369637 0441923
 0439267
 2347469


 0201682
 1553033 0544691 1823998
 0033727 0369286 0441932 0564385

 2347469

 0201682
 1553033 1553033 0444649
 0439394 1706495 3642217 0597277 1708601

 0201682
 0033727 0369286 0441932 0564385
 0444649
 0597277 1708601 0439267 0597277 1708601 0442532 2347469
 0349590 1262865 0025141 0597277 1708601
 0014511 0086809 1547963 0439267
 1553033 0999213
 0369637 0441923

 0033727 0369286 0441932 0564385 0033727 0369286 0441932 0564385

 2347379

 0369718 0441922 1553036 1415618 0033727 0369286 0441932 0564385
 0349590 1262865 0025141 0021966 0221138

 0201682

 0033727 0369286 0441932 0564385 2603362
 0439394 1706495 3642217

 0201682
 2603362
 2603362
 0205090 0684010 2603358
 2347469
 2603360


 0025141 0439267 0337799 1553033 0332152 2826257 0205090 0684010 2603358 0205090 0684010 2603358 0444649
 0439394 1706495 3642217 0597277 1708601


 0201682
 3495095 0369637 0441923
 0330099
 0021966 0221138 2347469 0021966 0221138 0597277 1708601 0444649
 0439394 1706495 3642217 0005767 0005768 0229664


 0000857 0600678 1552863 0369637 0441923
 0369773 2603361 2347469 0597277 1708601 0021966 0221138 0205090 0684010 2603358


 0000857 0600678 1552863
 2347469 0597277 1708601
 2603360 2603360
 1553033 0230467 0741204


 0025141 0205090 0684010 2603358
 0205090 0684010 2603358
 1513911
 0033727 0369286 0441932 0564385 0330099
 0021966 0221138
 0439267 0597277 1708601 0444649
 0439394 1706495 3642217

 0025141 0021966 0221138 0597277 1708601 0597277 1708601
 0021966 0221138 0021966 0221138
 0439267
 0001811 0025141 1553033 2603362
 0021966 0221138 0439267
 0597277 1708601
 2347469 0369773 2603361 1418943

 0268596 2700624
 3642273

 2603362

 0000857 0600678 1552863 0057642 2347469
 0033727 0369286 0441932 0564385 0554249



 0201682
 1553033 0205090 0684010 2603358
 0205090 0684010 2603358 0369637 0441923
 0439394 1706495 3642217
 1418943

 0268596 2700624
 3642273

 2603362

 0000857 0600678 1552863 1553033 0369773 2603361 0369773 2603361 1553033 0439267


 0025141
 0205090 0684010 2603358

 0201682
 0000857 0600678 1552863 0369773 2603361 0369773 2603361 0402830 2347469 0597277 1708601 0331925 0021966 0221138 0016327 0439133 1553038 2347469 0349590 1262865 0025141 0033727 0369286 0441932 0564385

 0005477 0025141 2603360
 0998924 0033727 0369286 0441932 0564385 0033727 0369286 0441932 0564385 0597277 1708601 0998924 0597277 1708601


 0201682
 2603360
 0033727 0369286 0441932 0564385 0998924 0597277 1708601
 0597277 1708601

 0205090 0684010 2603358
 1418943

 0268596 2700624
 3642273

 2603362

 0439083 0439087 0000857 0600678 1552863 0205090 0684010 2603358 0444649
 0439394 1706495 3642217 0597277 1708601

 0201682
 2603360 2603360 0369718 0441922 1553036 0369718 0441922 1553036 2603360
 1628982
 0439086 2827736 2981702 0025141 0369637 0441923
 0439267 2347469
 0439394 1706495 3642217
 0021966 0221138 1553033 0008114 1284862 0021966 0221138 2347469
 2347469

 0001811 0025141 0369773 2603361 2603360 0369637 0441923
 0439267 0205090 0684010 2603358 1553033
 0597277 1708601 1414819 2681211 0439394 1706495 3642217
 0039736 0439394 1706495 3642217
 0021966 0221138
 2347469 0349590 1262865 0025141 2603360
 2603360
 2603360 0439394 1706495 3642217
 0064494
 0205090 0684010 2603358 2347469 2603362
 0439267 0036397 0025141 2603362
 1418943

 0268596 2700624
 3642273

 2603362

 0000857 0600678 1552863 2603362

 0033727 0369286 0441932 0564385 0597277 1708601 0080045
 0439394 1706495 3642217 0036397 0025141 0554249 0205090 0684010 2603358
 0369773 2603361 0439267
 1708595 3280986 0005767 0005768 0229664 0000857 0600678 1552863 0554249 0205090 0684010 2603358
 0369773 2603361
 0439267
 0036397 0025141
 0018173 1548284 0016327 0439133 1553038
 0439267 0439114 2758676 0369773 2603361
 0016327 0439133 1553038 0597277 1708601 0242298 0344349
 1553033 0005477 0025141 0998924 0369718 0441922 1553036 2603360
 2603360 0064494
 0439394 1706495 3642217 1708595 3280986 1553033 2603360
 2603362
 0439267 0036397 0025141 0205090 0684010 2603358
 0021966 0221138
 1418943

 0268596 2700624
 3642273

 2603362

 0000857 0600678 1552863 0205090 0684010 2603358

 0021966 0221138
 0439394 1706495 3642217
 0016327 0439133 1553038 0205090 0684010 2603358
 0439394 1706495 3642217 0349590 1262865 0025141 2603360 0369718 0441922 1553036 2603360 2603360

 2347379



 0033727 0369286 0441932 0564385
 1979871 2986727
 2347469


 2347379

 0025141 0597277 1708601
 0016327 0439133 1553038 0205090 0684010 2603358
 1551833 0016327 0439133 1553038 1418943

 0268596 2700624
 3642273

 2603362

 0000857 0600678 1552863 0439267 0369773 2603361
 0444649
 0439394 1706495 3642217 0597277 1708601 0007634 1269647 1704653 1948049 0025141 1632313 2603360 0597277 1708601 2603360
 2347379
 0450389 0025141 0369718 0441922 1553036 2347469 0205090 0684010 2603358

 0201682
 0439394 1706495 3642217
 2347469

 0201682
 0037455 0596070 0005477 0026376 0005532 1521991