 0025723 1159269 0600401 0034036 0034037 1514756 1704324 0348078 0376315 1515981 1522492 1527075 0450348 0369637 0441923
 0325810



 0022886 0022877 0035168 0242481 1619828 0021622 1272753 3244297 0179196 1704776
 2827734 2981698 0442658 1301826 1514811 1706462 0000857 0600678 1552863 1292732 0031843 0542341 0700205 1705273 0162326 0004793 0037791 0162327 1511884 1519249 0033413 0017446 0086860 0205147 0015576 1704727
 0016030 1511679 0021467 0021469 1628982 3463820 0049065 0205263 0439093 0443228 1704243 0040649 0600472 0013879 0442808 0441889 0456079 1547707 2946261 1512554
 1524063 1553778 1561491 1516048 0449774 1515021 0600472 0013879 0150312 1704972 1704973 1819601 0025723 1159269 0013682 0205250 1299351 1314677 2700149
 0205450 0054868 0205145 1518422 3540479
 2347112 0205145 0936012 1511276 1552825 1704972 1704973 2945843 2347112 0205145 0056912 0054868 3540479 0012476
 0439064 0443302 1511276 1552825 0009219 1704972 1704973 1704458 0733755 0162326 1705535 0205145 0746574 1285521 1301808 1314677 1442792 3148680
 1515021 0025723 1159269 0054868 0205145 0332514 1314677 1518422 3540479 1517331 0025723 1159269 1292711 0449719 1709471 1314939 0025723 1159269 1285521
 0024501 0205145 0056912 0054868 0746574 1285521 2362652 3540479 0012476 1152266 0012873 1152247 1414121 1511681 0012854 0025831 0205177 0205314 0439167 0441655 0679622 1561536 2987476
 0033413 0017446 0086860 0205147 0205263 0243122 1145667 1167622 1521761 2827422 0348078 0376315 1522492 0332307 1547052 0150312 0205250 0442799 0449450 1710236 0025723 1159269
 0017429 0014518 0017428 0086418 0205451 0205456 0439165 1293116 1875307 2338314 0012868 0013879 0015576 0205447 1441547 1704727 1705248 3245521 0205132 1550648 1552960 0015576 1704727 2827734 2981698 0740116 2827735 2981700 0013879 0023978 0456387 0600401 1518422 1705943 0332261 1947932 0684063
 0680220 3272697 0205245 0542341 2700217 0600204 0021107 0441587 1512796 1883719 0017473 0086418 0205132 1301725 1517528 1550648 1552960 1609436 0442758 0439086 2827736 2981702 0025914 0025929 0026809 0205170 2986476 3146287 0431085
 0600472 0013879 0332256 2700400 0205448 0079941 0080089 0034754 0175566 0180979 1705179 0205436 0457385 0565930 1561503 1705190 2700640 0035379 0040646 1555029 2257077 0085431 0014241 0033727 0035541 0035542 0369286 0441932 0564385 0950398 0014230 0205177 0439167 0441655 1561536
 0086860 1273518 1547282 1883351 0013879 0444930 1705248 2746065 0949639 0040649 0205145 0439659 0522506 1515974 1515981 2825164
 0033413 0017446 0086860 0205147 0332256 2700400 1149367 0005456 0682969 0205145 0243122 1145667 1167622 1515974 2825164 1421565 0332185 1547282 1883351 0133195 1423800 0028589 0949374 0033684
 0017446 0205147 0028581 0332281 0521447 1704640 1706515 0205250 1299351 2700149 0178499 1626935 0444930 2746065 0282523 0022130 0442824 0012854 0746574 0010453 0016030 0220814 0430400 2242979 0681814 1273517 0684224 0700287 3496591 0024264 0086418 0205100 0205307 0439166 1515981 1948023 2347086 0443303 0010453 0220814 0430400 1282927 1515273 1705313 1806781 2242979 2350002 2826302
 1512554 0871261 1704632 1706817 2911692 0599770 0013879 1705248 0442824 0010957 1883709
 0543488 1512554 0013879 0205245 0542341 1314939 2700217 2347469 0004793 0037791 0162326 0162327 1511884 1519249
 0444930 0557351 0597416 0005507 0014241 0035541 0035542 0243073 1510438 1545588 0683607 1709793 1515021 0013879 0392148 1706907 0040649 0013879 0449851 1710082 1704972 1704973 3272453 0012854 0017428 0887950
 0184661 1948041 2700391 3274430 3538935 3539779 3272453 0012854 0017428 0887950 0205349 0392747 0443286 1114821 0063088 0012634 0348080 1705253 0010843 0206415 0205369 1552740 0012854 1704972 1704973 1883351 0004793 0162326 0162327 1519249
 1524063 0449445 0085732 1299581 2945843 2347112 0205145 0054868 3540479 0205145
 0010453 0016030 0220814 0430400 2242979 0427861 0007634 3282337 0682523 1314677 1552738
 1883351 1516048 1280500 0441889 0035668 0010453 0013935 0016030 0086418 0220814 0430400 2242979 0427861 0007634 3282337 0009458 0325564 0439536 1524031 1551720 1552614 1705217 2826545 3244283 0332293 1522326 1719918 0086045 1446561 0470296 1547282 1883351 0018790 0237477 0392351 0521111 0376452 3536933 0012854 0025723 1159269
 0009458 0162867 1254021 1524062 0872351 0205200 1439852 0010453 2584321 0205200
 0009458 0162867 1254021 0392747 0443172 1825406 1413227
 0035668 0185115 3541890 1524063 0025663 0449851 0871511
 1709793 1550369 0020944 0035668 0884358 0025255 0596901 1706182 0332283 0020202 1300517 0182400 1704681 2347609 3536729 0450348
 1279755 0184661 1948041 2700391 3274430 3538935 3539779 0884358 1524063 0025664 0184661 2700391 1710082 1524063 0596957
 0012854 0205349 0063088 0392747 1524063 0025664 0184661 2700391 0332300 0443286 1114821 0884358 1511572 1442460 1442464 1514721 2348147 3542016 0150312 0392747 1554963 0444953 0033727 0205197 0369286 0441932 0564385 1511572 0439227 0564385
 0012854 0521108 1524063 0035191 0072149 1517480 1521871 1705759
 0206415 1707689 2983265 0037640 0085732 1299581 1704458 0063088 0392747 1704972 1704973 0302891 0012854 0439267 1553033 0439267 0178499 1626935 0205132 0376298 1441547 1550648 1552960 3245521 0598211
 1517480 1521871 1705759 1511276 1552825 0009219 1704972 1704973 0206415 0439084 0728893 0178499 1626935 0205132 0376298 1550648 1552960 1273517
 0206415 1707689 2983265 1883351 0009498 0162326 0205132 1550648 1552960 3146294 0012854 0302891 1524063 0206415 0332256 2700400 0449774 0009013 1441672 1704458 1704972 1704973 0012854
 0684192 0332255 0486805 0086022 0009015 0049896 0442335 1705099 0072149 0007634 3282337 0039421 1524063 0442711
 1514468 0012854 0063088 0392747 1524063 0449445 0012854 1707391 0439158
 0150312 0040682 1510411 1705163 0205224 0442711 0813036 0439165 0332294 0009015 0242568 0678226 1504315 1883420
 0009013 0004793 0162326 0162327 1519249 1524063 1524063 0439780 1953384 0206415 1947971 0205197 0725685 0205197 0004793 0162326 0162327 1519249
 0162801 0010992 1511726 3245479 0002778 0936012 1524024 0884358 1524063 1553446 0333052 2607870
 0012854 0332256 2700400 0600472 0013879 1705248 3272453 0010453 0012854 0013935 0016030 0017428 0086418 0220814 0430400 0887950 1524062 2242979 0443286 1114821 0597937 0205102 0243148 1550141 1553872 1619620 1882979 2587213 3274648
 1517480 1521871 1705759 0884358 1524063 0206415 0178499 0205132 0376298 1550648 1552960 1626935 0205195 1947911 0206415 0439084 0728893 0205369 1552740
 0162326 0032136 0243148 1550141 1882979 2587213 3274648 0205454 0392747 0443299 1441547 1554963 3245521 0443286 1114821 0439175 0439810 0150312 0013682 0439836 0439093 0443228 1704243
 0439175 0439810 0332196 2828389 1819601 2347112 0025723 1159269 0018370 0063088 0162326 0392747 1441672 0032136 0014834 0014833 1167395
 0032136 0080194 0456178 1167395 1518614 2987481 0025723 1159269 0032520 0162326 0243148 0677874 1441672 1550141 1882979 2587213 3274648
 0009932 0243148 0681814 1550141 1882979 2587213 3274648 0871505 0022885 0039593 0242568 0392366 1504315 1261552 1704379 1705117 2825408 0012854 0056912 0054868 0746574 3540479 0012476 0012854 0205163 0205430 1265611 1549782 3160715 0392747 1554963
 1517480 1521871 1705759 0206415 0376298 0884358 0017428 0205132 0887950 1273517 1514468 1550648 1552960 0205195 0243148 1550141 1882979 1947911 2587213 3274648 0439962 0206415 1265611 1273517 1282910 1552828 0205195 1947911 0205369 1552740 0746574 0348078 0376315 1522492
 0150098 0036849 1442518 1705195 0162326 0557651 0936012 2603343 0470187 0221193 0060664 1555016 2346787 3245483
 1274040 1546471 2825142 0022885 0039593 0392366 0376452 3536933 0012854 0025723 1159269 0032214 0600138 1705810 0035820 1301808 1442792 3148680 0870809 0016030 0010453 0016030 0220814 0430400 2242979 0007634 3282337 0682523 0427861 0007600 0007634 0205132 0206664 1269647 1550648 1552960 1704653 1948049 0600472 0013879 0205309 1883351 1879547 0332293 0376452 3536933 0012854 0025723 0687676 1159269 1522326 1704687 1999216
 1280500 2348382 0441889 0040649 0600472 0597416 0005507 0014241 0035541 0035542 0243073 1510438 1545588 1524063 0182400 1704681 2347609 3536729 0205171 1720467 0442726 1519595
 0039798 0087111 1522326 1533734 1705169 3538994 0332462 0442805 1880834 1274040 1546471 2825142 1519595 0600472 0013879 0039798 0087111 1522326 1533734 1705169 3538994 1519595 2346714 0332462 0442805 1880834 1274040 1546471 2825142 0349966 1337208
 0680220 0427861 0449475 0680220 0205370 0750540 1551058 0086860 0017337 0007634 3282337 0205447 0007600 0007634 0205132 1269647 1704653 1948049 0002778 0936012 1524024 0442726 1511790 0681814 1547282 0949639 0205145 0439659 1515974 2825164 0444930 2746065 0600472 0013879
 1883351 0022885 0039593 0392366 1514468 0600472 0013879 0205132 0205245 0542341 1550648 1552960 2700217 1274040 1546471 2825142 0600472 0013879 0441889 1519595 1524063 0599862 0020202 1300517
 1709793 0600472 0013879 1518422 0376298 0013879 0182400 1704681 2347609 3536729 0205171 1720467 0442726 1519595 0034754 1705179 0086860 0243148 1550141 1882979 2587213 3274648 1158770 0017428 2338314
 1511726 3245479 0349966 1337208 1547282
 2827734 2981698 2755352 0598864 0015127 1314792 1524003 0040649 0600472 0013879 1301751 1280500 2348382 0040649
 0349966 1337208
 2827734 2981698
 1280500 2348382 0040649 1515981 1519595 0600472 0013879
 0042295 0080103 0205345 1547039
 0179400 1533124 0599862 0020202 1300517 0182400 1704681 2347609 3536729
 0179400 1533124
 2828360 0598016 0179400 1533124 1514468 0162326 0013879 0205245 0542341 1705248 2700217
 0441889 0456079 1547707 2946261 0205250 1299351 2700149 0035668 0427861 1947950 0016030 0007585 0007634 3282337 0427861 0007634 3282337 2826247 0011008 0392366 2348077
 0333052 2607870 0016094 0180853 1522646 1883351 0162326 0004793 0037791 0162327 1511884 1519249 0033413 0017446 0086860 0205147 0600472 0013879 0557351 0025663 0449851 0871511 0683607 0020792 0205396 0009013 0012854 0027361 0237401 1441547 3245521 1704972 1704973
 0184661 1948041 2700391 3274430 3538935 3539779 3272453 0012854 0017428 0887950 0063088 0392747 0010843 0041917
 1704972 1704973 1883708 0032520 0677874
 1704972 1704973 0041917
 0332282 1517480 1521871 1705759 0041917 1441547 3245521 0010843 1299987 0559956 0040087 1514468 1514152 0009013 0032136 0086022 0442335 1705099 0162326 0004793 0162327 1519249
 0206415 0557351 0557651 2603343 1707689 2983265 1883351 0150103 1708943 0079160 0004793 0162326 0162327 0376298 1519249 0600472 0013879 1705248 1510755 1706078 0598211
 0376298 0525049 0009013 0034656 0086418 0205132 0205549 0439605 1550648 1552960 2348044 1881534 1524063 0231198 1167395 0080194 0456178 1518614 2987481 0037640 0242568 1504315
 0017446 0205147 0206415 0376298 0205280 0600472 0013879 1705248 0870134 0017337 0015506 2732002 0017473 0205132 1517528 1550648 1552960 0259931
 1947946 2948600 3540471 3540472 1883351 0598463 0449438 0205177 0439167 0441655 1561536 0597416 0005507 0014241 0035541 0035542 0243073 0442726 1510438 1511790 1545588
 1704458 0733755 1527178 1707391 1874451 0205250 1299351 2700149 0205251 1299352 1550472
 0243126 0010843 0206415 0683607 1883351 0042153 0457083 1947944 0205195 1947911 0162326 0302891 3272453 0012854 0017428 0887950
 1707689 2983265 0439801 3542948 0017446 0205147 1517480 1521840 1521871 1705759 1517480 1521871 1705759 0025723 0449438 1159269 1527178 1705938
 0679199 0557351 0042789 1947903 0683607 0237820 1555688 2004454 1514468 0746574 0348078 0376315 0013682 0205250 1299351 2700149
 0009013 0392747 0012854 0920504 0007585 0016030 0427861 1947950 0007634 0010453 0013935 0086418 0205409 0220814 0430400 1548221 2242979 3282337 0004793 0162326 0162327 1519249
 0036576 0333562 0598211 0598211 0598211 0332257
 0349966 1337208
 1547282 0080143 1706765 0178499 1626935
 0162326 0456148 0549184 0205280 0600472 0013879 0027361 0205132 0237401 1441547 1550648 1552960 1705242 3245521 0021228
 0162326 0085732 1299581 0079160 0004793 0162326 0162327 0376298 1519249 1524063 0206415
 1707455 0376298 0012854 0009013 0012854 0002055 0009013 0178499 1626935 1880279 0332148 0750492 0010843
 0349966 1337208
 0740116 2827735 2981700
 0080143 1706765 1883644 0033413 0017446 0086860 0205147 0600472 0013879
 1511726 3245479 1547282 0205155 1293097 1522472 1551058 1552923 1705191 1882932 0178499 1626935 0439175 0439810 1444754 1706316 0004793 0162326 0162327 1519249
 2945843 2347112 0205145 0056912 0012476 1282913 1551714 0332516 2699744 0332514 0205447 0205119 0150312 0449450
 0162326 0302891 0392747 0012854
 2347469 0162326 0012854 0063088 0392747
 0162326 0012854 0063088 0392747
 0162326 0205132 1511276 1550648 1552825 1552960 1704972 1704973 0029266 0449450 1555029 1704322 1704972 3539923 0009498 0010843 0700364 0018321
 0333052 2607870 0016094 0180853 1522646 1524063 0678713 0012854 1273517 0032520 0677874 0033413 0017446 0086860 0205132 0205147 1550648 1552960 1704458 1704972 1704973 0004793 0002055 0162326 0178499 1880279
 0441635 0178499 1626935 0349966 1337208 1547282
 0450354 1706096 1709707 0010843 0444667 0009013 0349966 0449450 1337208
 0439086 2827736 2981702
 0162326 0063088 0205409 0205449 0392747 0443299 1548221 1554963 0162326 0205409 1548221 1547282 1883351 0205197 0392747 0025664 0184661 2700391
 0162326 0444868 3539085 1705242 1705535 0009013 0012854 0600472 0013879 0205132 1441547 1550648 1552960 1705242 1705248 3245521
 2945843 0205145 0746574 0010843 0205375 1608508 0450354 1706096 0349966 1337208
 0205455 0439787 0724000 0849355 0017446 0205147 0178499 0450348 1626935 0150312 1883351 0162326 0205145 1515974 2825164 0349966 1337208
 0010843 0282523 0017446 0022130 0056912 0205147 0746574 0332290 1272706 1552654 1552713 0600472 0013879 0012854
 2347112 0205145 0010843 0349966 1337208
 0056912 0012476 0010843 0205447 0205145 0086972 0205171 0443299 0687118 1720467 2945843 2347112 0025723 0054868 0205145 1159269 1515974 1518422 1709450 2825164 3540479 0349966 1337208 0002055 0178499 1626935 1880279
 0349966 1337208
 1547282 0012854 0063088 0086418 0392747 1441547 3245521 0012854 0302891 0032136 0332256 2700400 2945843 2347112 0205145 0054868 3540479 0449255 0542559 0178499 1626935
 0439836 0243148 1550141 1882979 2587213 3274648 0010843 2945843 2347112 0205145 0054868 3540479 0056912 0012476 3272453 0012854 0017428 0887950
 0004793 0162326 0162327 0449255 0542559 1519249 0021966 0039224 0221138 0449450 1706073 1706074
 0205448 0332256 2700400 0010843 0205101 0205145 1705535 0013682 0439836 0205145 0043194 0258432 1421478 1882932 2347112 2945843 0205145
 0349966 1337208
 0439086 2827736 2981702
 0733755 0439603 2945843 2347112 0205145 1883644 0017446 0205147 0600472 0013879 1705248
 0450429 1515974 0746574 0010843 0205132 1550648 1552960 1547282 0162326 1441547 1511276 1552825 1704972 1704973 3245521 0205132 1550648 1551058 1552960
 3540510
 2347112 0025723 1159269 1282913 1547282 1551714 2347112 0025723 1159269 0205119 1547282
 0012751 0205119 1145640 0205099 0205132 1550648 1552960 1879652 0558058 0376249 0439603 0871396 1561548 1705502 0010843 0205145 1441672 1515974 2825164 1704972 1704973 0009013
 0004793 0162326 0162327 0449255 0542559 1519249 1819601 0010843 0746574 1547282 2827599 1096774 2360551 0178499 1626935 0332257 0010843 0282413
 0179400 1638312 0162326 0032520 0205369 0677874 1552740 1704458 1704972 1704973 0206415 0179400 1638312 0205369 1511276 1552740 1552825 1704972 1704973 0206415
 0333052 2607870 0016094 0180853 1522646 0349966 1337208

 0080143 1706765 0009013 0178499 1626935 1704458 1704972 1704973 0010453 0012854 0013935 0016030 0063088 0086418 0220814 0392747 0430400 1441547 2242979 3245521 0243148 1550141 1882979 2587213 3274648 0243148 1550141 1882979 2587213 3274648 2347469 0302891 0332293 1522326 0012854 1553033
 0017446 0205147 0332256 2700400 2945843 2347112 0205145 0205145
 0021966 0221138 0042333 0205419 0017446 0205147 0439070 1705160 0009013 0027361 0150312 0237401 0302891 0012854
 0333052 2607870 0016094 0180853 1522646 0021966 0221138
 1516050 0010843 0205145 0009013 0600472 0013879 1511726 3245479 0441987 0449450 0006909 3540510 1547282
 1185738 1706132 0230370 1288948 0150312 0449450 0237753 0449788 0600472 0013879 0205419 0150312
 0237529 1704725 1704726 0205145 1515974 2825164 0193959 0012854 1883351 0392148 1527178 1705938 0733755 0009013 0012854
 0336721 0733755 0746574 0010843
 0021966 0221138 0439070 1705160 0025723 0054868 1159269 1518422 3540479 0733755 1441672
 0009013 1522642 0332256 2700400 0021107 0441587 1512796 1883719 0439070 1705160 0205352 0522501 1706089
 0004793 0162326 0162327 0449255 0542559 1519249 0004793 0162326 0162327 1519249 0004793 0162326 0162327 1519249 0004793 0162326 0162327 1519249 0009013 1522642 0596235 0596235 1549445 1705108 1506978 1549445 1705108 1705538 1506978 1549445 1705108 1705538 1506978 1549445 1705108 1705538 1506978 1549445 1705108 1705538 0600436 0002055 0178499 1709450 1880279
 1883351 2945843 2347112 0205145 1511276 1552825 0009219 0600472 0013879 0205132 1550648 1552960 1704972 1704973 0206415 1707689 2983265 1883351 0063088 0162326 0205132 0392747 1550648 1552960 0013879 0445247 1515021 1524063 0206415
 0004793 0162326 0162327 1519249 0079160 0004793 0032520 0162326 0162327 0376298 0677874 1441547 1519249 1527178 1705938 3245521 0012854 2347112 0025723 0205145 1159269 1515981 1704458 1704972 1704973 0010453 0012854 0013935 0016030 0086418 0220814 0392747 0430400 2242979
 1524063 0678713 0012854 1273517 0206415 0162326 0004793 0002055 0162326 0162327 0178499 1519249 1880279
 1511726 3245479 0445247 0449719 1882932 1547282 0178499 1626935 0162326
 1707455 1511726 3245479 0162326 0004793 0162326 0162327 1519249 1704458 1704972 1704973 1547282
 1609982 0746574 0010843 1704972 1704973 0700364 0018321 0162326 0449450
 0243132 1554210 2745955 0162326 0439828 0063088 0392747 1441672 1511726 1704458 1704972 1704973 3245479 0349966 0439086 2827736 2981702
 1510853 2945843 0054868 0205145 0444868 0450348 0746574 3539085 3540479 2347112 1704972 1704973 0017446 0205147 1511276 1552825 1704972 1704973 0206415 0205145 2347112 0746574
 1515187 0036849 1442518 1705195 0444667 0025723 0054868 1159269 1510992 1518422 2825518 3540479 0009013 1522642
 0746574 0205145 0178499 0205396 0332149 1550043 1551388 1554961 1626935 1705847 1705910 2362652 0009013 0162326 0034754 1511276 1552825 1704972 1704973 1705179
 0205145 2945843 0010843 0018321 1547282 0349966 1337208 0010843 0056912 0054868 1441672 3540479 0012476 1511726 3245479 0349966 0439086 2827736 2981702
 1883351 1292732 1511726 3245479 0036577 0036576 0242568 0392760 1314939 1504315 0009015 0025664 0184661 2700391 1273517 1883351 0370215 1875400 0162326 0012854 0063088 0205409 0392747 1548221 0009013 0884358 0243148 0681814 1550141 1706386 1882979 2587213 3274648 0009013 1522642 0056912 0054868 0746574 3540479 0012476 0012854 0032136 0205163 0205430 1265611 1549782 3160715 1883708 0063088 0392747 0521115 0032520 0677874 0746574 0348078 0376315 0025664 0184661 2700391
 0009015 1514468 1704444 0009013 0004793 0162326 0162327 1519249
 0009013 0150312 1883351 1441547 3245521 0012854 0036576 0004793 0162326 0162327 0348078 0376315 1441547 1519249 1521840 1522492 2986546 3245521 0009013 0012634 0348080
 0557061 2584313 3161035 0449774 0205171 1720467 1314677 0332282 0007590 0007634 1269647 1293097 1704653 1948049 2919030 2919031 0025723 1159269 0056912 0054868 1709305 2745955 3540479 0012476 0728990 1514575 1705542 1883712 0596922 0441833 0687744 1257890 1552516 1705428 1705429 1704972 1704973
 1514534 0002778 0936012 1524024 0332257 0021118 0681850 1550501 1551058 1706203 2349001 2697811 0043297 0544461 0025723 1159269
 1707959 1301725 1609436 0450355 0332257 1707959
 1550608 0012854 0282641 1292748 0042776 0521026 0242961 0079946 0439659 0230517 0007634 3282337 0017446 0205147 0680220 0004793 0162326 0162327 0449255 0542559 0746574 1519249 3641650
 0002778 0936012 1524024 1705535 0025723 1159269 0012854 0024660 1709305 2745955 0012476 0054868 3540479
 0012873 1414121 1511681 0012854 0025831 0162326
 0332148 0750492 0205447 1152266 1152247 2712604 0205177 0439167 0441655 1561536
 1512140 1513528 0007600 0596508 0920487 0007634 0205132 1269647 1704653 1948049 0560617 1522225 0012873 1414121 1511681 0012854 0025831 1547282 1883351 0333118 0376452 3536933 0012854 0025723 1159269 0085732 0746574 0162326 1515568 0011198 0017480 3541240
 1512977 0007634 0024660 3282337 2755352 0598864 1184743 1522240 1314939
 3161035 1512977 0007634 3282337 0332148 0750492 0439092 0547044 0013879
 1511726 3245479 1704972 1704973 0600472 0013879 2347112 0205145 0054868 0205145 1314677 1518422 3540479 0017446 0205147 0086860
 1516084 1883351 1511276 1552825 0600472 0013879 0205132 0445247 1515021 1550648 1552960 1704972 1704973 1524063 0206415 0205369 1552740 0150312 0746574 0205145 2945843 2347112 0205145 0056912 0054868 3540479 0012476 2945843 2347112 0205145 1515974 2825164 0009013
 1441672 0205145 1317834 0150312 0449450 0009013 0205171 1720467 0009013 0026192 0150312 0449450 0700321 0349966 1337208
 1511726 3245479 0449604 2945843 2347112 0205145 0205145 0439092 0547044 0600472 0013879 1292711 0449719 1709471 1314939 2347112 0025723 1159269 1285521 1704458 1511276 1552825 0013879 1704972 1704973
 0684224 0700287 0012854 0015161 0007634 3282337

 2347112 0205145 1515974 2825164 0805018 0012854 0007600 1512977 0007634 0205132 1269647 1550648 1552960 1704653 1948049 0025723 1159269 1285521 0442726 1511790 0242964 0012854 0439509
 0017428 0282641 0442726 0887950 1511790 1553778 1561491 0449255 0542559 0598496 0017337 0858952 0441712 0376452 3536933 0012854 0025723 0031843 0542341 0700205 1159269 1705273 0032098 1705242
 0449416 0025663 0449851 0871511 2347469 1517488 0015576 1704727
 0449416 0079809 1879489 1883727 1883351 0332283 1719822
 0392747 1554963 0010843 0162326 0085089 0699801 0063088 0392747 1184743 1522240 1554963 3146294
 0750558 1710571 0063088 0392747 0728938 1550516 1554963 2587213 0162326 0600472 0013879 1705248 3272453 0012854 0017428 0887950 0443286 1114821
 1704458 0162326 0684224 0700287 3496591 0063088 0392747 1554963 0443286 1114821 0243148 1550141 1882979 2587213 3274648 0009013 0150312 1883351 0392747
 0220912 0220913 0311392 0205145
 1517480 1521871 1705759 0725813 0205145 0746574 0206415 0441835 0162326 0441833 0542339 0687744 1257890 1264637 1552516 1705428 1705429 0449438
 0206415 0683607 1517480 1521871 1705759 0392747 0333052 0242568 1504315
 0237820 1555688 2004454 0162326 1184743 1522240 0004793 0162326 0162327 1519249 0205250 1299351 2700149 0423896 0456205 0035150 0162326 0014834 1707391
 0750558 1710571 0150312 1524063 1167395 0009013 1522642 0348078 0376315 0013682 0205163 0521108 1549782
 0009015 1517480 1521871 1705759 0162326 1516084 1883351 0449438 0587267 1257902
 1707689 2983265 1517480 1521871 1705759 0004793 0162326 1527178 1705938 2347112 0205145 1511726 1704458 1704972 1704973 3245479 0683230 1517480 1521871 1705759 1704972 1704973
 0004793 0013879 0015576 0162326 0162327 0439849 0445223 1519249 1704727 0015608 0015609 0332149 1518422 1705910 2362652 0009013 0013879 0015576 0542339 1264637 1704727 1705242 1516084 1883351 0242568 1504315 1517480 1521871 1705759 0441833 0542339 0687744 1257890 1264637 1552516 1705428 1705429 0013879
 0439836 0040087 0439801 1549649 2349209 0032863 0080143 1706765 1704458 1511276 1552825 0009013 0012854 0302891 1704972 1704973 0349966 1337208 0332290 1511726 3245479 0162326 1441547 2348205 3245521 1710052
 0600472 0013879 1547282 1883351 0025723 1159269 1515655 0021135 1533691 2827718
 0162326 1517001 1883351 1706701 0449774
 0681841 0025723 1159269 0017446 0205147 0600472 0013879 0750558 1710571 1515568 0011198 0017480 0025723 0205250 0348078 0376315 0442799 1159269 1522492 3541240 1274040 1546471 2825142 0056912 0017446 0054868 0205147 0205263 1512554 3540479 0012476 1704972 1704973
 1546986 0558295 1549513 0012873 1414121 1511681 0012854 0025831 0056912 0012476 0024501 0025723 1159269 0014442 0746574 1515568 0011198 0017480 3541240 1710236 0205145 0056912 0012476
 1518422 0700364 1883351 0205555 1710236 0012873 1414121 1511681 0012854 0025831
 0004793 0162326 0162327 1519249 0032520 0302891 0376298 0677874 1441547 3245521 0746574 0021135 1533691 2827718 2945843 2347112 0205145 0017428 0063088 0887950 1553778 1561491 0150312 0004793 0162326 0162327 1519249 1710236 0205171 1720467 0750541 2347112 0205145 0150312 0449450 0936012 0012873 1414121 1511681 0012854 0025831 0746574 1515568 0011198 0017480 3541240 0010843 0017446 0205147 0162807 0027627 0175668 0205436 0678594 0012935 1979975 0012854 0037179 0087136 0205171
 0205145 0010843 0678594 0205103 1550465 2827755 0010843 0012854 0444916 0532245
 1282914 2945843 2347112 0205145 0600472 0013879 1705248 0231175 1883351 0443289 0242767 0419518 0445022 0678594 1186763
 1704972 1704973 0205145 1515974 2825164 2347112 0733755 1705535 1883041 0017446 0205147 1704972 1704973 2347112 0205145 1515974 2825164 0349966 1337208
 0678594 1149367 0005456 0028581 0040648 0682969 2945843 0960756 0040649 0205145 0205309 0243122 0332281 0521447 0587267 1145667 1167622 1515974 1521761 1704640 1706515 2825164 2827422 0011119 0012854 0205403 0700231 1707959 2584296 0449911 1547282 1883351 1149367 0040648 0040649 0205263 0243122 1145667 1167622 1521761 2827422 0332257 1421565
 0349966 1337208
 0439084 0728893
 3161035 2347112 0205145 1515974 2825164
 0205145 1515974 2825164 2347112 2945843 2347112 0025723 0054868 0205145 1159269 1515974 1518422 1709450 2825164 3540479 1547282 0220781 0439634 1274040 1522492 1546471 2825142 1547282 1883351 0026377 1710236
 0443213 1704972 1704973
 0333052 2607870 0016094 0180853 1522646 0037791 1511884 0678226 2987476 3146286 0072393 1418948 0033684 0079613 1883351 0392747 0037791 1511884 0012873 0678226 1414121 1511681 0012854 0025831 2987476 3146286 0427861 0007634 3282337 0746574 0017428 0678594 2338314 0017446 0205147 0175566 0017446 0205147 0332256 2700400 0079941 0009219 0162326
 1882265 0024501 0205145 0012854 1513528 0007600 0004793 0007634 0025914 0025929 0026809 0162326 0162327 0205132 1269647 1519249 1704653 1948049
 0079946 0439659 1550512 0205145 2945843 2347112 0205145 0441889 0600472 0013879 1705248 0332148 0750492 1314939 0040649 0007634 1268443 0205307 0439166 2347086 3282337
 0443301 0010957 1883709 0599770 0013879 0029235 1515981 0444667
 1883351 0025723 1159269 0054868 3540479 0332514 0025723 1159269 0162807 0175668 1511699 0027627 0205436 0678594
 2825232 0043227 0018173 0018896 0449435 0884358 1548284 3540469
 0010186 0220812 0449719 1709471 0220808 0680264 0007961
 1706852 0522501 1706089 0949214
 0205155 1293097 1522472 1552923 1705191
 0282413 0376649 1442065 0021622 1272753 3244297 0179196 1704776
 2827734 2981698 0042645 0997115 0004340
 0254343 0796520 3272379

 0085205 1549619 1880669
 0013849 1705961 0541146 0059804 0325810 0000723 1273517 0032520 0677874 0032520 0337112 0443286 1114821 1335439 1524075
 0004475
 0010453 0016030 0220814 0430400 2242979 0016030
 0216956 0025831 1817482
 0369637 0441923
 0302523 0700325 3244290
 2986676 0031831 1707664 2348314 3540849
 0554249
 1514811 1706462
 0439070 1705160 2603362


 0205090 0684010 2603358 0369637 0441923
 0033727 0369286 0441932 0564385
 0178868 0012854 0369637 0441923
 0025952 0025953 0037455 0085672 0596070 0043038 0012358 0012764 1444662 1512015 0073187
 0335076 0369637 0441923
 0016327 0439133 1553038
 0369773 2603361 0439267
 0205090 0684010 2603358

 0017337
 0025141 0033727 0369286 0441932 0564385
 0033727 0369286 0441932 0564385 1708595 3280986 1553033 0033727 0369286 0441932 0564385
 0016327 0439133 1553038
 0439267 2603362

 0349590 1262865 0025141 0369718 0441922 1553036 0033727 0369286 0441932 0564385 0205090 0684010 2603358 0033727 0369286 0441932 0564385 0369637 0441923

 1315013

 0025141 2603362
 2347469


 0033727 0369286 0441932 0564385
 0033727 0369286 0441932 0564385 1708595 3280986

 0325074
 0025141 2603362
 0016327 0439133 1553038 2347469 1416171 1422188 0369637 0441923
 0439267 0369637 0441923
 0205090 0684010 2603358

 0325074
 0025141 2681565 0021966 0221138 0597277 1708601
 2347469
 2347379
 0000857 0600678 1552863 0439114 1207167
 0349590 1262865 0025141


 0000857 0600678 1552863 0335076 0369637 0441923
 0016327 0439133 1553038


 0201682
 0439267 0021966 0221138

 0025141 0597277 1708601
 0439267 0439267
 0597277 1708601 0205090 0684010 2603358


 0027960 0324740 0439189 1456781 1824986
 0325074
 0740116 2827735 2981700 0000857 0600678 1552863 2347469 0369773 2603361
 0205090 0684010 2603358
 1517741 2603360
 0330941
 2347469
 0439394 1706495 3642217 0439267
 2603362
 1418943

 0268596 2700624
 3642273
 0041703
 0000857 0600678 1552863 0369773 2603361
 0369718 0441922 1553036
 2347379 0028606
 0000857 0600678 1552863 0325810
 0369773 2603361
 0403082
 0369773 2603361 1553033 0238749
 0554249 2603362
 2603362
 2347379 0028606
 0000857 0600678 1552863 0369773 2603361

 0369773 2603361 0369637 0441923
 0369637 0441923
 0205090 0684010 2603358 0325810
 0369637 0441923
 2347379 0028606
 0000857 0600678 1552863 0325810
 0369637 0441923
 0205090 0684010 2603358
 0369773 2603361


 2347379

 0025141 0439394 1706495 3642217


 0439261 0016327 0439133 1553038 0439267
 0369773 2603361
 0439394 1706495 3642217
 0439394 1706495 3642217
 1418943

 0268596 2700624
 3642273
 0041703
 0000857 0600678 1552863 2603362
 0369637 0441923

 0325074
 0025141 0325810

 0369773 2603361
 0335912 0021966 0221138
 0597277 1708601


 1417055
 2347379
 0025141 2603362


 0025141

 0205090 0684010 2603358


 0005477 0025141 0369637 0441923
 0325001
 0369773 2603361 0972401 1948070 0369773 2603361
 0439267 0325810
 0369637 0441923
 1704648

 0006826 0450385 0998265 1306459 0025141


 0027960 0324740 0439189 1456781 1824986
 0007634 1269647 1704653 1948049

 0000857 0600678 1552863 0325810 0369773 2603361 0554249 0369637 0441923
 2347379 0028606
 0000857 0600678 1552863 0335076 0369637 0441923
 0016327 0439133 1553038
 1418943

 0268596 2700624
 3642273
 0041703
 0000857 0600678 1552863 2347469
 2603362

 0016327 0439133 1553038 0033727 0369286 0441932 0564385
 0033727 0369286 0441932 0564385 1708595 3280986
 0036397 0025141 0205090 0684010 2603358

 0036397 0025141 1415895


 0325074
 0025141 0439267
 0369773 2603361 2603362
 0205090 0684010 2603358
 2603362
 1415895

 1418943

 0268596 2700624
 3642273
 0041703
 0000857 0600678 1552863 0597277 1708601
 0325810

 0369637 0441923
 0205090 0684010 2603358 0331762 2603360

 2347379
 0025141

 0027960 0324740 0439189 1456781 1824986

 0025141 0439394 1706495 3642217 0443013 0369773 2603361

 2347379 0028606
 0000857 0600678 1552863 0325810 0369773 2603361 0403082


 2347379

 0025141 0554249 2603362
 0205090 0684010 2603358
 0439267 2347469

 0005477 0450355 0025141 0023401 0033727 0369286 0441932 0564385 0220853 2603362
 0369773 2603361 0205090 0684010 2603358 0597277 1708601
 0205090 0684010 2603358 3495095
 0243107 0678723 1527148 0021966 0221138 0033727 0369286 0441932 0564385
 0349590 1262865 0025141
 0369773 2603361

 0017337
 0025141


 0201682
 0021966 0221138 0033727 0369286 0441932 0564385
 1418943

 0268596 2700624
 3642273
 0041703

 0369773 2603361 0033727 0369286 0441932 0564385



 2827734 2981698 0000857 0600678 1552863 0682252 0369637 0441923

 2826298



 3642273
 0025141 0554249 2603362
 0369637 0441923


 1315013

 2347379
 0025141 0554249 2603362
 2603362

 2347379 0028606
 0027960 0324740 0439189 1456781 1824986

 0450385 0025141
 0597277 1708601 0439267

 0205090 0684010 2603358
 1418943

 0268596 2700624
 3642273
 0041703
 0000857 0600678 1552863 0331964 0205090 0684010 2603358

 0017337
 0025141 0446299 0524824

 0205090 0684010 2603358
 0027960 0324740 0439189 1456781 1824986
 0007634 1269647 1704653 1948049

 0000857 0600678 1552863 0369637 0441923


 0000857 0600678 1552863 0037455 0596070 0005477 0026376 0005532 1521991