 0205419 0052201 0003591 0521093 0750484 0205419 0052201 0003591 0521093 0750484 0002395 1521724




 0554249 0001811 0025260 0700327 1292732 1706377 1709701 0041740 1704729 0221502 1514756
 1527075 0450355 1272684 1548435 0017270 0376249 0439603 0871396 1561548 1705502 0205419 0728810 1412756 0681850 1550501 1706203 2349001 2697811 0205087 0332162 1510829 0439234 0002395 1521724 0012634 0205212 0205250 1299351 2700149 0243148 1550141 1882979 2587213 3274648 0681850 1550501 1706203 2349001 2697811 0868928 1533148 0521093 0750484 0011265 0497327 0521093 0750484 0868928 1515981 1533148
 0004083 0439849 0596306 0699792 0007294 0439098 0439801 3542948 3642141 0002085 0003595 0523511 1412481 0392148 1947971 0028873 0456603 1547037 0063251 0963236 1425233 3540559 0021966 0221138 0450385 0681850 1550501 1706203 2349001 2697811 0439234 1515981 2827734 2981698 0681850 1550501 1706203 2349001 2697811 0439234
 0003595 0523511 1412481 0439098 0007294 0243148 1550141 1882979 2587213 3274648 1707455 0521093 0750484 0868928 1533148 0728810 1412756
 1705535 0728810 1412756 0079429 0017337 0079613 0003595 0523511 1412481 0439098 0919453 0012655 0017337 0220898 1264642 1547045
 0728810 1412756 0440744 0040300 0086418 2827734 2981698 0031843 0542341 0700205 1705273 0439673
 1149831 0443158 0205177 0439167 0441655 1561536 0001779 0442805 0439234 0002395 1521724 0012634 0205250 3163633 0439086 2827736 2981702
 0728810 1412756 0332281 0333463 2936349 0002716 0011560 0611285 0085400 2931784 0002716 0011560 0042373 0611285 1515981
 0004083 0332149 1705910 2362652 0233426 0205448 0205419 0017337 0728810 1412756 0728810 1412756 0002085 0205419 0728810 1412756
 0162735 2924612 0026882 1552961 1705285 2347617 0149561 0392747 0443172 1705241 0243102 1264638 1547012 0205177 0439167 0441655 1561536 0205437 0392756
 0728810 1412756 0039869 1883351 0017270 0635218 0007457 0043157 0376249 0439603 0871396 1561548 1705502
 1274040 1546471 2825142 0017431 0243148 1550141 1882979 2587213 3274648 0681850 1550501 1706203 2349001 2697811 0868928 1533148 0019425 0205396 1550043 1551388 0002085
 0004083 0439849 0596306 0699792 0150312 0521093 0750484 0002085
 0205448 0007294
 0681850 1550501 1706203 2349001 2697811 0728810 1412756 0017431 0002085 0003595 0523511 1412481 1515981
 0728810 1412756 0205214 1522138 3245511 0868928 1533148 0497327 0243148 1550141 1882979 2587213 3274648 0039224 1706073 1706074
 0681850 1550501 1706203 2349001 2697811 0001779 0001792 0450385 1999167 0017270 0376249 0439603 0871396 1561548 1705502 0243148 1550141 1882979 2587213 3274648 0521093 0750484 0868928 1533148 1947971 0028873 0456603 1547037 0039224 1706073 1706074
 0004083 0205393 0439849 0596306 0699792 0700364 1883351 0678226 2987476 3146286 0681850 1550501 1706203 2349001 2697811 0580836 0376249 0439603 0871396 1561548 1705502 0450387 0243148 1550141 1882979 2587213 3274648 0648082 0521093 0750484 0868928 1533148 1705565 1720589 1947976
 0369773 2603361 1947971 0028873 0456603 1547037 0039224 1706073 1706074
 0868928 1533148 0001779 2584321 0237881 0750502 0039869 0018896 1552861 1547282 1511726 3245479 0205170 3146287 0681850 1550501 1706203 2349001 2697811 0439234 0003595 0523511 1412481 0439098 1274040 1546471 2825142
 0681850 1550501 1706203 2349001 2697811 0439234 0439098 0017270 0376249 0439603 0871396 1561548 1705502 0521093 0750484 0868928 1533148 0243148 1550141 1882979 2587213 3274648
 0004083 0439849 0596306 0699792 0681850 1550501 1706203 2349001 2697811 0332268 0003595 0523511 1412481 0439098 0002085
 0003595 0523511 1412481 0439098 0007294 0017270 0439603 0001779 0001792 1999167 0439234 0521093 0750484 0868928 1533148 0205171 1720467 0243148 1550141 1882979 2587213 3274648
 0681850 1550501 1706203 2349001 2697811 0001779 0001792 1999167 0439234 0439603 0450348 0521093 0750484 0868928 1533148 0243148 1550141 1882979 2587213 3274648
 1274040 1546471 2825142 1947971 0028873 0456603 1610540 0728810 1412756 0003595 0523511 1412481 0439098 0007294 0001779 0001792 1999167 0439234 0439234 0039224 1706073 1706074
 1707455 0039224 1706073 1706074 1947971 0028873 0456603 1610540 0003595 0523511 1412481 0439098 0007294 0728810 1412756
 0205397 0449438 0237897 0808080 1705922 0439098
 0039224 1706073 1706074 1547282 1705241 1705242 0243148 1550141 1882979 2587213 3274648 0681850 1550501 1706203 1709707 2349001 2697811 0206243 0699809 0728810 1412756 0003595 0523511 1412481 0439098 0002085
 2607943 2926606 3539655 1444656 1704675 0003595 0523511 1412481 0439098 0681925 0034980 0206031 0521093 0002778 0242415 0684320 0684321 0750484 0936012 1524024
 0036572 0424576 2349186 0206031 0023965 0242415 0684320 0684321 3161035 0150312 3161035 0439098 0728810 1412756 1704675 1947971 0036572 0424576 2349186 0679498 0450380 0016694 0439084 0449286 0542560 0728893
 3161035 0003595 0523511 1412481 0439098 1704675 0332281 0728810 1412756 1518422
 0017270 0439603 0003595 0523511 1412481 0439098 0003595 0523511 1412481 0439098 0017270 0376249 0439603 0871396 1561548 1705502 0243148 1550141 1882979 2587213 3274648 0439234 0450385 1550025 1704782 1708715 0868928 1533148 0439509 0450385 0868928 1533148 0521093 0750484 1550025 1704782 1708715 0521093 0750484 0521093 0750484 1550025 1704782 1708715 0205087 0332162 0439234 0679245 0012634
 0728810 1412756 0441833 0687744 1257890 1457900 1552516 1552839 1705428 1705429 0014653 0043194 0258432 1421478 1547026 2828393
 0369773 2603361 0369773 2603361 1705565 1720589 1947976 0243148 1550141 1882979 2587213 3274648
 0011065 1306577 0449438 0521093 0750484 0205210 0233535 1261322 1516048 1552741 0681850 1550501 1706203 2349001 2697811
 0028873 0456603 1610540 0002085 0681850 1550501 1706203 2349001 2697811 0243148 1550141 1882979 2587213 3274648 0021966 0221138
 0439234 0450385 0003595 0523511 1412481 0439098 0007294 0003595 0523511 1412481 0439098 0007294 0001779 0039224 1706074 0332162 0868928 1533148 1515981 0243148 1550141 1882979 2587213 3274648 0011065 1306577 0521093 0750484 0205210 0233535 1261322 1516048 0376558
 0028873 0456603 1610540 0002085 1527178 1705938
 0028873 0456603 1610540 0007294 1527178 1705938 1519042 0740116 2827735 2981700 0740116 2827735 2981700
 0028873 0456603 1610540 0003595 0523511 1412481 0439098 0002085 0681850 1550501 1706203 2349001 2697811 0243148 1550141 1882979 2587213 3274648 0021966 0221138
 0439234 0450385 0007294 0007294 1709707 0243148 1550141 1882979 2587213 3274648 0521093 0750484 0868928 1533148 0003595 0523511 1412481 0439098 0002085 0681850 1550501 1706203 2349001 2697811 1709707 0243148 1550141 1882979 2587213 3274648 0868928 1533148 0369773 2603361 0439234 0450385 0740116 2827735 2981700 0439234 0450387 2827734 2981698 0003595 0523511 1412481 0439098 0007294 0439234 0450385 0003595 0523511 1412481 0439098 0007294 0439234 0439084 0728893 1705565 1720589 1947976
 0028873 0456603 1610540 1515187 0681850 1550501 1706203 2349001 2697811 0003595 0523511 1412481 0439098 0728810 1412756 0439098 0728810 1412756 0243148 1550141 1882979 2587213 3274648 1510829 0439234 1510829 0439234 1883310 0163702 0537772 1514811 1706462 0439187 1881839 0165193 1424660 1705175 1705176 1705177 1705178 1882348 1517331 0237897 0808080 1705922 0728810 1412756 0003595 0523511 1412481 0439098 0039224 1706073 1706074 1947971 0028873 0456603 1610540 0681850 1550501 1706203 2349001 2697811 0453882 0017337 1515187 0681850 1550501 1706203 2349001 2697811 0017337
 0681850 1550501 1706203 2349001 2697811 0439234 0028873 0456603 1547037 0205171 1720467 0206243 0699809 0728810 1412756 2827734 2981698 0003595 0205171 0523511 1412481 1515981 1720467 0439098 0439086 2827736 2981702
 1947971 0028873 0456603 1547037 0681850 1550501 1706203 2349001 2697811 0017337 0085862 1280500 1299583 0017337 1441672 1522609 1707455
 0681850 1550501 1706203 2349001 2697811 0439234 0028873 0456603 1547037 3541329 2827734 2981698 0028873 0456603 1547037
 1705535
 0557061 2584313 0003595 0523511 1412481 0439098 0035648 0050325 0960756 0035647 1521761 2827422 0205170 0443211 1272684 3146287
 1274040 1546471 2825142 0332290 0728810 1412756 0332281 0442805 1517331 0035647 0003595 0523511 1412481 0439098 0007294
 1280500 2348382 0023746 0678226 0023745 0281825 0394006 2987476 3146286 0017337 0008666 0008633 0040679 1442762 0205419 0684224 0700287 3496591 1883351 0205214 1522138 3245511 0011900 0868928 1533148 0683971 0032659 1257890
 0728810 1412756 1521322 2825757 1521321 1442762 0017337 1521308 1521305
 0018563 1281583 1552914 0543419 1368999 1883473 1280500 2348382 0086597 0127400 0728810 1412756
 1704675 0003595 0003591
 0033684 1265611 1554108 1561573 0023884 0736268 1278929 2346688 0005775 1327616 1516559 2827734 2981698
 0003595 0003591 0728810 1412756 0023820
 0033684 0004112 0150312 0027836 1087003 1515981 0728810 1412756 0003595 0003591 0450348
 0033684 1709305 2745955 0333463 0347985 0085400 0004083 0439849 0596306 0699792 1515981 2931784 0002716 0011560 0042373 0611285
 0728810 1412756 0003595 0003591 1753129 0018270 0085103 0220844 1621966 2911660 3161035 0450355
 0868928 1706255 1706256 0003595 0003591 1705241 1705242 0597298 0450355 0868928 1706255 1706256 0728810 1412756 1705535 0349590 1262865
 1316572 1317574 1369612 0205419 1709915 1882936 0017982 0205145 0376322 1515974 2825164 1519063 0031715 0205145 1158886 1515974 2825164 1883351 1547282
 1709915 1882936 0220781 0439634 1522492 0599215
 0026794 1416945 3541379 0439836 0040005 0015127 1314792 1524003 0002726 0439836 0040005 0032923 1421224
 0332120 0359589 1999230 0324413 0043227 1883351 0022885 0039593 0392366 1512571 0728810 1412756 0003595 0003591 1704675 0205419
 0007457 0032659 0043157 1257890 0206243 0699809 0728810 1412756 0003595 0523511 1412481 0439098 0017270 0439603
 0521091 0750484 1274040 1546471 2825142 1881839 0206243 0699809 0017337 0332167 3272283 0035647 0205250 1299351 1551058 2700149 1510829 0001779 0001792 0439234 1999167
 1552961 2347617 0035853 0439787 0849355 0085732 0027361 0237401 1444641 0728831
 0003595 0523511 1412481 0439098 0850624 0850664 0035648 0679238 1281905 0035647 1521761 2827422 0042789 1947903 0007294 0728810 1412756 0007222 1281905 0007226 0012634 0035647 0443228 1551058 1704243
 0557651 2603343 0205171 1518422 1720467 2347946 0442805 0162340 0015127 1314792 1524003
 0520510 0025663 0025664 0449851 0332128 0007457 0043157 0001811 0025260 0700327 1292732 1706377 1709701 0001811 0025260 0700327 1292732 1706377 1709701
 0205454 0004398 0521093 0750484 0002395 1521724 0012634 0034975 0443211 1513822 1880171 0439544 1704787 3274649 0868928 1533148 0205087 0683454 0021966 0221138 0439234 1833334 0332162 1279919 0521093 0750484 0868928 1533148 1021144 0027746 1707391 1826583 0205447 0038868 0270920 0205858 0205329 0522224 1457900 0020258 0020255 0033095 0205307 0439166 0460139 1306345 1963137 2347086 0017638 0555198 2984291 0868928 1533148 0011900 0439509 0243161 0205087 0450355 1833334 0332162 1279919 0338656 0243148 0684336 1516691 1550141 1882979 2587213 3274648 0449820 0011065 1546956 0030664 0205469 0677042
 0681850 1550501 1706203 2349001 2697811 0017431 0150108 0456909 0525065 1524063 0178913 0370003 2347026 0025663 0025664 0449851 0205182 0741302 0205419 0003595 0523511 1412481 1515981
 2986676 0030705 0042960 0680022 0587493 1704729 0221502 0205090 0684010 2603358
 0021966 0221138
 1551776
 1420068
 0043227 0331797 0331904 1521721
 1514811 1706462 0037125 0947651 1305285 1318876
 0005532
 0034036 0027778
 0597277 1708601 0033727 0205090 0369286 0441932 0564385 0684010 2603358 0439267
 0006104 0008429 0392747 0443172 1269537 1705241 0002395 0011268 0011265 0392079 0497327 0332307 1547052

 1858559

 0597277 1708601
 0684164 0449913 1553451 1704459 0002395 1521724 0012634
 0001811 2827734 2981698
 1551667 0597277 1708601 0369637 0441923
 0475264 1744691 0440746 0459385 0006104 0040300 1269537 1547928
 2347379
 1551667 0597277 1708601 0080045 2347469
 0008429

 0450355
 0369637 0441923
 0205332 0205615 0333463 2936349 0011265 0497327


 0369637 0441923
 0008429 0030664 0205469 0677042
 0451119 1444662

 0450348
 0369773 2603361 0369637 0441923
 0475264 1744691 0205145 0006104 0001779 0001792 1999167 0030705 0002395 1521724
 2347379
 0016327 0439133 1553038 0016327 0439133 1553038 0439114 0557775 1511780 0033727 0369286 0441932 0564385 2603360 3540681
 0026882 1705285 0332281 0086418 0205419 0597277 0728810 1412756 1708601 0023745 0205145



 0325074
 0232024 0205090 0684010 2603358
 0020792 0205396 0376249 0439603 0871396 1561548 1705502 1278305 1320601 1320602 1320603 1320604 0031437


 0325074
 0369637 0441923
 0205419 0728810
 0015576 1704727 1273305 0017337 0557651 0947630 1417943 2603343


 2346751 0369637 0441923 3272372
 0033727 0369286 0441932 0564385 0369637 0441923 0033727 0369286 0441932 0564385 0016327 0439133 1553038 0073187 0205090 0684010 2603358 1553033 2347469 0035853 0718133
 0004083 0439849 0596306 0699792 0439098 0015576 0205087 0241888 0332162 0002395 1521724 0012634 0205422
 0027855
 0035853 0718133
 0002085 0002395 1521724 0012634

 2347961

 0597277 1708601 0016327 0439133 1553038
 0376249 0439603 0871396 1561548 1705502 0002395 1521724 0012634

 0439267 0562547 3160718 0033727 0369286 0441932 0564385 1551776 0021966 0221138 1551776 2603362
 1521322 0008662 0008651 2825757 0008633 1521321 1524063 0182400 1704681 2347609 3536729
 0887950
 2945617 0016327 0439133 1553038 1416936 0205090 0684010 2603358 0443030 0439394 2603362 0033727 0369286 0441932 0564385 0033727 0369286 0441932 0564385
 0040679 1442762 1880022 1657114 0475264 1744691
 1418943
 0268596 2700624
 3642273
 0041703

 0003595 0003591 0007292 1159709
 0036397
 0033727 0369286 0441932 0564385
 2267219 0205177 0439167 0441655 1561536 0023823 0023820 0086418 0229671 0330390 0439096 0439849 0445223 1546774 1550100 2004068 0020997 0947630
 1418943

 1417055


 0369637 0441923 0597277 1708601 0439267 0205090 0684010 2603358
 0023823 0023820 0330390 0439096 2004068 0008429 0033791 0728810



 1261259 1547546 0021966 0221138 0369637 0441923
 0008429 0002395 1521724 0012634 1515981 0439849 1705630 1706279 3540605 0449774


 0016327 0439133 1553038 0033727 0369286 0441932 0564385 0007284 0328038 0677526 0021966 0221138 0034510 1706779 0205090 0684010 2603358 0193959
 0392747 0443172 0002395 1521724 0012634 0003595 0332281 0003591 0185117 0205217 0442805 0007427 1332805 0007428

 0965991 0450385
 0205090 0684010 2603358
 1149831 0728810 1412756 0008429 0033791 0205177 0392747 0439167 0441655 0443172 1561536 1705241 0027836 1087003
 0027855
 0033727 0369286 0441932 0564385
 0023820 0027817 0002395 1521724 0012634 0678594 0031843 0542341 0700205 1705273



 0450381
 0033727 0369286 0441932 0564385 3613423 0597277 1708601
 0597879 0085400 0002726 0333463 2936349 0002716 0011560 0611285
 2347379
 0597277 1708601 1538923
 0003595 0003591 1372999 1704675
 0027882
 0934502 1522408 1561599 0439267 2603362
 0814002 0018270 0220844 1621966 2911660 0008429 0033791 0185117 0332152 0728810 1326503 1622501 0600210 1533574 1881827 0815004 0027882 0220781 0439634 1522492
 2347379
 0934502 1522408 1561599 0439267 2603360 0205090 0684010 2603358
 0008429 0007595 1753129 0814002 0018270 0220844 1621966 2911660 0021135 1533691 2827718
 2347379
 0934502 1522408 1561599 0439267
 0542341 0243107 0678723 1527148 0031842 0031843 0012634


 0439086 2827736 2981702 2827734 2981698
 2347469 0718133 0073187 0033727 0369286 0441932 0564385
 1280500 0021135 1533691 2827718
 0036397
 2347469 0006463
 0034821 1366529 1416912 0242972 0748025 0023823 0597357 0065059 0023820 0033684 0178587 0205251 0439849 0445223 1299352 1550472 0086597 3158384 0085103 1145640 0027882 0682701 0814990 0007600 0007634 0205132 0521390 1269647 1550648 1552960 1704653 1948049
 1418943
 0268596 2700624
 3642273
 0041703
 2347469 3538705 0369718 0441922 1553036
 1280500 2348382 3158384 0085103 0332281 1156031 0026046 0301644


 0201682
 0026193 0205165 0439394 1706495 3642217 0234833 0722388
 0242485 0002520
 0349590 1262865
 0369637 0441923 0369773 2603361 0073187 0205090 0684010 2603358 0439267 0597277 1708601 0369718 0441922 1553036 0439114 0016327 0439133 1553038 0439267 2603360 2346751 0369637 0441923
 0314604 0596611 0017337 0026882 0015127 1524003 0206246 0268380 0268381 0281479 0002726
 0349590 1262865
 3463949 0035561 0369773 2603361 0035561 0073187
 2985439 0026882 1705285 0268407 0332281 0002716 0011560 0611285 0878544


 0325074
 0439267 0582525
 0017263 0032529 1707455 0025664 0449851

 0325074
 0035853 0718133
 3161035 0012634 0003595 0003591 0002395 1521724 0012634
 0597047 2827734 2981698 0439086 2827736 2981702
 1423088 3273338 0179376 1633989 0369637 0441923 0016327 0439133 1553038 1553033

 0004153 0003595 0003591 0033105 0220900 0002395 1521724 0012634
 0777169
 0597277 1708601 0554249 0718133 0554249 2347469 0369718 0441922 1553036
 1511790 0150312 0332285 0376558 1524063 0242485 0040405 1552357 0040395 1441526 1880157
 0777169
 2603362 0369637 0441923 2603362 2347469 0369637 0439394 0441923 1706495 3642217 0016327 0439133 1553038 1551730 0439267 0439394 1706495 3642217
 0002395 1521724 0012634 0034975 0443211 1513822 1880171
 0740116 2827735 2981700
 0038136
 0027855
 0439267 0205090 0684010 2603358 0080045 0369637 0441923
 0332140 0011900 0205210 1704338 1704656 0684224 0700287 3273238 0162458 0441722 0563538 3540678 0041711 0002395 1521724 0012634
 0027855
 0016327 0439133 1553038

 0041740
 0016327 0439133 1553038 0205090 0684010 2603358 0369637 0441923
 1511790 0032520 0677874 1524063 1882940 0205145 0443288 1515974 2825164

 0450355
 0205090 0369773 0684010 2603358 2603361 0080045 0033727 0369286 0441932 0564385 0439267
 1285573
 0777169
 0000857 0600678 1552863 0282413 0376649 1442065
 0254343 0796520 3272379
 0085205 1549619 1880669
