 0002778 0936012 1524024 0008631 1511983

 0872005
 2603362
 0439267
 0439267
 1006780 0369637 0441923
 3613423 0369637 0441923

 2603362
 0205090 0684010 2603358
 0439394 1706495 3642217
 0369773 2603361
 1553316 0683939 0205099 0524851 0012634 1704729 0228059 1293097 2919030 2919031 0041740 1704729 0228059 1293097 2919030 2919031 0019994 1510665 1547706 1999269 0444628 0006823 0022877 3244292 0587475 1704729 0036375 0442658 1301826 0006037 0041703 0022877 3244292 0021622 1272753 0041740 0442658 1301826 0029040 0006823 0033872 0033873 0022277 0205099 0565990 1552471 0205099 0205476 0442650 0331781 0041703 1514756
 1527075 1272684 1548435 0205419 0684224 0700287 3496591 1883351 0002395 0332281 1521724 0243083 0012634 0007294 3642141 0002085
 0332128 2986904 0017270 0376249 0439603 0871396 1561548 1705502 0150098 1706233 0036849 1442518 1511726 1705195 3245479 0205422 0868928 1533148 0332128 0080141 0728810 1412756
 1511726 3245479 0183683 1521721 0004083 0439849 0596306 0699792 0205422 0276496 0277558 0002395 1521724 1705535 1706276 0015127 1524003 0276496 0277558 0002395 1521724
 1293116 1875307 1412756 0017337 0332256 2700400 0205419
 0205447 0205419 0728810 1412756 0439267 1555721 1706204 0028630 0015127 1314792 1524003 1555721 1706204 0243102 1264638 1547012 1149831 0205177 0439167 0441655 1561536 2827734 2981698
 0332185 0205419 0684224 0700287 3496591 1883351 1547282 1511978 0004083 0439849 0596306 0699792 0002395 1521724 0012634 0681850 1550501 1706203 2349001 2697811 0007294 3642141 0002085 0003595 0003591 0681850 1550501 1706203 2349001 2697811 0001779 0439234 0740116 2827735 2981700
 0332128 2986904 0376249 0439603 0871396 1561548 1705502 0681850 1550501 1706203 2349001 2697811 0494463 0002395 1521724 0012634 0205422 0276496 0002395 1521724 0277558
 0332128 0080141 0008666 0008633 0230171 1708726
 1274040 1546471 2825142 0017431 1524063 0025663 0025664 0449851
 0205265 0205419 0392148 0728810 1412756 0220908 1305399 1705053 1524063 0025663 0449851 0871511 0740116 2827735 2981700 0439086 2827736 2981702 0025663 0449851 0871511 0002085 0028953 0205369 1527178 1552740 1705938 0442726 1883559 0332307 0445392 1547052 0002085
 0439175 0439810 0728810 1412756 0017431 0003595 0003591 1515981
 0003595 0003591 0017270 0376249 0439603 0871396 1561548 1705502 0002395 1521724 0012634 1547282 0442805 0243148 1550141 1882979 2587213 3274648 0681850 1550501 1706203 2349001 2697811 0039224 1706073 1706074 1705241 1705242 0243148 1550141 1882979 2587213 3274648 0681850 1550501 1706203 2349001 2697811 0369718 0441922 1553036 0002395 1521724 0012634 0205422 0681850 1550501 1706203 2349001 2697811 0369718 0441922 1553036 0681850 1550501 1706203 2349001 2697811 0039224 1706073 1706074
 1705241 1705242 0868928 1533148 0243148 1550141 1882979 2587213 3274648 1079230 1515021 0205363 0001779 1524063 1510829 0001779 1442160 0000925 1883724 0003595 0003591 0017431 0039224 1706073 1706074
 1441506 1524063 0370003 2347026 0039224 0456389 1706073 1706074 3154893 3539897 0032863 0442726 1705241 1705242 0017270 0376249 0439603 0871396 1561548 1705502 0017270 0032659 0237400 0376249 0439603 0871396 1257890 1561548 1705502 0725813 0456951 0814896 0237881 0441889 0456079 0750502 1547707 2946261
 1883351 0022885 0039593 0392366 1280500 2348382 0150108 0150112 1555580 0003595 0003591 0017431 0884358 0681925 0034980 0002778 0936012 1524024 0681923 0332257 0728810 1412756 0017431 0001779 0009253 0036864 0079399 1314687 1522384
 0003595 0003591 0150312 1883351 0442805 0002395 1521724 0012634 0009667 0237529 1272706 1552654 1552713 1704725 1704726 0028873 0456603 1547037 0728810 1301820 1412756 1705242
 1511726 3245479 1518422 0521093 0750484 1456348 0004083 0439849 0596306 0699792 0002395 1521724 0012634 1705535 1704675 3642141 0002085
 0039224 1706073 1706074
 0001779 0009253 0036864 0079399 1314687 1522384 0003595 0003591 0017270 0439603 0009932 0441833 0687744 1257890 1552516 1705428 1705429
 0017270 0376249 0439603 0871396 1561548 1705502 0017270 0376249 0439603 0871396 1561548 1705502 0456603 1547037 0740116 2827735 2981700 0439086 2827736 2981702 0597277 1708601 0050718 0444499 0295428 0015576 0039224 0241888 0243148 0450355 1550141 1706073 1706074 1882979 2587213 3274648
 0017270 0439603 0009932 0441833 0687744 1257890 1552516 1705428 1705429 0439234 0003595 0003591 0003595 0003591
 0016327 0439133 1553038 0597277 1708601
 0016327 0439133 1553038 0597277 1708601
 0016327 0439133 1553038 0597277 1708601
 1837149 0243390 3554452 1854187 1970147 0602385 0052012 1847200 0048433 0450334 0206805 0920467 1843013 0064197 0622037 2931257 0002395 1521724 0012634 0016327 0439133 0450382 0597277 1553038 1708601 0067430 1425077 1425075 0243148 1550141 1882979 2587213 3274648 0017337 0332281 0035647 0205217 0442805 0332128 0080141 0030761
 0005516 1705175 1705176 1705177 1705178 1882348 0024779 1706473 1511726 3245479 0872346 0017428 0242356 0993637 1301820 2338314
 1412756 0017337 1253949 0887811 0020205 0034519 0560559 0851346 1522449 1524020 1524021 0024779 1706473 1511491 0442504 1704765 1882509 3496241 0728810 1412756
 1441506 1554077 2828389 0023745 1272706 1552654 1552713 3161035 0001779 3161035 0587902 0012634 0449438 1273517 1533716 1708320 0080103
 0332120 0023745 0150312 0392148 0019409 0444499 0369773 2603361 1274040 1546471 2825142 0332290 0015576 0027361 0237401 0449820 1704727 0205160 1513916 2825415 2825491 0444499
 1514983 0441833 0687744 1257890 1552516 1552839 1705428 1705429 0015576 1704727 0439178 1446409 1514241 2825490 0205160 1513916 2825415 2825491 0206132 0027362 2348001 0001779 0332162 0441833 0687744 1257890 1515981 1552516 1552839 1705428 1705429 1518422 1705535 1515021 0683607 0019409 0441833 0687744 1257890 1552516 1552839 1705428 1705429
 0205341 1524063 0025663 0025664 0449851 0231175 1883351 0442726 0332120 0080103 2348149 2828391 2827734 2981698 0369773 2603361
 0557061 2584313 1511726 3245479 0521093 0750484 1456348 0004083 0439849 0596306 0699792 0002395 1521724 0012634 0439084 0728893 1274040 1546471 2825142 1518422 0183683 1521721 0205419 0850664 0035648 0050325 0679238 0960756 1281905 0035647 1521761 2827422 0004083 0439849 0596306 0699792 0003595 0003591
 0681841 1511726 3245479 0684224 0700287 3273238 1518422 2963144
 1316572 1317574 1369612 0017270 0376249 0439603 0871396 1561548 1705502 0002395 1521724 0012634 0205422 0868928 1441672 1533148 0868928 1533148 2348205 0002395 1521724 0012634 0868928 1441672 1533148 0684224 0700287 3273238 0740116 2827735 2981700
 1979874 0376249 0439603 0871396 1561548 1705502 0557651 2603343 0205250 1299351 2700149 0009932 0243148 0441833 0687744 1257890 1550141 1552516 1705428 1705429 1882979 2587213 3274648 0684224 0700287 3273238 0740116 2827735 2981700
 0750558 1710571 1705241 1705242 0558058 0015031 0079946 0439659 0017263 0032659 1257890 0002395 1521724 0680220 2732307 0162409 2705716 0205307 0439166 2347086 0243148 1550141 1882979 2587213 3274648 0009462 0445247 0013113 0030705 0002395 1521724
 0205448 0681850 0947630 1547282 0439603 2348205 2827734 2981698 0439086 2827736 2981702
 0681841 1880355 0004083 0439849 0596306 0699792 0002395 1521724 0012634 0002085 0023746 0004093 0023745 0281825 0394006 1762617 2987476 0392747 0443172 1705241 0017337
 1511726 3245479 1524063 1519302 0005516 1518422 0183683 1521721 1512571 0033204 0806909 1552615 2826546 0002778 0936012 1524024 0442726 0332120 0080103
 1511726 3245479 0185125 1947919 2347934 3539080 0205419 0020792 0205396 0681850 1550501 1706203 2349001 2697811 0332167 0002395 1521724 3272283 1281905 0012634 0035647 0205250 1299351 1551058 2700149
 0520510 0025663 0025664 0449851 0439175 0439810 0002395 1521724 0012634 0205422 0011900 1524063 0243161 0243161 0002395 1521724 0012634 0002395 1521724 0012634 0442592 1516695 1516698 0025261 0012634 0025260 0205555 0700327 1706377 1551421
 2705716 0205307 0243148 0439166 1550141 1882979 2347086 2587213 3274648 0681850 1550501 1706203 2349001 2697811 1518340 0332120 0445247 0449416 1516695 1516698 2732307 0162409 0681850 1550501 1706203 2349001 2697811 0009462 0445247 2705716 0205307 0439166 2347086 0243148 1550141 1882979 2587213 3274648
 0030761 2598516 0344339 0086282 0015576 0680022 1704727 0002395 1521724 0012634 0079411 0007457 0015576 0043157 1516695 1516698 1704727 0015176 0376558 0028405
 0026882 3538722 0030761 1554077 2828389
 0017431 1552738 0439084 0728893
 0017431 1524063 0025663 0449851 0871511 1552738 0439086 2827736 2981702 0025663 0025664 0449851
 0015295 0728810 1412756 0032520 0677874 1524063 0206415 0439084 0728893 0871133 0439084 0728893 0871133 0332256 2700400 0439192 0024472 1511572
 1514468 1704444 0369637 0441923 0013618 1883351 0205173 3539942 0025255
 0002085 0028953 0205369 1552740 0439084 0728893 0871133 1883559 0332307 0445392 1547052 0439084 0728893 0871133 0728810 1412756 0444930 2746065 0181496 2827499 0011744 0033727 0369286 0441932 0564385 0006353 0444499 0205088 1546485 1548982 1883708 0332157 0086296 1561571 1561572
 0162326 0032520 0677874 0012634 0348080 1705253 2346787 3245483 0005516 0872346 0017428 0242356 0993637 1301820 2338314
 0022885 0039593 0392366 1825406 1273517 1883351 1707455 0017270 0439603 0243148 0868928 1533148 1550141 1882979 2587213 3274648
 1708064 0022885 0039593 0325045 0392366 2828393 1273517 1883351 1707455 0017431 0003595
 0017431 0003595 0027362 2348001 0001779 0441833 0687744 1257890 1552516 1705428 1705429 0009253 0036864 0079399 1314687 1522384 1516048 1524063 0025664 0184661 2700391
 1883351 0008902 0008903 0678229 0034980 0002778 0684320 0684321 0936012 1524024 0439828 2827421 1882932 0456387 1705943 0456387 1705943 0740116 2827735 2981700 1519042 0740116 2827735 2981700 0740116 2827735 2981700 0442757 0439086 2827736 2981702
 0439828 1522609 1515187 0681850 1550501 1706203 2349001 2697811 0017431
 1519193 0017431 0052199 0750591 1706462
 1704675 0003595 0003591 0001779 0009253 0036864 0079399 1314687 1522384 0220825 1514468 1704444 1711343 1515273 1705313 2826302 0017431 0027362 2348001 0001779 0441833 0687744 1257890 1552516 1705428 1705429 0009253 0036864 0079399 1314687 1522384
 3161035 0220825 1524063 0184661 1948041 2700391 3274430 3538935 3539779
 1707455 0206243 0699809 0439787 0849355 1880157 1705241 1705242 3161035 0332283 1719822 0520511 1704711 1825406
 1512571 0205117 0796345 0002778 0023745 0220825 0936012 1524024 0030761
 0023745 0392366 1524063 1709697 2728259 3484370
 0017270 0439603 0872346 0017428 0242356 0993637 1301820 2338314
 0002778 0936012 1524024 0002395 1521724 0012634 0178491 0443147 0596142 0599883 1527180 3161035 0017270 0376249 0439603 0871396 1561548 1705502
 0598312 1883725 1524063 0017270 0376249 0439603 0871396 1561548 1705502 1947971 1274040 1546471 2825142
 0001779 0524899 0031843 0542341 0700205 1261552 1704379 1704788 1705117 1705273 2825408 3539106 0001779 1272706 1527178 1705938 0010992 0868941 1441547 1511726 3245479 3245521 0002778 0936012 1524024 1833334 0332162 1279919 1510829 0439234 0205087 0332162 1510829 0439234 0015576 1704727
 0205436 0457385 0565930 1561503 1705190 0036849 1442518 1705195 0002778 0936012 1524024 0206243 0699809 0439787 0849355 1516050 0524899 0027361 0237401
 1882932 0027361 0237401 1999230 1533716 1511726 3245479
 0392148 0019409 1516048 1524063 0022885 0039593 0392366 1709697 2728259 3484370
 1707455 1512571 0019409 1879647 1979844 0439095 2003941 2350010 0449820 0206243 0699809 0150102 0022885 0033204 0039593 0392366 0439787 0456603 0849355 1547037 1709380 0042295 0444686 1441506 1443182 0520511 1704711
 0015576 1704727 0205388 0022885 0039593 0392366 1554077 2828389
 1511726 3245479 0220825 1524063 0449445
 0043227 0018173 1521721 0079816 1556038 0035168 0205476 0242481 1551807 0006823 1513822 1705739 1882071 0004083 0439849 0596306 0699792 0016617 2986512 0016617 0027468 0018684 0021622 3245503 0015770 0205090 0684010 2603358 0037455 0439267 0439394 1706495 3642217
 0015770 0439267 0027468 0018684 0021622 3245503 0079816 1556038 0035168 0205476 0242481 1551807
 1514811 1706462 2827734 2981698
 0016327 0439133 1553038 0016327 0439133 1553038 0439114 0557775 1511780 0033727 0369286 0441932 0564385 2603360 3540681
 0026882 1705285 0332281 0205419 0597277 0728810 1412756 1708601 0023745 0205145



 0325074
 0000857 0025141 0600678 1552863
 0073187 0554249 0718133
 0205419 0052201 0003591 0521093 0750484 0002395 1521724 0012634

 0027960 0324740 0439189 1456781 1824986
 0325074
 0000857 0025141 0600678 1552863
 0016327 0439133 1553038 0205090 0684010 2603358 0369637 0441923
 1511790 0032520 0677874 1524063 1882940 0205145 0443288 1515974 2825164

 0450355
 0000857 0025141 0600678 1552863
 1511325 0332173 0439228 0439505
 0002778 0936012 1524024
 0086912 1710191 0025663 0025664 0449851 0449468 0560268 1690016
 2827734 2981698
 1704324 0034036 0036397 1512889
 0439084 0728893

 0004083 0439849 0596306 0699792 0015576 0205087 0241888 0332162 0002395 1521724 0012634 0205422
 0027855
 0000857 0025141 0600678 1552863

 0011900 1704338 1704656
 0230467 0741204

 0000857 0025141 0600678 1552863
 0439267 0205090 0684010 2603358 0080045 0369637 0441923
 0332140 0011900 0205210 1704338 1704656 0684224 0700287 3273238 0162458 0441722 0563538 3540678 0041711 0002395 1521724 0012634
 0027855
 0000857 0025141 0600678 1552863
 1706469 1706470 2603362 0369637 0441923 2603362
 0002395 1521724 0012634 0034975 0443211 1513822 1880171

 0521091 0750484
 0027855
 0000857 0025141 0600678 1552863
 0205090 0684010 2603358
 0598888 0009015 0750901 0679245 0276496 0277558 0002395 1521724
 0349590 1262865
 0000857 0025141 0600678 1552863
 0021966 0221138 0205090 0684010 2603358
 0276496 0002395 1521724 0277558 0599155 0026882 0017337 0008651 0008633 1843013 2986918 0002395 0441731 0457464 1521724 0314611 0012634 0017337 0332307 0439849 0445223 1547052 0067430 1416989 1425077
 0349590 1262865
 0000857 0025141 0600678 1552863

 1708726
 0036397
 0000857 0025141 0600678 1552863
 2346751 0369637 0441923 0369637 0441923 0678579 0016327 0439133 1553038 0439394 1706495 3642217 0439394 1706495 3642217
 0080141 0751455 0017337 0085151 3538722 1456454 0276496 0277558 0002395 1521724
 0349590 1262865
 0000857 0025141 0600678 1552863

 0011265 0497327 2937358 0019080 0026882 1705285 1517892 1704666 0009221 1095825 0751455 0017337 0085151 3538722 0377800 1336694 1455498
 0325074 2827734 2981698

 0016327 0439133 1553038 0597277 1708601 0033727 0369286 0441932 0564385 0439394 1706495 3642217 2347469 0439394 1706495 3642217
 0026882 1705285 1364818 0017337 0002716 0011560 0611285
 0325074 2827734 2981698
 0000857 0025141 0600678 1552863
 0181090 0302614 1706050 0038215 0600673
 0027964 0028407 0067895

 0439394 1706495 3642217 0369773 2603361
 0796345 0002778 0936012 1524024 0449445



 0325074
 0000857 0025141 0600678 1552863
 0439394 1706495 3642217
 0919453 0017337 1416989 1517488 0008661 0008633 1283174 1555524
 0325074

 0000857 0025141 0600678 1552863
 0033727 0205090 0369286 0441932 0564385 0684010 2603358 1553316 0033727 0369286 0441932 0564385 0005595 2603360
 0040722 0242781 1521797 0449774 0332120
 0027855 0439509
 0000857 0025141 0600678 1552863
 1423088 3273338
 0796345 0679560 0796344 0002778 0936012 1524024
 0004716
 0282413 0376649 1442065
 0254343 0796520 3272379 2827734 2981698
 0085205 1549619 1880669 2827734 2981698
 0013849 1705961 0221193 1880177 0600659 1704732 0035953 0041740 0600140 1704688 2346414 0442658 1301826 1292711 0449719 1709471 0015744 2911691 0392747 1554963 0041740