 0004083 0439849 0596306 0699792
 0740116 2827735 2981700 0740116 2827735 2981700 0369637 0441923
 0740116 2827735 2981700 0740116 2827735 2981700 0033727 0369286 0441932 0564385
 0439267
 0740116 2827735 2981700 0439086 2827736 2981702
 0740116 2827735 2981700 0369637 0441923
 0439148 1519795 1704753 1880519 0020008 0019994 0205246 1510665 1553889 0442650 1514756
 1527075 1272684 1548435 0205419 1883351 0376249 0439603 0871396 1561548 1705502 0030705 0206243 0002085 0032662 0032659 0243148 1257890 1550141 1707455 1882979 2587213 3274648
 0017431 0205549 2348044 0521093 0750484 0030705 0243148 1550141 1882979 2587213 3274648 1883351 0521093 0750484 1456348 0004083 0439849 0596306 0699792
 0150312 0442739 1548568 1705285 0392747 0443172 1705241 0441833 0687744 1257890 1552516 1705428 1705429 0444667 1279919 0030705 0001779 0150103 1707455 1708943 0243148 1550141 1882979 2587213 3274648
 1514983 0003591 0002085 1547282 1705241 1705242 0009932 0243148 0441833 0687744 1257890 1550141 1552516 1552839 1705428 1705429 1882979 2587213 3274648
 1883351 0005532 0205460 1280500 2348382 0150312 0449450 0333463 0011389 0332461 0392079 0233426 0178587 1184145 0028785 0007776 1176472 2700441 1518422 0206243 1948062
 0150312 1705241 1705242 1550025 1704782 1708715 0439175 0439810 0205087 0332162 0681850 1550501 1706203 2349001 2697811
 1514983 0003591 0871103 1707455 1550025 1704782 1708715 0007294 1518422 0231175 1883351 0439849 1705630 1706279 3540605
 0917903 0032659 1257890 0557651 2603343 0004083 0439849 0596306 0699792 0439849 1705630 1706279 3540605 2987476 0439673 1521761 2827422
 0002395 1521724 0012634 0743039 0011265 0497327 0392760 1314939 0001792 1999167
 0012634 1880022 0233794 1963167 0025260 0439833 0684336 0700327 1706377 1517945 0332152 1522538 0011065 1306577
 0333463 0392079 0085400
 1858576 0012634 0678933 0017296 0314603 1708726 1444639 0150312 0205309 0449450 2827734 2981698
 1705535 1883351 0332281 0205439 1708726 0205419 0728810 1412756 0728810 0008429 0033791 0008429 0030016 1417734 0020289 0017337 0439084 0728893 0008666 0008633
 1547282 0205419 1979886 2987476 0206243 0699809 3642141 0002085 0003591 1707455 0243148 1550141 1882979 2587213 3274648
 0031843 0542341 0700205 1705273 0439673
 0205177 0439167 0441655 1561536 0205309 1883351 0001779 0442805 1547282 1883351 0205250 1299351 2700149
 1412756 0017296 0017337 0205419 0205453 0314603 0728810 1551058 0332284 0162735 2924612 0026882 1552961 1705285 2347617
 0205419 1547282 1883351 0015127 1524003 2267000 0301630 0392756 0441610
 0004083 0439849 0596306 0699792 0017431 0150093 0205549 2348044 0205419
 1516084 1883351 0005532 0205460 1280500 2348382 0017431 0030664 0205469 0677042
 1274040 1546471 2825142 1274040 1546471 2825142 0039224 1706073 1706074 1547282
 0032659 1257890 0557651 2603343 0150312 1883351 0475806 1706276 0014653 1547026
 0150312 1705241 1705242 0441833 0687744 1257890 1552516 1552839 1705428 1705429 0392366 0027362 2348001 0024908 0009932 0441833 0687744 1257890 1552516 1552839 1705428 1705429 0439175 0439810 1833334 0332162 1279919 0205087 0332162
 0441833 0687744 1257890 1552516 1552839 1705428 1705429 1883708 0003591 0205363 0680240 0017270 0376249 0439603 0871396 1561548 1705502 0039224 1706073 1706074 0001779 0003591 0150103 1707455 1708943 0150103 1708943 0243148 1550141 1882979 2587213 3274648
 1705241 1705242 0003591 0150312 0441876 0441833 0687744 1257890 1552516 1552839 1705428 1705429 0009932 0243148 0441833 0687744 1257890 1550141 1552516 1552839 1705428 1705429 1882979 2587213 3274648 0039224 1706073 1706074
 1705241 1705242 0042295 0028785 1184145 0007776 1176472 2700441 0441833 0687744 1257890 1552516 1552839 1705428 1705429 0206243 1518422 0206243 0017431 0117953 0016327 0439133 1553038 0369773 2603361 0016327 0439133 1553038 0369773 2603361 0016327 0439133 1553038 0369773 2603361 0016327 0439133 1553038 0369773 2603361 1833334 0016327 0439133 1553038 0369773 2603361 0016327 0439133 1553038 0369773 2603361
 1705241 1705242 1550025 1704782 1708715 0441833 0687744 1257890 1552516 1705428 1705429 0003591 0205363 1515273 1705313 2826302 0871103 0003591 0868928 1533148 0016327 0439133 1553038 0369773 2603361 0016327 0439133 1553038 0369773 2603361 0003591 0868928 1533148 0016327 0439133 1553038 0369773 2603361 0016327 0439133 1553038 0369773 2603361
 0205447 0035168 0242481 0301630 0392756 0441610 0031847 0277785 0598940 1517945 1850496 2331620 0085140 0205112
 1517945 0039869 1883351 0679466 0205392 1516691 2987487 3540770 1441672
 2607943 2926606 3539655 0439084 0728893 1517892 1704666 0012655 0220898
 0332218 1883351 0035820 1705810 0015127 1314792 1524003
 0205419 0243102 1264638 1547012 1149831 0205177 0439167 0441655 1561536 1517001 1883351 1318746 0428255 0006104 0030705
 0439775 0702240 0006104 1269537 0700364 1883351 0392752 0085400 0085220 0042373
 1705535 0205419 1518422 0205217 0442805 1705535 0522501 1706089 0041904 0162493 0547043 0851285 1282911 1327622 0868928 1533148
 0039224 1706073 1706074
 0520511 1704711 0032659 1257890 0030705 0439175 0439810 0001779 0444504 2347634 2348143 0450388 0439086 2827736 2981702 0740116 2827735 2981700 0439509 0439175 0439810 0243148 1550141 1882979 2587213 3274648 0369718 0441922 1553036 0001779 0444504 2347634 2348143 0450355 2827734 2981698 2827734 2981698 0001779 0444504 2347634 2348143 0332239 0243148 1550141 1882979 2587213 3274648 0001779 0444504 2347634 2348143 2827734 2981698 0740116 2827735 2981700 1550025 1704782 1708715 0369718 0441922 1553036 0650999 0001779 0444504 2347634 2348143 0450387 0439086 2827736 2981702 0439086 2827736 2981702 0001779 0001792 1999167 0243148 1550141 1882979 2587213 3274648 0369718 0441922 1553036 0001779 0444504 2347634 2348143 2827734 2981698 2827734 2981698 0237753 0449788 1882932 0017431 0017270 0439603
 0750901 0679245 0002395 1521724 1833334 0012634 0332162 1279919
 1550025 1704782 1708715 0494463 0002395 1521724 0012634
 0039224 1706073 1706074
 0017431 0003591 0205363 0680240 0439267 0101467 0439175 0439810 0450389 2827734 2981698 0740116 2827735 2981700 0450388 0740116 2827735 2981700 0450334 0450354 1706096 0243148 1550141 1882979 2587213 3274648 0450385 0450348 0450348 2827734 2981698 2827734 2981698 0450389 0439086 2827736 2981702 0439086 2827736 2981702 0439086 2827736 2981702 0439086 2827736 2981702 0444499 0450354 1706096 2827734 2981698 2827734 2981698 0243148 1550141 1882979 2587213 3274648 2827734 2981698 2827734 2981698 2827734 2981698 0450348 0740116 2827735 2981700 1550025 1704782 1708715 2827734 2981698 0439086 2827736 2981702 0450385 0450355 0740116 2827735 2981700 0450348 0450354 1706096 0450388 0439084 0728893 0450355 0439084 0728893 0450382 0243148 1550141 1882979 2587213 3274648 0439083 0439087 3541329 2827734 2981698 2827734 2981698 0750901 0679245 0002395 1521724 1833334 0012634 0332162 1279919
 1550025 1704782 1708715 0494463 0002395 1521724 0012634
 1316572 1317574 1369612 0009932 0243148 0441833 0687744 1257890 1550141 1552516 1552839 1705428 1705429 1882979 2587213 3274648 0001779 0150103 1708943
 0022885 0392366 1707455 0009932
 0003591 0441876 0441833 0687744 1257890 1552516 1552839 1705428 1705429 0872128 0243148 0868928 1533148 1550141 1707455 1882979 2587213 3274648 0002085
 0237753 0449788 0557651 2603343 0231175 1883351 0243095 0004083 0439849 0596306 0699792
 0332149 1705910 2362652 0079613 0003591 0002085 1280500 2348382
 0557651 2603343 0528480 1418986 0872078 0032529 0231175 1883351 0243095 0004083 0439849 0596306 0699792
 1518422 0205427 1708726 0015264 1280500 2348382
 1708726 0023746 0023745 0281825 0394006 2987476 1442846 0017337 1883473 1280500 2348382
 0868928 1706255 1706256 1883708 0032659 1257890 0557651 2603343 1708726 0281825 0394006 1518422 1708726 0445356 1704623
 0037088 0243095 2825141 0678933 0017296 0314603 1708726 0008667 0008633 0332281 1705535 1521761 2827422 1511978 0004083 0012634 0439849 0557651 0596306 0699792 0947630 2603343 1274040 1546471 2825142 0205171 1720467 1517331 1332838 0017337 1551359 1883727 2741673 2981730 0002778 0936012 1524024
 0520510 0025663 0025664 0449851 0868928 1533148 0243148 1550141 1882979 2587213 3274648 0033522 1709709 0023981 0030664 0549177 0557651 1521733 2603343 0551718 1707877 1709269 0014282
 0868928 1533148 0011900 0011065 1306577 1515981 0521093 0750484
 0868928 1533148 0876934 1540677 1555824 1554077 2828389
 0243148 0868928 1533148 1550141 1882979 2587213 3274648 0205396 1550043 1551388 0332296 1880497 1996904 0004398 0580205 0848632 0687676 1515981 1704687 0150312 1883351 0000768 0000769
 3272453 0012854 0017428 0887950 0440746 0459385 0006104 0040300 0205409 0439269 1269537 1547928 1548221 1960952 2346927 0012238 2349986 0185115 0684295
 1517480 1521871 1705759 0884358 1524063 0206415 1552738 0439780 0439084 0728893 0871133 0871133 1555029 0439084 0728893 0871133 0871133
 0012634 0348080 1705253 0332283 1511572
 0332255 1708096 0012906 0059186 0014230 0443288 0868946 0036681 0013855 0036681 0036681 0019873 0006222 0015008 0040706 0041625 1961129 0449911
 0392148 0230715 0175723 0439645 1444656 1521913 0002085
 1285573 0884358 1552738
 1552646 1720589 0205120 1552595 1720589 0022885 0039593 0392366 1273517 1883351 1511726 3245479 0376249 0439603 0871396 1561548 1705502 0205419 0019904 0001779 0150103 1707455 1708943 0243148 1550141 1882979 2587213 3274648
 0237881 0750502 1883351 0456947 0441889 0456079 1547707 2946261 2584321
 0040300 1547928 0028778 0205123 0332206 0442030 0442043 1533157 1706084 2362314 2828370 0028785 1184145 0007776 1176472 2700441 0030415 0085185 0043076 0740486 1707903 0205155 1293097 1522472 1552923 1705191 0487602 0025663 0449851 0871511 2986582 0025663 0449851 0871511 0085400
 0439157 0205451 0440042 0750480 1521738 1705566 2346620 2349184 3539073 0035953 1321564 1704788 2346414 3539106 0205148 0007457 0043157 0220938 0556636 1269776 1708533 2698172
 0456786 0796494 1428707 3539671 1510992 2825518
 0178587 0007294 1707455 0007294 1518422 0439175 0439810 0205087 0332162 0441833 0687744 1257890 1552516 1552839 1705428 1705429 1524063 0023732 0205132 0205246 1553889 3161035
 0441833 0687744 1257890 1552516 1552839 1705428 1705429 0003591 0017431 0205363 0680240 0017431
 0237881 0750502 1883351 0456951 0441889 0456079 1547707 2946261 2987476
 0043227 1521721 0449719 1709471 1551807 0018370
 1514811 1706462 2827734 2981698

 0002716 0011560 0611285 0872078 0002395 1521724 0012634
 0040833 1521798
 0000857 0025141 0600678 1552863
 0441833 0687744 1257890 1552516 1705428 1705429 0678594 1418985 2986918 0017337 0020792 0205396 0015576 1704727
 0349590 1262865
 0439086 2827736 2981702
 0021966 0221138 0205090 0684010 2603358 0439267 3613423 1720589 0033727 0369286 0441932 0564385 0861352 1553033 0597277 1708601
 0276496 0002395 1521724 0277558 0599155 0026882 0017337 0008651 0008633 1843013 2986918 0002395 0441731 0457464 1521724 0314611 0012634 0017337 0332307 0439849 0445223 1547052 0067430 1416989 1425077
 0349590 1262865
 0000857 0025141 0600678 1552863
 0033727 0369286 0441932 0564385 2346751 0369637 0441923 0369773 2603361 0700321 0035853 0718133 0369637 0441923
 0178602 0869039 1114758 1281905 0035647 0015576 1704727
 0036397
 0000857 0025141 0600678 1552863
 0073187 0554249 0718133
 0205419 0052201 0003591 0521093 0750484 0002395 1521724 0012634

 0027960 0324740 0439189 1456781 1824986
 0325074
 0000857 0025141 0600678 1552863
 0016327 0439133 1553038
 0205090 0684010 2603358 0369637 0441923
 1511790 0032520 0677874 1524063 1882940 0205145 0443288 1515974 2825164

 0450355
 0000857 0025141 0600678 1552863
 0597277 1708601 0033727 0205090 0369286 0441932 0564385 0684010 2603358 0439267
 0006104 0008429 0392747 0443172 1269537 1705241 0002395 0011268 0011265 0392079 0497327 0332307 1547052

 3538722


 0597277 1708601
 0684164 0449913 1553451 1704459 0002395 1521724 0012634
 0001811 2827734 2981698
 0000857 0025141 0600678 1552863
 0369637 0441923
 1520135 0002085


 0000857 0025141 0600678 1552863
 0033727 0369286 0441932 0564385 2603360
 0008415 0205419


 0325074
 0000857 0025141 0600678 1552863
 0369773 2603361 2603360 0369773 2603361 0597277 1708601 2348952 0369637 0441923
 0002085


 0325074
 0000857 0025141 0600678 1552863
 0016327 0439133 1553038 0016327 0439133 1553038 0439114 0557775 1511780 0033727 0369286 0441932 0564385 2603360 3540681
 0026882 1705285 0332281 0086418 0205419 0597277 0728810 1412756 1708601 0023745 0205145



 0325074

 0080045 0205090 0439267 0684010 2603358 0205090 0684010 2603358
 0002395 1521724 0012634 0002395 0011268 0011265 0392079 0497327 0598940 2331620 0085140 0205112
 0036397
 0000857 0025141 0600678 1552863
 0369637 0441923
 0008429 0030664 0205469 0677042
 0451119 1444662

 0450348
 0000857 0025141 0600678 1552863
 0369773 2603361 2945650 0369637 0441923
 0475264 1744691 0205145 0006104 0001779 0001792 1999167 0030705 0002395 1521724
 2347379
 0000857 0025141 0600678 1552863
 0452875 1123019 1145701 3496086 0033727 0369286 0441932 0564385 0481462 1313913 1440044 0369637 0439394 0441923 1706495 3642217 0033727 0205090 0369286 0441932 0564385 0684010 2603358 0439267 0369637 0441923
 1148554 0002395 1521724 0012634
 2347379 0740116 2827735 2981700

 0481462 1313913 1440044 2346751 0369637 0441923 0369637 0441923
 0032529
 0777169
 0000857 0025141 0600678 1552863
 0369637 0441923 0004830 0369773 2603361 2346686 0033727 0369286 0441932 0564385 0369773 2603361 0597277 1708601 0033727 0369286 0441932 0564385 0369637 0369773 0441923 2603361 0700321 2346751 0369637 0441923 0035853 0718133
 0205197 0220908 1305399 1705053 0338448
 0332120 0008654 0008633





 0033727 0369286 0441932 0564385 0442989 0205090 0684010 2603358 1553033 0452875 1123019 1145701 3496086 0033727 0369286 0441932 0564385 0678579 0439267 0369773 2603361 0439267 0033727 0205090 0369286 0441932 0564385 0684010 2603358 0597277 1708601
 0026376 0005532 1521991 0002395 0497327 1518422



 2828360
 0030415 0205155 1293097 1522472 1552923 1705191 0439831 0025663 0449851 0871511 1524063 0449851

 0022877
 3642273 0450388
 0000857 0600678 1552863 0282413 0376649 1442065
 0254343 0796520 3272379
 0085205 1549619 1880669
 0013849 1705961 1704732 0035953 0041740 0600140 1704688 2346414 0442658 1301826 1292711 0449719 1709471 0015744 2911691 0392747 1554963 0041740