 0029237 0029246 0220885 1300196 1522486 0185117 0678951 0032529 1882417
 0740116 2827735 2981700




 0369637 0441923

 0041740 1547706 1999269 0000876 0442658 1301826 0026580 0035970 0205099 1519672 0021622 1272753 0179400 1533124 0038995 1136140 1547706 1999269 0442650 1514756 0450348
 1527075 1272684 1548435 0753208 1335851 0086282 1611821 0680022 2698041 0449774 0185117 0332152 0740175 2257086 1135598 0243107 0443281 0678723 1527148 0205100 0927232
 0165073 0753208 1335851 1883351 0524851 0012634 0086418 0543483 0699748 1314939
 0165073 3244092 0441889 0678222 1705535 1314939
 1273517 0443640 0003241 0021027 0205369 1552740 0428479 0441889 0456079 1547707 2946261 0007776 0001811 0205217 0442805 1176472 2700441 1458155 0027651
 0009013 1880022 0004793 0162326 0162327 1519249 1708726 0392752 1276871 1520266 0449721 0008652 0575519 0008633 0205166 0446516 1269078 1269612 1706317 0017446 0205147
 1533716 1273517 1883351 0026882 0205369 1552603 1552740 1706202 0079941 1514562 0009219 0033684 0017446 0205147 0035696 1458155 0027651 0085983 0007600 0205132
 0026882 0150312 0032529 0442726 1511790 0035696 0238767 1706086 0439070 1705160 1416522
 1274040 1546471 2825142 1705535 0518181 0243107 0678723 1527148 1883559 1514559 0033684 0332307 0445392 0753208 1335851 1547052
 1880022 0027746 0006826 1306459
 1517488 0017337 0332185 0017429 0017428 0086418 0205396 1550043 1551388 2338314
 0009219 0805701 0439095 2003941 2350010 0330390 0439096 2004068 0165073 0439849 0445223 0033684 0449774 2346714 0450316 2827734 2981698
 0033684 1883351 0444764 1880115 1883351 0205418 0037633 0150312 0332285 0525069 0205431 1522492 1449651 0225328
 1521970 1706388 2346469 2348519 0085732 1145667 1167622 0332621 0439168 0330390 0439096 2004068 0030956
 1274040 1546471 2825142 1511790 0030956 3538756 1441547 3245521 0285890 1420276 0165073 0439095 2003941 2350010 0740116 2827735 2981700 0165073 0002395 1521724 0012634 0543483 0699748 1314939
 0026882 0678951 0032529 0002395 1521724 0012634 1707520 0162735 0026882 1420276 2983377 1537647 2985256 0017337 0285890 0015576 0150312 1704727 3489791 0679245 0030567 1521736 2681933 0012634
 2607943 2926606 3539655 1511790 0285890 1420276 0165073 0439095 2003941 2350010 0085200 0242821 1995017 0006104 0285890 1420276 0165073 0439095 2003941 2350010 0524851 0012634
 0086282 1611821 0680022 2698041 0753208 1335851 0237876 0205225 0439095 0444868 0678594 1542147 2003941 2350010 3539085 1521970 1706388 2346469 2348519 0330390 0439096 2004068 0165073 0449774
 0013936 0243100 0243107 0678723 1527148 0753208 1335851 0682690 0027883 0034837 0027882 0205171 0205225 0439631 0445254 1720467 0026609
 0185117 0205250 1299351 2700149 1515021
 0185117 0007776 1176472 2700441 0442805 0033684 1522579 0007776 0025914 0025929 0026809 1176472 2700441 0001779
 0753208 1335851 1518422 0333463 0150312 0392079 0449450 0085200 0242821 1995017 0085400 0557651 2603343 0037640 0205108 0205250 0441889 0456079 1299351 1547707 2700149 2946261 0678594 0221505 0221198 0524851 0012634 0239971 0031868 1025228 2678557 2346751 0034036 0034037 1515023 1704324
 0037088 0332290 0449774 0332120 1515981 1517586 1705535 0753208 1335851 0032214 0600138 0035820 1705810 0205266 0872403 1947912
 0753208 1335851 0205280 0600510 0004793 0037293 0162326 0162327 0181496 1519249 1710492 0009219 0805701 1335851 1709991 0006142 0678222 0751608 0006141 0006556 0006826 0023621 0205409 0872147 0998265 1268990 1306459 1548221
 0035696 0444070 0567498 1521747 0040300 0332441 0006141 0205307 0439166 0442726 1268990 1511790 1547928 2347086 0346156 1458155 0086692 0006141 0027651 0205183 1268990 1515981 0441889 0456079 1547707 2946261 0205250 0442805 0332448 0007097
 0428479 0441889 0456079 1547707 2946261 0558058 0441889 0456079 1547707 2946261
 0035820 1705810 0027746 0006826 1306459 0441712
 0392747 0443172 0086739 0205402 1521970 1551058 1184743 1522240
 1314939 0205266 0872403 1947912 0001721 1513822 1705739 1882071
 1522634 0178874 0242656 0449258 1458155 1883559 3244092 0185117 0205250 0332307 0441889 0445392 0456079 0753208 1299351 1335851 1547052 1547707 2700149 2946261 0392148 0079941 0009219 0017446 0205147 1521970
 1705241 1705242 0332257 0205449 0525038 0002520 2917660 0001128 0202406 1274040 1546471 1555721 1706204 2825142 1335851 1709991 0475358 0027651 0040300 0205409 1547928 1548221 1578706 3273930 0753208 1335851 0440746 0459385 0040300 0332441 0006104 0205307 0205409 0439166 1269537 1547928 1548221 2347086 0332290
 0026882 2986476 0017473 0558058 0178874 0242656 0449258 0012655 0220898 0242656 0449258 0027651 1578706 3273930
 2986669 1522634 1517331 1709991 0178693 0314604 0017337 0086418 0557651 0753208 1335851 2603343 0033684
 0684224 0700287 3273238 0029237 0029246 0220885 1300196 1522486 1657114 0475264 1744691 1430654 1171362 0178693 1142652 0033684 0086418 0185117 0557651 0753208 0947630 1335851 2603343
 1547282 0596611 0026882 0205369 1552740 1705241 1705242 1274040 1546471 2825142
 1274040 1546471 2825142 0009015 0002778 0936012 1524024 0751608 3146221 0006556 0023621 0086418 0205409 0872147 1548221
 0205447 1273517 1883351 0220908 1305399 1705053 0926407 1706314 1720314 3539736
 0009013 0017430 0017428 0023621 0205409 0751608 0872147 0887950 1548221 0733755 0002778 0443288 0936012 1524024 0020202 1300517 0028952 0028953 0182400 1553778 1561491 0376343 0599927 0020202 1300517 1710133
 1547282 0314604 1709991 0017337 0015295 0205451 0332529 1711300 2700613 0082584 0582520 1428077
 1705241 1705242 1273517 1883351 0182400 1704681 2347609 3536729 0017430 0023621 0751608 0872147 0162326 0205409 1548221
 0009013 1522642 0450376 0751608 3146221 0006556 0023621 0086418 0205409 0445247 0872147 1548221 1555721 1706204 0150312 0027651 0349966 1337208 0179400 1533124 0525038 0002520 0332294 2917660 0001128 0202406 0678226 1555721 1706204
 0751608 0023621 0872147 0006121 0027361 0237401 1306665 3146221 2827421 0332148 0750492 1555721 1706204 1274040 1546471 2825142 0002085 0205177

 1517495 0029237 0029246 0220885 1300196 1522486
 0599777 0024779 1706473 1292711 0449719 0870432 1282910 1709471
 1882940 0205145 1519179 1854580 1547282
 0015295 0179400 1638312 0439067 0449788
 0162326 1292711 0449719 1709471 1292711 0441994 0449719 1548802 1709471 2003888
 0002520 0009219 0805701 0004793 0028630 0162326 0162327 1519249 1547282
 1555721 1706204 0004793 0028630 0162326 0162327 1519249 1547282 0525038 1555721 1706204 0002518 0002520 2917660 0001128 0004793 0162326 0162327 0202406 1519249 1547282
 1555721 1706204 0525049 0009013 0086418 0150312 0450376 0753208 1335851 1522642 1274040 1546471 2825142 0179400 1533124
 0205145 1515974 2825164 0453107 0522501 1080898 1706089
 0004793 0162326 0162327 1519249 0333562 0598211 1510755 1706078

 0017262 0205307 0439166 2347086 0475358 0040300 0007600 0007634 0205132 1269647 1704653 1948049 0005861 1621557 0002778 0936012 1524024 1709269 0557651 2603343 1524063
 1519595 0085983 0007600 0431085 0597032 0007634 0027651 0205132 1269647 1441672 1578706 1704653 1948049 3273930
 0441889 0456079 1547707 2946261 0205132 0442726 0542339 1264637 1511790 1550648 1552960 0596890 0871133 0596890 0085983 1518422 0035696 0349966 0753208 1335851 1337208
 1274040 1546471 2825142 1514628 0522525 0599161 0032520 0392762 0677874 1301820 1518422 1547282
 0442808 0237753 0449788 1511572 0442726 1511790 0205251 0441889 0456079 1299352 1547707 1550472 2946261 0085983 0007600 0205132 0205160 1513916 2825415 2825491 0949466 0349966

 0085983 0007600 0230087 0205132
 0599862 0020202 1300517 0085983 0007600 0431085 0597032 0007634 0027651 0205132 0205409 1269647 1548221 1578706 1704653 1948049 3273930 0182400 1704681 2347609 3536729
 0185047 0182400 1704681 2347609 3536729 0180860 0581406 1522664 1704449 1704684 1875155 1414968 3536868 2260086 0017855 0030016 0031603 0031701 1601799 1999230 0392360 3146298 0150312 0449450 0007600 0180860 0581406 1522664 1704449 1704684 1875155
 0007600 0007634 0205132 1269647 1704653 1948049 0006142 0029925 0677886 0007097 0205065 1441547 3245521

 1430654 1142652 0033684 0007600 0007634 0205132 1269647 1704653 1948049
 0005863 0949466 1705493 1547282 1171362 0185117 0440744 0040300 0086418 0007600 0007634 0205132 1269647 1704653 1948049
 1510844 0071500 0017243 0071499 0086972 0443299 0687118 1382104 0025255 0071710 0348011 0596901 1706182 0003242 0003241 0021027 0753208 1335851 0182400 1704681 2347609 3536729 0332283 1332684 1511790
 0033684 0185115 0449416 3541890 0332283 0085983 0007600 0205132 0600091 1510813 0104281 0349966 1337208
 0040300 0332441 0444070 1521747 0369718 0441922 1553036 1458155 0006141 0027651 1268990
 0007776 1176472 2700441 0002395 1521724 0012634 0683278 0027361 0237401 0007776 1176472 2700441 1522592 0037925 1278836 0521329 1550235 1552938 1706500 0439819 1518997 1948023 0031858 1518997 0229664 0024264

 1511288 1516193 1511790
 0205155 1293097 1522472 1552923 1705191 0003241 2986582 0753208 1335851 0439799 1706095 0010808 1416746 0010803 0022564 0439799 1706095
 1171362 0185117 0557651 2603343 1171362 0185117 1273517 0005863 1430654 0597551 0038164 0597552 1142652 0030956 0033684 0086418 0442818 0753208 1335851 1883254 0042789 1947903 0520510 0025663 0025664 0449851
 0003241 0021027 1518422 2828360 0439095 2003941 2350010 0330390 0439096 2004068 0165073 0949466 0442726 0037179 0087136 0205171 0175723 0439645 1521913 0003241 0021027 0030956 1979886 1518422 1547282
 0753208 1335851 1518422 0007776 0015965 0086418 0442726 0521457 1176472 1511790 2700441 2346714 0450366
 1705241 1705242 1263847 0002395 0007776 1521724 0012634 0030705 1176472 2700441 0027361 0237401 0450366
 0035696 0033684 0439819 0442726 1511790 0031858 1948023 1518997 0024264 1395724 0450366 1511726 3245479 1518422 1547282
 1512505 0006142 0007600 0334227 0678222 0230087 0006826 0007634 0205132 0998265 1269647 1306459 1704653 1948049 1317658 0449774 0035696
 0005863 0007600 0007634 0205132 1269647 1704653 1948049 0035696 0599862 0020202 0442726 1300517 1511790 1709269 0349966
 1547282 0162788 0444498 0020202 1300517 0035696 1518422 0444070 1521747 0040300 0332441 0567498 0001675 0006141 0205307 0439166 1268990 1547928 1706450 2347086 0441889 0150312 0449450
 0442726 1511790 1458155 0027651 0444070 0567498 1521747 0040300 0332441 0006141 0205307 0439166 1268990 1518422 1547928 2347086 0450365 1706097
 1273517 0242349 0392752 0753208 1335851
 1253961 0007634 3282337 0753208 1335851 0870432 0487602 1704680 0349966 1337208 0449774 0014239 0332281 0035295 0005516 0678594
 0753208 1335851 1518422 0010803 0022564 0392752 0001271 1510941 0349966 1337208 1511726 3245479 1518422 1547282
 0079941 0004793 0032529 0162326 0162327 1519249 1555721 1706204 0450344 1553633 1547282
 0205448 0733755 0004793 0006556 0162326 0162327 1519249 0349966 0450344 1337208 1553633 0179400 1533124 0205280 0006556 0009013 0150312 0450376 1522642
 1555721 1706204 1518422 0009013 0150312 0449450 0427385 1318444 0007634 0031437 1285572 1510411 1707520 3282337 0600510 0004793 0037293 0162326 0162327 0181496 1519249 1710492 0205409 1548221
 1883351 0557651 2603343 0392148 0017270 0376249 0439603 0871396 1561548 1705502 3178846 0206243 0699809 0599161 0032520 0677874 1458155 0006141 0027651 0205409 1268990 1548221 0085983 0007600 0205132
 0243148 1550141 1882979 2587213 3274648 1273517 0035696 0004398 0007776 0580205 0848632 0205409 0687676 1548221 1704687 0229664 0005795 1313951 1518997 0024264 1395724 0005767 0005768 0205100
 1514468 0012906 0059182 0014230 0443288 0868946 1539867
 1524063 0012238 0026882 0684224 0700287 1335851 1709991 3496591 0332257 0032529 0006556 0009013 0150312 0449450 0450376 1522642 0442726 1511790
 0370003 2347026 0012238 2349986 3146294 0449774 1553637 0449774 0004793 0009013 0162326 0162327 0681842 0753208 1335851 1519249 1882327
 0449774 1301820 1539867 1518422 1547282
 1274040 1546471 2825142 0558058 0332197 1689985 0061472 0220839 1555721 1706204 0600510 0004793 0037293 0162326 0162327 0181496 0684224 0700287 1335851 1519249 1709991 1710492 3496591 0085983 0007600 0205132 0027651 0040300 0243148 1550141 1882979 2587213 3274648
 1979874 1514468 0868946 0332307 0443289 1553637
 0449774 1553637 1882932 0007600 0007634 0205132 1269647 1550648 1552960 1704653 1948049 1519595 2348205 0392148 0332255 1708096 0332197 1689985 1518422 0332255 0486805
 0449774 0871133 1553637 1519595 2348205 0332197 1689985 0332255 1708096 0392148 0332255 1708096
 1518997 0229664 0005795 1313951 1395724 0024264 0005767 0005768 0205100 1553637 1707959 1519595
 1553778 1561491 1458155 0006141 0027651 0205450 0753208 1268990 1335851 1518422 0443289 1515926

 0796451 1511790 0314604 1709991 0017337 1519595
 1707959 0600091 1510813 0349966 1337208 0453882 1547282
 0456389 0600436 0002055 0178499 1442162 1550718 1709450 1880279 3244317
 0019873 0006222 0015008 2986582 1706746 0017243 0599161 0032520 0677874 0035668 0012906 0059193 0014230 0443288 0868946 1282910 0441994 1548802 2003888
 0035668 1512505 0006142 0007600 0334227 0678222 0596890 0006141 0006826 0007634 0205132 0205409 0998265 1268990 1269647 1306459 1548221 1704653 1948049 0230087 0871133 1518997 0229664 0005795 1313951 1395724 0024264 0005767 0005768 0205100
 0019873 0006222 0015008 2986582 1706746 0017243 0032520 0677874 0012854 0012906 0059182 0014230 0443288 0868946
 1514468 0332255 1708096 0332257 1552866 2700399 0439070 1705160 0441833 1282910 1999270 3537156 1547282 0332255 1708096 0332257 1552866 2700399 0441833 0441994 1548802 1999270 2003888 3537156 1547282
 1511726 3245479 0521093 1709991 0017256 1705759 0015295 0017337 0027361 0032520 0237401 0677874 0750484 0753208 1335851 1517480 1521871 0332283 0012238 1514468 2349986 0012906 1539867
 1539867 0205145 0150312 0205145 0150312 0449450 0205450 0314604 1709991 0017337
 0002085 0007634 3282337 1550608 0005795 1313951 0005768 0229664 1518997 0024264 0005767 0013018 0040288 0150312 0205100 0332285 1527169 0349966 1337208 1553637 2347469
 0205145 0205448 1517001 1882417 0017428 2338314 0150312 0012854 1517892 1704666
 0017270 0439603 0445247 0007634 1268443 0205307 0439166 2347086 3282337
 1516050 2331150 0012854 1520281 0008666 0926407 1706314 1720314 3539736 0009013 1522642 0005575 2700256 0181496 2827499 0162789 0162788 0444498 0016315 0020202 1273517 1300517 1166693 0008633 1518997 0229664 0005795 1313951 1395724 0024264 0005767 0005768 0013018 0040288 0205100 1527169
 0205145 1515974 2825164 1276871 1520266 0449721 0008652 0575519 0008633 0205166 0446516 1269078 1269612 1516050 1552601 1706317 0017446 0205147 0349966 1337208

 0008630 0475264 1744691 0008643 1166693 0008633 1524063 0162789 0162788 0444498 0016315 0020202 1300517
 0230532 0005971 0025564 1139930 1621812 3537155
 0336721 1547282 0020202 1300517 0926407 1706314 1710082 1720314 3539736 0182400 1704681 2347609 3536729
 1704254 1704922 3542466 0230532 0025564 1139930 1621812
 1704254 1704922 3542466 0008633 1547282 1710082 0162789 0162788 0336721 0185014 0336721 1547282 0175723 0439645 1521913 0450348 1520266 0926407 1706314 1720314 3539736 0182400 1704681 2347609 3536729
 0086282 0543483 0699748 1021144 0524851 0012634 0450348
 0015576 1704727 0348078 0376315 1522492 0030567 1521736 2681933 0012634 0162735 2924612 0596611 0026882 1552961 1705285 2347617 0285890 1420276 0165073 0439095 2003941 2350010 1883351 1273518
 0037088 0243095 2825141 1705535 0596611 0026882 1547699 2700640 0086282 0012634 0348080 1517892 1704666 1705253 0027552 0686904
 0009013 1704788 3539106 1517495 0314607 0678594 0086282 1611821 0680022 2698041
 1517495 0029237 0029246 0220885 1300196 1522486 0733755 0205144 1706311 0456389 2348205 1511726 3245479
 0678594 1517488 0017337 1518422 0034037 1704324 1511726 3245479 0439095 2003941 2350010 0330390 0439096 2004068 0165073 2827734 2981698 1705535 2348205
 1314939 0027746 0753208 1335851 2362652 1314939 0178874 0242656 0449258
 1547282 0185117 1335851 1709991 0205280 0205217 0442805 0853879 0006142 0677898 0567498 0444070 1521747 0040300 0332441 0006141 0205307 0439166 1268990 1707455 2347086 0086692 0027651 0205183
 1547282 1171362 0185117 0332283 1719822 0449774 0753208 1335851 0005863 0040300 0332441 0444070 1521747 0033684 0444070 1521747 0475358 0040300 1547928
 0598089 1512505 0006142 0007600 0334227 0678222 0230087 0006141 0006826 0007634 0205132 0998265 1268990 1269647 1306459 1704653 1948049 0428479 3244092 0441889 0150312 1883351 1705242 0035696 0441889 0753208 1335851 1707520
 1518422 0243095 0017256 1705759 1517480 1521871 0007600 0007634 0205132 1269647 1704653 1948049 1511726 3245479 1518422 1547282
 0302523 0700325 3244290 1705535 0185117 0851285 0040649 1709991 0017337 0441889 0456079 0753208 1335851 1547707 2946261 1257757 0205360 2347098
 1512505 0006142 0007600 0334227 0678222 0230087 0006141 0006826 0007634 0205132 0998265 1268990 1269647 1306459 1704653 1948049 0869040 1524063 0441712 0947630 1273517 1517331 2698671 0185117 1883351 1292732 0686907
 1547282 1514559 0027883 0034837 0027882 0445254 0023175 0181586 0392747 0443172 1442948 1522538 2348269 3275067 1513822 1705739 1882071
 0543488 1883351 0042789 1947903 1514559 1280500 2348382 0014597 1273342 0007634 0221908 3282337
 1511726 3245479 1705535 0753208 1335851 0332281 0596901 0025255 0205287 0678594 0010834 1512505 0334227 0007634 3282337
 1656251 0016640 0524811 3161031 1512505 0334227 0007634 3282337 0392148 1383501 0457784 1264633 1518422 1511726 3245479 1518422 1547282
 1274040 1546471 2825142 2348205 0285890 1420276 0165073 0439095 0947630 1301820 2003941 2350010 1883351 0442824 1166736 0039065 0332281 0039063 1167317 0025255 0333262 1622418 0206181 0205088 1705314 1705315 0439084 0728893
 0023693 0332185 0543488 1306462 1881376 0285890 1420276 0165073 0439095 2003941 2350010 0085732 1299581 1145667 1167622 0025255 0021135 1533691 2827718
 0004083 0439849 0596306 0699792 0392747 0443172 1705241 0162807 0175168 1510464 0027627 0175668 0205436 0678594 1883351 0439095 2003941 2350010 0392747 1514562 1521970 1706388 2346469 2348519 0450355
 0205447 0085732 0439095 2003941 2350010 0330390 0439096 2004068 0165073 0018790 0237477 0392351 0521111 0538283 1418642 1414052 1415944
 0021467 0021469 1628982 3463820 0851827 1701901 3244310 0443286 1114821 1705535 3537101 1704675 0025255 0205148 0596901 1706182 1709305 2745955 0439095 2003941 2350010 0165073
 0538283 1418642 1414052 1415944 0175996 0178719 0440102 1704259 1705987 0332257 0596286 1160191 0851285 1327622 0007595 0007589 1511938 2945687 0543488 1883351 0557651 2603343 1280500 2348382 0205177 0439167 0441655 1561536 0014442 0027882 0431085
 0392747 0443172 0205171 1518422 1720467 0178874 0242656 0449258 1458155 1515187 0442504 1704765 1882509 3496241
 0557651 2603343 1547282 0753208 1335851 1518422 0007776 0015965 0086418 0521457 1176472 2700441 2346714
 0332290 0185117 1522579 0007776 0001811 0025914 0025929 0026809 0205217 0442805 1176472 2700441
 1518422 1705241 1705242 0007776 1176472 2700441 0030705 0002395 1521724 0012634 0683278 0027361 0237401
 1274040 1546471 2825142 0680240 1551058 1511726 3245479 0753208 1335851 0872145 0682708 0007457 0043157 0220938 0392747 0443172 0597879 0027882 0239971 0031868 1025228 2678557 2346751 0034036 0034037 1515023 1704324
 1522634 1883559 0332307 0445392 1547052 0298973 0033684 1458155 0027651
 0162801 0002778 0004793 0162326 0162327 0936012 1519249 1524024 1705535 0260034 0033684 1335851 1709991 1705242 0027763 0422837 1269560 0027769 0449913 0599851 1553451 1704459 0006556 0009013 1522642 0450376 0009013 0017428 0887950 1522642 0009219 0805701
 1555721 1706204 0017789 1335851 1709991 0392747 0443172 1705241 0007961 1706211 0205341 1547730 1705914 0205250 1336547 0015576 0165073 1704727
 0392747 0443172 0686907 0031843 0542341 0700205 1705273
 1335851 1709991 0205171 1720467 0600510 0004793 0037293 0162326 0162327 0181496 1519249 1710492 0599161 0032520 0677874 1517480 1521871 1705759 3146294 1522634 0004793 0162326 0162327 1519249 0558058 0004793 0162326 0162327 1519249 0431085
 0557651 2603343 0475450 0237753 0449788 0085983 0007600 0205132 0525038 1555721 1706204
 0035696 0015295 0012238 2349986 0026882 0040300 0150312 0007600 0007634 0205132 1269647 1704653 1948049
 1979874 1524063 0012238 2349986 0085732 1299581 0442726 0032529 0205265 0004793 0162326 0162327 1519249 1705241 1705242 0006556 0009013 1522642 0450376
 0205145 0205235 0002085
 0002085 0205177 0013682 2348205 0019425
 1518422 0243095 1707520 0031437 1285572
 0237753 0449788 1458155 0027651 0085983 0007600 0205132 0439603 0445247 1709305 2745955 0007634 1268443 0205307 0439166 2347086 3282337
 1511726 3245479 1705535 0439092 0547044 1458155 0006141 0027651 1268990 0428479 0205250 0441889 0456079 1299351 1547707 2700149 2946261 0031437 0205282 0334590 1285572 1533592 0026882 1274040 1546471 2825142
 0024779 1706473 1709991 0314604 0017337 0017446 0205147
 0019247 0012634 0392760 1314939 0017337 1518422 0205309 1708726
 1551359 2741673 2981730 0449774 0027883 0034837 0027882 0445254 0206417 0027763 0422837 1269560 0026609 0543488 1883351 1283174 1314939 1849096 0087012 0004134 0151313 0442874 0445254 1849096 1825850 1837454
 0524869 1517945 0205212 0205250 0376249 0439603 0871396 1299351 1561548 1705502 1709305 2700149 2745955 0027651
 1518830 3267001 0596611 0026882 0017446 0205147 0678222 0206530 0596611 1883351 0018553 0332281 0243083 0012634 0039082 0742342
 1518422 0015576 1704727 0027361 0237401 1518830 3267001 0596611 0026882
 0544886 0596611 0026882 2986476 0205171 1709305 1720467 2745955 1264633 1554103 0524869 1517945 1518422 1708726
 1707520 0185117 0178874 0242656 0449258 1458155 0543488 1883351 0026882 1552603 1706202 0009219 0034987 0017362 0220905 1704735 0017446 0205147 0439660 1286083
 1517495 0029237 0029246 0220885 1300196 1522486 0684224 0700287 3496591 1261552 1704379 1705117 2825408 0012634
 0520510 0006556 0009013 1522642 0450376 0751608 0006121 0006556 0023621 0205409 0872147 1306665 1548221 3146221 0020202 1300517 0182400 1704681 2347609 3536729 1552738
 0009013 1522642 0040712 0597295 1519614 0181496 2827499 0182400 1273517 1704681 2347609 3536729 0220908 0220909 1698960 1710031 1710477 0017430 0023621 0751608 0872147 1515981 1710133 0599862 0020202 1300517 1552738
 0441513 1552738
 0011516 0332255 0486805 1708096 0926407 1706314 1720314 3539736 0012854 1704972 1704973 0004793 0162326 0162327 1519249 1524063 0206415
 1553778 1561491 0206243 0699809 0013343 0439787 0549177 0849355 1328319 0851166 1705818 3205287 1328319
 0443286 1114821 1514468 0012854 0814195 1328319
 0008630 0475264 1744691 0162789 0162788 0444498 0016315 0020202 1300517 0181496 2827499 0926407 1706314 1720314 3539736 2331150 0012854 0025664 0449851 1301820 1442989 2828392 0024264 1552738 0439509
 1710082 1524063 0016315 0181839 1706379 0598124 0179533 1654607 1706254 1548792 0013194 2700580
 0200931 0599161 0872262 0002778 0032520 0677874 0936012 1524024 1552738 1279919
 1265611 0370003 2347026 0332255 1517480 1521871 1705759 1708096 1882115 0035696 1414968 3536868 2260086 0017855
 0206415 0332283 1719822 0439084 0728893 0871133 0871133 0439084 0728893 0871133 0871133
 1517480 1521871 1705759 0206243 0699809 0439509 0439787 0849355 1511572
 0007634 3282337 0205251 0441889 0456079 1299352 1547707 1550472 2946261 0185117 0332255 1708096 0013856 0596607 1706746 2986904 1511572
 0332255 0486805 0012906 0014230 0443288 0868946 1548787 1706746 0017243 0036681 0302829 1382104
 0200931 0002778 0032520 0677874 0936012 1524024 0002778 0936012 1524024 0015295 0314604 3272453 0012854 0017428 0887950 1524063 0206415 0021920 1514583 0205144 1706311
 0012634 0348080 1705253 0012906 0002778 0014230 0443288 0936012 1524024 2348205 0599161 0032520 0677874 1273517 1514468 0332300 0039476
 0206415 0871133 0871133 0439084 0728893 0871133 0871133 1524063 0015295 0439070 1273517 1517480 1521871 1705160 1705759 0439084 0728893 0871133 0871133 0439084 0728893 0871133 0871133
 0684192 0332255 0486805 1706746 0017243 0036681
 1273517 1883351 0442726 1881488 1552738 1279919
 0239971 0031868 1025228 2678557 2346751 0034036 0034037 1515023 1704324 1510827 1430654 0034861 1142652 0033684 0086418 0753208 1335851 1514798 1998793 0332297 0796085 1145667 1167622 1417725 1689898 1879547 2349209 1185738 1524063 0079240 1273517 1948037
 0003241 0021027 0051979 0034493 1720119 1948037 2827734 2981698

 1511790 0206243 0699809 0439787 0442711 0680240 0849355 0947322 1507394 1522729 1705426 2348563
 0007585 2347576 0007634 3282337 0991865 0006353 0031603 0031701 0036082 1548982 1601799 0070066 0231441 0443218 2827483 0991865 0006353 0031603 0031701 0036082 1601799 0456692 0702093 0041175 0077281 0814229 1548982 1882074 0020283 0450407 0450408 0450409 0037494 1959973 0242759 0018019 0028778 0229671 0332206 1265549 1510458 1546774 1550100 2983591 0332283 1979003 0312586 0003242 0003241 0021027 2827734 2981698 0359168 0003250 0003242 1317481 0003241 0021027 2827734 2981698
 0450376 0033727 0369286 0441932 0564385 0229671 1546774 1550100
 1511790 0034493 1624602 0079240 1273517 0034866 0470689 0022877 1619828
 2986676 0678226 1551058 3146286 2711413 1704729 0041740 1292533 0370003 2347026 0439148 1519795 1704753 1880519 0162326 0917792 0041740 0162326 0917792 1553778 1561491 1519179 1854580


 0043227 0018173 1521721 0237935 3245466 0037455
 0600510 0004793 0037293 0162326 0162327 0181496 1519249 1710492 0004793 0037293 0162326 0162327 0181496 0185117 1519249 1710492
 0162789 0162788 0444498 0016315 0020202 1300517 0162789 0162788 0444498 0016315 0020202 1300517
 1414968 3536868 0017855 2260086 0030016 0031603 0031701 1601799 1414968 3536868 0017855 2260086 0030016 0031603 0031701 1601799
 0524869 1517945 0524869 1517945
 0991865 0006353 0031603 0031701 0036082 1601799 0991865 0006353 0031603 0031701 0036082 1601799
 0070066 0070066
 0031858 0031858
 1514811 1706462 2827734 2981698
 0439394 1706495 3642217 0033727 0205090 0369286 0441932 0564385 0684010 2603358
 0165073 1882598
 1335532 0015576 1704727 0332281 0025255 0521390 0596901 1706182
 0027960 0324740 0439189 1456781 1824986
 2347379
 0000857 0025141 0600678 1552863
 0033727 0369286 0441932 0564385 0011516 0012358 0012764 1444662 1512015 0027651
 0009017 0009015 1547699 2700640 0449432 1705248 0002395 1521724 0012634
 1418943
 0268596 2700624
 3642273
 0041703 0439083 0439087
 0000857 0025141 0600678 1552863
 0027651 0033727 0369286 0441932 0564385
 0002345 0086934 0035687 2610186 0285890 1420276 2983377 1709634 0330390 0439096 2004068 0449432 1705248


 2347379

 0000857 0025141 0600678 1552863
 0205090 0684010 2603358 0439267 0369637 0441923
 0020792 0205396 0006104 1269537

 0000857 0025141 0600678 1552863
 0011516 3538705 0369718 0441922 1553036 0439394 1706495 3642217 0144237 0205090 0684010 2603358 0027651
 0033665 0038164 0033684 0330390 0439096 2004068 0449432 1705248 0038164 0033684 0027759
 0027882
 0000857 0025141 0600678 1552863

 0332120 0033665 0038164 0033684 0330390 0439096 2004068 0449432 1705248 0285890 1420276 2983377 0678594 0034656 0439605 0444764 1413568 1705946
 0027960 0324740 0439189 1456781 1824986
 0007634 1269647 1704653 1948049

 0033727 0369286 0441932 0564385 0027651
 1708595 3280986 0285890 1420276 2983377 0033684 0002395 1521724 0012634 0013621 0023185
 0005477
 0000857 0025141 0600678 1552863
 0027651
 1518422 0330390 0439096 2004068 0449432 1705248 3538756
 0005477
 0000857 0025141 0600678 1552863
 0012358 0012764 1444662 1512015 0027651
 0285890 1420276 2983377 0085151 3538722 0033665 1456454 0033684 0330390 0439096 2004068 0038164 0033684 0330390 0439096 2004068 0449432 1705248 1145667 1167622 1420510 0330390 0439096 2004068 1420510 0330390 0439096 2004068 0332621 0439168
 1418943
 0268596 2700624
 3642273
 0041703
 0000857 0025141 0600678 1552863
 0033727 0369286 0441932 0564385 1519179 1854580 0011516
 1709915 1882936 0332255 1708096 0285890 1420276 3538756 0033679 0007382 0002395 0332220 1521724 0330390 0439096 2004068 0030956


 0000857 0025141 0600678 1552863
 0033727 0369286 0441932 0564385 0369773 2603361 0033727 0369286 0441932 0564385 1519179 1854580 0439394 1706495 3642217 0016327 0439133 1553038 0205090 0684010 2603358
 0243122 1145667 1167622 0439095 2003941 2350010 0330390 0439096 2004068 0165073 0020792 0205396 1145667 1167622 1420510 0330390 0439096 2004068 3538756


 0000857 0025141 0600678 1552863
 1510707
 0033684 0002395 1521724 0012634
 0040833 1521798
 0000857 0025141 0600678 1552863
 1553033 0205090 0684010 2603358 0016327 0439133 1553038 0027651
 0017337 1516050 0220908 0220909 1698960 1710031 1710477 0002395 1521724 0012634
 0887950

 0999213 0144237 0205090 0684010 2603358 1412430 0369773 2603361 1519179 1854580 0035853 0718133 0027651
 0285890 1420276 2983377 1420276 2983377 1537647 2985256 0017337 0285890 1516050 0200930 0002778 0035268 0936012 1524024
 0887950
 0000857 0025141 0600678 1552863
 0033727 0369286 0441932 0564385 1553033 0011516 0328104 1415875 2826366 0011516 0014878 0522667 0730321 2347469 0040452 0242726 1318154 1705917 0033727 0369286 0441932 0564385 0205090 0684010 2603358 1519179 1854580 1519179 1854580 0027651 0439267 2346751 0369637 0441923 0439267 0021966 0221138 0205090 0684010 2603358
 0596611 0026882 1705285 0015576 0205396 1550043 1551388 1704727 0030567 1521736 2681933 0012634
 0036397
 0000857 0025141 0600678 1552863
 0205090 0684010 2603358 0027651 1519179 1854580 0033727 0369286 0441932 0564385 0027651 0439394 1706495 3642217 0439114
 0596611 0026882 1705285 0285890 1420276 0165073 0439095 2003941 2350010
 0325074
 0000857 0025141 0600678 1552863
 0439267 0369637 0441923 2349138 0205090 0684010 2603358 0369637 0441923
 0285890 1420276 0165073 0439095 2003941 2350010
 0349590 1262865
 0000857 0025141 0600678 1552863
 0439394 1706495 3642217
 0285890 1420276 0165073 0439095 2003941 2350010



 0000857 0025141 0600678 1552863
 0031868 1025228 2678557 0439294 2346751 0369637 0441923
 0753208 1335851 0086282 1611821 0680022 2698041 0205266 0872403 1947912
 2827734 2981698

 0016327 0439133 1553038
 1515670 0185117 1818563 0007776 1176472 2700441
 0600678 0556656 0037455 0027910 1552241 1555991 2350583 0205314 0445573 0023031 0449468 0560268 1690016
 0450348


 0033727 0369286 0441932 0564385 0011516 0027651 0439267 0011516
 0020792 0205396 1335851 1709991 1553778 1561491
 2347379
 0000857 0025141 0600678 1552863
 0369637 0369773 0441923 2603361
 0205419 0314604 0079419 1705526 0017337
 0017337
 0000857 0025141 0450348 0600678 1552863
 0205090 0684010 2603358 0033727 0369286 0441932 0564385
 0019247 0017398 0017399

 0027960 0324740 0439189 1456781 1824986
 0325074
 0000857 0025141 0600678 1552863
 0369718 0441922 1553036 0033727 0369286 0441932 0564385
 0285890 1420276 0165073 0439095 2003941 2350010 1517892 1704666 0002395
 0325074
 0000857 0025141 0600678 1552863
 0369637 0441923
 0285890 1420276 0165073 0439095 2003941 2350010
 0349590 1262865
 0000857 0025141 0600678 1552863
 0021966 0221138 0439267 0402830 0012358 0012764 1444662 1512015 0073187 0722969
 0598429


 0000857 0025141 0600678 1552863
 0033727 0369286 0441932 0564385 0021966 0221138 0439267 0328104 1415875 2826366 0011516 0439267 0439267 1519179 1854580 0027651 2346751 0369637 0441923 0205090 0684010 2603358 0722969
 0008630 1283195 0030567 1521736 2681933 0012634
 0036397
 0000857 0025141 0600678 1552863
 0033727 0369286 0441932 0564385 0043217 0442548 1519179 1854580 0016327 0439133 1553038
 1880022 0010339 0439531 0851285 1511545 1948053 0013621 0023185 0326833 0325174 0326915
 0027882
 0000857 0025141 0600678 1552863
 0369637 0441923 0011516 0016327 0439133 1553038 0027651
 1880022 0330390 0439096 2004068 0449432 1705248 0285890 1420276 2983377 0927232 1269563 0027763 0422837 1269560 0027769 0205099 0449913 0599851 1553451 1704459 1879652


 1417055
 0450382
 0000857 0025141 0600678 1552863
 0011516 0027651
 0392747 0285890 1420276 2983377 0332281 0011389 0220781 0332461 0333463 0439634 1522492 0027746



 0000857 0025141 0450355 0600678 1552863
 1519179 1854580 1652689 0016327 0439133 1553038 0369637 0441923
 0162807 0027627 0175668 0205436 0678594 0025255


 0201682
 0000857 0025141 0600678 1552863
 0331799 2347469 1510707
 0851285 1327622 0021467 0021469 1628982 3463820 0439095 2003941 2350010 0330390 0439096 2004068 0165073
 0005477
 0000857 0025141 0600678 1552863
 0027651 0439394 1706495 3642217
 1552603 1706202 0027361 0237401 1516050



 0325074
 0000857 0025141 0600678 1552863
 3495095 1555429 1553033 1519179 1854580 0021966 0221138 1553033 0439394 1706495 3642217 0205090 0684010 2603358 0033727 0369286 0441932 0564385 2347469 0033727 0369286 0441932 0564385 0033727 0369286 0441932 0564385 0205090 0684010 2603358
 0694888 1430988 1335554 1335547 0751455 0017337 0085536 0006104 0086418 1269537 1705285 0006141 1268990 0376358 0600139 2984325 3541264 0006826 0033572 0998265 1278980 1306459
 0036397
 0000857 0025141 0600678 1552863
 0033727 0369286 0441932 0564385 0033727 0369286 0441932 0564385 0027651 0205090 0684010 2603358 2346751 0369637 0441923 1553033 0369773 2603361 1423088 3273338 0369637 0441923
 0035820 1705810 0006142 0678222 0006141 0006826 0998265 1268990 1306459 0018553 0039082 0205160 0868928 1513916 1533148 1554077 2825415 2825491 2828389



 0325074
 0000857 0025141 0600678 1552863
 0011516 0439394 1706495 3642217 0016327 0439133 1553038 0439267 0021966 0221138 0369773 2603361 2347048
 1953305 1294200 0796357 0002778 0936012 1524024 0678222 1335475
 2347379
 0000857 0025141 0600678 1552863
 0016327 0439133 1553038 0016327 0439133 1553038 0027651 0016327 0439133 1553038 1553033 0439267 1553033 0033727 0369286 0441932 0564385
 0524869 1517945 1257930 0678222 0004135 0004134 0039446 1963248 0018553 0012634 0017446 0205147
 0029016
 0000857 0025141 0600678 1552863
 0152277 0021966 0221138
 1517488 0015576 1704727
 0887950
 0000857 0025141 0600678 1552863

 0035687 2610186 1706214 3244320 1880371 0017337 1547699 2700640 0038164 0752190
 2347379 0028606
 0000857 0025141 0439509 0600678 1552863
 0439394 1706495 3642217 0021966 0221138 0021966 0221138 0021966 0221138 0439267 0205090 0684010 2603358
 1516050 0332256 2700400 0017337 0332257 0018330 0871133 0314604 0017337



 0325074 0439084 0728893
 0000857 0025141 0600678 1552863
 0152277 0021966 0221138
 0034693 0034721 0008051 0677521 1365945 0035696 0004793 0028630 0162326 0162327 1519249 0185117 0040300
 0017337
 0000857 0025141 0600678 1552863
 0369718 0441922 1553036 2346751 0369637 0441923
 0205419 1514562 1517050 0521119 1880389 1883221 3541951


 0201682 0000857 0600678 1552863 0282413 0376649 1442065
 0254343 0796520 3272379
 0085205 1549619 1880669
 0013849 1705961 1704732 0035953 0041740 0600140 1704688 2346414 0442658 1301826 1292711 0449719 1709471 0015744 2911691 0392747 1554963