 0020792 0205396 0033684 1314939 0007594 1261468 0332466 1293131 0332437 0543482 0700329 0700619 1704729 0005553 0006754 0041740 3146274 0036152 1826357 0557061 2584313 1514811 1706462 1547282 0033634 0033621 1168438 1418943 3540567 0033640 0031727 0033684 1514873 1883351 0024501 0205266 0872403 1947912 0007594 1261468 0332466 1293131 0021966 0221138




 1883351 0017337 1314939 0007594 1261468 0332466 1293131 0017337 0233426 1514559 1301771 1457869 1861101 0002085 1150572 1879547 0015127
 0679199 0017337 0020792 0205314 0205396 0679622 1708698 2700640 0033684 0205448 1880389 1883221 3541951 0205341 1705914 1514562 1505122 0949989 0013138 0033684 1028876 1504613 1552738 0016327 0439133 1553038

 0007634 1269647 1704653 1948049
 1880389 1883221 3541951 0681842 1882327 1883351 0348078 0376315 1522492 1516692 0444764 1705945
 1514559 1260953 0007594 1261468 0332466 1293131 0596988
 0013570 1412687 2700640 0033684 2348205
 1514559 1260953 1457869 1861101 0332281 1150572 1879547
 0596988 0332268 0015272 0007594 1261468 0332466 1293131 0002085 0436331 1150572 1444749 1879547 1517945 1415825 1538043 1420003 1517945 1518422 1861417
 0596988 0348078 0376315 1522492 0007634 3282337 0019409 0033684 0332437 0543482 0700329 0700619 1514873 0018270 0220844 1621966 2911660
 1979874 0596988 1518422 0221099 0684336 0007594 1261468 0332466 1293131 0332437 0543482 0700329 0700619
 0033684 0007594 1261468 0007634 0205145 0332466 0392752 1269647 1293131 1515974 1704653 1948049 2825164 1160186 1260875 1709305 1748461 2745955 0018270 0220844 1515981 1621966 2911660 0017446 0205147 0018270 0220844 1621966 2911660
 1449705 0599647 0020205 0205448 0002778 0936012 1524024 1444656 0033684
 0917903 0033684 1156238 0026559 0007594 1261468 0332466 1293131 1704259 1705987
 1705313

 0007594 1261468 0332466 1293131
 1160186 1260875 1748461
 0557061 2584313 1514811 1706462 0007594 1261468 0332466 1293131 0005532 0205460 1707959 1709305 1883525 2346866 2745955 0332466 1293131 0015914 1160320 0332466 1293131 0220781 0439634 1522492 0445623 1515981 0036025 0043392 0043393 0717551 1160186 1260875 1748461
 0036025 0043392 0043393 0717551 1184743 1522240 1548602 1704686 1257912 0007634 3282337 0030956 0031516 0449475 0007634 3282337 1521761 2827422 0007634 3282337
 0031516 1145667 1167622 0205453 0597357 1167322 2752508 1948023 0037083 1160185 1710082 1707310 1155873 1516332 0237477 0392351 0920532 0205263 0857127 1160186 1260875 1514873 1748461 0007594 1261468 0332466 1293131 0871261 1704632 1706817 2911692 0679006 1947967 0220781 0439634 1522492 0282443 0042789 1947903
 0007634 3282337 0025979 0010853 1748451 0442726 0439182 0812409 0332294 0333584 0033684 0333562 0678226 0017446 0205147 0332158 0337611 1705415
 1720092 1948045 0682323 0332158 0337611 1705415 0205549 2348044 0205169 0441889 0456079 1521991 1547707 2946261 0162340 1705848 0043544 0686873
 0205435 1279901 0007623 0007634 0677535 1269647 1704653 1948049 0017446 0205147 0849355 0443299 0007634 3282337
 0015252 0728940 0024348 1274040 1536403 1546471 2825142 1428114 0851285 1327622 1511545
 1157855 0243125 0699900 0007623 1518422 0007634 1269647 1704653 1709305 1948049 2745955 0332158 0337611 1705415 0682323
 0007623 0007634 0677535 1269647 1704653 1948049 1883708 1881707 0815214 0017446 0205099 0205147 0332158 0337611 0439659 1705415 0558281
 1157855 0243125 0699900 1709305 2745955 0007634 3282337 1441672 0231441 0231175 1883351 0699952 1414861 1708111
 0007623 0007634 0520510 0677535 1269647 1704653 1948049 0849355 0007603 0025255 0032105 1550098 0699952 1414861 1708111 1523867 0029219 0026237 0699952 1414861 1708111 1883351 0043544 0686873
 0043227 1150572 0007594 1261468 0332466 1293131
 0596988 0332452 0681842 1882327 1883351 2700640 0596902 0017861 0015272 0007594 1261468 0332466 1293131
 1457869 1861101 0086045 1446561 1883559 0332307 0441889 0445392 1547052 0037688 1999230 1883351 0184512 0007634 3282337 1705535 1397014 0015127 1524003
 1704259 1705987 1883351 0012634 0348080 1705253 0205266 0872403 1947912 1441414 1553874 1578820 1150572 0018790 0237477 0392351 0521111 0007594 1261468 0332466 1293131 0007634 3282337 1518422 0205415 1881534 0007594 1261468 0332466 1293131 0010968
 0183683 1521721 1512612 1150572 0007594 1261468 0332466 1293131 0007634 3282337 0002085 0015272 0007594 1261468 0332466 1293131
 0392747 0005456 0682969 2945843 0205145 0243122 1145667 1167622 1515974 2825164 1706214 3244320 0683222 0002085
 1150572 1441414 1553874 1578820 1883351 0752319 0752312 1706473 0024779 0031727 0031843 0522505 0542341 0700205 1705273 1709061 1150582 1367675 1708800 0752313 0282443 1709940
 0332290 1704259 1705987 0018790 0237477 0392351 0521111 1157855 0243125 0699900 1704259 1705987 0871261 1704632 1706817 1879547 2911692 0031516
 0596988 0332452 0024348 0871261 1704632 1706817 2911692 0031516
 0302523 0700325 3244290 1150572 0349590 1262865 2587213
 0596988 0205396 1550043 1551388 0007594 1261468 0332466 1293131 0282443 1552617 0042789 1947903 1721089 0035853 0995005
 0596988 0682323 1260875 0231441 0231175 1883351 0699952 1414861 1708111 0678594 0686912 0679006 1947967
 0007623 0007634 0677535 1269647 1704653 1948049 0682323 1160186 1260875 1748461 0449450 1706912 0205430 0028577 1156300 0332466 0521447 1293131
 0033684 0007594 1261468 0007634 0085639 0238715 0332466 1269647 1293131 1514873 1704653 1948049 0456387 1705943
 0456387 1705943 2700400 0220781 1883254 0205250 0031516 0205263 1883351 0332466 1293131 1514873
 0596988 0750532 2945599 1160186 1260875 1748461 2945640 1883559 0080194 0332307 0445392 0456178 1518614 1547052 2987481 0332452 0080194 0456178
 0205250 0031516 0205263 1705535 0871968 0205307 0332437 0439166 0543482 0700329 0700619 1514873 2347086 1160186 1260875 1748461
 0456387 1705943 0332257 1552866 2700399 0033684 0542341 0007595 0018270 0220844 1621966 2911660
 0001721 0007594 1261468 0332466 1293131 0007634 1518422 3282337 3623712 1721089
 0035820 0205396 1550043 1551388 1705810 0033268 0050325 1160186 1260875 1748461 1547282 1883351 0001721 0007594 1261468 0332466 1293131
 0456387 1705943 0449475 0332466 1293131 0027552 0686904 1184743 1522240 0007594 1261468 0332466 1293131 1160186 1260875 1748461
 0456387 1705943 0332257 1552866 2700399
 0033684 0026559 0205266 0872403 1947912 0443264 1160186 1260875 1748461 0007594 1261468 0007634 0332466 1269647 1293131 1704653 1948049
 1514873 1883351 0184512 0031843 0542341 0700205 1705273 0029237 0029246 0220885 1300196 1522486 0014139 2984285
 0033684 0033684 0680022 2698041
 0205396 1550043 1551388 0033684 1514559 1260953 1457869 1861101 0332281 0002085 1150572 1879547
 1514559 1260953 1457869 1861101 0596988 0596988
 0033684 0018270 0220844 0392752 1621966 2911660 0017446 0205147 1160186 1260875 1748461 0018270 0220844 1621966 2911660 0596988 0332268 0007594 1261468 0332466 1293131 0332437 0543482 0700329 0700619
 0520510 0557061 2584313 1514811 1706462 0080194 0456178 0080194 0456178 0021966 0039224 0221138 1552738 1706073 1706074
 0012634 0348080 1705253 0178659 0185111 0947647 0035853 0995005 1552738

 0007634 3282337 0009458 0439536 1705217 3244283 1316572 1317574 1369612
 0185111 0947647 0884358

 0449911 0039224 1706073 1706074 0557702 1272706 1704674 0557702 1272706 1704674 0080194 0456178 0032136 0021966 0039224 0221138 1706073 1706074 0745732 3272378
 0032136 0332256 2700400 0002085 1552738

 0032136 1273517 1883351
 2827421
 0040682 0125995 1550369 0000975 0023870 0025663 0449851 0871511 0884358
 0120285 0162768 0038164 0009219 0033684 0303920 0332466 0332583 0805701 0919279 1293131 0243148 1550141 1882979 2587213 3274648 0086860 0326649 1999230 0006754 0041740 3146274
 0009015 0009013 1260953 2003921 1457869 1861101
 0032136 0332256 2700400 0441587 1743766 1883719 0023621 0205409 0751608 0872147 1548221 0042789 1947903
 0332255 1708096
 0332255 1708096
 0332255 1708096
 0332256 2700400 0085732 1260953 1457869 1861101 1511726 3245479 1518422 1547282
 1883351 0521093 0750484 1456348 0013570 1412687 1273518 0332454 0868946 0012888 2257057 2963497 0012892 0014834 2257063 0012854 0014833 0021966 0221138 0332255 0332293 1335439 1522326 1708096 0146894 1883351
 0231175 1883351 1260953 1457869 1861101 0015272
 2827421 0332256 2700400 0004793 0162326 0162327 0332232 1519249 2825407 1260953 2827421 0849355 1883720 3244314 0231175 1883351 1260953 1457869 1861101
 0449911 0333052 2607870 0557702 1272706 1704674 0557702 1272706 1704674 0349966 1337208
 2827734 2981698
 0020792 0205396
 1260953 1457869 1861101 0332281
 0206243 0032136 0332256 2700400 0086022 0442335 1705099 0080194 0175648 0456178 1254211 1260875 1415825 1518614 1538043 2987481 0520510 1552738 0025663 0025664 0449851
 0243148 1550141 1882979 2587213 3274648 1883559
 1260953 1457869 1861101 0596988
 1420003 1861417 0596988 0475311 0032136 0332256 2700400 0086022 0442335 1705099 0080194 0175648 0456178 1254211 1260875 1415825 1518614 1538043 2987481 0520510 1552738 0025663 0025664 0449851
 1883559 0080194 0332307 0445392 0456178 1518614 1547052 2987481 0086022 0442335 1705099
 0024779 1706473 0002778 0936012 1524024
 0032136 0205250 0220908 1299351 1301820 1305399 1705053 1710252 1948062 2700149 2954564
 0032136 0206243 0441635
 0868946 3146294 3273494 1708059 0681205 0080089 0034754 0180979 1705179 1705858
 0085732 1260953 1457869 1861101 0205090 1444656 0221103 0301625 0439181 0728721
 0221103 0301625 0439181 0728721
 0221103 0301625 0439181 0728721
 0012906 0014442 0014445 0443288 2603362
 2347469
 0033727 0369286 0441932 0564385

 1546922 1706499 1533716 0520510 1999230 0025663 0025664 0449851 1515981 1527021 1554111 1705606 3541382
 0054868 3540479 0626910 1273517 1883351 0032520 0677874
 1514468 1704444 0000925 1883724 2945843 0009013 0205145 1515974 2825164
 0441513 0017337 0036025 0043392 0043393 0080194 0456178 0717551 1880274 1524063 2827421 1550539 1553396 1554078
 0032136 2827421 0016327 0439133 1553038
 0205145 0439659 0733755 1292748 0032520 0677874
 0332255 1708096 0205145 1554078 0013570 1412687
 0080194 0456178 0200931 0002778 0032520 0677874 0936012 1524024 1711411
 0080194 0456178 3146294 1524063
 1550539 1553396 1554078
 1550539 1553396 1554078
 0032136 3146294
 0205145 1292748 0032520 0677874
 1333223 1705129 1861281 3540595 0205145
 0205145 0441587 1705686
 0080194 0456178 0200931 0521093 0002778 0032520 0677874 0750484 0936012 1524024
 0080194 0456178 2827421 1524063 0521093 0332452 0750484 1160186 1260875 1748461 0200931 0002778 0032520 0677874 0936012 1524024
 0080194 0456178 2827421 1524063 0521093 0085732 0750484 1160186 1260875 1748461 0200931 0002778 0032520 0677874 0936012 1524024
 0080194 0456178 2827421 1524063 0200931 0521093 0002778 0032520 0677874 0750484 0936012 1524024
 0205288 0441685 0005507 0243073 1510438 1160186 1260875 1748461 0005507 0243073 1510438 0449820 0884358 1552738
 0678594 1704788 3539106 0007610 0057142 0205448 0487602 0678594 1704680 1515981 1327729 2362924 0205379
 1704788 3539106 0043544
 0007634 3282337 0370003 2347026 0750480 1705566
 0237753 0449788 1882932 1510992 2825518 0681814
 0005507 0243073 1510438 0332256 2700400 0032136 0120285 0884358 1552738 0332300 0007634 3282337 0005574 0439267 1710133 0750490 1706221
 0005507 0243073 1510438 0449820 1139930 0884358 1552738 0332300 1420003 1861417 0596988 1439852 0033727 0369286 0441932 0564385 0407295 0009458 0439536 1705217 3244283
 0441513 0120285 0033684 0303920 0332583 0033684 0596260 0699952
 0205145 1292748 0242611 0009221 1095825 1947925 2746065 1524063 1455888 0050397 1428097 0626910
 0332255 1708096 0332256 2700400 0205145 1515974 2825164 2945843 0009013 0205145
 0120285 0033684 0303920 0332583 0332255 1301820 1708096 0006754 0041740 3146274 0036152 1826357 2945843 0205145 1515974 2825164 0120285 0033684 0303920 0332583
 1883351 2827421 2827421 0120285 1335533 0033684 0303920 0332583 2945843 1705686 0205145 0441587 1515974 2825164 0120285 0033684 0303920 0332583
 0332255 1708096 2945843 0009013 0205145 1515974 2825164
 1273517 1883351 0120285 0033684 0303920 0332583 0868946 0040682 1510411 1705163
 1708726 0120285 0303920 0332583 0009498 1457869 1861101 1511726 3245479 1518422 1547282
 1883351 2827421 0333052 2607870 1948062 0441587 0018909
 0332255 1708096 2945843 0009013 0205145 1515974 2825164 0018909
 0332255 1708096 0332256 2700400 0333052 2607870 2945843 0205145 1515974 2825164
 0332255 1708096 0332256 2700400 0120285 0033684 0303920 0332583 1705686 0205145 0441587 1515974 2825164 3146294 0079866 3146302
 2827421 0032136 1524084
 1883351 2827421 0333052 2607870 1948062 1705686 0205145 0441587 1515974 2825164 1706214 3244320
 2700640 0332268 0037293 0181496 1710492
 0597704 1159772 0475264 1744691 0080194 0456178 0936012 0475311
 0475264 1744691 1524063 0080194 0456178 0475311 0023401
 0007634 3282337 0205390 1708728 2986775 0441436 0993610 1998480 0005574 0439267 1710133 0750490 1706221
 0370003 2347026 0181839 1706379 0449911 0002454 0027976 1879958
 0445617 0332437 0543482 0700329 0700619 0080194 0456178 0007634 3282337 0205390 1708728 2986775 0009458 0439536 1705217 3244283
 0205390 1708728 2986775 0023401
 0205390 1708728 2986775
 0007634 3282337 0441436 0993610 1998480 0017861 0449911 0181839 1706379 0027976 1879958
 0455052 1521827 1303103 0002778 0936012 1524024 0884358 1552738 2828360
 0182400 1273517 0684192 1749889 0332255 0443288 0486805 1998793 0034656 0439605 0871133 1167624 1708632 1947902 2827499 1524063 0871133 1555265
 0332255 0486805 1273517 0079941 0004793 0009219 0162326 0162327 1519249 0079941 0004793 0009219 0162326 0162327 1519249 0332255 1708096
 1960916 0007592 0873195 2828366 0007634 0439583 3282337 0009458 0162867 1254021
 0007634 3282337 2987620 0683607 1883351 0079411 0205448 0332232
 0010453 1512335 0456963 0006353 0009264 0009443 0020746 0024348 0234192 1536403 0020283 0041175 0077281 0450400 0450407 0450408 0450409 0814229 0037500 0037473 0086123 0597484 0146951 0133689 0242759 0037508 1366571 1705592 0017881 0678420 0683758 0150312 0332285 0017596 0205163 0205430 0449468 0991566 1549782 1690016 1705102 1947936 2700258 3160715
 0040223 1632851 0370003 2347026 0179834 0450376
 1550101 0849355 0006353 0205088 0449468 1524062 1546485 1690016 1705102 2700258
 0370003 2347026 0179834 0450376
 0120285 0033684 0303920 0332583 0849355 0442726 2828366 1511726 3245479 1518422 1547282
 0021069 0370003 0884358 1527428 2347026 0450376 1292425 1439852 1550101 0036681 0060916 1624602 0005899
 1882443 1548982 0040223 1632851 0006353 1708715 0242301 1546559 1514893 0600209 1704732
 0020985 0002778 0936012 1524024 0018909 0884358 1624602 1552738
 0020985 0002778 0936012 1524024 2828366 1518422 1273517 1521827 0332283 1719822
 0007634 3282337
 0439526 0441436 0993610 1998480 0020746 1439852
 0993610 0456963 0009264 0009443 0020746 0037633 0234192 0525069 0025402 0020746 1439852
 0041405 0085758 1415587 3536819 1524062
 0007634 3282337 0020746 1439852 0332283 0007703 0450376
 0993610 0456963 0001002 0009264 0009443 0020746 0234192 1548982
 0370003 2347026 0179834 0450376
 0441436 0993610 1998480 0006353 0370003 2347026 0242301 1546559 0600209 1538570 1514893 1704732 2699488
 0600209 1704732 0332283 0180860 1524063 0449913 1553451 1704459 0022877 1619828
 1439852 0265246 1532188 0026131 0349374 0444318 2825079 0700308 0033727 0369286 0441932 0564385
 0003241 0021027 0205225 0439631 1439852 1720119 1948037 2827734 2981698
 0120285 0033684 0303920 0332583
 0006754 0041740 3146274 0036152 1826357 1720119 1948037 2827734 2981698 0740116 2827735 2981700 0011682 0026131 0205222 0349374 0444318 1512080 2825079 0242295 1947943 2348609 0450376
 1548982 0040223 1632851 0003241 0021027 0027021 0027627 0031179 0175668 0205436 1318719 1439852 1517892 1704666 0022877 1619828 1720119 1948037 2827734 2981698 0740116 2827735 2981700 0026131 0349374 0444318 2825079 1442450
 1548982 1720725 1948050 0265246 1532188 0146951 0133689 0242759 0242295 1947943 2348609 0332283 0205449 0441648
 1524063 0683758 0489786 0020898 0021764 0022271
 1292748 2827421 2945843 0205145 1515974 2825164 0079866 3146302 1524063 0266539
 0009013 1706214 3244320
 2945843 0205145
 3146294 1292748 2945843 0205145 1515974 2825164 0079866 3146302 1524063 0079613 1553033
 2945843 0205145 1706214 3244320
 0752172 0599647 0020205 0205448 0005507 0243073 1510438 0884358 1552738
 0332256 2700400 0022959 0032136 0335038 1522485 1705915 1709908 0032136 1527178 1705938 0332466 1293131 1511662 0032136 0332256 2700400 0332466 1293131 1519594
 1150051 0441655 0444706 3541902 1552738

 0010453 0034632
 1171362 0185117 0016945 0205263 0700308 0033727 0369286 0441932 0564385
 1511726 3245479 0402830 0439148 1519795 0205173 0392366 3539942
 0002778 0936012 1524024 0080194 0456178 1518614 2987481 0080194 0456178 1518614 2987481 0080194 0085862 0205203 0205448 0456178 1299583 0872178 0017337 0035139 0559956 1555302 3146294 0080194 0456178 0872178 0017337 0035139 0559956 1555302 3146294
 0683607 1883351 0037688 0332256 0470296 2700400
 0007634 3282337 0037179 0087136 0205171 0439158 0037688
 1274040 1546471 2825142 0557061 2584313 1514811 1706462 1514559 1260953 0007634 3282337 0002085 0015272 1160186 1260875 1748461
 0185117 0243148 1550141 1882979 2587213 3274648 0086860 1160186 1260875 1457869 1748461 1861101 0332219 0442726 1511790 0007634 3282337 0080194 0456178 0596988 1254211 1260875 1415825 1518614 1538043 2987481 0007594 1261468 0332466 1293131
 1883351 0017337 0884358 0220908 1305399 1705053
 0023621 0205250 0751608 0872147 1299351 1510411 1948062 2700149 0407295 0220908 1305399 1705053 1160186 1260875 1748461 0080194 0456178 1518614 2987481
 0032136 0332256 2700400 0813036 0205396 1550043 1551388 1160186 1260875 1748461
 0205447 1552738
 1553778 1561491 0443289 0332256 2700400 0079941 1292711 0449719 1709471
 1273518 0042789 1947903 0520510 0025663 0025664 0449851
 0349966 1337208
 1547282 1260953 1457869 1861101
 1883351 1514559 1260953 1457869 1861101 0332128 1160186 1260875 1748461
 0150312 0392756 0237753 0449788 0080194 0456178 1518614 2987481 0439509 0205132
 1883351 1260953 1457869 1861101 0332128 1280500 2348382 1415825 1538043 1420003 1861417 0596988
 2348205 0596988 1441672 1160186 1260875 1748461 0007594 1261468 0332466 1293131 0596988
 1979874 1301751 1280500 2348382 0596988 1511726 3245479 1518422 1547282
 0917903 1514559 1260953 1457869 1861101 0007594 1261468 0007634 0332452 0332466 0596988 1269647 1293131 1515021 1704653 1948049 0015272
 0449911 0039224 1706073 1706074 0557702 1272706 1704674 0557702 1272706 1704674 1280500 2348382 0007594 1261468 0332466 1293131 1420003 1861417 0681842 1882327 1883351 2700640 1874187 0033684
 0162801 0002778 0936012 1524024 0443289 0039551 0205341 1705914 0332283 1880389 1883221 3541951 0681842 1882327 1883351 0348078 0376315 1522492 1516692 0444764 1705945
 0002520 0015576 1704727 0949989 0013138 0027365 0033684 1028876 1504613 0205341 1705914 0205435 1279901 0205396 1550043 1551388
 0033684 2348205 0033684 0242356 0681842 0993637 1882327 0327149 0028661 0033684 0681842 1553778 1561491 1709701 1882327 1510755 1706078
 0033684 0678594 1880389 1883221 3541951 0039551 0033684 0205088 0205341 1547730 1705314 1705315 1705914 2825407 1516692 0332283 0444764 0681842 1880115 1880389 1882327 1883221 3541951 0596260
 0332256 2700400 0205341 1705914 0027365
 0017337 0017428 0332597 2338314 0017446 0205147 0008633 0028778 0332206 1533157 1706084 2828370 1515981 0183251
 0033684 0205280 0205280
 1706765 0033684 0349966 1337208 1547282

 2348205 0072393 1418948 0033684 0205436 0457385 0565930 1561503 1705190 0175668 0042789 1947903
 0449911 0333052 2607870 0557702 1272706 1704674 0557702 1272706 1704674 0349966 1337208
 0740116 2827735 2981700
 0439849 1705630 1706279 3540605
 0162808 0175168 1510464 1514562 0678594 1880389 1883221 3541951
 0179400 1638312 0205341 1705914
 0179400 1638312 1516692 1880389 1883221 3541951
 1706765 0033684
 1709915 1882936 1444656 1709915 1882936 0150312 0449450 0205449 0439092 0547044 0205341 1705914
 0079160 0004793 0162326 0162327 0376298 1519249 0205341 1705914 0745732
 0428202 0392148 1554077 1706765 2828389
 0439849 1705630 1706279 3540605 0033684 0681842 1553778 1561491 1709701 1882327
 3146294 1524063 0009085 0002778 0936012 1524024 1555715 1704332
 0032136 0033684 1260953 1457869 1861101 0332281 1150572 1879547
 0221103 0301625 0439181 0728721 0004093 1762617 0439828 0681814 1706386 0033684 0205397
 1260953 0033684 0678226 0428479 0033684 0441889 0441994 1548802 2003888 2987476 3146286
 0949466 0005863 0002778 0936012 1524024 1705493 0333052 1444656 0032136 0033684 2346714 1511726 3245479 1518422 1547282
 0449911 0333052 2607870 0557702 1272706 1704674 0557702 1272706 1704674 0449911 0333052 2607870 0557702 1272706 1704674 0557702 1272706 1704674 0349966 1337208
 0439086 2827736 2981702
 0597704 1159772 0475264 1744691
 0120285 0303920 0332583 1273517 1883351 0392752 0033684 2347469 1515981 0007634 3282337
 1710082 1883559 0449475 0032136 0016327 0439133 1553038
 0007634 3282337 0332293 0439526 1521761 1522326 2827422 0919534 0011744 0073187 0016327 0439133 1553038 0205199
 0377800 1336694 1455498 0120285 0033684 0303920 0332583 1273517 1883351 0392752 2347469 0007634 1515981 3282337 1553033
 1710082 1883559 0449475 0032136 0016327 0439133 1553038
 0007634 3282337 0332293 0439526 1521761 1522326 2827422 0919534 0011744 0073187 0016327 0439133 1553038 0205199
 0150312 0449450
 1883559 0332307 0445392 1547052 0080194 0456178 1518614 2987481 0032136 1547699 2700640 0120285 0033684 0303920 0332583 0032136 0005863 0949466 0936012 1705493 0520510 1552738 0025663 0025664 0449851
 0003250 0003241 0746619 0120285 0033684 0303920 0332583
 0038137 0175675 0205091 1444656 1552822
 0033684 0205172 0205250
 0032136 1441547 1510411 3245521 0332256 2700400 0018909 0033684 0018909
 0333052
 0333052
 2828366 1521827 0520510 1552738 0025663 0025664 0449851
 1708639 1708715 0949466 0005863 0002778 0936012 1524024 1705493 0003250 0003241 0746619 0884358
 0038137 0175675 0205091 1444656 1552822
 0033684 0018270 0220844 0392752 1621966 2911660 0017446 0205147 1160186 1260875 1748461 0007634 3282337 0025979 0010853 1748451 0243111 1947951 0440042 1521738 2346620 2349184 3539073
 0033684 0007594 1261468 0007634 0332466 1269647 1293131 1514873 1704653 1948049 0332257 1268228 0007634 0016884 0017446 0205147 0332158 0337611 0392752 1269647 1704653 1705415 1948049
 1883351 0033684 0392752 0162768 0033684 0332466 1293131 0120285 0033684 0303920 0332583 2827421 0033684 0596260 0042789 1947903 0520510 0025663 0025664 0449851
 0007634 3282337 0332293 1521761 1522326 2827422 0597704 1159772 0475264 1744691 0026022 0016315 0026018 0332128
 0120285 0303920 0332583 0032136 1167334 0339897 0349966 0392752 1337208 1511726 3245479 1518422 1547282
 0000936 2981153 1444656 0120285 0303920 0332583 1167334 0392752 1710425 3282898
 1514559 0120285 0303920 0332583 1260953 1457869 1861101 0332281
 0868928 1706255 1706256 0120285 0303920 0332583 1167334 0392752 1710425 3282898 1710082 0522510 0205172 0392752 2827421 1511726 3245479 1518422 1547282
 0005861 0002778 0936012 1524024 1621557 1444656 1519595 0150312 0449450 1257909 0007634 3282337 0332290 0031843 0542341 0700205 1705273 1518422 0031516 0205263 0349966 1337208
 0332128 0475264 1744691
 0031516 0039798 0087111 1522326 1533734 1705169 3538994 0120285 0303920 0332583 0018270 0220844 0392752 1621966 2911660 0017446 0205147 0007634 3282337 2347469
 0120285 0303920 0332583 0037179 0087136 0205171 0205397 0329155 1427618 1705203 0007634 3282337
 0007634 3282337 0700321 2945744 0033684 0392752 1710425 2700462 2945744 3282898
 0007634 3282337 0120285 0303920 0332583 0332183 0920882 0443299 0026591 0007634 0011011 1269647 1610715 1704653 1948049
 0449911 0333052 2607870 0557702 1272706 1704674 0557702 1272706 1704674 0349966 1337208

 0002778 0936012 1524024 0035696
 0035696 1521827 0520510 1552738 0025663 0025664 0449851 1883559 0332307 0445392 1547052 1883559 0332307 0445392 1547052 0007635 0007634 0080194 0456178 1518614 2987481 3282337 0332293 1521761 1522326 2827422 0332293 1522326 0332155
 0005861 1621557 1709269 0182400 1704681 2347609 3536729 1704458 0441833 1999270 3537156
 1321564 0182400 1704681 2347609 3536729 0243148 1550141 1708715 1882979 2587213 3274648
 1883351 0031843 0542341 0700205 1705273 0033684 0332128 0475264 1744691
 0120285 0033684 0303920 0332583 0596260 0699952
 0205171 1720467 0442726 1710082 0120285 0032136 1518422 0032136 0338283
 0120285 0303920 0332583 0120285 0033684 0303920 0332583 1167334 0392752 1710425 3282898 0007634 3282337
 0033684 0120285 0033684 0303920 0332583 0018270 0220844 0392752 1621966 2911660 0017446 0205147 0018270 0220844 1621966 2911660
 0120285 0033684 0303920 0332583 0037179 0087136 0150312 0205171 0329155 1427618 1705203 0007634 3282337
 0007634 3282337 0700321 2945744 0120285 0033684 0303920 0332583 0392752 1710425 2700462 2945744 3282898
 0007634 3282337 0120285 0033684 0303920 0332583 0442726 1511790 1710425 2700462 2945744 3282898 0027530 1281592 0026591 2700462 2945744 2347469
 0917903 0033684 0018270 0220844 0392752 1621966 2911660 0017446 0205147 0238767 1160186 1260875 1706086 1748461 1155616
 0475264 1744691 0725813 0033684 0015272 0449774 0475264 1744691 0725813
 0080194 0456178 0597704 1159772 0475264 1744691 1883559 0080194 0332307 0445392 0456178 1547052
 0231175 1883351 0033684 0332197 0392752 1689985 0238767 1706086 0031516 0039798 0087111 1515981 1522326 1533734 1705169 3538994
 1883351 0150312 0449450 0332128 0120285 0033684 0303920 0332583 1441672 0033684 0150312 0449450 1883559 0332307 0445392 1547052 0080194 0456178
 0917903 0033684 1514873 1883351 0392752
 1334043 2697616 0033684 0033684 1521761 0205145 1515974 2825164 0018270 0220844 1621966 2911660 0231175 1883351 0033684 0332197 1689985
 0033684 0150312 0449450 0475264 1744691 0851827 1701901 3244310 0033684
 1883351 0376649 1442065 1522634 1449705 0599647 0020205 0205448 0002778 0936012 1524024 0884358
 0333052 2607870 0018909 2827421 0037293 0181496 1710492 0596260 0699952 0520510 1552738 0025663 0025664 0449851
 0018909 0080194 0456178 1518614 2987481 0475311 0333052 2607870 0333052 2607870
 0007634 3282337 0018909 0085732 1299581 0301871 0441833 1999270 3537156 1708639 0740116 2827735 2981700
 0007634 3282337 0120285 0303920 0332583 0033684 0018909 0301871 0020985 0442726 1511790 1624602 0441833 1999270 3537156 1708639
 1883351 0120285 0303920 0332583 0018909 0021069 0007634 0884358 3282337 0333052 2607870
 1299582 0301871 0120285 0016318 0303920 0332583 2828366 0441833 1999270 3537156 1708639
 0449911 0333052 2607870 0557702 1272706 1704674 0557702 1272706 1704674 0349966 1337208
 0439084 0728893
 0033684
 1449705 0033684
 0033684 0007634 3282337 0120285 0303920 0332583
 0033684 0301871 0520510 1552738 0025663 0025664 0449851 0085732 0120285 0303920 0332583 1516048
 1708639 0007634 3282337 0018909 1444656 1444656 1708639 0007634 3282337 0018909 1444656 0033684 0018909 0033684 1444656 1522485 1708632 1818826 0441994 0442726 1511790 1548802 2003888 1524063 0003241 0003316
 1265611 0301871 1708639 0175723 0439645 1521913 0442726 1511790 2828366 0080194 0456178 0243148 1550141 1882979 2587213 3274648 1708639
 1265611 0301871 1708639 0175723 0439645 1521913 0442726 1511790 2828366 0080194 0456178 0243148 1550141 1882979 2587213 3274648 1708639
 0007634 3282337 0120285 0303920 0332583 1444656 0033684 0003250 0003241 0746619 1444656 0120285 0033684 0303920 0332583 1273517 1883351 0442726 0120285 0303920 0332583
 0453107 1080898 0120285 0303920 0332583
 1080898 1514468
 0038137 0175675 0017243 0205091 1382104 1444656 1552822
 0599647 0598148 0645201 1514534 0002778 0020205 0205448 0936012 1524024
 0007634 3282337 1511662 1148673 0012854 0243122 0699952 1145667 1167622 1880389 1883221 3541951 0026252 0033684 1519594 0162493 0040649 0699952 1879547 1880389 1883221 3541951 0086022 0442335 1705099
 0085732 1515877 1879547 0040649 0520510 1552738 0025663 0025664 0449851
 0439148 1519795 0520510 1552738 0025663 0025664 0449851
 0042295
 0681814 0884358 1883351 0033684 0750490 1706221
 0333052 2607870 0007634 1269647 1704653 1948049 0475311 1948062 0033684
 0018909 0301871 1524063 0003241 0037293 0181496 1710492
 0120285 0303920 0332583 0005863 0441833 1999270 3537156 1708639
 0009932 0243148 0681814 1550141 1882979 2587213 3274648 1299582 0301871 0120285 0303920 0332583 0333052 2607870 0333052 2607870 0441833 1999270 3537156 1708639
 1511726 3245479 0085732 1299581 0442726 0038164 1180347 1523872 0033684 0085732 1299581 0442726 0038164 1180347 1523872 0033684
 0332120 0033684 0599647 0002778 0020205 0205448 0936012 1301820 1524024
 1511662 1148673 0012854 0243122 0699952 1145667 1167622 1880389 1883221 3541951 0026252 0042789 1947903 0520510 0025663 0025664 0449851
 0162768 0033684 0332466 1293131 1518422 1515877 1879547 0040649 0205145 1705273 1705274 1705275 2827501 0022959 0017337 0522505
 0033684 1519594 0162493 0040649 0699952 1879547 1880389 1883221 3541951 0042789 1947903 0520510 0025663 0025664 0449851 0243148 1416829 1550141 1882979 2587213 3274648 3538683 0086860
 0026252 1150051 0205177 0439167 0441655 1561536 0205217 0442805 0205172 0332462 1880834 0007634 1707455 3282337 0026252 0205171 0439044 0679994
 0007634 3282337 0017725 0185117 0016955 1518422 1511726 3245479 1518422 1547282
 1511662 1148673 0012854 0243122 0332466 1145667 1167622 1293131 1880389 1883221 3541951 1518422 1515877 1879547 0040649 1704675 0205369 1552740
 1883351 0022885 0039593 0392366 0026252 2827421 0599647 0020205 0205448 0332128 0449913 1553451 1704459
 0185117 0016945 0205263 1442450 0439092 0547044 1704675
 0857127 1704675 1274040 1546471 2825142 0033684 0205397 1511726 3245479 1518422 1547282
 1449705 1527178 1705938 0599647 0020205 0205448 0002778 0936012 1524024 0917903 0033684
 1511726 3245479 0872079 1704675 1515655 0475264 1744691 0033684 0725813
 0596988 0007594 1261468 0332466 1293131 0007594 1261468 0332466 1293131 0332128 0031437 1285572 1880274
 0080194 0456178 1518614 2987481 1948062 0017337 0559956 1299987 0042789 1947903 0520510 0025663 0025664 0449851
 1444656 1442161 1511760 1880274 1301751 1280500 2348382 1155616 0449774 0018590 0012568 1515981 1441604 0332324 0036667 0312418 0427965 1511883 1522640 2346484 2349185 0009264 0039476 0205251 1299352 1550472
 0596988 0015272 1457869 1861101
 1457869 1861101 0678226 1518422 3146286 0031516 0271188 3541466 0005507 0243073 1510438 0220781 0439634 1522492 1511726 3245479 1518422 1547282
 0596988 0871261 1704632 1706817 2911692 1710082 0031516 0332120 0040649 0205263 0205307 0439166 0857127 2347086 0349966 1337208
 0596988 0332128 1883559 0080194 0332307 0445392 0456178 1254211 1260875 1518614 1547052 2987481
 0449820 0678594 0007610 0057142 0205448 0487602 0678594 1704680 1515981 1327729 2362924 0205379
 0596988 0015272 0007594 1261468 0332466 1293131 0870432 0205450 0442805 0237753 0449788 1883559 0449475 0439070 1705160 0205132 0205132
 1457869 1861101 1518422 0436331 1160186 1260875 1444749 1748461 0007634 3282337 1511726 3245479 1518422 1547282
 1457869 1861101 1518422 0436331 1160186 1260875 1444749 1748461 0007634 3282337
 1979874 0007584 0237753 0449788 0596988 0015272 1457869 1861101 0596988 0682323 1254211 1260875
 0449911 0333052 2607870 0557702 1272706 1704674 0557702 1272706 1704674 0349966 1337208

 0033684 1160186 1260875 1314939 1748461 0332437 0543482 0700329 0700619
 0596988 0332452
 0032136 0332256 0338283 1510411 2700400 0086022 0442335 1705099
 0243148 1550141 1882979 2587213 3274648 1883559 0086022 0442335 1510411 1705099
 0080194 0456178 0080194 0456178 1254211 1260875 1415825 1518614 1538043 2987481 0520510 1552738 0025663 0025664 0449851
 1883559 0332307 0445392 1547052 0718133 0596988 0180860 1254211 1260875 0206243 0032136 0520510 1552738 0025663 0025664 0449851
 0007610 0057142 0234621 0487602 1704680 0073187 0033727 0369286 0441932 0564385
 0120285 0033684 0303920 0332583 0026022 0016315 0026018 0234621 2347469 0016327 0439133 1553038
 0596988 0015272 0332437 0543482 0700329 0700619
 0332437 0543482 0700329 0700619 1883559 0332307 0445392 1547052 0080194 0456178
 0031437 1285572 0007634 3282337 0015272 1514559
 0332437 0543482 0700329 0700619 1883559 0080194 0332307 0445392 0456178 1518614 1547052 2987481 0015272 1510411 0086022 0442335 1705099 0045550 0086022 0442335 1705099
 0449911 0039224 1706073 1706074 0557702 1272706 1704674 0557702 1272706 1704674 0439070 1705160 1280500 2348382 0449911 0039224 1706073 1706074 0557702 1272706 1704674 0557702 1272706 1704674 1280500 2348382 0007594 1261468 0332466 1293131 0596988 1517331 0007594 1261468 0332466 1293131 0080194 0456178 0682323 1254211 1260875 0162768 0332466 1293131 0326649 1999230 0006754 0041740 3146274 0016315
 1160186 1260875 1748461 0682323 1710082 1276867 0043544 0205397 0439751 0444667 0686873 2347469
 1979874 1160186 1260875 1748461 0596988 0120285 0033684 0303920 0332583 0150312 1710082 0007634 0205447 0443288 1269647 1704653 1948049 0332915 0231174 0680095 0205430 0016327 0439133 1553038
 0678594 1883559 0332307 0445392 1441672 1547052 1160186 1260875 1748461 0150312 0205250 0376249 0439603 0871396 1561548 1705502 3163633 1160186 1260875 1748461 0682323
 0376249 0439603 0871396 1561548 1705502 0120285 0033684 0303920 0332583 0487602 1704680 2348205 0029144 0487602 1704680 1511726 3245479 1518422 1547282
 1883351 1292732 1517331 0035820 1705810 0332128 1704675 0007594 1261468 0332466 1293131
 0596988 1705417 0007594 1261468 0332466 1293131 0596988 0015272 1457869 1861101 1705535 1704259 1705987
 1883351 0031843 0542341 0700205 1704259 1705273 1705987 0332128 0086035 0596988
 1160186 1260875 1748461 0596988 0682323 0007634 3282337 0682323 1457869 1861101 0332271 1279889 1457868 0205397 0596988 0439070 1705160
 1517945 0436331 1444749 0007594 1261468 0332466 1293131 0007634 3282337 0449475 0007594 1261468 0332466 1293131 0439070 1705160 1511726 3245479 1518422 1547282
 2348205 0596988 0015272 0596988 0015272 0439070 1705160
 1274040 1546471 2825142 1517945 0436331 0007594 1261468 0332466 1293131 0596988 1705535 1518422 1704259 1705987
 0596988 1517945 0015127 1524003 0442805
 0442805 0205397 0596988 0237753 0449788 0205217 0442805 0596988 0596988 0439070 1705160
 1979874 1517945 1518422 0001721 0085732 0699952 1414861 1708111
 0868928 1706255 1706256 0596988 0015272 0596988 0015272 1705535 0033684 0031843 0445247 0542341 0700205 1704259 1705273 1705987
 0917903 1517945 0015127 1314792 1524003 0007594 1261468 0332466 1293131 0436331 1444749 1517945 1415825 1538043 1420003 1517945 1518422 1861417
 0596988 1518422 0015272 0007594 1261468 0332466 1293131 0007594 1261468 0007634 0332466 1269647 1293131 1514873 1704653 1948049 2827421 0080194 0456178 1518614 2987481 1880274 0936012 0031437 1285572
 1948062 0017337 0559956 1299987 1333223 1705129 1861281 3540595 0042789 1947903 0520510 0025663 0025664 0449851 0080194 0456178 1518614 2987481
 0085732 0332128 0682323 1260875
 0596988 0596988 0015272 1160186 1260875 1748461 0007594 1261468 0332466 1293131 0439070 1705160
 1415825 1538043 0080194 0456178 1517945 1280500 2348382 0439070 1705160
 1514873 1883559 0080194 0332307 0445392 0456178 1518614 1547052 2987481 0815043 1527118 0031843 0542341 0700205 1705273 0332466 1293131 1518422 0700364 1883351 0475264 1744691 2987476
 0596988 0231175 1883351 0392752 0015127 1524003 0080194 0456178 1518614 2987481 0033684 0332197 1689985
 0681841 1442161 1511760 1880274 0596988 1260953 0007594 1261468 0332466 1293131
 0009458 0439536 0699759 1705217 3244283 1883559 0332307 0445392 0682323 1254211 1260875 1547052 0596988 0596988 1707455 0449475 0007634 3282337 0439070 1705160
 0007634 3282337 0009458 0439536 0547040 1524031 1705217 2945599 3244283 0441889 0456079 1547707 1706907 2946261
 0868928 1706255 1706256 0080194 0456178 0596988 0444499 1707455 0449475 0007634 3282337 1707455 0205132 0439084 0728893 2827734 2981698
 0917903 1517945 1260953 1457869 1861101 0205197 1518422 0080194 0332466 0456178 1293131 1457869 1551359 1861101 2741673 2981730
 0332290 1514559 1518422 0392747 0085732 1883727 1883357 1511726 3245479 0033684 0007594 1261468 0332466 1293131 1518422 0392752
 1979874 1514873
 0596988 0243091 1521816 2700385 0332437 0543482 0700329 0700619 0596988 0015272 1457869 1861101 0700364 0750482 0019409 1883559 0449475 1707504 1879930 2347469
 1457869 1861101 0080194 0205448 0456178 1441672 1518614 1705242 2987481 1706907 1511726 3245479 1518422 1547282
 0596988 0015272 0332437 0543482 0700329 0700619 1553033
 0443289 0332437 0543482 0700329 0700619 0037179 0087136 0205171 0205397 0596988 1705535 1457869 1861101 0332437 0543482 0700329 0700619 0678226 1518422 3146286
 1517945 1518422 0392747 0332437 0543482 0700329 0700619 1514559 0086860 0015127 1524003 0007634 0439084 0728893 3282337 1705417 0332437 0543482 0700329 0700619
 0033684 0032136 1514559 1264633 0805525 1554103 0870432 0332437 0543482 0700329 0700619 2347469
 1518422 0243091 1521816 2700385 0332437 0543482 0700329 0700619 0332256 2700400 0086022 0442335 1705099 0016945 1553033 0007634 3282337 0332256 2700400 0017725 1511726 3245479 1518422 1547282
 1511726 3245479 1547282 0033684 0332437 0543482 0700329 0700619 1514873 1514559 0332454 0586628 0243091 1521816 2700385 0332437 0543482 0700329 0700619
 0035820 1705810 0205341 1705914 0086597 1704675 0042789 1947903 0557061 2584313 0332128 0001271 0080194 0456178 0487602 1518614 1704680 2987481 0031312
 1518422 0442726 1705241 1705242 0596988
 0026046 0234621 0596988 0238767 1706086 0031516 0039798 0087111 1515981 1522326 1533734 1705169 3538994
 1518422 0442726 1705241 1705242 1511726 3245479 1518422 1547282 0243067 1554077 2828389
 1517945 1518422 0001721 0237865 0036667 0312418 0427965 1511883 1522640 2346484 2349185 0332324 0596988 1518422 0015272 1704675 0086792 0009452
 0033684 0001271 1166781 0010853 1748451
 0439849 1705630 1706279 3540605 1704259 1705987 1160186 1260875 1748461 0085732 0205396 1550043 1551388 1260953 0002085
 0033684 1521840 2986546 0182953 0205160 1513916 1704734 1704735 2825415 2825491 1150572 0079613 0150312 0332285 2348042 2826345 0033414 0332466 1293131
 1883351 0439849 1705630 1706279 3540605 1150572 0936012 0031437 1285572
 0033684 1521840 2986546 0311403 1150572 0309872 0007594 1261468 0332466 1293131 1883708 0205173 0596988 1705764 1705765 0596988
 0443289 0007594 1261468 0332466 1293131 0332271 1279889 1457868 0205397 0596988 0449475 1883559
 1160186 1260875 1748461 1883559 0332307 0445392 1547052 0682323 0080194 0456178 1518614 2987481 0015272 0205250 1299351 2700149 1883559 0080194 0205397 0332307 0445392 0456178 1547052 0206243 0002085
 1511726 3245479 1705535 0033684 1518422 1521840 2986546
 0033684 0205447 0031843 0542341 0700205 1705273 0522505 2348042 2826345 0033414 0007594 1261468 0332466 1293131
 1883351 0439849 1705630 1706279 3540605 1704259 1705987 0936012 0031437 1285572 0332268
 2700640 0752312 0024779 0031727 1706473 0700364 1883351 0031843 0522506 0542341 0700205 1150572 1705273
 0596988 0439834 0231175 1883351
 1457869 1861101 0037688 0470296 1260953
 1883351 1517945 0001721 0018270 0220844 1621966 2911660 0080194 0456178 2827421 0042789 1947903 0520510 0025663 0025664 0449851
 0596988 0037179 0087136 0205169 0205171 0205172 0596988 1457869 1861101 0037688 0470296 1260953
 0917903 1517945 0436331 1457869 1861101
 0449911 0333052 2607870 0557702 1272706 1704674 0557702 1272706 1704674 0349966 1337208

 1442161 1511760 1880274 0436331 1457869 1861101
 1883559 0332307 0445392 1547052 0080194 0456178 0037688 0470296 0242295 1947943 2348609 2347469 1705052 2986796
 1514811 1706462 0020792 0205396 1514534 0002778 0936012 1524024 0205396 1550043 1551388 0017337 1514559 1301676 0007594 1261468 0332466 1293131 0015127 1524003
 0150312 1514559 0007594 1261468 0332466 1293131 1420003 1861417 0015272 0596988
 0033684 0007594 1261468 1268228 0007634 0017446 0205147 0332466 0392752 1269647 1293131 1704653 1948049 1160186 1260875 1748461 1548602 1704686 0018270 0220844 1515981 1621966 2911660 0017446 0205147 0007634 3282337
 0596988 0332268 0007594 1261468 0332466 1293131 0436331 1444749 1517945 1415825 1538043 0185117
 0596988 0019409 0033684 0035820 1705810 0007594 1261468 0332466 1293131 0026559
 0150312 0449450 1547699 2700640 0033684 0205280
 0031843 0542341 0700205 1705273 0033684 0439849 0445223 0679133 1514559 1260953 1457869 1861101 0348078 0376315 1150572 1522492 1879547 0015127 0475264 1744691 0439855 1704241 0033684
 1883712 0033684 1514559 1264633 0805525 1554103 1705417 0332437 0543482 0700329 0700619 2348205
 1334043 2697616 0033684 0015272 1705241 1705242
 0205435 1279901 1299582 0033684 0332197 0392752 1689985 1705535 0033684 1521761 2827422 1166657 0007776 1176472 2700441
 0596988 0031437
 0449475 0007634 1269647 1704653 1948049 1518422 0007594 1261468 0007634 0332466 1269647 1293131 1514873 1704653 1948049 0586628 0243091 1521816 2700385 0332437 0543482 0700329 0700619 1517945 0001721 0085732 1415825 1538043 0596988
 0033684 1518422 0032214 0600138 0035820 1705810
 0332149 1705910 2362652 0033684 0031843 0542341 0700205 1705273 0033684
 1449705 0599647 0020205 0205448 0002778 0936012 1524024 0033684 0750490 1706221 1515981 0349966 1337208
 1180347 1523872 1704241 1517945 0332454 0332307
 0332197 1689985 1523872 1180347 1704241 0035820 1705810 0032214 0600138 0007594 1261468 0332466 1293131 0026559
 0033684 0086282 0752190 1514562 0150312 0205448 0205453 0033684 1948062 0029235 0332257 0032868 0013138 1028876 1504613 0162610 0025914 0025929 0026809
 1710052 0004793 0162326 0162327 1519249 1527178 1705938 2348205 1883220 0033684 0332257 1552866 2700399 0016948 0242417 0027803 0205341 1705914 0039869 1883351 0348078 0376315 1522492 0179323
 0033684 0001271 1704675
 1707959 0949989 0392752 0442636 0521164 1260969 1550227 1705184 0001271 0332256 2700400 0678594 0029974 0007634 0028661 3282337
 0332197 1689985 0001271 0443050
 0025979 0001271 0039869 1883351 0010851 0301641 0392747 0443172 1705241
 0033684 0001271 1704675 0332257 1552866 2700399 0210029 0167786 0031727 0764874 1414398
 1518422 2963144 1880389 1883221 3541951 0086597 1704675
 0054507 1413166 0039869 1883351 1268228 0007634 0392752 1269647 1704653 1948049 0017446 0205147 0678594
 1334043 1156019 0007634 1514873 3282337 0332437 0543482 0700329 0700619 0327149 0028661
 0332197 1689985 1514559 0007634 3282337 0015272 0205133 1879831 0332437 0543482 0700329 0700619
 0033684 0162657 0007634 0332479 0348078 0522512 1269647 1514873 1704653 1948049 0332120 0026046 0032214 0600138 0035820 1705810 0001271 0039869 1883351 0282443 1552617 0042789 1947903
 0033684 0001271 1166781 0010853 1748451 1314939 1184743 1522240
 0439849 1705630 1706279 3540605 1704259 1705987 0302523 0700325 1964257 1514559 1555029 1457869 1861101 0424295 1150572 0015127 1524003 1705535 0033684 0031843 0231519 0542341 0680238 0700205 1253942 1705273 1150572 1515877 1879547 0007594 1261468 0332466 1293131 1150572 0001721 0182953 0042789 1947903 0150312 0332285 2348042 2826345
 0033684 0032214 0600138 0035820 1705810 0449379
 0035820 1705810 0302523 0679201 0700325 1964257 3245504 1517945 0436331 1457869 1861101 0037688 0470296 1260953
 1274040 1546471 2825142 0033684 0033414 0205266 0872403 1947912
 0681841 0332149 1705910 2362652 0080194 0456178 0332149 1705910 2362652 0007634 3282337 1517945 0024501 0205266 0872403 1947912
 1521970 1706388 2346469 2348519 0033684 0007634 0079613 3282337 1441414 1553874 1578820 1883351 0007634 0079613 1160186 1260875 1748461 3282337 1150572 1704259 1705987

 1881534 0302523 0700325 1964257 1514559 0009219 0805701 0919279 1150572 0033684 0178453 1253959 0007634 0033268 1274040 1546471 2700384 2825142 3282337 2348205 0205397 0596988 0327149 0028661
 0439849 1705630 1706279 3540605 0007594 1261468 0007634 0332466 1269647 1293131 1441672 1704653 1948049 0014181 0036025 0043392 0043393 0717551 0023175 0031437 0181586 1285572 1442948 1522538 2348269 3275067 2348205 1517945 0033684
 0033684 0033634
 0439849 1705630 1706279 3540605 0033634 0033621 1168438 1418943 3540567 0033640 0031727 0033684 0029235 0017398 0017399 1524063 1512032 0205160 0348078 0376315 1513916 1527180 2825415 2825491 0348078 0376315
 0035820 1705810 0038164 0033684 0456387 1705943 0332257 0007594 1261468 0007634 0332466 1269647 1293131 1514873 1704653 1948049 1160186 1260875 1748461 0018270 0031843 0220844 0542341 0700205 1621966 1705273 2911660 0026559 0205266 0872403 1947912
 0007594 1261468 0332466 1293131 0596988 0015272 0332268 0033684 0474395 0205177 0205217 0439167 0441655 0442805 1150572 1274040 1546471 1561536 1704259 1705987 2825142
 0302523 0700325 1964257 1514559 0085732 0596988 1420003 1861417 0596988 0205177 0439167 0441655 1561536 0007594 1261468 0007634 0332466 1269647 1293131 1457869 1551359 1704653 1861101 1948049 2741673 2981730
 1511726 3245479 0183683 1521721 0332149 1705910 2362652
 1441414 1553874 1578820 1279919 1457869 1861101 0017861 0175996 0178719 0205250 0441889 1274040 1299351 1546471 2700149 2825142 1515877 1879547 1704259 1705987
 0302523 0700325 3244290 1705535 1704259 1705987 1420003 1861417 1879547 0596988
 1517945 0031715 0205217 0442805 1158886 1274040 1546471 2825142 1710236
 0015272 1705987 1704675
 1517945 0033684 0436331 1457869 1861101 0332452
 0302523 0700325 3244290 0023175 1442948 1522538 2348269 3275067 1883351 1705535 0033684 0205177 0439167 0441655 1561536
 0332197 1689985 1704259 1705987 1879547 0205224 0443348 0007594 1261468 0007634 0021467 0021469 0023175 0181586 0332466 1269647 1293131 1442948 1522538 1628982 1704653 1948049 2348269 3275067 3463820 1160186 1260875 1748461
 1705535 0449475 1883559 0181904 0029391 0311417 0205266 0872403 1947912
 0007634 3282337 0205360 1547311 0596988 0332437 0543482 0700329 0700619 1420003 1861417 0596988 1150572 0018790 0237477 0392351 0521111 0007594 1261468 0332466 1293131
 0332149 1705910 2362652 0033684 1518422 0079613 3463820 1704259 1705987 0079613 1707959 0025979 0010853 1748451
 0033684 0033684 1326474 1456849 0333262 1704675 0010853 1748451
 0332290 0332149 1705910 2362652 0002778 0936012 1524024 1547282 0392148 1710706 0007594 1261468 0332466 1293131 0332197 1689985 0205172 0332624 1883559 0080194 0332307 0445392 0456178 1547052
 0449432 0032214 0600138 0035820 1705810 0205170 3146287
 0013138 1028876 1504613 0596988 0332452 1511632 0029237 0029246 0220885 1300196 1522486 1160320 0332466 1293131 0231175 1883351 0392752 1326474 1456849 0333262
 1514559 0018296 0205309 1883351 0001721 0025979 0010853 1748451 0332454 1160320 0332466 1293131 0332437 0543482 0700329 0700619
 0042567 0010737 0010739 0332454 0025979 0521102 1160320 0332466 0596995 1293131
 0036025 0043392 0043393 0332466 0717551 1293131 0035820 1705810 0010853 1748451 0032214 0332466 0600138 1184743 1293131 1522240
 0449432 0205396 1550043 1551388 0332272 0733755 1551058 0033684 1314939 0007594 1261468 0332466 1293131 0010853 0337076 1704259 1705987 0033634 0033621 1168438 1418943 3540567 0332466 1293131
 2825232 0034036 0034037 1514756 1704324 0348078 0376315 1515981 1522492 1527075
 0376649 1442065 0282413
 1704729 0005553 0006754 0041740 3146274 0036152 1826357 0254343 0796520 3272379
 0085205 1549619 1880669
 0013849 1705961 0024492 1538057 1547565 0059804
 0000723 0030351 1273517 1547566 0018909 0018909
 2986676 0680022 0127095 0439114 0205090 0684010 2603358
 0018896 0557061 2584313
 2986676 0205090 0684010 2603358
 0127095 0439114 0600659
 2986676 0162801 0002778 0004793 0162326 0162327 0936012 1519249 1524024

 0034036 0034037 1704324
 0043227 0035176 0035168 0242481 1521721 1514476 0018173 0021966 0221138


 0035176 0015770 0035168 0242481 0588053 1521721 1547183 0016820 1515981 0016820 0331828 0242295 1947943 2348609
 1514811 1706462 0557061 2584313 1514811 1706462 2827734 2981698
 0369718 0441922 1553036 0597277 1708601
 0369718 0441922 1553036



 0035820 1705810 1709694 0036576 0205145 1515974 2700462 2825164 2945744
 0036397 0000857 0600678 1552863
 0740116 2827735 2981700
 0439394 1706495 3642217
 0369718 0441922 1553036


 0025663 0449851 0871511 0683607 1524063 0042153 0457083 1947944 0441513 0080194 0456178
 0017398 0017399
 0439086 2827736 2981702
 0439394 1706495 3642217 0439267
 0335326 1306756



 0035150 0851285 1327622


 0369773 2603361 0016327 0439133 1553038


 1514562 0014442 0205214 0332462 1441547 1522138 1880834 3245511 3245521

 0027960 0324740 0439189 1456781 1824986




 0010853 1748451
 1521991 0010819 0005532 0007586 1155839 0007634 1269647 1511572 1704653 1948049 0010819 0005532
 0205090 0684010 2603358
 0205090 0684010 2603358
 0179429
 0443013 1707883
 0475311 0027976 0205314
 0439083 0439087 2827734 2981698


 0439267
 2603362
 1512018 0369637 0441923
 0035853 0995005

 0007594 1261468 0332466 1293131 0441889

 0007634 1269647 1704653 1948049 0000857 0600678 1552863


 1512018 0369637 0441923
 0035853 0995005

 0033414 0007594 1261468 0332466 1293131

 0007634 1269647 1704653 1948049

 0369637 0441923 2347469 2347469


 0242414 0700114 1704259 1705987
 0027960 0324740 0439189 1456781 1824986
 0007634 1269647 1704653 1948049
 0000857 0600678 1552863

 2347469 0033727 0205090 0369286 0441932 0564385 0684010 2603358
 1204228 2603362


 1564139 0596988
 0017337
 1553033 2603362
 0369637 0441923


 0220908 1305399 1705053 1334043 1156238 0007634 0026559 0036025 0043392 0043393 0717551 1269647 1704653 1948049 0007595 0018270 0220844 1621966 2911660
 0027960 0324740 0439189 1456781 1824986
 0007634 1269647 1704653 1948049
 0000857 0600678 1552863

 2828360 0205090 0684010 2603358 0033727 0369286 0441932 0564385


 1418854 1850451 0243037 0017262 1540042 1861886 0017337 0185117
 0007634 0450385 1269647 1704653 1948049
 0205090 0684010 2603358 0369637 0441923


 0369637 0441923
 1311420 1413049

 0086982 0037083 0037080 0682673 1160185 1704259 1705987 1710082
 3661442 0036974 1515877 1879547 1704259 1705987


 0201682

 0597277 1708601 0205090 0684010 2603358

 1553033


 0679560 0796344 0002778 0936012 1524024 0699952 1414861 1708111 0242656 0449258 1514873 0439855 1704241

 0007634 1269647 1704653 1948049

 0205090 0684010 2603358
 2603360

 2346686 0033727 0369286 0441932 0564385


 0679560 0796344 0935545 0002778 0936012 1524024 0036025 0036024
 0017398 0017399 0450382

 0439394 1706495 3642217 0439394 1706495 3642217

 0369637 0441923



 0332307 1547052
 0178784
 0000857 0600678 1552863

 3623712 0439394 1706495 3642217 0439394 1706495 3642217
 1721089

 0035820 1705810 1160466

 0007634 1269647 1704653 1948049 0000857 0600678 1552863


 0205090 0684010 2603358


 1415825 1538043 0007594 1261468 2945843 0007634 0205145 0332466 0392752 1269647 1293131 1515974 1704653 1948049 2825164 0007594 1261468 0007634 0332466 1269647 1293131 1514873 1704653 1948049 1706765

 0007634 1269647 1704653 1948049 0000857 0600678 1552863

 0439394 1706495 3642217
 0861352 0369637 0441923
 0369637 0441923


 0017337 0007589 0036025 0043392 0043393 0717551 1160186 1260875 1511938 1514873 1748461 2945687

 0007634 1269647 1704653 1948049

 0205090 0684010 2603358 2347469
 0369637 0441923


 0008848 0596995 3262831 2700640 0033684 0205224 1160056 0185003 1521802 1511632 0029237 0029246 0220885 1300196 1522486

 0007634 1269647 1704653 1948049

 2347469 0694746 0369637 0441923
 0330157 0369637 0441923 2347469


 0597277 1708601
 0597277 1708601


 0029237 0029246 0220885 1300196 1522486
 0027960 0324740 0439189 1456781 1824986


 2347469


 0752319 1707310 0036025 0043392 0043393 0717551


 0007634 1269647 1704653 1948049
 0597277 1708601
 0439493 1513009 0369637 0441923

 0324335 0369718 0441922 1553036
 0205090 0684010 2603358
 0369637 0441923



 0025979 0010853 1748451
 0036397
 0450348
 0440042 1521738 2346620 2349184 3539073 1553033 0205090 0684010 2603358


 1160577 0036536 0036537 0558058 1623229 1156245 0449774 0036025 0036024

 0007634 1269647 1704653 1948049

 0205090 0684010 2603358


 0680831 0243107 0678723 1527148 0220781 0439634 1522492 0043544 1167334
 0036025 0043392 0043393 0717551



 1512018 0369637 0441923
 0035853 0995005

 0427385 1318444 0031437
 0027960 0324740 0439189 1456781 1824986

 0007634 1269647 1704653 1948049
 0369637 0441923


 0017337 1160186 1260875 1748461

 0007634 1269647 1704653 1948049 0000857 0600678 1552863

 0205090 0684010 2603358


 0282188 0086022 0442335 0021135 1533691 2827718 0017337 0036025 0043392 0043393 0717551 2827421 0332268 1882940 0205145 0443288
 0017337
 0556636 1269776 1535597

 0369637 0441923
 0006736
 0021966 0221138


 0035820 1705810 0750573 0020792 0205396
 0178784


 1553033
 0181090 0302614 1706050 0026376 0005532 1521991
 0025663 0025664 0449851 0014445 1521819
 0449468 0560268 1690016

 1826357



 0033727 0369286 0441932 0564385
 0205090 0684010 2603358


 1332739 0031686 0031678 0033684 1149880 0108855 0750490 1332733 1706221
 0007634 1269647 1704653 1948049 0450355
 0021966 0221138




 0041348 2937342 0002812

 1704351 2239486

 0369637 0441923
 2603362


 0369637 0441923
 0022271

 1414398 0017337 0027763 0422837 1269560 0027769 0449913 0599851 1553451 1704459 2700640 0001239 0242210 1149245 0001271 0033684 0243122 1145667 1167622



 0021966 0221138

 1704259 1705987 1160186 1260875 1748461 0205172
 0007634 1269647 1704653 1948049
 0597277 1708601 0369637 0441923


 0033727 0369286 0441932 0564385
 0597277 1708601



 1334474 1434639 1708799 1150604 1456385 2700640 1334043 0031843 0542341 0700205 1705273 0033634
 0027960 0324740 0439189 1456781 1824986
 0007634 1269647 1704653 1948049
 0000857 0600678 1552863

 1415618 0033727 0369286 0441932 0564385
 0597277 1708601



 0040682 1510411 1705163 0332293 0002055 0007447 1522326


 1415618 0369718 0441922 1553036
 0597277 1708601
 0016327 0369773 0439133 1553038 2603361


 0444626 0596527 0427896 0678594 1533132 1704641 0016948 0242417

 0027960 0324740 0439189 1456781 1824986

 1553033 2346686 0033727 0369286 0441932 0564385


 0010226 0007582 1704675
 0027960 0324740 0439189 1456781 1824986
 0007634 1269647 1704653 1948049

 0033727 0369286 0441932 0564385
 1553033
 0206304




 3546691 1819041 0599177 1879547 0018296


 0201682

 0041703




 1704259 1705987 0086597 1547011 1879746
 0017337 0000857 0600678 1552863
 0439509
 0597277 1708601



 0033684 1704222 0017337 1514468 1704444 1514545 1704259 1705987 0015161 0007634 3282337
 0178784
 0000857 0600678 1552863

 0193959 2603360
 0331964 0205090 0684010 2603358


 0439831 0079870 0079866 3146302
 0025663 0025664 0449851
 0597277 1708601


 0596611 0026882 1547699 2700640 0033640 0031727 0033684 0741847 0556043 1514873
 0027960 0324740 0439189 1456781 1824986
 0007634 1269647 1704653 1948049
 0000857 0600678 1552863

 0337841 0439394 1706495 3642217
 1551080



 0542341 0026559 1314939 1160320 0332466 1293131
 0017337 0000857 0600678 1552863

 0597277 1708601
 0016327 0439133 1553038
 2347469

 0369637 0441923
 2603362


 0086282 1611821 0680022 2698041 0205254
 0178784
 0000857 0600678 1552863

 0597277 1708601
 0597277 1708601
 2347469
 0369637 0441923


 1325288 0182953 1704734 1704735 1704259 1705987
 0036397

 0597277 1708601 0369637 0441923


 2348235 0018270 0220844 1621966 2911660 0036025 0036024 0814287
 0027960 0324740 0439189 1456781 1824986

 0007634 1269647 1704653 1948049 0000857 0600678 1552863

 1721089 0439394 1706495 3642217 1512018 0369637 0441923
 0035853 0995005

 1704259 1705987 0028577 1156300 0332466 0521447 1293131
 1521991 0010819 0005532 0007586 1155839 0007634 1269647 1511572 1704653 1948049 0010819 0005532
 0205090 0684010 2603358
 0205090 0684010 2603358
 0179429
 0443013 1707883
 0475311 0027976 0205314


 0327149 0369773 2603361
 0028661

 0010853 1748451 0178453 0007634 0036025 0043392 0043393 0717551 1269647 1704653 1948049
 0007634 1269647 1704653 1948049
 1553033 0369773 2603361




 1334043 0752312 1155893 0007595 0598102 0007634 0018270 0220844 1269647 1314939 1621966 1704653 1948049 2911660 0036025 0036024

 0007634 1269647 1704653 1948049 0000857 0600678 1552863

 0439267
 0055863 0597277 1708601
 0016327 0439133 1553038


 0020792 0205396 0017263 0851285 1327622 0007594 1261468 0007634 0332466 1269647 1293131 1514873 1704653 1948049 1160186 1260875 1748461 0036025 0036024
 0027960 0324740 0439189 1456781 1824986
 0007634 1269647 1704653 1948049

 0033727 0369286 0441932 0564385 0597277 1708601
 0033727 0369286 0441932 0564385
 2603360
 0033727 0369286 0441932 0564385
 0369637 0441923

 1494231


 1159372 1521840 2986546 1334043 1155551 0752319 0752312 0023175 0024779 0031727 0181586 1442948 1522538 1706473 1707310 1879547 2348269 3275067 0036025 0036024
 0178784
 0000857 0600678 1552863


 0369718 0441922 1553036


 0443286 1114821

 0392747 0443172 0443286 1114821
 0230467 0741204
 0439073 0439082
 0021966 0221138


 0014653 0205415 0560184 0007594 1261468 0332466 1293131 0036025 0036024

 0007634 1269647 1704653 1948049

 0032863 2603362

 2603362
 1014208
 0440042 1521738 2346620 2349184 3539073 0021966 0221138
 0369637 0441923


 0079429 0017337 0242853 0581601 0033666 0038164 2263112 0033684 0034678 0205245 0392747 0542341 1514873 1554963 2700217 0065743 0960756 0031516 0033268 1160186 1260875 1515981 1521761 1748461 2827422
 0007634 1269647 1704653 1948049 0450382
 0034754 1705179
 0439267


 0001271 0542341
 0027960 0324740 0439189 1456781 1824986

 0007634 1269647 1704653 1948049 0000857 0600678 1552863

 0443050 0369718 0441922 1553036 0439394 1706495 3642217


 2609570

 0007634 1269647 1704653 1948049

 0035853 0995005 1512018 0369637 0441923 0016327 0439133 1553038


 0025663 0025664 0449851
 0475311 0027976 0205314


 0205090 0684010 2603358
 0369637 0441923 2603362
 2346751 0369637 0441923
 0369637 0441923


 0596611 2985438 0026882 0008848 0596995 3262831 1999230 0332120 0949649 0243107 0678723 1527148
 0243107 0678723 1527148

 0016327 0439133 1553038
 2603360


 0009017 0009015 0022877 3244292 0024763 0175674
 0475311 0027976 0205314


 1504648 0369637 0441923 0369637 0441923

 0369773 2603361


 1880022 0332220 0871161 1292721 1184743 1522240 0037868


 0201682


 0033727 0369286 0441932 0564385


 1280500 0596981 0007634 0026845 3282337 0040284 0010453 0040300 0220814 0430400 1547928 2242979
 0349590 1262865
 2347469
 0033727 0369286 0441932 0564385


 0017337 1157192 0008141 0220781 1314939 1883254 1160186 1260875 1748461
 0027960 0324740 0439189 1456781 1824986
 0007634 1269647 1704653 1948049
 0000857 0600678 1552863

 0475219 0439394 1706495 3642217


 0004793 0028630 0162326 0162327 1519249 0073294 1419655 0035552 1622856 0033684 0035553 1179700 0036025 0036024




 1156002 0946292 0065743 1160186 1260875 1521761 1748461 2827422
 1418943

 0268596 2700624
 3642273
 0041703 0439083 0439087
 0450385
 2347469
 0369718 0441922 1553036

 0369637 0441923


 0085304 0449432 0026559 0036025 0043392 0043393 0717551 1314939
 0027960 0324740 0439189 1456781 1824986
 0007634 1269647 1704653 1948049



 0872306 0033684 0007595 2945843 0007634 0018270 0205145 0220844 0392752 1269647 1621966 1704653 1948049 2911660

 0007634 1269647 1704653 1948049 0000857 0600678 1552863

 2603362

 1704732

 0947630 2699424 0442043 2362314 0017263 0036025 0036024

 0007634 1269647 1704653 1948049 0000857 0600678 1552863
 0450387
 0205090 0684010 2603358
 0021966 0221138


 0017337 0017262 0017337 0185117 1514873 1832110 0036025 0043392 0043393 0717551

 0027960 0324740 0439189 1456781 1824986
 0450388
 0337947 2603360 0369637 0441923
 0369637 0441923


 1833135 0751455 0017337 0205224 0243148 1550141 1882979 2587213 3274648
 0178784
 0000857 0600678 1552863

 0439394 1706495 3642217 0033727 0369286 0441932 0564385
 0021966 0221138 0369637 0441923

 0369637 0441923
 1915092 0369637 0441923



 0751455 0017337 0033640 0009498 0031437 1285572
 0027960 0324740 0439189 1456781 1824986
 0450389

 0205090 0684010 2603358


 0017337 0007594 1261468 0007634 0332466 1269647 1293131 1514873 1704653 1948049 1160466 0332120
 0027960 0324740 0439189 1456781 1824986
 0007634 1269647 1704653 1948049

 0369718 0441922 1553036 0369637 0369773 0441923 2603361


 0450363 0205449 0678594

 0027960 0324740 0439189 1456781 1824986


 1272460
 2347469
 2603362
 1305702 1547134 2355574

 0017337 0348078 0376315 1522492 0037857 2700640 0033684 2348205
 0017337 0000857 0600678 1552863

 0033727 0369286 0441932 0564385
 0033727 0369286 0441932 0564385
 1709500 2919747


 0349590 1262865 3546221 0038164 0599455 0033684 0205164 1527178
 1417055
 0007634 1269647 1704653 1948049
 2347379
 0369637 0441923
 1504648 0369637 0441923
 0033727 0369286 0441932 0564385
 1532464 2700314
 0369773 2603361


 1334043 0001216 0023721 0037868 0333262 0392752 1622418

 0007634 1269647 1704653 1948049
 3642273

 0597277 1708601
 0183251
 1555015 0007928 0008525
 0016327 0439133 1553038 0439394 1706495 3642217


 2700640 0449432 1705248 0179874
 0007634 1269647 1704653 1948049
 0369773 2603361



 0752312 0024779 0031727 1706473 1155893 0007595 0598102 0007634 0018270 0220844 1269647 1621966 1704653 1879547 1948049 2911660 0439531 0036025 0043392 0043393 0717551
 0178784
 0000857 0600678 1552863
 0009993 0041740 1552856
