 1328885 0004083 0439849 0596306 0699792 0032529 1882417 0002395 1521724
 0205090 0684010 2603358
 0369637 0441923
 2603362
 0369637 0441923


 0369637 0441923
 0439267

 2603360

 0439267

 2603360

 0597277 1708601

 0033727 0369286 0441932 0564385

 0033727 0369286 0441932 0564385
 0205090 0684010 2603358

 2347469
 2603360
 0439148 1519795 1704753 1880519 0587591 0557854 2825316 3245478 0020008 0019994 0205246 1510665 1553889 0442658 1301826 0041703 0017480 2603362
 0022277 0331779 0039021 1514756
 1527075 1272684 1548435 0002198 1412046 0002215 1979845 0024420 0439095 2003941 2350010 1412046 0033607 1961133 2673177 0030946 1622131 1947941 1999216 0004083 0150312 0439849 0596306 0699792 0333463 0392079 0002395 1521724 0012634
 1412046 0243122 1145667 1167622 0243125 0699900 1420510 0330390 0439096 2004068 0033684 0333463 0392079
 0557651 2603343 1707789 0439849 1705630 1706279 3540605 0032529 1882417 0205681 2945843 0205145 0205177 0567416 1515974 1709305 2745955 2825164 0596968
 0150098 1706233 0036849 1442518 1511726 1705195 3245479 0243148 1550141 1882979 2587213 3274648 0002395 1521724 0012634 1316572 1317574 1369612 0376249 0439603 0871396 1561548 1705502
 0392366 1512571 0017431 1319635 0002395 1521724 0012634 0205136 1882932 0150098 1706233 0036849 1442518 1511726 1705195 3245479 0441835 0009932 0441833 0687744 1257890 1552516 1705428 1705429 0030705
 0599755 0681918 0017431 1319635 0205217 0442805 0243148 1550141 1882979 2587213 3274648 0002395 1521724 0012634 0369773 2603361 1708064 0022885 0039593 0325045 0392366 2828393
 0028873 0456603 1547037 0332281 1319635 0017431 0439267 2827734 2981698 0580272 1519043 2827734 2981698 0369773 2603361 0205195 1515981 1947911 0052201 2984964 0450387 0369773 2603361
 0392148 0332281 0442805 1420510 0330390 0439096 2004068 0205549 0700321 2348044 2828008
 0597357 1412046 0079423 1335671 0751455 0017337 1416912 0597357 0023688 0332257 1552866 2700399 0003595 0003591 0085151 3538722 1456454 0033665 0002716 0011560 0033684 0611285 1709634
 0033684 0002395 1521724 0012634 1517892 1704666 1705535 1511986 0012634 0205214 1522138 1704259 1705987 3245511
 1293116 1875307 0002198 1412046 0002215 1979845 0024420 0439095 2003941 2350010 1412046 0033607 1961133 2673177 0030946 1622131 1947941 1999216 0018790 0237477 0392351 0521111 0030940 0030946 0441712 1706376
 0678594 0301641 0392747 0443172 1705241 0017446 0205147 0030946 1622131 1947941 0301641 0392747 0443172 1705241 0184047 0030946 1622131 1947941
 1412046 1184743 1522240 0002395 1521724 0012634
 1412046 0333463 0392079 0333463 0392079 2827734 2981698 1145667 1167622 0078939 1456454 1750295 2362547 3484390 0002716 0011560 0033684 0330390 0439096 0611285 2004068 1420510 0330390 0439096 2004068 0205250 1299351 1510827 2700149 2827734 2981698 0026691 0312860 0750489 1705240 1839259
 1511726 3245479 1705535 0439855 1704241 1420510 0330390 0439096 2004068 0439084 0728893 1412046 1420510 0330390 0439096 2004068 0021135 1533691 2827718 0309872 1292733 0220781 0439634 1522492 0330390 0439096 2004068 0225328 1420510 0330390 0439096 2004068 0040539 0600688
 1879547 1412046 0034821 1366529 1416912 0023823 0065059 0521097 0168981 0242972 0597357 0599283 0748025 0023820 0033684 0178587 0205090 0205251 0439849 0445223 0684010 1299352 1412046 1550472 2603358 1412046 0079423 1335671 0751455 0017337 1416912
 1412046 0079423 1335671 0751455 0017337 1416912 0597357 0051300 1416912 2987172 2325760 0597357
 1335671 0751455 0017337 1416912 1145667 1167622 2963144 0597298
 1412046 1825598 0003595 0003591 1327340 0597299 0596215 0025519 0025520
 1517892 1704666 0002395 1521724 0012634 0557651 2603343 0004083 0439849 0596306 0699792 1412046 0017337 0002395 1521724 0012634

 0220908 1305399 1705053 0205307 0439166 2347086 0030705 0205681 0205145 0205177 1515974 2825164 0032529
 0205214 1522138 3245511 1709305 0002520 0001128
 0449788 0004793 0006556 0162326 0162327 1519249 1527178 1705938 0332257 1552866 2700399 0037081 0030956 1710082 0042285 0033684
 0017270 0439603
 1705241 1705242 0332281 0002085 0205448
 0032529 1882417 0543488 3245505 2347946 0033607 1961133 2673177 0030946 1622131 1947941 1999216 0205681 2945843 0205145 0205177 0567416 1515974 1709305 2745955 2825164 0596968
 1274040 1546471 2825142 0681814 1706386 0392366 0348078 0376315 1522492 0002085 0002395 0332281 1521724 0243083 0012634
 3245505 0743559 1608199 0681918 0039593 0392366 1301732 1883351 0042153 0457083 1947944 0162425 1283828 1550453 1512571 1883708 0392366 0150098 1706233 0036849 0085862 0205436 0457385 0565930 1299583 1442518 1511726 1561503 1705190 1705195 3245479
 0017431 0027361 0237401 0871311 0438925 0392757 0022885 0220908 0220909 0392366 1698960 1710031 1710477 0012854 0004398 0205409 0520510 1548221 1883351 1518422 0002395 1521724 0012634 0027361 0237401 0332140 0011900 0205210 1704338 1704656 0002395 1521724 0012634 0039224 1706073 1706074
 0017431 0683230 0012854 0032520 0677874 1517480 1521871 1705759 0012238 2349986 0349966 1337208
 0205549 2348044 0017270 0376249 0439603 0871396 1561548 1705502 0205452 0439083 0439087 0027361 0237401 0332256 2700400 0017431 1319635
 0036849 1442518 1705195 0002395 1521724 0017270 0376249 0439603 0871396 1561548 1705502
 0376249 0439603 0871396 1561548 1705502 0205217 0441833 0442805 0687744 1257890 1552516 1705428 1705429 0039224 1706073 1706074
 1274040 1546471 2825142 1705535 0035648 1521761 2827422 1517512 0002395 1521724 0012634

 0449774 0868946 0175723 1882932 0002085
 0039224 1706073 1706074
 0205136 1514861 1882932 0002085 0017431 1319635 0439175 0439810 0243148 1550141 1882979 2587213 3274648

 1883351 0022885 0039593 0392366 1512571 0017431 0002395 1521724 0012634 0205136 1882932 1516695 1516698 0017431 0441833 0687744 1257890 1552516 1552839 1705428 1705429 0243148 1550141 1882979 2587213 3274648
 0002778 0936012 1524024 1547282 0002395 1521724 0012634 0027361 0237401 0237506 1705241 1705242
 0868928 1533148 0205145 0243148 1550141 1882979 2587213 3274648 1705175 1705176 1705177 1705178 1882348 0332232 0237753 0449788
 0150098 1706233 0036849 1442518 1511726 1705195 3245479 0027361 0237401 0332529 1550543 0243161 0243148 1550141 1882979 2587213 3274648 0002395 1521724 0012634 0030705 0205422 1441547 3245521 0024874 0205099 0702111 1515981 0037047 0557651 1709450 2603343 0015576 1704727
 1274040 1546471 2825142 1521721 1512571 0439603 0243148 1550141 1882979 2587213 3274648 1970209 0002395 1521724 0012634 0369773 2603361 1708064 0022885 0039593 0325045 0392366 2828393 0039224 1706073 1706074
 0002085 1518422 0150098 1706233 0036849 0205136 1442518 1511726 1705195 3245479 1882932 0243148 1550141 1882979 2587213 3274648 0002395 1521724 0012634
 0699810 1705241 1705242 1319635 1319635 0150098 1706233 1553409 0036849 0150312 0205436 0457385 0565930 1442518 1511726 1561503 1705190 1705195 3245479
 0026777 0002778 0936012 1524024 1547282 2945843 0205145 1515974 2825164 1518422 0439603
 1707455 0489879 0871208 1521828 1515021 0868928 1533148 0376249 0439603 0871396 1561548 1705502 0369773 2603361 1515021 0376249 0439603 0871396 1561548 1705502 0369773 2603361 0150312 1514861 1882932
 1511726 3245479 0183683 1521721 0004083 0439849 0596306 0699792 0002395 1521724 0012634
 1883708 0206243 0699809 0439787 0849355 0205549 2348044 1524063 1511726 3245479 0030705 0243148 1550141 1882979 2587213 3274648
 0017431 1319635 0150312 0449450 0243148 1550141 1882979 2587213 3274648 0369773 2603361 1708064 0022885 0039593 0325045 0392366 2828393
 0376249 0439603 0871396 1561548 1705502 0332290
 0206132 0001779 1705242 0007294
 0023965 3161035 3642141 0002085 0052201 0392148 2587213 2984964 0079399 0804628 1522384 1547282 0028873 0456603 1547037 0067503 1417650 0369773 2603361 0392148 0017431
 0392148 3161035 0028873 0332281 0456603 1547037 1417650 0450382 0369773 2603361
 0028873 0201837 0456603 1547037 0052201 2984964 0450387 0369773 2603361 0242492 0080103 0205345 1547039
 1883351 0035647 0392148 0332197 1689985 0205363 0370003 2347026 0332197 1689985
 1514861 1882932 0205397 0052201 2984964 1705535 1280500 0085862 1299583
 0026777 0237688 0002778 0936012 1524024 0017431 1319635 0052201 2984964 0079399 0804628 1522384 1704675 0444499 0369773 1704675 2603361 1515273 1705313 2826302
 0002778 0936012 1524024 0401805 1527178 1705938 1705535 0019409 0052201 1515981 2984964 0444499 0369773 2603361 0332290 1412046 0052201 2984964
 0205117 0332282 1883708 0541749 0004268 0017431
 0947630 0006104 1269537 1705535 0333463 0392079 0522510 2986582 0439086 2827736 2981702
 2827666 0678226 0017431 0043194 0258432 1421478 1705242 3146286 0868928 1533148 0205309 1883351 1319635 0017431
 1550608 0597879 0333463 0150312 0392079 0449450 0004112 0027882 1705241 1705242 0017431 0441833 0687744 1257890 1441672 1552516 1552839 1705428 1705429
 0242538 0728826 0002395 1521724 0012634 0031437 0062074 1285572 1415458 3539897 1540677 0039224 1706073 1706074
 1273517 0025664 0449851 0200767 0200765 0002778 0936012 1524024 1704254 1704922 3542466 0079809 0242485 1265611 0150312 0449450 2828008 0017446 0205146 1282914 0228237 1281074 0459389 0442043 1184482 1282910 2362314 0237753 0449788 0017446 0150312 0205147 0445247 0449450
 0002395 1521724 0012634 0205447 0868928 0936012 1533148 1412046 0017431 0002778 0936012 1517331 1524024
 0199219 1705535 0442805 0027361 0237401 0439267 1319635 1705241 1705242 0441833 0687744 1257890 1552516 1552839 1705428 1705429
 0442805 0333562 0205397 1707455 0442751 0442750 0369773 2603361 1710574 0022885 0039593 0392366
 1280500 2348382 0700364 1883351 0678226 0392148 3146286 0002085 1705241 1705242 0017431 1319635 1441672 0242618 0456389 0439801 1549649 2349209 0032863
 1705241 1705242 0002085 1705535 1280500 2348382 0333562
 0039224 1706073 1706074
 0085400
 0871472 0695448 0022885 0039593 0242485 0392366 2603360
 2827447 0947630 0035953 0600140 1704688 2346414 0035647 0237753 0449788 1512571 0392366
 0441730 0332307 0743559 1547052 1709305 2745955 0242618 0456389 0205412 0231180
 1705175 1705176 1705177 1705178 1882348 2983310 0205392 1299586 3540770 1273517 0150098 0036849 0085862 0205435 1279901 1299583 1442518 1511726 1705195 3245479 1883708 0022885 0039593 0392366 1512571 0017431 1319635 0002395 0332281 1521724 0243083 0012634
 0032662 0032659 0243148 1257890 1550141 1882979 2587213 3274648 1947971 0439603
 0150098 1706233 0036849 1442518 1511726 1705195 3245479 1881534 0702111 0015576 1704727 1457900 1947971 0439603 0205136 1514861 1882932
 1280500 2348382 0851827 1701901 3244310 1280500 2348382 0442796 1550602 0028873 0201837 0456603 1547037 0392148 3642141 0002085 1547282 0035647 0205217 0442805
 0002778 0936012 1524024 1524063 0814843 0456389 0150098 1706233 0036849 0205195 1441672 1442518 1511726 1705195 3245479 1524063 0370003 2347026 1705535 0237884 0456389 0030705 0439095 2003941 2350010 1420510 0330390 0439096 2004068 1512571 0017431 1319635 0205217 0442805 0002395 1521724 0012634
 0004083 0439849 0596306 0699792 0035648 0035647 1521761 2827422 0002395 1521724 0012634 0023175 0181586 0459471 0543488 1442948 1522538 2348269 3275067
 1511726 3245479 1547282 1412046 0333463 0392079 1412046 1704675 0680727 0439084 0728893
 0330390 0439096 2004068 1704241 0014139 2984285
 1412046 0330390 0439096 0750490 1706221 2004068 0309872 1292733 0220781 0439634 1522492
 1883712 1412046 0439557 0205178 0205332 0205390 0542339 0567416 1264637 0449911 0033607 1961133 2673177 0377149 0030946 1515981 1622131 1947941 1999216 1155266 0333348 0871261 1704632 1706817 2911692 0006104 1269537
 1412046 0960756 1521761 2827422 0028707 0392209 1442959 0243122 1145667 1167622 1274040 1546471 2362652 2825142 0005528 1317949 3495449 0237753 0449788 0079189 1524094
 0003595 0003591 1412046 0242210 0567416 0205145 1515974 2825164 0441472 3266814 1550003 0439086 2827736 2981702
 0003595 0003591 0085151 3538722 1456454 0033665 0002716 0011560 0033684 0611285 1709634 0205448 0023688 1412046 0002395 1521724 0012634 0031847 0277785 1314939 0183683 1521721 0032529 1882417 1880177 1883351 0002395 1521724 1281905 0012634 0035647
 0678951 0032529 1882417 0332185 0205448 0684224 0700287 3496591 0557651 0947630 2603343 1883351 1547282 1328885 1511978 0004083 0439849 0596306 0699792
 0392360 2699007 0002395 1521724 0012634 1328885 0004083 0439849 0596306 0699792 0558058 0023745 0678951 0032529 1882417 0017337 0008654 0008633
 1412046 0017337 2982691 0205108 0023956 0449820 2247199 1705535 0008654 0008633 0332256 2700400 0035648 0035647 1521761 2827422
 0033204 1412046 0035648 0035647 1521761 2827422 0683954 0332185 0443299 0557651 1521721 2603343 1441672 0004083 0439849 0596306 0699792 0439084 0728893 0871133 2945843 0205145 1515974 2825164 1442161 1511760 1880274 0002085 1412046 0017337 0344339 0015576 1704727
 1274040 1546471 2825142 0231448 0439792 0302523 0700325 1964257 0370003 2347026 0872128 0544093 0004083 0439849 0596306 0699792
 0521116 0557651 2603343 0032529 0163712 0205447
 1548161 1274040 1546471 2825142 0332290 0035648 1553898 0035647 0079613 0085862 1299583 1521761 2827422
 0205265 0557651 1279901 1555582 1705685 2603343 0032529 0220825 1705535 0002085 0002085 0439660
 0008648 0008633 0332128 0027361 0237401 0439073 0439082 0002085 0439086 2827736 2981702 0002085 0017270 0002085 0376249 0439603 0871396 1561548 1705502 1707455 0369773 2603361 0002778 0936012 1524024
 1883727 1883357 0678951 0032529 1880177 1883351 0002395 1521724 1281905 0012634 0035647
 0589098 0004268 1825598 0023688 0332257 0441712 1416912 0065059 0751455 0079423 0168981 0597357 1335671 1412046 0017337 0023820 0033684 0086597 0127400 0205090 0439849 0445223 0684010 2603358 1705535 1621296 0023688 1412046 1332838 0017337 1416989
 0520510 0025663 0025664 0449851 0681850 1550501 1706203 2349001 2697811 0150098 1706233 0036849 1442518 1511726 1705195 3245479 0002395 1521724 0012634 0030705 0443211 1272684 0019664 0019665 0262512 0262926 1705255 2004062 0002395 1521724 0012634 0027361 0237401 0162409
 0150098 1706233 0036849 1442518 1511726 1705195 3245479 0449416 1516695 1516698 1516084 0332232 0030705 0243148 1550141 1882979 2587213 3274648 0002778 0032863 0750572 0936012 1524024 0022885 0039593 0392366 1512571 0017431 1319635 0002395 1521724 0012634 0205136 1882932
 0027361 0237401 0332257 3538986 0868928 1533148 0243148 1550141 1882979 2587213 3274648 0150103 0205145 1515974 1708943 2825164 0162409 0020008 0025261 0019988 0012634 0019994 0024874 0025260 0205246 0439148 0700327 1510665 1516695 1516698 1519795 1553889 1704753 1706377 1880519 0205099 0239307 1513822 1515981 1535514 1880171 0041740 0017480 0041740 0331779 0039021 0019994 1510665 0022277 0702111 0344339 0015576 1704727
 0032529 1882417 1285573 3272453 0012854 0017428 0887950 0440746 0459385 0006104 0040300 0205409 1269537 1547928 1548221 0005767 0005768 0229664 0032520 0677874 0392148 1417613 0206415 0439084 0728893 0871133 1414899 0079613 0444860 0175754 0282160 1235746 1882141 3541413 0871133 0439084 0728893 0871133 2697657 0079613 0444860 0175754 0282160 1235746 1414899 1882141 1883257 2962221 2986848 3541413 0871133 1539205 0601906 0020283 0450407 0450408 0450409 0439192 0206415 0075813 2257065 0012892 0012854 1335439
 0032520 0677874 0206243 0699809 0184661 0439787 0849355 0912256 1948041 2700391 3274430 3538935 3539779 0005903 0039476 1261552 1704379 1705117 2825408 0442805 0037791 1511884 0332283 1719822 1511572 0702093
 0205450 1511572
 0205450 1511572
 0205450 1511572
 1511572
 1511572 0702093
 0439962 1514468 1524062 1704444 0012238 2349986 0206243 0699809 0439787 0849355 0041119 0033727 0369286 0441932 0564385 0332255 0486805 0002085 0002085
 1514468 1704444 1706746 0017243 0036681 1382104 1708715 0019873 0332293 0006222 0015008 1522326 0011744 0033727 0369286 0441932 0564385 0013855 0444887 0598352 0205410 0443299 1514468 1704444 0037640 0175723
 0013855 0684192 0332255 0486805 0023693 0023700 0041625 0234621 0684292 1961129 1964256 1524063 0449913 1553451 1704459
 0012238 2349986 0026426 0392148 0549178 1514468 1704444 0030695 0150369 0181904 0596972 1521743 1704646
 0002778 0936012 1441616 1524024 1273517 0003242 0003241 0021027 2827734 2981698
 0003241 0021027 1273517 1883351
 1550608 0016318 0079603 0206243 0699809 0330390 0439096 0439787 0849355 2004068 0027910 1524063 0003241 0021027 0026381 0182400 0025397
 0025664 0449851 2828008 0237753 0449788 0034037 1704324
 1707455 1709707 0002085 0150312 0449450 0376249 0439603 0871396 1561548 1705502 1709707 0017431 0039224 0884358 1706074 1524063 1708064 0022885 0039593 0325045 0392366 2828393
 0206132 0001779 1704711 0022885 0039593 0392366 1707455
 0026777 0002778 0936012 1524024 0206031 1550369 0242415 0684320 0684321 0884358 0017431 0392148 0680240 0009219 0805701 0332197 1689985
 1274040 1546471 2825142 1301820 0441833 0687744 1257890 1552516 1705428 1705429 0009219 0805701 0019425 0019904
 0028873 0456603 1610540 0009667 0237529 0449450 1272706 1704725 1704726
 0002778 0936012 1524024 0037585 0884358 0557806 0562547 3160718
 0022885 0392366 0039259 0205448
 2986676

 2986676 0683939 0205099 0442598 0872261 0370003
 0444061 0370003 0440746 0459385 0683939 0006104 0035168 0040300 0205099 0242481 1269537 1301820 1547928
 0043227 0018173 0027468 1521721
 1514811 1706462 2827734 2981698
 0369773 2603361 0021966 0221138 2610566 2347469 0369637 0441923
 0021760 1527132 0021764 1527200 0002198 1412046 0002215 1979845 0024420 0439095 2003941 2350010 0001349 1301808 1442792 3148680

 0000857 0025141 0600678 1552863
 2347469 0016327 0439133 1553038 0205090 0684010 2603358
 0185117 0030705 0002395 1521724 0012634

 0001811
 0000857 0025141 0600678 1552863
 2603362 0597277 1708601 1538923
 0033684 1621296 0023688 1158819 2362546 0023821 0597357 0242972 0748025 0034821 1366529 0023823 0599283 0023820 0033684 0178587 0205251 0439849 0445223 1299352 1550472


 0000857 0025141 0600678 1552863
 2826220 0722969 0205090 0684010 2603358 0369773 2603361 0369637 0441923 2603362
 0002198 1412046 0002215 1979845 0024420 0439095 2003941 2350010 1864725 0038164 0078939 1750295 2362547 1456454 0242210 0032120 0036825 0032105 0033684 1550098

 0450388
 0000857 0025141 0600678 1552863

 0597297 0597304 1623036 0243125 0699900 0439855 1704241


 0201682
 0000857 0025141 0600678 1552863
 0369773 2603361 0369637 0441923 2603362 0369773 2603361
 0021467 0021469 1628982 3463820 0078939 0611285 3484390 0002716 0011560 0030956 0330390 0439096 2004068 0003595 0003591 0002190 1412050 1879647 1979844 0439095 0443619 2003941 2350010
 0063789 3272375

 1417055
 1315013
 0439086 2827736 2981702

 0597277 1708601 1538923
 0003595 0003591 0205419 1372999 1704675
 0027882
 0000857 0025141 0600678 1552863
 0597277 1708601 0033727 0369286 0441932 0564385 0369637 0441923
 0004793 0162326 0162327 1519249 0424215 2003939 0034821 1366529 1416912 0242972 0748025 0023823 0597357 0065059 0023820 0033684 0178587 0205251 0439849 0445223 1299352 1550472 1705535 0567416 0597357


 0201682
 0000857 0025141 0600678 1552863
 0205090 0684010 2603358 0439267 0330099 0205090 0684010 2603358 1538923
 0051300 0597357 0033684 0051300 0597357 1145667 1167622 1327616 0085151 0078939 3538722 1750295 2362547 1456454 0033665 2825879 0002716 0011560 0033684 0330390 0439096 0611285 1709634 2004068 0086597 0243125 0699900
 0007634 1269647 1704653 1948049
 0000857 0025141 0600678 1552863
 0439267 0597277 1708601
 0525049 0598888 0009015 1513778 1511790 1880389 1883221 3541951 0017446 0205147 0205145 1515974 2825164

 0325074
 0000857 0025141 0600678 1552863
 0439267 0369637 0441923
 0004083 0439849 0596306 0699792 0392079 0392747 0443172 1515981 1705241 0007776 0018220 0556636 1269776 0681850 1550501 1706203 2349001 2697811
 1704648



 2603360 0205090 0684010 2603358 1705493 2346686 0205090 0684010 2603358 1538923
 2348042 2826345 1850496 0220781 0439634 1522492


 0000857 0025141 0600678 1552863
 1652689 0597277 1708601 2347469 0369637 0441923
 1155201 1155093 0220781 1883254 0521390 0027819 0700095 3540583 0007634 3282337

 0000857 0025141 0600678 1552863
 0439267
 1704241 0086597 2825879 0002716 0011560 0030956 0330390 0439096 0611285 2004068 0025252 0034800 0242972 0748025 0034821 1366529 1416912 0162339 0023823 0597357 0065059 0023820 0033684 0178587 0205251 0439849 0445223 1299352 1550472

 0450388
 0000857 0025141 0600678 1552863
 1551730 0439114 0369718 0441922 1553036 2603362
 0002198 1412046 0002215 1979845 0024420 0439095 2003941 2350010 0750490 1706221 2825879 0002716 0011560 0030956 0330390 0439096 0611285 2004068 0309872 1292733 0220781 0439634 1522492
 1418943
 0268596 2700624
 3642273
 0041703
 0000857 0025141 0600678 1552863

 0002198 1412046 0002215 1979845 0024420 0439095 2003941 2350010 0242210

 0000857 0025141 0600678 1552863
 2603360 0999213 0205090 0439267 0684010 2603358 0039736 0439394 1706495 3642217 0205090 0684010 2603358
 1328885 0004083 0439849 0596306 0699792 0051300 1416912 2987172 0597357 0003595 0494463 0002395 1521724 0012634
 0027855
 0000857 0025141 0600678 1552863
 1538923
 0521091 0750484 0032529 1882417 0015295 1366529 1335671 0751455 0017337 0034821 0242972 0748025 1416912 0002395 1521724 0012634
 0027855
 0000857 0025141 0600678 1552863
 0369637 0441923 0004830 0369773 2603361 2346686 0033727 0369286 0441932 0564385 0369773 2603361 0597277 1708601 0033727 0369286 0441932 0564385 0369637 0369773 0441923 2603361 0700321 2346751 0369637 0441923 0035853 0718133
 0205197 0220908 1305399 1705053 0338448
 0332120 0008654 0008633





 0005680 0027567 0085756 0439541 0369718 0441922 1553036 0439394 1706495 3642217 1822658 0205090 0684010 2603358 0205090 0684010 2603358 1538923 0205090 0684010 2603358
 0002198 1412046 0002215 1979845 0024420 0439095 2003941 2350010 0002395 0332281 1521724 0243083 0012634
 0325074
 0000857 0025141 0600678 1552863
 0005680 0027567 0085756 0439541 0439394 1706495 3642217 0033727 0369286 0441932 0564385 1822658 0722969 0232024 0205090 0684010 2603358 2603362 0439267 0439493 1513009 0369637 0441923 0205090 0684010 2603358
 0052201 0003595 0523511 1412481 0206132 0277793 0001779 0332162 0017398 0017399 0424093
 0027855
 0000857 0600678 1552863 0282413 0376649 1442065
 0254343 0796520 3272379 2827734 2981698
 0085205 1549619 1880669 2827734 2981698
 0013849 1705961 0059804 1704732 0035953 0041740 0600140 1704688 2346414 0442658 1301826 1292711 0449719 1709471 0015744 2911691 0392747 1554963