 1281905 0035647 1412481 0003595 0017337 0040649 0205177 0369637 0439167 0441655 0441923 0523511 1561536

 0369637 0441923


 0021966 0221138
 0369637 0441923
 0369637 0441923


 0439394 1706495 3642217
 2603362





 0016327 0439133 1553038
 1521991 0037747 0037747 0027855 0017398 0017399 0036375 3272372 3538743 0041703 1514756
 1527075 1272684 1548435 3642141 0002085 0003595 0523511 1412481 0017337 0003595 0523511 1412481 0033684 0814299 0035648 1517512 0960756 0017296 0035647 0205164 0314603 1272684 1521761 1548435 2827422 0348078 0376315 1522492 0002395 1521724 0012634 0332120 0205419 1552961 2347617 0003595 0441889 0523511 1412481 1521761 2827422
 0684224 0700287 3496591 0205419 0332281 0035647
 0684224 0700287 3273238 0004083 0439849 0596306 0699792 0868928 1706255 1706256 0243148 1550141 1882979 2587213 3274648 0370003 2347026 1707520 0035647
 0947630 1547282 0205419 0018591 0086860 0332281 0035647 0205217 0442805
 2348552 0557651 2603343 0205195 1704788 1947911 3539106 0002085 1444656 0035647 1412481 0003595 0017337 0040649 0205177 0439167 0441655 0523511 1561536 1705535 0442805 1273518
 0002395 1521724 0012634 0015127 1524003 0001792 1999167 0015576 0241888 2987476 0348078 0376315
 2827447 0947630 0017337 0020792 0205396 0205449 1708698 0085151 0078939 3538722 1750295 2362547 1456454 0033665 2825879 0002716 0011560 0033684 0330390 0439096 0611285 1709634 2004068 2827734 2981698 0299212 1418985 0872078 0740116 2827735 2981700 0528480 1418986 0872078 0439086 2827736 2981702 1705285 0015127 1524003 1832428 0348078 0376315
 0596611 0026882 1273518 1264633 1554103 0680220 0206132 0001779 0150312 0205087 0332162 0449450 1547282 0683231 0242538 0728826
 0332197 1689985 0019247 0012634 1521761 2827422 0332148 0750492
 3642141 0002085 0003595 0523511 1412481 0017337 0003595 0523511 1412481 0033684 0332281 0035647 0205217 0442805
 0868928 1533148 0003595 0523511 1412481 0002085
 0332148 0750492 0035648 1553898 0035647 1521761 2827422 0017296 0314603 0014406 0205396 1550043 1551388
 0813145 0017296 0314603 2827666 0220908 1305399 1705053 0033413 0017446 0086860 0205147 0003595 0523511 1412481 0332126 1449832 0205145 0439084 0728893 0205447 1552738 0017446 0205147
 0332185 0684224 0700287 3496591 0205447 0332281 0035647
 1948052 0684224 0700287 3273238 0332281 0150312 0004083 0237881 0439849 0596306 0699792 0750502 1546944 0032529
 1274040 1546471 2825142 1705535 0032529 1882417 0035647 0052201 0079613 0205349 0332281 1514623 1516451 2984964 3542952
 2348552 0557651 2603343 0205195 1704788 1947911 3539106 0002085 0035647 0205177 0439167 0441655 1561536 1412481 0017337
 1519205 1274040 1546471 2825142 0205145 1515974 2825164 0205396 1550043 1551388 0439084 0728893
 1328885 0004083 0439849 0596306 0699792 0035647 0007328 0872128 0085973 0086409 0243148 0370003 0868928 1550141 1706255 1706256 1882979 2347026 2587213 3161473 3274648 0557651 2603343 1441672 0004083 0439849 0596306 0699792 0733755 0086860 0035647
 0017431 0037775 0039224 1706073 1706074 1547282
 0017431 0002085 0332183 1705241 1705242 1518422 0237881 1709380 0038215 0750502 0441833 0687744 1257890 1552516 1705428 1705429 0243148 1550141 1882979 2587213 3274648 1705535 0332281 0035647 0205217 0442805 0028873 0456603 1547037 0009667 0237529 0439083 0439087 1272706 1552654 1552713 1704725 1704726 0017431 0028873 0456603 1547037 0009667 0237529 1272706 1552654 1552713 1704725 1704726 0002085
 0039224 1706073 1706074
 0017431 0017270 0439603
 0206132 0001779 0332162 0017431 0439603 0002085 0439603 0041405 0370003 0439083 0439087 0444667 0868928 1533148 1824670 2347026 3272447 3538933 0243148 1550141 1882979 2587213 3274648 0007294 1518422 0868928 1533148 0243148 1550141 1882979 2587213 3274648 0439083 0439087 0007294 0868928 1533148 0243148 1550141 1882979 2587213 3274648 0740116 2827735 2981700 0740116 2827735 2981700 0740116 2827735 2981700 1720589 0022885 0039593 0392366 1883351 1707455 0376249 0439603 0871396 1561548 1705502 0243148 1550141 1882979 2587213 3274648 0884358 0370003 2347026 0369773 2603361
 0007294 0369773 2603361
 0007294 1518422 0369773 2603361
 1705175 1705176 1705177 1705178 1882348 0205419 0332281 0032529 1882417 0332291 0035647 0043194 0085862 0258432 1299583 1421478 0052201 2984964 0370003 2347026 0205363 0332197 1527178 1689985 1874451 0392148 0039224 1706073 1706074
 1705241 1705242 0017431 0030705 1441672 0243148 1550141 1882979 2587213 3274648 0205447 3642141 0002085 0002085 0332281 0035647 0205217 0442805 0027361 0237401 1704689 3642141 0002085 0028873 0456603 1547037 0009667 0237529 1272706 1552654 1552713 1704725 1704726
 0017431 0332281 0332462 0442805 1880834 0035647 1257890 0028873 0456603 1547037 0009667 0237529 1272706 1552654 1552713 1704725 1704726 0205419 0032529 1882417 0750489 1518422 0206243 3642141 0002085
 1521798 1441672 0441833 0687744 1257890 1552516 1705428 1705429 1704689 3642141 0002085 0028873 0439509 0456603 1547037 0009667 0237529 0450385 1272706 1552654 1552713 1704725 1704726 0017431 1705241 1705242 1518422 0237881 1709380 0038215 0750502
 0032529 0442824 0587267 0205107 0871133 0017446 0205147 0230171 0238767 1706086 0700364 1883351 0332281 0035647 0936012 1883473 1280500 2348382 0018591 0205195
 0205435 1279901 0936012 0520511 1704711 0086409 3161473 0370003 2347026
 0012238 2349986 0884358 0683607 0020792 0205396 0017431 0205195 1704788 1947911 3539106 0002085
 0018591 0205214 1522138 3245511 0332283 2603360
 0681850 1550501 1706203 2349001 2697811 0150312 0370003 2347026
 0520511 1704711 0017431 0587267 0014653 1517001 1547026 0022885 0039593 0392366 0444499 0369773 2603361
 0332120 0032529 0442726 1511790 0022885 0039593 0392366 0369773 2603361
 0017431 0332283 0193959
 0017431 1551359 2741673 2981730 0086409 3161473 0032662 0032659 0243148 1257890 1550141 1882979 2587213 3274648
 0376249 0439603 0871396 1561548 1705502 0439084 0728893 0439603 0017431 1514721 2348147 3542016 0740116 2827735 2981700
 0520511 1704711 0017431 0370003 2347026 0039224 1706073 1706074 1547282
 0557651 2603343 1705241 1705242 0332281 0032529 1882417 0439084 0728893 1883708 0332128 1521970 0018591 0032659 0150312 0449450 1257890
 0205177 0439167 0441655 1561536 2603360 0193959 0427861 0004114 0007634 0086418 0444706 1822629 1822997 3282337 3541902 1524063 0449913 1553451 1704459 0205156 0557351 0947630 1552607 0439084 0728893
 1547282 0205177 0439167 0441655 1561536 0193959 0205217 0442805 0205136 0018591 2603360 1705535 0392148 0035647 0205217 0442805 0332281 0474395 0683317 0003595 0086860 0205177 0205217 0439167 0441655 0441889 0442805 0523511 1412481 1561536 0427861 0007634 3282337
 0018591 2603360 0193959 0027365 0332288 0332287 1515981 0205177 0439167 0441655 1561536
 1546922 1706499 1533716 1301820 1524063 0028952 0028953 0182400 0348078 0376315 1521827 0007592 1518434 0521447 2828366
 1547282 0205447 0182400 0442726 1511790 1704681 2347609 3536729 0336721 1518422 0182400 0442726 1511790 1704681 2347609 3536729 1705535 1555721 1706204 0182400 0243122 1145667 1167622 1704681 2347609 3536729 0028589 0949374 0033684 0521447
 0037088 0243095 2825141 0680240 1511726 3245479 0043227 0205156 1301820 1552607 1524063 0182400 1705535 0441655 0018591 0004114 0007634 3282337 0545082 0686907 0028589 0007634 0150312 0449450 3282337
 0039224 1706073 1706074
 0003595 0523511 1412481 0017431 0439603 0439603
 0206132 0001779 0332162 0017431 0439603 0018591 0439603 0037747 0450387 0868928 1533148 0740116 2827735 2981700 0243148 1550141 1882979 2587213 3274648 0041703 3272372 0868928 1533148 0450385 0243148 1550141 1882979 2587213 3274648 0450382 0450348 0740116 2827735 2981700 0037747 0369773 2603361
 0041703 0369773 2603361
 0740116 2827735 2981700 0037747 0369773 2603361
 0041703 0369773 2603361

 0205177 0439167 0441655 1561536 0018591
 0024075 1150053 1150051 0205177 0439167 0441655 0456603 1561536 1610540 0332256 2700400 2603360 0193959 0018591 0004114 0007634 1822629 1822997 3282337 0205177 0439167 0441655 1561536 2827421 0439165 1549488 1561533
 1511726 3245479 1882932

 0033618 0033621 0086860
 1553631 1708632 0182400 1518434 0521447 1439852 1822629 1822997 2828366 0949632 0333051 0425245 0449580 2347509 0005507 0243073 0681850 1510438 1550501 1706203 2349001 2697811
 0681814 1550369 0884358 0332152 0740175 1439852 2257086 1518434 0521447 2828366 1883712 0182400 1704681 2347609 3536729
 0336721 0175723
 2945706 0175723 0439645 1521913 0205370
 1274040 1546471 2825142 1882932
 0004083 0439849 0596306 0699792 0035647 1883708 0032659 0086409 0936012 1257890 3161473 0003595 0205363 0449438 0523511 0680240 1412481 0039224 1706073 1706074
 0004083 0439849 0596306 0699792 0205177 0439167 0441655 1561536 0450371 0052201 0086409 1441672 1518422 2984964 3161473 0027361 0237401
 1514811 1706462 0027361 0237401 0035647 0150312 1883351 0442805 0332462 1880834 0027361 0237401
 0237881 1709380 2828391 0038215 0750502 0206031 0023965 0220825 0242415 0684320 0684321 3161035
 0002778 0936012 1524024 1547282 0004083 0439849 0596306 0699792 0205177 0439167 0441655 1561536 0369773 2603361 0069590 0009667 0237529 1272706 1552654 1552713 1704725 1704726 0009667 0237529 0439509 1272706 1552654 1552713 1704725 1704726 0450371

 0004083 0439849 0596306 0699792 0017431 2347469 1257890
 0035647 0175659 0349674 1708728 1947916 2986775 3536777 1882932 1515187 1514811 1706462 0004897 0018591
 1707156 3274014 3541345 1882932 0069590
 0205132 1550648 1552960 1882932 0069590 0206031 0023965 0242415 0684320 0684321 0750572 3161035 1707156 3274014 3541345 1504308
 1512571 0035647 0040649 0086860 0205177 0439167 0441655 0442805 1561536 0474395 0040669 0444706 3541902 0005507 0032659 0392366 1257890 3272372
 0004083 0439849 0596306 0699792 0032659 0086409 1257890 3161473 0545082 1512346 1947978 0011546 0439857 2698668 0205177 0439167 0441655 1561536 0442726 1257890 1511790 1518422 0039224 1706073 1706074
 0681925 0034980 0002778 0936012 1524024 0206031 1444656 0004083 0439849 0596306 0699792 0205177 0439167 0441655 1561536 0369773 2603361 0069590 2827734 2981698 0009667 0237529 1272706 1552654 1552713 1704725 1704726 0740116 2827735 2981700 0009667 0237529 1272706 1552654 1552713 1704725 1704726 0450371 0450365 1706097
 0557061 2584313 0684224 0700287 3273238 0004083 0439849 0596306 0699792 0017446 0205147 0086860 0035647
 0004083 0439849 0596306 0699792 0002085 0035647
 1547282 0002085 0332281 0035647
 0205195 1947911 0018591 0332167 3272283 0035647 0205250 1299351 2700149 0032659 1257890 0027361 0237401 1704689 3642141 0002085
 1280500 2348382 1441672 3272372 0370003 2347026 0242492 0035647 0080103 0205345 1547039 0441994 1548802 2003888 0370003 2347026
 1705241 1705242 0596130 0439603 0018591 0032662 0032659 0243148 1257890 1550141 1882979 2587213 3274648 0370003 2347026 1547282 0439603
 0205170 1301725 1609436 3146287 1705241 1705242 1947971 0242492 0035647 0080103 0205345 1547039 0332281 0002085
 0370003 2347026 0028873 0456603 1547037 0332281 0052201 2984964 0032659 1257890 0205172 0205173 1705764 1705765 0370003 2347026 3272372 0439086 2827736 2981702
 0242356 0993637 1511726 1527178 1705938 3245479 0205419 0332281 0003595 0032529 0086860 0523511 1412481 1882417 0032659 1257890 3642141 0002085 0052201 2984964 1316572 1317574 1369612
 0332849 0370003 2347026 0332197 1689985 0443289 0032529 0052201 2984964 0035648 1553898 0035647 1521761 2827422
 0035647 0205402 3642141 0002085
 0039224 1706073 1706074
 0003595 0523511 1412481 0520511 1704711 0007294 0007294 1518422
 0206132 0001779 0332162 0037747 0439603 0041703 3272372 0439603 0868928 1533148 0439086 2827736 2981702 0243148 1550141 1882979 2587213 3274648 0868928 1533148 0450389 0243148 1550141 1882979 2587213 3274648 0439084 0728893 2827734 2981698 0740116 2827735 2981700 0022885 0039593 0392366 0193959 0007294 1518422 0037747 0369773 2603361
 0041703 0369773 2603361 1273937 0237881 0750502 1546944
 0740116 2827735 2981700 0022885 0039593 0392366 0007294 1518422 0037747 0369773 2603361
 0041703 0369773 2603361 1273937 0237881 0750502 1546944
 1709380 0042295 1273937 0237881 0750502 1546944 0370003 2347026
 0185117 0439855 0851285 1704241 1704675 0458083 1511903 0012155 2699635 1521761 2827422
 0851285 1327622 1292732 0677626 0007634 0023903 2239176 3282337 1547282 0013879 0185117 0442799 1514873 0871133 0017446 0205147 0021920 0205435 1279901 1515981
 0205172 0332185 0017446 0205147 0013126 0185117 0007634 3282337
 1511726 3245479 0449450 0684224 0700287 3273238 1705535 0032529 1882417 1880177 1705241 1705242 0441889 0220781 1883254 0004112
 1511726 3245479 1555721 1706204 0205145 1705241 1705242 0243122 1145667 1167622 0028589
 0205170 1301725 1609436 3146287 0028630 0033413 0017446 0086860 0205147 0392747 0443172 1705241 0001721 0205177 0439167 0441655 1561536 0040648 0040649 0086597 0127400 1521761 2827422
 1511726 3245479 0449450 1705535 0035647 0205177 0439167 0441655 1561536 0683454 0021966 0221138 0205250 1299351 2700149 0185117 0205250 1299351 2700149 0035647
 0442808 0332120 1705535 0441889 0332281 0543483 0699748
 0947630 0684224 0700287 3496591 0003595 0441889 0523511 1412481 0006104 0205250 1269537 3163633 0032105 1515981 1550098 0030705 0450348
 2754100 0007587 0007634 0011065 0521390 1269647 1306577 1704653 1707520 1948049 0330390 0439096 2004068 1293130
 0947630 3244092 0441889 0456079 1547707 2946261 0392747 0677881 1280500 1511636 1883351 0006104 0026809 0333562 0591833 1269537
 0003595 0523511 1412481 0007806 0007807 0005889 0150312 0302908 0444611 1704353 0030281 0007634 3282337 0030956 0086045 2754100 0007587 0007634 0011065 0023175 0521390 1269647 1306577 1442948 1522538 1704653 1948049 2348269 3275067
 0025914 1514559 0314604 0678941 0751455 0017337 1142652 1420510 0330390 0439096 2004068 0333562 0003595 0178602 0523511 0869039 1114758 1412481 1705535 0003595 0523511 1412481 1420510 0330390 0439096 2004068 0333562 1515655
 0052201 2984964 1521761 0012655 0220898 1264642 1547045 0035820 1705810 0205170 3146287 0162340
 0525038 1555721 1706204 0002520 2917660 0332281 3539520 1537525 0597298 0023175 1442948 1522538 2348269 3275067 1705241 1705242 0450363 0205449 0678594 0439534 1707753 0003595 0523511 1412481 0332148 0750492 0392747 0871161 1292721
 0031327 1524059 0441712 0035647 1441414 1553874 1578820 0003595 0205369 0523511 0597298 1412481 1527178 1552740 1705938 1441672 0005507 0243073 1510438 0596208 0006104 0007634 1269537 3282337
 0011008 2348077 0681841 0035647 0332281 0003595 0523511 0597298 1412481 1705242
 0242356 0993637 1511726 1527178 1705938 3245479 0449450 1705535 0441712 1412481 1517476 0003595 0017337 0392747 0523511
 0205435 1279901 0205419 0392747 0871161 1292721 0205436 0457385 0565930 1561503 1705190 0205419 0033413 1709795 0392762 1274040 1546471 2825142 1705241 1705242 0185117
 1521761 2827422 0332281 0035647 0683454 0021966 0221138 0205447 0035647 0332294 0035647 0282416 0678226 1561607 0027361 0237401 1704689 0052201 2984964 0086860 0348078 0376315 1522492 0035648 1553898 0242492 0035647 0080103 0205345 0205448 0725813 1547039 1880177 1521761 2827422
 1552616 1706244 1511726 3245479 1705535 0035647 0332281 0003595 0032529 0086860 0523511 1412481 1947931 0017337 0040649 0205177 0439167 0441655 1561536
 1517331 0442805 0032529 0333605 0023175 0330390 0333562 0439096 1442948 1522538 2004068 2348269 2349975 3275067 0030956 0035647 0205217 0442805
 0013227 0220781 1883254 0018790 0237477 0392351 0521111 1420510 0330390 0439096 2004068 0033268 0333562 1524063
 0520510 0025663 0025664 0449851 0557651 2603343 0681850 1550501 1706203 2349001 2697811 0370003 2347026 2986479 0243148 0332529 1550141 1882979 2587213 3274648 0206132 1510829 0001779 0868928 1533148 0439234 0017446 0205147 0037747 0587591 1550360 0019994 0023031 0027855 0557854 1510665 2825316 3245478
 0370003 2347026 2986479 0243148 1550141 1882979 2587213 3274648 0439234 0868928 1533148 0439234 0017446 0205147 0599587 0041703 0002395 0683939 1521724 0012634 0035168 0205099 0242481 0041740 0043038
 0370003 2347026 0332257 3538986 0027361 0237401
 0032529 0003595 0017446 0205147 0523511 1412481 0242574 0032520 0677874 1524063 0206415 0449604 0205145 0205369 1515974 1552740 2825164
 0032520 0677874 1273517 1883351 0332255 1708096 1711300 2700613 0080103 0205345 1547039
 0206415 0871133 0871133 0439084 0728893 0871133 0871133 1273517 1883351 0034987 0017446 0205147 0220905 1704735
 0242574 0032520 0677874 1273517 1299586 0332255 1708096
 1514468 1704444 0728990 1273517 1514575 1705542 0443286 1114821
 0439780 1881865 0206415 0439084 0728893 0871133 0871133 1953384 0206415 1555029 0871133 0871133
 1883351 0017431 0018591 1514468 1704444 0868946 0012906 0014442 0014445 0443288
 1285573 0884358 1552738
 0005507 0243073 1510438 0439084 0728893 0871133 0017446 0205147 1412481 0003595 0017337 0523511 0009013 0024075 0032136 0335038 1522485 1705915 1709908 1552738
 0079870 0079866 0205145 1515974 2825164 3146302 0439851 1947931 1273517 1883351 1554078 1524063 0392747 1554963 0439509
 2827421 0427861 0004114 0007634 0086418 1822629 1822997 3282337 0024075 1150053 1150051 0441655 1552738
 1518434 0521447 2828366 0884358 1552738 0439084 0728893
 0028953 0871133 0193959 0871133 0439084 0728893 0871133 0041014 2603360 0871133 1273517 1883351 0557651 2603343 0033618 0205145
 0017431 0871424 0037775 0936012 0022885 0039593 0392366
 0242492 0035647 0080103 0205345 1547039 0069590 1504308 0444686 1441506 1443182 1552738
 0023965 0206031 0242415 0684320 0684321 3161035 1273517 1883351 0750572 0242492 0035647 0080103 0205345 1547039 0031843 0542341 0700205 1705273 0205177 0439167 0441655 1561536
 2986676 0369773 2603361
 0282116 0200345 1516698 1704814 0369773 2603361

 0150600 0043227 0015535 0851286 1947908 0679830 0220825 1261322 0200345 1516698 1704814
 2986676
 0150600 0871424 0002778 0936012 1524024
 2986676 0016327 0439133 1553038
 0018896 1552861
 2986676 0030705 0027361 0237401 0035168 0242481
 0043227 0331792 1521721 0018173 1548284 0004083 0439849 0596306 0699792 0016617 0016617
 0018173 1548284
 1709854
 0456715 0439267 1709854

 0456715 0439267 2346751 1709854
 0002395 1521724 0012634
 0003595 0523511 1412481 0003595 0003591
 0003595 0523511 1412481 1412481 1445865 0017337 0003595
 0085151 3538722 1456454 0033665 0002716 0011560 0033684 0611285 1709634 0085151 0078939 3538722 1750295 2362547 1456454 0033665 2825879 0002716 0011560 0033684 0330390 0439096 0611285 1709634 2004068
 0009667 0237529 1272706 1552654 1552713 1704725 1704726 0009667 0237529 1272706 1552654 1552713 1704725 1704726
 0028873 0456603 1547037 0028873 0456603 1547037
 1514811 1706462 2827734 2981698
 0369637 0441923
 0080141 0751455 0017337 0085151 3538722 1456454 0276496 0277558 0002395 1521724
 0349590 1262865
 0000857 0025141 0600678 1552863
 0205090 0684010 2603358
 0009015 0599155 0596611 0026882
 0349590 1262865
 0000857 0025141 0600678 1552863

 1332838 1708726 0017337 1416989 1517488
 0036397
 0000857 0025141 0600678 1552863
 0033727 0369286 0441932 0564385 2346751 0369637 0441923
 0178602 0869039 1114758 0035647 0015576 1704727
 0036397
 0000857 0025141 0600678 1552863

 0678951 0032529

 0000857 0025141 0600678 1552863

 0678951 0032529 1882417 0002395 0332281 1521724 0243083 0012634 0002085
 0027855
 0000857 0025141 0600678 1552863

 0032529 1882417 0332281 0035647 0002395 0011265 0497327
 0325074 0450388 0450389
 0000857 0025141 0600678 1552863
 1551092 0016327 0439133 1553038 2347469 0369773 2603361 0369637 0441923
 0032529 1882417 0002395 0332281 0011265 0035647 0497327

 0027960 0324740 0439189 1456781 1824986
 0325074
 0000857 0025141 0600678 1552863
 0439339 0021966 0221138 0021966 0221138 0439114
 0032529 1882417 1707455 2607943 2926606 3539655 0681876
 0325074

 0000857 0025141 0600678 1552863
 0439267 0016327 0439133 1553038 2603362
 0003595 0002085 0003591 0439182 0449774 0812409 0439603

 0450388
 0000857 0025141 0600678 1552863

 1280500 0009253 0036864 0079399 1314687 1522384 0015031 0243103 0017431 0003595 0002395 1521724 0012634
 0282458 0920317 0002778 0936012 1042496 1524024
 0003595 0523511 1412481 1513822 1880171





 0861352 1553033 0439394 1706495 3642217
 1280500 0005572 0220781 0003595 0034693 0034721
 0005477
 0000857 0025141 0600678 1552863
 0033727 0369286 0441932 0564385 0439114 0597277 1708601 1510707
 0009015 0851285 1327622 0003595 0003591


 0201682
 0000857 0025141 0600678 1552863
 0369718 0441922 1553036 0369637 0441923
 0035696 0003595 2346714 0001625 0023884 0205170 0736268 1278929 2346688 3146287 0150312 0449450 0006764
 1418943
 0268596 2700624
 3642273
 0041703
 0000857 0025141 0600678 1552863
 0016327 0439133 1553038 0439267
 0036536 0036537 0024432 0026473 0086418 1441547 1546706 1550652 3245521
 0230467 0741204


 0000857 0025141 0600678 1552863
 0597277 1708601 0073187 0043016 1512018 0369637 0441923 0369637 0441923
 0020792 0205396 1880022 1412481 0003595 0332281 0017262 0314604 1445865 0003591 0017337 0086418 0185117


 0201682
 0000857 0025141 0600678 1552863
 0554249 2603360 1511325
 0017262 0185117 0439064 0439178 0851285 1446409 1514241 2825490 0013879


 0201682
 0000857 0025141 0600678 1552863
 0073187 0073187
 1412481 0314604 1445865 0017337 2717940 0227525 0427861 0007634 0023884 0086418 0736268 0851285 1278929 2346688 3282337 0209278 1420631 0040648 0040649 1425988 1521761 2827422


 0201682
 0000857 0025141 0600678 1552863
 0369637 0441923 1553033 0016327 0439133 1553038 0016327 0439133 1553038
 0059296 0126037 1420636 1412481 0017262 0314604 1445865 1861886 0017337 0185117


 0000857 0025141 0600678 1552863
 0033727 0369286 0441932 0564385 0439394 2603362 0265514 1265540 0369637 0441923
 1555721 1706204 0443299 0542341 0179400 1638312

 1517844
 0000857 0025141 0600678 1552863
 0999548 0016327 0439133 1553038
 0032529 1882417 0439267 0599156 2700061 0733755 0086860 0085201 0442805 0013682


 0201682
 0000857 0025141 0600678 1552863
 0554249 1511325
 0678951 0032529 1882417
 0004083 0439849 0596306 0699792 0033268 0871208 1521828 1515655 0205177 0439167 0441655 1561536 0021135 1533691 2827718

 1315013

 0000857 0025141 0450348 0600678 1552863
 2603360 0021966 0221138
 0035696 0002395 1521724 0012634



 1551092
 0332482 2919017 0002395 1521724 0012634

 0027960 0324740 0439189 1456781 1824986
 0325074
 0000857 0025141 0600678 1552863
 0597277 1708601 0205090 0684010 2603358 0687673 0205090 0684010 2603358
 0003595 0003591 0441889


 0000857 0025141 0600678 1552863
 0016327 0439133 1553038 0597277 1708601 0521083 0033727 0369286 0441932 0564385 1553033 0326402 0439267
 2754100 0007587 0007634 0011065 1269647 1306577 1704653 1948049 0003595 0003591 0243144 0347980 1293130

 1315013

 0000857 0025141 0600678 1552863
 0369637 0441923 0554249
 1325281 1148564 0003402 0205177 0439167 0441655 1561536 1280500 2825879 0002716 0011560 0030956 0330390 0439096 0611285 2004068
 0325074 0450382
 0000857 0025141 0600678 1552863
 2826220 0205090 0684010 2603358 2603360
 0003595 0003591 0332268 0011560 1705760 0333562 0078939 0611285
 0325074
 0000857 0025141 0600678 1552863
 0021966 0221138 0402830
 1515926 0001811 0027746



 2346601 0597277 1708601 0012358 1553033
 0035820 1705810 0085201 0003592 0003591 0021966 0221138 0034821 0023824 0034963 0334220

 1315013

 0000857 0025141 0450355 0600678 1552863
 2347469 2603362
 0003595 0003591 1825598 0027882 1707789 0439849 1705630 1706279 3540605




 0033727 0369286 0441932 0564385
 1704675 0022984 0442805 1154394 0001511 0175633 0392747 0332437 0543482 0700329 0700619
 1417055


 0033727 0369286 0441932 0564385
 0003595 0003591 0008377 0001721 0600431 3537152 0439849 1705630 1706279 3540605


 2347379

 0000857 0025141 0600678 1552863
 0038817 0376223 1431628 0006463
 0003595 0003591 0017626 1325793 1415042 0003595 0003591 0025936 0003069 0025914 0025929 0026809 0185117 0005532 0205460 1280500 0023820


 0000857 0025141 0600678 1552863
 0205090 0684010 2603358
 1660751 0035280 0333117 1753315 0019143 0699040 0007634 0038720 0086597 0127400 0205148 0475337 1269647 1704653 1948049 2327880 3536965
 0052199 1537525 3539520 0439093 0443228 1704243


 0201682
 0000857 0025141 0600678 1552863
 0439267 0205090 0684010 2603358 0080045 0369637 0441923
 0332140 0011900 0205210 1704338 1704656 0684224 0700287 3273238 0162458 0441722 0563538 3540678 0041711 0002395 1521724 0012634
 0027855
 0000857 0025141 0600678 1552863
 0439394 1706495 3642217
 0002395 1521724 0012634
 0205090 0684010 2603358 0205090 0684010 2603358 0597277 1708601
 0002395 1521724 0012634
 0027976 0205314 0027976 1879958


 0073187
 0021017 0017256 1705759 0017337 1517480 1521871 0010813 0596311 1330957

 2347379 0450355

 1553033 1553033 0369718 0441922 1553036 0175735
 1545588 0052198 0003595 0003591 0439098
 0777169
 0000857 0025141 0439509 0600678 1552863
 0205090 0684010 2603358
 0032520 0677874
 0369637 0441923 0033727 0369286 0441932 0564385 0007457 0043157 0220938
 0442711
 0027976 0205314 0027976 1879958



 0009667 0237529 1272706 1704725 1704726 0028873 0456603 1610540 0456603 1610540 0871208 1521828
 1704648


 0282413 0376649 1442065
 0254343 0796520 3272379 0450389
 0085205 1549619 1880669
 0013849 1705961 0221193 1880177 0043227 1704732 0035953 0041740 0600140 1704688 2346414 0442658 1301826 1292711 0449719 1709471 0015744 2911691 0392747 1554963